 25 28 39 52 71 96116123121118111 97 83 81 87 94102115125123109 93 77 5920 1 1A3 7 4123182012699999999999999 018 241242 8199999999999999
 42 36 41 52 66 84105118121119113104 91 82 80 84 89 97107113109 99 86 7320 1 2A3 75312219 911399999999999999 059 361345 8099999999999999
 60 51 49 55 66 80 96111120121117109 99 88 79 76 77 81 88 96100 99 93 8420 1 3A3 839121201710099999999999999 140 491517 7699999999999999
 76 68 63 63 69 78 91104116121121115106 96 84 74 68 67 70 77 85 91 93 9220 1 4A3 92412222 3 9399999999999999 228 631646 6799999999999999
 88 83 79 76 76 80 89100110119123121114104 92 78 66 57 55 58 66 76 86 9320 1 5A31011123999999999999999999999 333 751752 5599999999999999
 96 96 94 91 87 86 89 97106115123126123115102 87 69 53 43 41 46 57 72 8720 1 6A3 030 9611 112699999999999999 448 861845 4199999999999999
 98105107106101 95 93 96103111120128130126115 99 78 56 38 29 28 36 52 7220 1 7A3 2 7107115113099999999999999 555 931931 2799999999999999
 92107115118115107100 98101107115126134136128114 93 67 41 22 15 18 29 5120 1 8A3 3 0118123713699999999999999 650 982012 1599999999999999
 78101116125127121110101101105110120134143141129111 85 53 24  8  5 10 2620 1 9A3 347127132014399999999999999 7341002050  599999999999999
 54 87111124131132122108100102107113126143151143127106 76 39 10 -2 -1  720 110A3 43413214 015199999999999999 8121002124 -399999999999999
 28 63 98119129135133118102 98103107115133152156142123100 65 25  0 -6 -320 111A3 522135144115799999999999999 849 982155 -699999999999999
  8 35 75108123130135129110 94 95102106117140159156137118 92 54 14 -4 -420 112A3 6 8135152216099999999999999 927 932225 -699999999999999
  1 15 48 90116125129133122 99 86 91 99104119145159149129111 84 44  9 -120 113A3 65213316 41599999999999999910 7 862258 -199999999999999
  4 10 28 65104122124128128110 86 79 87 94100119145153138120104 76 38 1220 114A3 7321301647153999999999999991049 792333  999999999999999
 10 17 25 46 84115124124126120 97 76 73 82 87 95116138140125111 97 70 3820 115A3 8 61261733142999999999999991135 72999999999999999999999
 22 26 34 43 67101124126123122110 86 68 69 76 79 88109126124112103 91 6820 116A3 637127182312799999999999999 010 221225 6699999999999999
 45 38 45 53 64 87115130128123117101 78 64 64 67 69 79 97110108101 97 8920 117A3 717130192111099999999999999 050 381325 6299999999999999
 73 58 57 65 72 83104125133129122112 95 74 61 58 58 59 67 82 93 95 94 9420 118A3 8 11332042 9599999999999999 134 561542 5899999999999999
 92 83 75 75 82 89 99115131135130121110 93 73 57 50 47 47 54 67 80 86 9120 119A3 851136999999999999999999999 225 741738 4799999999999999
 96 99 96 90 90 95101109122133137131122110 94 72 53 42 37 35 41 55 71 8420 120A3 057 99 95013799999999999999 333 891845 3599999999999999
 94103110109102100103108114123134139134124112 94 70 46 32 26 25 31 48 6920 121A3 220110105813999999999999999 4551001945 2599999999999999
 88101113121119109104106110114123135142138127114 94 65 37 22 18 18 25 4720 122A3 31912112 714299999999999999 6 91042032 1799999999999999
 74 96110122129123110102105109112122138148142129113 90 56 27 14 12 14 2520 123A3 4 712913 614899999999999999 7101022048 1299999999999999
 53 85107119128133123105 97101105109123144153143127110 82 45 17  8 10 1520 124A3 452133135715399999999999999 8 2 9721 5  899999999999999
 31 65 99117124132132116 96 91 97102108128151156141122103 72 33  9  7 1320 125A3 534134144215799999999999999 848 902135  699999999999999
 20 44 82113124127132126105 86 85 93 99110134156153134115 93 58 22  7 1120 126A3 612132152415899999999999999 931 8322 9  799999999999999
 20 32 61 99123126127128116 91 76 81 90 98114140155145124105 80 45 17 1120 127A3 64312816 4155999999999999991012 762243 1099999999999999
 20 31 49 82115128126124120101 78 70 78 88 98119142148133112 93 67 36 1820 128A3 5131281644149999999999999991053 702318 1799999999999999
 21 33 47 69101125129124119108 87 69 68 77 87100121138136119101 82 57 3320 129A3 5451291723140999999999999991133 662351 2699999999999999
 27 35 49 65 90116129127120111 95 75 64 67 76 86101120128122107 91 72 5220 130A3 61813018 3128999999999999991215 64999999999999999999999
 39 41 52 66 84107125129124114101 84 68 62 66 73 84 99113116109 97 83 6820 131A3 651130184511699999999999999 022 3813 1 6299999999999999
 55 51 57 69 83101118128127119107 92 76 65 61 64 70 80 94103104 99 91 8120 2 1A3 722129193710599999999999999 050 511358 6199999999999999
 71 65 67 74 84 98113124128123114101 86 72 63 59 59 64 74 85 93 95 93 9020 2 2A3 7531282059 9599999999999999 116 651525 5999999999999999
 85 80 79 82 89 97108119126126120110 97 83 69 59 54 52 55 64 75 84 89 9320 2 3A3 827127999999999999999999999 144 791653 5299999999999999
 94 94 93 93 95100106114122126124118109 97 82 67 54 45 41 44 53 66 79 8920 2 4A3 014 94 91212699999999999999 228 9218 5 4199999999999999
 97103106105104104106110116122126125120111 98 81 62 45 33 29 32 43 60 7820 2 5A3 2 7106101912699999999999999 41710419 7 2999999999999999
 93106114117114110108108111115122128129125116100 79 54 33 20 16 21 36 5820 2 6A3 255117114712999999999999999 6181081958 1699999999999999
 82102116124125119111107106109114123133137132120101 74 44 20  8  6 13 3220 2 7A3 337126125713799999999999999 7301062042  599999999999999
 61 91112124131129118106101102105111126142146138122100 68 32  8 -1  0 1020 2 8A3 420131134914699999999999999 8 91002119 -299999999999999
 35 71103120129133127110 95 92 95 99110132151153139122 97 60 21  0 -3  120 2 9A3 5 2133143415499999999999999 844 912145 -499999999999999
 14 46 87115126131132120 96 80 82 88 94110139158153137119 92 50 13 -1  220 210A3 543133151615999999999999999 920 8022 9 -199999999999999
  8 26 64105125128130127106 78 67 74 81 88112144158147131115 85 41 11  820 211A3 620130155815899999999999999 958 672237  799999999999999
 15 22 45 87122131127127117 88 60 56 66 72 84113144150136123108 76 36 1820 212A3 4531311641152999999999999991038 5523 8 1899999999999999
 24 32 42 70111135133126121103 70 47 49 60 65 80112137136122114100 69 3920 213A3 5211361725140999999999999991121 452342 3299999999999999
 33 44 53 65 96130141132122113 89 56 40 46 54 59 77107124119110105 93 6820 214A3 55514118121249999999999999912 7 40999999999999999999999
 50 53 66 74 89117141142129118104 77 49 40 45 50 55 73 97107103 99 98 8920 215A3 63214419 510899999999999999 018 491258 4099999999999999
 73 66 74 85 93108130144139125113 96 72 50 42 44 46 51 66 84 92 91 92 9520 216A3 71314523 7 9599999999999999 055 6614 4 4299999999999999
 92 84 83 91100107119134141135121109 94 73 54 46 43 42 45 56 71 80 84 9020 217A3 759141999999999999999999999 137 8217 3 4299999999999999
 97100 97 97103109114122132136130120109 96 78 59 47 40 37 38 47 61 73 8320 218A3 049100 85413699999999999999 230 961821 3799999999999999
 94105110109107108111114118125130128121112101 83 62 45 35 31 31 39 55 7320 219A3 214110101313099999999999999 4111071928 3099999999999999
 89102114120116109106107108111119127130126117105 85 61 39 28 24 26 36 5720 220A3 3 5120115213099999999999999 6121062018 2499999999999999
 81 99112123126118106 99 99101104115129136131121107 84 54 31 21 20 24 3820 221A3 34812613 213699999999999999 722 982043 2099999999999999
 65 93111121128127113 95 88 91 93 99116135142134121105 77 44 22 17 20 2620 222A3 428129135314299999999999999 8 6 882053 1799999999999999
 46 80108121126129123102 82 78 83 87 98121144146132117 98 67 32 16 17 2320 223A3 5 4129143514899999999999999 844 772118 1599999999999999
 34 61 98121126127126112 85 68 70 77 84102130149144127111 88 53 23 16 2420 224A3 446127151515099999999999999 921 672148 1699999999999999
 32 49 82116129127124117 95 68 57 65 74 85109138149137119102 75 41 21 2320 225A3 410130155314999999999999999 958 572220 1999999999999999
 34 46 69104129132124118103 76 54 52 62 73 90118141142126110 91 62 34 2620 226A3 4361331631145999999999999991034 502250 2699999999999999
 36 49 65 92122135129119107 86 59 45 50 61 75 96123137131115100 79 53 3620 227A3 5 413517 8138999999999999991110 452319 3599999999999999
 39 52 66 86113133134123110 93 68 47 43 51 62 78102123128118106 91 70 5120 228A3 5321361745129999999999999991145 422345 4699999999999999
 47 56 69 85106128136129115 99 78 55 42 44 52 64 82104118116108 98 83 6720 229A3 5581361823119999999999999991220 41999999999999999999999
 58 62 74 86102121134132121106 88 66 48 42 46 53 65 83101108106100 92 8120 3 1A3 62213519 810899999999999999 0 9 581259 4299999999999999
 72 71 79 89101115129133126112 97 79 59 47 44 47 52 63 80 93 98 97 96 9220 3 2A3 6491332015 9899999999999999 033 701350 4499999999999999
 86 82 86 94102111122130128118106 91 75 59 49 45 45 49 58 72 83 89 93 9620 3 3A3 7211312347 9799999999999999 1 0 821530 4599999999999999
 97 95 95 99105110116123126123114103 91 76 61 50 43 40 41 49 61 74 84 9220 3 4A3 8 2126999999999999999999999 131 951720 3999999999999999
100105106106108111112115119121119113106 96 81 64 49 37 31 30 37 52 68 8320 3 5A3 9 31219999999999999999999991836 30999999999999999999999
 97109115116113111109109110113118120118113103 87 66 45 29 20 19 28 45 6720 3 6A3 23511611 812099999999999999 7 01091934 1899999999999999
 89106118123121114106101100102107117126128123111 92 65 38 18 10 12 23 4520 3 7A3 313124124912899999999999999 7551002019 1099999999999999
 74100116125127121106 93 88 89 92102120135139131116 94 62 29 10  6 10 2420 3 8A3 349128134413999999999999999 810 882052  699999999999999
 52 88113124128127113 90 75 73 77 83 99126146146134119 94 55 21  8 10 1620 3 9A3 424129142814899999999999999 834 732114  899999999999999
 33 69107126128128121 98 68 55 60 66 75100135152146133119 90 48 18 14 2120 310A3 34312815 915299999999999999 9 6 552138 1399999999999999
 28 51 93127134128124110 77 46 40 49 56 69104140151140130116 83 42 23 2920 311A3 347134155015199999999999999 943 3922 7 2399999999999999
 37 47 76118141136125117 94 54 27 30 41 48 68108140142130124110 75 42 3720 312A3 4131421631144999999999999991021 262239 3599999999999999
 49 57 69103140148133120107 75 35 18 27 36 44 70110132127119117102 70 4920 313A3 44414917141339999999999999911 2 182313 4899999999999999
 55 70 77 93127152147128113 95 59 25 17 28 35 44 72106119112109109 94 7020 314A3 5191531759119999999999999991145 172348 6299999999999999
 63 75 88 95113141153140121105 83 49 25 23 31 36 47 73 98104100101102 9120 315A3 5571531850104214010399999991233 212018 9999999999999999
 78 79 92102109126145147131113 98 76 49 32 32 36 39 49 70 86 91 91 96 9920 316A3 6361492253 9999999999999999 025 761329 3099999999999999
 94 89 93103110117129139137122108 94 76 55 42 39 40 41 48 63 76 82 87 9620 317A3 720140999999999999999999999 1 5 891536 3999999999999999
102101100103108112116123128126116105 95 81 65 51 44 41 40 45 57 69 80 8920 318A3 025102 81312999999999999999 1571001743 4099999999999999
100108110108106106107108112117118114107100 88 73 57 45 39 37 41 52 67 8320 319A3 147110 93911899999999999999 4141061852 3799999999999999
 97108116117110103 98 97 98101108115117113106 95 77 57 41 34 33 38 51 7220 320A3 235117114811799999999999999 716 971939 3399999999999999
 92107117122119107 93 86 85 87 92104118123119111 98 76 51 34 30 32 39 5620 321A3 313122125912399999999999999 742 8520 2 3099999999999999
 83106117122124115 96 78 73 74 78 87107126130123113 97 71 43 29 29 34 4420 322A3 346124134613199999999999999 8 3 732023 2899999999999999
 68 99119124124121105 79 62 61 66 72 89116135134123111 92 61 34 28 34 4120 323A3 315124142613799999999999999 833 602051 2799999999999999
 56 86116128126121112 88 60 47 52 60 71 96126140133120107 82 50 31 33 4320 324A3 3 912815 414099999999999999 9 6 472121 3099999999999999
 53 74107130131123114 97 67 42 38 47 58 76107135140128115 99 71 43 35 4420 325A3 332133154114199999999999999 939 372151 3599999999999999
 55 69 96126137128116102 77 46 30 34 46 60 85118137134121109 89 61 43 4620 326A3 3581371617138999999999999991012 292220 4299999999999999
 58 70 89118138136121106 86 56 30 25 34 47 66 97125133125115101 78 56 5120 327A3 4241391652133999999999999991044 242246 5099999999999999
 60 73 87110133140129112 94 67 38 23 26 37 51 76106125125117108 93 72 6020 328A3 4481411728127999999999999991115 222311 5999999999999999
 64 76 88104127140135118101 79 50 28 23 30 41 57 84109119115110102 86 7120 329A3 51214118 5119999999999999991146 222336 6899999999999999
 70 80 91102119136138125107 89 65 39 26 27 35 45 63 88106110107104 97 8520 330A3 5381401849110999999999999991221 25999999999999999999999
 78 83 94103113127136130114 97 79 57 37 29 32 38 47 65 86 98100101101 9720 331A3 6 7136214210199999999999999 0 3 7813 4 2999999999999999
 90 89 96105111119128131121105 91 74 55 40 35 36 39 46 62 78 89 94 9810220 4 1A3 641131231810299999999999999 035 881410 3599999999999999
101 98100105110113118123122113101 89 76 60 46 39 36 36 42 54 69 81 91 9920 4 2A3 722124999999999999999999999 114 981636 3699999999999999
106108107107108109109112115114109102 94 83 68 53 41 33 30 34 46 63 79 9320 4 3A3 053108 82511599999999999999 2291071759 3099999999999999
105113115112108104101 99101105109111109104 93 77 58 40 28 24 29 42 61 8320 4 4A3 15011511 311199999999999999 7 2 991858 2499999999999999
101113120119112100 91 86 85 88 97108118120115103 85 59 36 23 21 28 42 6720 4 5A3 227120124412099999999999999 741 851941 2199999999999999
 94113121123119104 84 71 68 70 76 91113128130123111 90 58 32 23 25 33 5020 4 6A3 253123133813199999999999999 752 682010 2299999999999999
 81111125126123113 89 62 49 51 56 65 89121138136128117 91 55 31 29 35 4320 4 7A3 233127142113999999999999999 815 492036 2899999999999999
 65102130134126119101 67 37 30 37 43 58 93129142136130119 89 52 36 42 5020 4 8A3 24013515 114299999999999999 848 2921 4 3699999999999999
 59 87126145136123112 84 42 15 17 27 34 56 99134139132129117 83 51 48 6020 4 9A3 3 6145154014099999999999999 924 132136 4699999999999999
 67 79112147151133117101 64 21  3 11 21 30 60106132130126126111 77 57 6420 410A3 33815416201349999999999999910 2  32210 5699999999999999
 78 83100135159150126110 88 46  7  0 12 19 32 68109124119119121103 75 6720 411A3 41216017 2124194212299999991042 -118301182246 669999999
 81 93 99119150160142118101 74 33  5  6 17 23 39 75106113109113114 97 7820 412A3 4491611747113203511599999991125  319 41092323 769999999
 80 95104111132154152131110 92 63 29 12 16 24 30 48 78 99102102108107 9420 413A3 5271572129109999999999999991211 12999999999999999999999
 85 92104110118135147140119102 85 59 34 24 28 32 38 55 77 91 95 9810410420 414A3 6 8148223110699999999999999 0 4 8513 4 2499999999999999
 97 94100107111118130135126110 96 81 62 44 37 37 39 44 57 74 85 91 9710420 415A3 652135234410699999999999999 049 931419 3699999999999999
106102100103105107111118120114104 94 83 69 55 47 44 43 47 57 71 83 9210120 416A3 747120999999999999999999999 1561001639 4399999999999999
108111108103100 98 98100104108107103 97 89 78 64 53 46 44 47 56 70 85 9820 417A3 055111 92210899999999999999 547 981752 4499999999999999
107114115110100 91 87 85 87 92100106106103 96 85 69 54 45 44 48 57 73 9220 418A3 144115113510799999999999999 7 0 851839 4499999999999999
107115119117107 91 77 72 72 75 84 98110113109102 89 70 51 43 45 51 62 8120 419A3 216119124711399999999999999 726 721914 4399999999999999
104118121120114 98 76 61 58 61 67 82103118119113105 90 66 47 43 49 57 7120 420A3 2 7121133512099999999999999 747 581946 4399999999999999
 95118127124118106 82 57 45 47 53 64 86113126124116106 86 60 46 48 57 6620 421A3 2 6127141512799999999999999 815 442018 4599999999999999
 85112130130121111 91 62 37 32 39 49 66 96123131125116104 80 56 49 57 6720 422A3 228132145313199999999999999 847 322050 4999999999999999
 79103129137128115 99 72 40 23 25 35 49 75109131131124115 98 72 56 58 6920 423A3 254137153013399999999999999 918 222120 5599999999999999
 79 96122140137121105 82 49 22 15 23 35 56 89120132128121111 90 68 62 7020 424A3 32014116 613299999999999999 950 152148 6199999999999999
 81 93115138143130112 91 62 29 12 14 24 39 67102125129124118104 82 69 7320 425A3 3451441642129999999999999991020 112214 6899999999999999
 83 93108131145138120100 76 43 16  9 17 28 47 79111124123120114 97 79 7620 426A3 4101461717125999999999999991049  92240 7599999999999999
 85 95104122142144128108 88 60 29 12 13 22 34 57 89113118117116108 92 8120 427A3 4361461756118999999999999991121 1023 9 8199999999999999
 86 97104114132143136116 97 76 48 22 14 20 28 40 65 93109111112112104 9120 428A3 5 61432039113999999999999991156 142342 8799999999999999
 88 97105111121135138124106 89 68 42 24 21 26 32 46 69 9110210510811010320 429A3 5401392141110999999999999991241 21999999999999999999999
 95 96104110114122131128114 98 84 65 44 31 29 31 36 48 68 86 9610110710920 430A3 618131224711099999999999999 021 941343 2899999999999999
105100102107109111117121117107 96 84 68 51 40 35 34 37 48 65 82 9310210920 5 1A3 7 6121235311299999999999999 1131001554 3499999999999999
112109104102102101102105109109104 98 90 77 62 48 40 36 37 47 63 81 9610720 5 2A3 824110999999999999999999999 5241011716 3599999999999999
114116111103 96 90 87 87 91 98104107105 99 89 73 55 42 37 39 49 66 8610420 5 3A3 04611611 510799999999999999 630 871812 3799999999999999
115120118110 96 81 72 69 70 77 90104113115110100 82 60 44 40 45 55 73 9720 5 4A3 117120123911599999999999999 7 7 691853 4099999999999999
117125124118104 82 60 50 50 54 64 85109122123119110 89 63 48 48 55 65 8620 5 5A3 117125133512499999999999999 727 491925 4699999999999999
114132133125114 93 61 36 29 33 39 55 86116129129126117 92 64 54 61 68 7820 5 6A3 130134141913099999999999999 754 291957 5499999999999999
103133145136122107 78 38 14 14 21 29 52 92124132130131120 91 66 65 76 8220 5 7A3 158145145713299999999999999 828 122031 6299999999999999
 94123151152134117 97 59 17  0  6 14 24 55100127129129132119 88 70 78 9020 5 8A3 231156175313299999999999999 9 5  021 7 7099999999999999
 94110142163152128110 85 41  2 -6  4 11 25 64107125124127131113 85 78 9120 5 9A3 3 7163184613199999999999999 944 -62145 7799999999999999
101105126156165145120102 71 26 -3 -2  8 14 33 75110119118125126106 85 8720 510A3 3451661935128999999999999991025 -62224 8399999999999999
101108114137161159134112 93 59 20  1  7 15 22 46 84109113114121119100 8720 511A3 42516420221229999999999999911 9  123 6 8799999999999999
 95107111121142157146123104 84 51 21 11 18 24 33 58 89105107111117112 9820 512A3 5 51572110117999999999999991155 112351 9199999999999999
 92100108112122139145132113 96 77 50 28 24 29 34 45 67 9010210511011410820 513A3 54814622 0114999999999999991246 24999999999999999999999
 98 95101106109118129130119104 91 74 54 39 36 39 44 54 72 9010010511011320 514A3 636132225411399999999999999 045 951349 3699999999999999
108100 97 98100102109115116109 98 88 76 61 50 46 47 52 61 75 9110110811220 515A3 735117234711499999999999999 2 6 971510 4699999999999999
114109101 95 91 91 92 96102105103 97 90 81 70 59 53 53 57 66 79 9410611320 516A3 9 4105999999999999999999999 5 1 911632 5299999999999999
116115110 99 88 80 78 79 83 91 99102100 95 89 78 66 57 57 62 70 83 9911320 517A3 02611611 210299999999999999 612 781735 5699999999999999
119120116107 92 76 66 64 67 73 85 98106106102 96 84 69 60 61 67 77 9110820 518A3 036120122710699999999999999 651 641824 5999999999999999
122125121114100 79 60 51 51 56 67 85104113113109101 87 70 63 67 75 8510120 519A3 052125132511499999999999999 722 5019 5 6399999999999999
120131129120107 88 62 42 37 41 50 67 91112121119114104 86 71 67 75 84 9520 520A3 118131141112199999999999999 754 371943 6799999999999999
114132137128114 96 70 42 26 27 35 49 72102122126123117104 84 72 75 84 9320 521A3 147137145212699999999999999 826 252017 7299999999999999
108129142138123105 81 50 24 16 21 33 52 83113128129126117100 82 77 84 9320 522A3 215142153313099999999999999 859 162048 7799999999999999
104123142146133115 93 63 30 12 11 20 34 62 97122130129126114 95 83 85 9420 523A3 243147161513099999999999999 930  92117 8299999999999999
102116137150143125105 79 44 16  6 11 21 41 74108126129129124109 91 86 9420 524A3 31015017471299999999999999910 1  62146 8699999999999999
102110128147151135115 94 63 29  8  7 14 26 51 87115124126127120103 90 9320 525A3 3391521854127999999999999991032  52216 8999999999999999
102108118138152145125105 83 50 19  7 11 19 33 62 96116120123124115 98 9220 526A3 41115219451259999999999999911 5  72251 9299999999999999
100108112125143148134115 97 72 40 17 12 18 25 41 71100113116121121110 9620 527A3 4461492035122999999999999991144 122331 9499999999999999
 96105110115128141140123106 90 65 37 21 20 25 32 50 7810111011411911810620 528A3 5251432123120999999999999991230 19999999999999999999999
 97 99105108113124133128114100 86 64 41 29 29 33 40 57 8210010911411811520 529A3 610133221111899999999999999 018 961327 2999999999999999
105 97 98101102106115121117108 98 86 68 50 40 39 40 47 64 8510211111611920 530A3 7 7121225611999999999999999 120 971450 3999999999999999
114104 95 92 91 90 94102109109105100 91 77 62 52 48 49 56 71 9110711612120 531A3 832110232812199999999999999 451 901618 4899999999999999
120114101 89 80 76 74 78 87 97104106105100 89 75 62 57 58 66 80 9811612520 6 1A311 0106234112699999999999999 551 741715 5699999999999999
126122112 96 77 63 57 57 61 73 89104111112110102 86 71 65 69 77 9010912720 6 2A31259112999999999999999999999 634 5618 1 6599999999999999
135131123109 87 61 43 38 40 46 62 86107117120120113 94 78 74 81 8910112120 6 3A3 0 7135144012199999999999999 7 5 381842 7499999999999999
140144135121104 75 42 24 22 26 34 56 88113122126129120 99 83 84 9310011220 6 4A3 043145155412999999999999999 737 211922 8199999999999999
135154151135118 96 60 24  9 12 17 27 56 95119126131135123 99 87 9410410820 6 5A3 122155165413599999999999999 813  920 2 8799999999999999
123149163152131113 86 45 10  1  7 12 27 63103122126133137121 97 9210311020 6 6A3 2 3164174613799999999999999 851  12044 9199999999999999
115133160168149126107 75 31  2  0  8 13 33 74111123125134135115 95 9610820 6 7A3 244169183513799999999999999 932 -12126 9299999999999999
114120143167165141120 99 64 22  2  5 12 19 45 86115121124133129108 93 9920 6 8A3 3261701921134999999999999991013  12210 9399999999999999
111114124149166156132112 90 54 19  7 14 20 31 60 97117119123130121101 9320 6 9A3 4 816620 4130999999999999991056  72255 9399999999999999
101110114127149158143121104 81 47 21 17 24 31 45 74104117118123125113 9720 610A3 4511582044125999999999999991141 162344 9299999999999999
 93101107112126143145130112 96 73 46 28 29 36 44 60 8610811711812112010820 611A3 5361472121122999999999999991227 27999999999999999999999
 95 93 98103109121133131118103 89 70 49 39 41 47 57 73 9411111811912011520 612A3 624134214512099999999999999 040 921317 3899999999999999
104 94 91 93 96102112119118108 97 85 71 57 50 52 59 68 8310111412012011820 613A3 721120214112199999999999999 152 911413 5099999999999999
112102 92 86 86 87 92100107108102 95 86 76 67 61 62 69 78 9110611812312220 614A3 836108221812399999999999999 342 851518 6199999999999999
118110 99 87 78 75 76 81 89 97102101 97 92 85 77 71 71 78 87 9911212212620 615A3101710223 312699999999999999 510 751626 7099999999999999
124117108 94 78 67 62 64 70 81 93101104103100 94 85 79 79 86 9510611812820 616A312 4104234713199999999999999 6 7 621728 7899999999999999
130125116103 85 65 53 49 53 62 76 93106111111109102 92 85 86 9310311312620 617A31331112999999999999999999999 651 491820 8499999999999999
134134125112 94 71 50 38 38 45 58 77 99114120120116107 95 89 9310111012220 618A3 027136143112099999999999999 731 3719 6 8999999999999999
135141136123105 82 55 34 26 29 40 58 84108122127126120108 97 94 9910711720 619A3 1 4141152212799999999999999 8 8 261945 9499999999999999
131144146135118 96 67 38 21 17 24 38 63 94118129132131121107 98 9910511320 620A3 138147161313299999999999999 844 172020 9799999999999999
125142152147131111 84 51 23 11 13 22 41 73105125132135132119104 9910411020 621A3 21015217 713599999999999999 919 112053 9999999999999999
118134152156143125102 71 36 13  8 12 23 48 8411412813313613011310010110820 622A3 243156175913699999999999999 952  72126 9999999999999999
113123143158154137117 92 57 24  8  8 14 28 59 96120128133135125107 9810320 623A3 3181591848135999999999999991024  722 1 9899999999999999
110115129150159148129110 83 46 17  9 13 19 37 72106122127132132118100 9720 624A3 3561591933133999999999999991058  92241 9699999999999999
104110116132152154138120102 74 39 17 15 20 28 49 84112122125130126109 9420 625A3 4361562016131999999999999991135 142325 9399999999999999
 95103107114132148144128113 96 68 37 23 25 31 40 63 9611712312512812010220 626A3 5201492054128999999999999991216 23999999999999999999999
 90 93 99101110127138132119107 92 66 43 35 38 43 54 7810512112412612511320 627A3 6 9138212412699999999999999 014 9013 1 3599999999999999
 96 86 88 91 93101117125121112104 91 71 54 49 53 58 69 9111412612812712220 628A3 7 7125205112899999999999999 115 861353 4999999999999999
108 91 81 79 79 80 89103111111107103 95 80 68 65 67 73 8410312213213212820 629A3 825112212813299999999999999 332 791456 6599999999999999
119104 86 73 67 65 66 74 88100105106107103 93 83 79 81 87 9811413013813620 630A31145107221713899999999999999 516 6516 5 7999999999999999
129119102 81 63 53 50 51 59 75 92103109113114107 96 90 9310010912213714520 7 1A3133611423 914599999999999999 612 5017 8 9099999999999999
141131118 99 74 50 38 36 38 47 66 89105114121124118105 9810210911612914420 7 2A31452125999999999999999999999 659 3618 3 9899999999999999
152146133118 95 64 37 25 24 27 38 63 9111012112913312410910310911512113420 7 3A3 0 3152155213399999999999999 736 24185410399999999999999
152159150134116 90 54 25 16 17 21 35 65 9811712613513812610810511211812320 7 4A3 054160164513999999999999999 810 16194310499999999999999
139160165151132113 82 43 16 11 15 19 38 7410812313013913912210510411311820 7 5A3 143166173314199999999999999 847 11203010299999999999999
124145166166147128108 73 33 11 12 16 23 48 88117127132140136115 9910311220 7 6A3 229170181814199999999999999 925 102116 9899999999999999
116126151170163141122100 62 25 11 16 22 32 62102124128133138128105 9410120 7 7A3 31417119 01389999999999999910 4 1122 1 9499999999999999
109114129155168154132115 90 52 22 17 24 31 46 80114128129132133117 96 9020 7 8A3 3571681937134999999999999991043 162247 8999999999999999
 99106113132155159142122105 79 45 24 26 35 44 64 97123130129130125106 8920 7 9A3 44016120 7130999999999999991123 232333 8699999999999999
 87 96103112132149147130113 96 70 43 32 38 48 60 82110128130128126116 9720 710A3 52415118391319999999999999912 3 32999999999999999999999
 84 86 93 99111128139133118103 87 66 48 44 52 63 77 9812013113012612010720 711A3 6 9139192213299999999999999 022 831243 4499999999999999
 91 82 83 89 95106120126120109 97 83 67 57 58 67 78 9211012613213012311420 712A3 7 012620 613299999999999999 119 821324 5799999999999999
101 88 80 79 83 89 99109114110103 94 84 75 70 73 80 9110511913013212812020 713A3 8 1114205113399999999999999 235 791410 7099999999999999
109 97 84 76 73 75 81 90 99105105101 96 91 86 83 86 9210211412513213312720 714A3 929105213713399999999999999 4 5 7315 6 8399999999999999
118106 93 79 69 64 65 71 81 92100104105104101 97 95 9610211012012913413320 715A31144105222713499999999999999 518 641616 9599999999999999
127117104 88 72 59 53 54 62 74 8810010811311311110710310410811612413213720 716A31346113232313799999999999999 617 53172710399999999999999
136129117100 81 61 47 41 44 54 70 8810511612212311911310810811312012813620 717A31441123999999999999999999999 7 7 41183010899999999999999
141140130115 94 71 48 34 30 36 50 70 9311312513113012411511011111512213220 718A3 017142152513199999999999999 753 30192211099999999999999
142148144131112 87 58 35 22 22 30 48 7510212213313713412411410911211612420 719A3 1 514816 913799999999999999 835 2120 410999999999999999
137150154146129107 77 45 22 14 16 27 51 8311212913714013412110910711111720 720A3 148155165614099999999999999 913 14203910799999999999999
127144159158145126100 66 32 13 10 15 29 59 9512213313914013011210210411020 721A3 228161174214199999999999999 946 10211510299999999999999
116130152165158140121 92 54 22 10 11 18 36 72109128134139138122101 9510120 722A3 3 71651827140999999999999991015  92152 9599999999999999
107114134158165152134115 84 44 18 13 18 26 50 89121132134137131110 90 8920 723A3 34816619 7137999999999999991044 132232 8799999999999999
 97102112136159159143127109 75 38 21 23 30 40 68106130134133134121 96 8020 724A3 4301621942135999999999999991116 202315 7999999999999999
 83 92 96110136153148133120102 69 40 32 39 45 58 88122136134132128109 8420 725A3 5141541813137999999999999991151 32999999999999999999999
 73 78 85 89105130142134123114 97 68 48 48 57 64 79108134140135130121 9920 726A3 6 2142185014099999999999999 0 1 731228 4699999999999999
 75 68 73 77 82 98119127121114109 95 74 63 67 75 83 9912414214213512711420 727A3 656127193114499999999999999 055 6813 9 6399999999999999
 91 71 64 66 67 72 88105112110108107 98 85 80 85 9210011513414614413512520 728A3 8 5112201814699999999999999 2 4 641356 8099999999999999
110 88 70 61 58 58 62 75 91100103106109107100 9610010611312513914714413520 729A312 7110211314899999999999999 449 581455 9699999999999999
124109 89 69 56 50 48 51 63 79 9210010911611811310811011512112914014814620 730A31340118221814899999999999999 6 0 48161410899999999999999
137126112 90 67 49 41 38 41 53 72 9010311512512812211511411812312914014920 731A31448128233215199999999999999 7 5 38173511499999999999999
150141130114 90 62 42 33 31 34 47 70 9411112313313512611611311712112713920 8 1A31541136999999999999999999999 8 0 31184311399999999999999
153155146132115 88 56 33 26 25 30 47 7610412013013913812511110911411712420 8 2A3 040156162814099999999999999 836 25193810899999999999999
141158160148132113 82 46 26 22 24 31 53 8811612813514213611710210210911220 8 3A3 135162171214299999999999999 849 22202610099999999999999
123146165162146129107 72 37 21 23 27 37 65103127133137141129105 92 9610420 8 4A3 222166175314199999999999999 917 2021 9 9199999999999999
109125153168159140123 99 60 29 21 28 34 49 83119134135137136117 91 83 9220 8 5A3 3 6168182813899999999999999 949 212151 8399999999999999
100108130158166151131115 87 49 26 27 37 46 67103132138134134126102 80 7820 8 6A3 3471671646138999999999999991024 242232 7699999999999999
 89 97109135158158139122104 74 43 31 39 50 62 88121139137132127113 87 7220 8 7A3 4281611719140999999999999991058 312314 7199999999999999
 76 87 96112137153145127112 93 65 43 42 53 65 82108134141135127118 98 7620 8 8A3 5 91531753142999999999999991133 402356 6899999999999999
 69 75 85 96114135142132117103 84 62 52 57 70 83101125140140131121107 8720 8 9A3 55014218271429999999999999912 6 51999999999999999999999
 71 68 75 83 95113128129120108 96 80 67 65 74 86 99117134141136126113 9720 810A3 63513019 114199999999999999 041 681238 6499999999999999
 79 69 68 73 81 93108117117111103 93 83 78 81 9010011412813813913112010620 811A3 726118193314099999999999999 134 6813 7 7899999999999999
 90 76 69 67 70 77 88100107108106102 96 92 92 9610311212313313813512711620 812A3 84310920 713899999999999999 252 671334 9199999999999999
102 87 75 67 63 64 70 81 92 9910410610610510410410811211912813413613212520 813A31133106204813699999999999999 423 6314 710499999999999999
114101 87 73 63 56 56 61 72 84 9510411111511511411411511712212813313513220 814A31343115214913599999999999999 538 55154911499999999999999
126117103 86 69 55 47 45 52 64 80 9510911912512512211911711812212713313620 815A31431125232613799999999999999 642 45181511799999999999999
136131121104 83 62 45 35 34 43 59 7910011712813313112511911511511912613420 816A315 9133999999999999999999999 735 33192611599999999999999
141143137124103 78 52 33 24 25 37 58 8410912613613813312211210911111512520 817A3 045144154813899999999999999 820 2320 410999999999999999
139150152142125101 70 40 21 16 21 35 62 9512013414013912911310210110511220 818A3 137153162914199999999999999 858 16203310099999999999999
126146160157143124 97 60 29 14 14 21 40 74110131138140137120 98 89 93 9920 819A3 22016117 814199999999999999 928 1321 5 8999999999999999
108128155166158141122 90 50 21 15 19 29 53 92126138138138129104 81 77 8520 820A3 3 016617 713999999999999999 952 152140 7699999999999999
 92105133161166152137118 82 42 22 24 31 42 72114139140136134116 85 65 6820 821A3 3411671632141999999999999991018 212218 6499999999999999
 78 85103137161158143131111 74 40 32 40 47 62 96134147139133126100 67 5420 822A3 4221631658147999999999999991048 312258 5499999999999999
 63 72 79102137154145133125104 69 46 49 60 67 85120148149137129115 84 5420 823A3 5 51541730152999999999999991120 442341 4899999999999999
 49 59 66 75101131140130123118 98 70 60 69 80 88108139155147133123103 7220 824A3 55014018 7155999999999999991155 60999999999999999999999
 49 49 57 61 71 97120123117115112 96 79 78 89 98107126149155143129116 9520 825A3 640124184615699999999999999 029 461232 7699999999999999
 68 51 51 55 57 68 89105108106109109100 92 9510511312113615115113912611320 826A3 742108103311019311539999999 127 49 8551061313 929999999
 93 70 56 53 53 53 62 78 92 9710110811210910610911612112713814714613612520 827A312 3112202314899999999999999 428 5314 210699999999999999
113 96 76 61 54 50 49 55 68 81 9110011111911911711711912212613314014113520 828A31333120213614299999999999999 546 48152911699999999999999
127117102 83 64 52 45 43 47 60 77 9210611812712812211711611712012613414020 829A31433128232014099999999999999 655 43174611699999999999999
139133123108 86 63 47 39 37 42 57 79 9911512713413212111110810911211913220 830A31518135999999999999999999999 751 3719 210899999999999999
143145139128111 85 57 39 34 34 41 60 88111125133138131114100 9710010411420 831A3 040146155913899999999999999 826 331944 9799999999999999
134150151141129109 79 48 33 31 35 45 70103125133137137124101 86 87 93 9820 9 1A3 133153163713899999999999999 835 312022 8599999999999999
114141158154140126103 68 38 30 34 40 54 86120135136136132111 84 74 80 8720 9 2A3 217159161713699999999999999 857 302059 7499999999999999
 96120149161151135120 93 56 33 33 42 50 71107135140135132121 93 68 65 7620 9 3A3 257161154314099999999999999 926 312136 6499999999999999
 84 99128156159143128111 80 47 34 43 53 65 92127144139131124105 74 56 6120 9 4A3 336161161114499999999999999 958 342213 5699999999999999
 73 84105137156150133120100 69 44 44 56 68 84114141146134124111 86 59 5120 9 5A3 4141571640147999999999999991030 412250 5199999999999999
 61 73 87113141150139124110 88 62 50 58 72 85106133147142127114 96 69 5020 9 6A3 45215017101489999999999999911 1 502326 4899999999999999
 51 62 74 92119139139127115101 80 63 63 75 88103124143146134119103 80 5820 9 7A3 5301411738147999999999999991130 61999999999999999999999
 49 54 64 77 98120131127118108 94 79 73 79 91103119137145139125110 91 6920 9 8A3 61013118 414699999999999999 0 3 491156 7399999999999999
 54 52 57 66 80 99116120117111103 92 84 86 95105116130141141131117101 8220 9 9A3 655120183014399999999999999 041 511219 8499999999999999
 65 56 55 59 66 80 96107110109108103 97 95100108115124135139134123111 9620 910A3 8 2110185913999999999999999 130 551242 9599999999999999
 79 66 59 57 58 64 75 89 9810310610810710510711211612112713313412811910820 911A31112108193713499999999999999 3 8 5713 910599999999999999
 96 82 69 61 56 54 57 67 80 90 9910711311511511611811912112412812912511920 912A32035129999999999999999999999 457 54999999999999999999999
111101 86 71 59 50 45 48 58 72 8610011312112412312111811611611812312612620 913A314 5124224612699999999999999 612 45184211699999999999999
124119108 91 71 54 41 35 38 50 68 8810712113013112611911210810711111812720 914A31439131999999999999999999999 710 35193410799999999999999
133134128114 93 68 45 30 26 31 47 70 96117130135133123109 98 95 9710411620 915A3 039135151213599999999999999 756 2620 0 9599999999999999
133144145135118 93 62 36 23 22 31 49 79110129136137130112 92 81 82 87 9720 916A3 131146153713799999999999999 831 212020 8199999999999999
117142155151139120 91 55 29 22 26 36 60 96127138137134121 94 70 64 70 7820 917A3 213155151813899999999999999 856 222048 6499999999999999
 92122152161152139120 86 47 28 30 37 49 79119142142135127106 71 49 51 6120 918A3 252161152614499999999999999 919 272122 4799999999999999
 69 91129158159147137117 79 44 36 45 53 68103141151140130117 86 48 33 4320 919A3 331162155015199999999999999 947 362159 3399999999999999
 53 63 93134156150140133111 72 48 52 64 71 91129156153135123104 66 31 2620 920A3 4111571621159999999999999991017 472238 2599999999999999
 39 48 61 96135146137131127103 71 60 73 84 91115149163148129115 89 50 2420 921A3 4521461655163999999999999991051 602320 2299999999999999
 27 39 46 63 99128131124123119 97 76 77 92101110134159160140122106 77 4320 922A3 5361331732164999999999999991126 73999999999999999999999
 27 33 42 47 66 97117116113116113 96 86 94107114123144159152132116 99 7220 923A3 624118 91711718111609999999 0 5 27 75311312 3 869999999
 45 36 41 45 50 67 91103103105112110101 98107117121130144151141125111 9620 924A31024113185515199999999999999 057 361243 9899999999999999
 74 55 48 48 48 52 65 82 92 9610211111310910911411912112713613913212111120 925A31144113194713999999999999999 3 4 47133310899999999999999
 99 82 66 57 53 50 51 60 74 85 9410411411911711511511511511812412812612120 926A313 511921 812899999999999999 520 49162711499999999999999
115106 92 75 62 53 48 48 56 70 85 9811112112512211410810510410611312012520 927A314 0125232712699999999999999 629 47185510499999999999999
125121113 99 80 61 49 45 46 54 70 91108120128129121107 96 92 92 9510411920 928A31441130999999999999999999999 722 441931 9199999999999999
130132127119102 79 56 44 42 45 56 77103120128132129115 94 80 78 81 8610120 929A3 044132151313299999999999999 749 421945 7899999999999999
123138138131121101 72 49 41 43 49 63 91118131133132124102 76 65 67 73 8220 930A3 130140144313399999999999999 8 4 412012 6499999999999999
105132146141131119 95 63 43 42 49 57 77109133138132127112 83 57 52 60 682010 1A3 2 9146144413899999999999999 830 412044 5299999999999999
 84114143149139128114 85 55 43 50 59 70 96128143137127117 94 61 42 45 562010 2A3 24715015 814399999999999999 859 432118 4199999999999999
 68 91126149147135124105 75 51 50 62 72 88117143145132119103 73 43 33 432010 3A3 324151153514799999999999999 930 482152 3399999999999999
 56 72102136149141129117 95 67 55 63 76 87108136150140123107 84 52 31 322010 4A3 4 014916 31509999999999999910 1 552225 2999999999999999
 45 59 81114140143132122108 85 66 65 78 90104127147147131112 93 65 38 282010 5A3 4371441630150999999999999991030 632258 2899999999999999
 35 49 65 92122137133125115 99 80 72 80 92104120141149138119101 77 50 312010 6A3 5131371655149999999999999991056 722329 2999999999999999
 31 41 54 73101123129124118109 93 81 83 94105116133146143127108 89 64 422010 7A3 5511291720147999999999999991121 80999999999999999999999
 33 38 47 59 80104118119116113104 92 89 97106114125138142132115 99 79 572010 8A3 633120174614399999999999999 0 3 331146 8999999999999999
 42 39 44 51 63 83101109110111110103 97100108114120129136134121107 92 752010 9A3 915111181813799999999999999 042 391215 9799999999999999
 57 47 46 48 52 63 80 94101105109110107106109115118121126129124114103 92201010A31045111185612999999999999999 139 46125110599999999999999
 77 63 54 50 48 50 59 73 86 95103111115114113114115115115118120117111105201011A31214115195412099999999999999 412 48135611399999999999999
 97 85 71 59 50 45 44 52 66 81 94107117121120116113109105105108112114114201012A31315121224211499999999999999 535 44183910599999999999999
112106 94 78 61 47 39 38 46 62 81100115124127122113103 95 91 91 97106116201013A31352127999999999999999999999 635 371921 9099999999999999
123124117104 84 61 43 34 35 45 64 88111125130129119102 85 75 74 78 87105201014A3 033124141513099999999999999 721 341941 7499999999999999
124135134126111 86 58 39 34 39 51 73103126134132126109 83 62 55 58 65 80201015A3 125136141213499999999999999 752 3420 0 5599999999999999
108134145141132116 86 54 39 41 48 62 89123141139130118 93 59 37 37 45 54201016A3 2 6145142014299999999999999 817 382028 3599999999999999
 78115144149143136117 83 53 47 55 63 78111143150138125107 72 34 18 25 35201017A3 244150144415199999999999999 844 4621 2 1899999999999999
 48 80123148147141136115 78 56 61 72 79 98135159152132117 93 50 13  8 20201018A3 322149151516199999999999999 915 552139  699999999999999
 29 46 86129144139137133109 76 66 79 89 96120155166147125108 77 31  3  7201019A3 4 1144154916799999999999999 949 652219  299999999999999
 20 28 50 94129134129132127102 77 80 96103112139166163138117 98 62 21  5201020A3 441135 71913216251699999999 6 91291024 7523 0  59999999
 14 24 32 58 98122122120126120 97 84 94108113124149165153128109 88 53 21201021A3 524124 81312617 41659999999 64212011 1 842345 149999999
 14 24 30 39 66 98112111113120113 97 93105115119131150156140118102 82 52201022A3 613113 9 712017451579999999 7151111141 9299999999999999
 30 28 35 38 48 71 94103103109115110100101110116119129141141127111 98 81201023A310 5115182914399999999999999 035 271226 9999999999999999
 58 43 42 44 46 54 72 88 96101108114111106106110112113120127126117107 97201024A31110114192412899999999999999 139 41132710599999999999999
 85 69 57 52 51 51 57 70 85 94102111116115110106104103102106112114111107201025A31218117205111499999999999999 430 50173610299999999999999
101 92 79 66 58 54 53 58 70 85 98108116121118110100 93 89 88 92100108111201026A31310121232111199999999999999 540 531843 8899999999999999
111108100 87 72 59 54 54 59 72 89106117123124118104 88 78 74 75 80 93107201027A31346125999999999999999999999 628 531921 7499999999999999
116118114107 92 72 57 53 56 63 77 98117126128125114 93 72 61 60 64 73 92201028A3 041118134812899999999999999 658 531935 6099999999999999
113124124120110 92 69 55 55 61 70 87112130132128120103 75 52 46 49 56 72201029A3 126125134313399999999999999 727 541958 4699999999999999
 98123132128122111 88 64 56 61 69 80102128139134123110 86 54 35 35 43 54201030A3 2 313214 513999999999999999 758 562028 3399999999999999
 77110133136130123107 82 62 61 71 80 94120141142129115 95 64 34 23 30 41201031A3 240137143314499999999999999 830 5921 0 2399999999999999
 58 88122139136129120101 76 64 71 82 92111136148139121102 76 42 19 18 292011 1A3 31613915 114899999999999999 9 2 642132 1699999999999999
 43 67103132139134127115 93 73 72 83 93106128148147130109 87 56 25 12 192011 2A3 352139152815099999999999999 933 7022 4 1299999999999999
 32 50 81115135135130123107 86 77 83 94104121142151139118 97 70 38 15 132011 3A3 42913715541519999999999999910 1 762235 1299999999999999
 24 38 61 94122132129125116 99 84 84 95104115134149145127106 83 54 26 142011 4A3 5 51321620150999999999999991028 8223 5 1499999999999999
 20 30 46 73104122125123120110 94 88 95104112125141147134114 94 71 43 222011 5A3 5441251648147999999999999991055 882338 1999999999999999
 20 27 37 54 82107117118118116105 94 95104111118130141138121103 85 62 382011 6A3 7211191719142999999999999991125 93999999999999999999999
 26 28 34 43 61 86104110113115113103 98102110114119129134126110 95 80 592011 7A3 911115175413499999999999999 018 2512 1 9899999999999999
 41 34 36 39 47 64 85 99105110114112106103107111112116122123115103 92 802011 8A31014114183812499999999999999 1 9 34124910399999999999999
 63 49 42 41 43 49 64 81 95103111115114109106106105104106110112108102 952011 9A31117116194511299999999999999 251 4117 310499999999999999
 85 72 59 50 45 44 49 63 80 95106115119117110103 97 93 90 92 97102105105201110A31211119223210699999999999999 445 441811 9099999999999999
103 96 84 69 56 47 46 51 64 82100114121123118107 93 81 74 72 76 84 97108201111A31246123999999999999999999999 547 451854 7299999999999999
113113108 95 77 60 50 49 56 70 90111125128125116 98 76 59 53 54 60 74 96201112A3 026114125712899999999999999 633 481918 5399999999999999
115123124119105 83 62 54 57 65 79103126137133124109 83 53 35 33 37 47 69201113A3 13012413 913799999999999999 7 7 541940 3299999999999999
100124132131128112 86 65 62 69 77 93120143146134119 98 63 29 14 18 25 38201114A3 220132133614799999999999999 738 612010 1499999999999999
 69108131136136133115 86 69 74 83 90109140158149130112 85 42  8  0  9 17201115A3 33713614 915899999999999999 811 692045  099999999999999
 35 75116134135137135113 84 77 88 97103126157165146124104 69 23 -6 -4  6201116A3 525138144516699999999999999 847 762124 -899999999999999
 14 38 84121131131137133108 84 86101107115142168165139116 94 55 10 -8 -1201117A3 621138152317199999999999999 924 8222 4 -899999999999999
  8 18 48 93122125126134126101 87 96109113125153170156129108 84 43  6 -2201118A3 71213416 31709999999999999910 3 872246 -399999999999999
  8 15 27 60100118118122129118 97 91103113116131156162143119101 75 37 11201119A3 8 01291644163999999999999991045 902331  899999999999999
 10 19 25 39 72102112112119123111 95 95106112117132150148129109 93 69 39201120A3 8481231727152999999999999991129 93999999999999999999999
 22 24 31 37 52 80101108110116117106 96 98105109113126137132116102 88 67201121A3 937118181413799999999999999 019 211221 9599999999999999
 46 35 37 42 48 63 84100106110115114105 97 97100101105114121117106 96 86201122A31027116191012199999999999999 114 351329 9699999999999999
 71 56 48 49 52 57 70 87101108112116114106 97 93 92 91 93 99105106101 95201123A31117116203010699999999999999 223 4817 0 9199999999999999
 88 78 67 59 57 59 64 75 90104112116118115106 94 84 79 77 79 85 94 99100201124A31159118223710099999999999999 353 5718 8 7799999999999999
 98 94 87 76 67 63 65 70 80 95109118121120115102 85 71 64 63 66 75 88 99201125A31215121999999999999999999999 5 7 631851 6399999999999999
104104102 96 83 71 67 70 76 86102117126126121111 94 71 55 49 50 56 69 89201126A3 035105122712799999999999999 6 1 671916 4899999999999999
105112112110102 87 73 70 76 83 94111127133127118103 80 54 38 35 40 50 70201127A3 140112125613399999999999999 645 701942 3599999999999999
 95114120119116105 87 75 76 83 91104123137136125111 91 62 35 23 26 35 51201128A3 219120132713999999999999999 725 742013 2399999999999999
 77106123126125119104 86 78 83 91100116135144136119100 74 41 18 14 21 34201129A3 253126135814499999999999999 8 2 782045 1499999999999999
 57 90118130130127118100 85 83 91 99111129146145130110 86 54 23  8 10 21201130A3 330131142914899999999999999 836 822118  799999999999999
 39 69103126132131127114 95 86 90 98107122142151141121 99 70 36 10  4 112012 1A3 4 9132145715199999999999999 9 8 852150  499999999999999
 24 48 83115129131130123107 91 89 97105116134150149132110 86 53 21  5  62012 2A3 457131152615299999999999999 937 882222  499999999999999
 15 31 61 96120128129128117100 91 95103110124143151140120 99 72 39 13  62012 3A3 61812915561519999999999999910 6 912253  699999999999999
 11 21 41 74105121124126123110 95 93101108115130146146129109 88 60 29 112012 4A3 7141261629148999999999999991038 922327 1099999999999999
 12 19 29 52 85109118121123118104 94 97105110118133142135117 99 79 52 262012 5A3 8 412317 5142999999999999991114 93999999999999999999999
 16 20 27 39 62 91109115118120113100 94 99105108116129133122106 92 74 492012 6A3 851120174713399999999999999 0 6 161157 9499999999999999
 30 25 29 35 48 71 95108113117118110 98 94 98101103110119121111100 89 732012 7A3 937119183712199999999999999 052 251252 9499999999999999
 54 40 37 39 44 57 77 98109115118116107 97 92 92 91 92 98106108104 97 902012 8A31020118194710899999999999999 151 371524 9199999999999999
 79 64 52 48 49 54 65 84102113118119116106 93 84 79 76 77 82 91 98100 992012 9A3105112022 010099999999999999 315 481730 7699999999999999
 96 89 77 66 59 59 64 74 91108120124122116103 86 71 62 58 59 66 78 92101201210A311 9124999999999999999999999 436 581821 5899999999999999
105105102 91 78 69 69 74 84100118129131125115 98 75 53 41 38 41 50 69 90201211A3 046106113813199999999999999 532 681858 3899999999999999
105113116115103 87 77 79 86 95110129140138127112 90 60 33 21 21 26 39 65201212A3 220116121714199999999999999 618 771927 2199999999999999
 94112120126125112 92 84 89 96104120142151142126108 80 43 14  6  9 15 32201213A3 330127125815199999999999999 7 1 8420 0  699999999999999
 66101119126133132115 94 90 99105112132155159143124103 68 26  0 -3  2  9201214A3 430134134016199999999999999 742 902036 -499999999999999
 33 74108122128137134113 94 95106111119143165162140119 95 56 13 -7 -5  1201215A3 523138142316799999999999999 824 922115 -899999999999999
 10 40 85115123129138131107 92 99110113125153170158133113 87 44  5 -7 -1201216A3 61213815 617099999999999999 9 7 922156 -799999999999999
  5 18 53 96118122128135123 99 91102110114131158167149125106 77 34  3 -1201217A3 658135154916899999999999999 950 912237 -299999999999999
  7 13 31 69105118120127130113 92 90101108114134157158137115 97 67 29  8201218A3 7421311632161999999999999991035 882319  799999999999999
 10 19 26 48 83111118119125122104 88 89 99104112132149144123106 88 59 30201219A3 8231261717150999999999999991123 86999999999999999999999
 18 24 32 42 65 95114117118121114 97 85 88 95 99109125135128111 96 80 56201220A3 85912118 313599999999999999 0 2 181214 8599999999999999
 36 31 38 46 58 79103116118118117108 93 84 85 89 93101114120113100 89 76201221A3 833118185612099999999999999 047 311316 8399999999999999
 59 46 45 52 60 72 90109118119117114104 90 82 80 81 84 91100105101 94 86201222A3 83611920 110599999999999999 135 441447 8099999999999999
 77 67 59 59 64 72 84 99113120120117111101 88 77 72 71 73 79 88 94 95 92201223A3 9281212136 9599999999999999 231 581657 7199999999999999
 88 84 77 72 71 75 83 92105116123122117110 98 83 69 61 58 60 67 78 88 94201224A31021123999999999999999999999 339 7018 0 5899999999999999
 95 95 94 89 82 80 84 91 99110120126124117108 93 74 57 47 46 49 59 73 88201225A3 042 96111412699999999999999 453 801845 4599999999999999
 98103105104 98 90 87 90 97105115125130127117104 85 62 42 33 34 41 54 74201226A3 21610512 313099999999999999 556 871924 3399999999999999
 94107113115112104 94 91 96103110121132135128114 96 73 46 27 21 25 36 55201227A3 3 2115124713599999999999999 650 9120 1 2199999999999999
 81104117122122117105 96 95100107116129139139127109 86 58 30 15 13 21 36201228A3 338122132614199999999999999 736 942037 1299999999999999
 62 92114125128126117104 96 98104111123138146139123101 73 41 16  6  8 20201229A3 41212814 214699999999999999 817 962113  599999999999999
 41 73104122129131126113100 96100107116132147148136116 91 58 25  5  1  8201230A3 451131143515099999999999999 852 962147  199999999999999
 22 51 86113126131131122107 96 97103110123142153147129107 79 43 13  0  2201231A3 53413215 815399999999999999 923 952220  099999999999999
