 19 16 14 15 17 19 22 23 22 20 17 14 12 11 12 15 19 24 28 31 31 30 27 2320 1 1A5 7 6 231947 3199999999999999 213 1413 3 1199999999999999
 19 16 13 13 14 16 18 20 20 20 18 16 14 13 12 13 16 19 22 25 27 27 25 2220 1 2A5 8 1 202022 2799999999999999 250 131349 1299999999999999
 19 15 13 11 11 13 15 17 19 20 19 19 17 16 15 14 15 16 19 21 22 23 22 2020 1 3A5 919 202058 2399999999999999 325 111454 1499999999999999
 18 15 12 11 10 10 12 14 17 19 20 21 20 20 18 17 16 16 16 17 19 20 20 1920 1 4A511 3 212145 2099999999999999 4 3 101652 1699999999999999
 18 15 13 11  9  9 10 12 15 18 21 23 24 24 23 21 20 18 16 16 16 17 18 1820 1 5A51232 242255 1899999999999999 445  91913 1699999999999999
 17 16 14 12 10  9  9 11 13 17 21 24 27 28 28 27 24 21 18 16 15 15 16 1720 1 6A51326 28999999999999999999999 529  92032 1599999999999999
 17 17 16 14 12 10  9 10 12 16 20 25 29 32 33 32 30 26 22 18 15 14 14 1520 1 7A5 023 1714 6 3399999999999999 614  92121 1499999999999999
 17 18 18 17 15 13 11 10 11 14 18 24 30 34 36 37 35 32 27 22 17 14 13 1420 1 8A5 136 181443 3799999999999999 659 1022 1 1399999999999999
 16 18 20 20 18 15 13 10 10 12 16 21 28 34 39 41 40 37 33 27 21 16 13 1320 1 9A5 230 201520 4199999999999999 744 102237 1399999999999999
 15 18 20 21 21 18 15 12  9  9 12 17 24 32 38 42 44 42 38 32 25 19 15 1320 110A5 312 211558 4499999999999999 831  92313 1399999999999999
 14 16 20 22 23 21 18 14 10  8  8 12 18 26 34 41 44 45 42 37 30 23 18 1420 111A5 348 231638 4599999999999999 918  82348 1399999999999999
 13 15 19 22 24 24 21 16 11  7  6  7 12 19 28 36 42 45 44 40 34 27 21 1620 112A5 422 241719 459999999999999910 5  6999999999999999999999
 13 13 16 21 24 25 23 20 14  9  5  4  6 11 19 28 36 41 43 41 37 30 24 1820 113A5 458 2518 0 4399999999999999 023 131054  499999999999999
 14 12 14 18 22 25 25 23 18 12  7  4  3  6 11 19 28 34 38 39 36 31 25 1920 114A5 537 251841 3999999999999999 057 121144  399999999999999
 15 12 12 14 19 23 25 24 22 17 11  7  4  4  6 12 19 26 32 34 34 30 26 2020 115A5 623 251919 3499999999999999 130 111235  399999999999999
 15 11 10 11 14 19 23 24 24 21 17 12  8  6  6  8 13 19 24 28 29 28 24 2020 116A5 718 251957 2999999999999999 2 4 101331  599999999999999
 15 11  9  9 10 14 19 22 24 24 22 18 15 11  9  9 11 14 18 22 24 24 22 1920 117A5 825 252033 2499999999999999 238  81436  999999999999999
 15 11  8  7  8 10 14 18 22 25 25 24 22 18 16 13 12 13 14 17 19 20 19 1720 118A5 945 252110 2099999999999999 315  71611 1299999999999999
 15 12  9  7  6  7 10 14 19 23 26 27 27 26 23 20 18 16 15 14 15 16 17 1620 119A51121 282158 1799999999999999 4 0  61832 1499999999999999
 15 13 11  8  7  6  7 10 14 19 24 28 30 31 30 28 24 21 18 15 14 14 15 1520 120A51252 312322 1599999999999999 454  62028 1499999999999999
 15 14 13 11  9  7  6  7 10 15 21 26 31 34 35 34 31 27 23 18 15 13 13 1420 121A514 1 35999999999999999999999 557  62131 1399999999999999
 15 16 16 14 12 10  8  7  8 11 16 23 29 34 37 38 37 33 28 23 18 14 13 1320 122A5 113 161453 3899999999999999 7 0  72211 1399999999999999
 15 17 18 18 16 14 10  8  7  8 12 18 25 32 37 40 40 38 33 27 21 16 13 1320 123A5 225 181536 4099999999999999 758  72243 1399999999999999
 14 17 19 20 20 18 14 10  8  7  9 13 20 27 34 39 41 40 37 31 25 19 15 1320 124A5 312 201613 4199999999999999 850  72313 1399999999999999
 13 16 19 22 22 21 18 13  9  7  6  9 14 22 30 36 40 41 39 34 28 21 16 1320 125A5 349 221647 4199999999999999 937  62341 1299999999999999
 12 15 18 22 23 23 21 16 11  7  5  6  9 16 23 31 36 39 39 35 30 23 18 1420 126A5 422 241719 39999999999999991020  5999999999999999999999
 12 13 16 20 23 24 22 19 14  9  5  4  6 10 17 25 31 36 37 35 30 24 19 1420 127A5 453 241749 3799999999999999 0 8 121059  499999999999999
 11 11 13 17 21 23 23 20 16 11  7  4  4  6 12 19 26 31 33 33 29 24 19 1420 128A5 526 231818 3399999999999999 033 111136  399999999999999
 11 10 11 14 18 21 22 21 18 13  9  5  4  4  8 13 20 25 29 29 27 23 19 1420 129A5 6 0 221845 3099999999999999 057 101212  499999999999999
 10  8  9 11 14 18 20 20 19 15 12  8  6  5  7 10 15 20 24 26 25 22 18 1320 130A5 640 211910 2699999999999999 120  81249  599999999999999
 10  7  7  8 11 15 18 19 19 17 15 12  9  7  7  9 13 16 20 22 22 20 17 1320 131A5 726 201935 2299999999999999 142  71330  799999999999999
  9  7  6  6  9 12 15 18 19 19 18 15 13 11 10 11 12 14 17 18 19 18 16 1320 2 1A5 822 191958 1999999999999999 2 6  51422 1099999999999999
  9  7  5  5  7  9 13 16 19 20 20 19 18 16 15 14 14 14 15 16 17 16 15 1320 2 2A5 934 202022 1799999999999999 233  51556 1499999999999999
 10  8  6  5  6  8 11 14 18 20 22 23 22 21 20 18 17 16 15 14 15 15 14 1320 2 3A511 6 23999999999999999999999 3 7  5999999999999999999999
 12 10  8  7  6  7  9 12 16 20 23 25 26 26 25 24 21 19 16 14 13 13 13 1320 2 4A51236 26999999999999999999999 355  6999999999999999999999
 13 12 11  9  8  7  8 10 13 17 22 26 29 30 30 29 27 23 19 16 13 12 12 1320 2 5A51338 30999999999999999999999 5 1  72129 1299999999999999
 13 14 13 12 10  9  8  8 10 14 19 24 29 32 34 34 32 28 24 19 14 12 11 1220 2 6A5 053 141427 3499999999999999 614  82158 1199999999999999
 13 15 15 15 13 11  8  7  7 10 14 20 26 32 36 37 36 33 28 23 17 13 10 1020 2 7A5 2 5 151510 3799999999999999 720  72227 1099999999999999
 12 15 17 17 16 14 10  7  5  5  8 14 21 28 34 38 39 37 33 27 20 15 11 1020 2 8A5 251 171552 3999999999999999 819  52256 1099999999999999
 11 14 17 19 19 17 13  8  4  2  3  6 13 21 30 36 39 39 36 30 24 17 12  920 2 9A5 328 201632 4099999999999999 915  22325  999999999999999
  9 12 17 20 22 20 17 11  5  1 -1  0  5 13 22 30 36 38 37 33 26 19 13  920 210A5 4 4 221711 389999999999999910 7 -12353  899999999999999
  8 10 15 19 23 23 21 16  9  3 -2 -3 -1  4 13 22 30 34 35 33 28 21 15 1020 211A5 443 231748 35999999999999991058 -3999999999999999999999
  7  7 11 17 22 24 24 21 15  8  2 -2 -3 -1  5 14 22 28 31 31 27 21 15 1020 212A5 525 251822 3199999999999999 020  71148 -499999999999999
  6  5  7 13 18 23 25 25 21 15  8  2 -1 -2  1  7 15 21 26 27 25 21 15 1020 213A5 613 261854 2799999999999999 046  51238 -299999999999999
  5  3  4  8 14 20 24 26 25 21 15 10  5  2  2  5 10 15 20 22 22 19 14 1020 214A5 7 6 261922 2299999999999999 113  31332  299999999999999
  5  3  2  4  9 14 20 24 26 25 22 18 13  9  7  7  9 12 15 18 18 17 14 1020 215A5 8 8 261947 1899999999999999 142  21437  799999999999999
  6  3  1  2  5  9 15 20 24 26 26 24 21 18 15 13 12 12 13 14 15 15 13 1020 216A5 923 2620 8 1599999999999999 214  11617 1299999999999999
  7  5  3  2  3  6 10 15 20 24 27 27 27 25 22 20 17 15 14 13 13 13 12 1120 217A511 0 27999999999999999999999 255  2999999999999999999999
  9  7  5  4  3  4  6 10 15 20 24 27 29 30 28 26 23 20 16 14 12 12 11 1120 218A51245 30999999999999999999999 355  3999999999999999999999
 11 10  9  7  6  5  5  7 10 15 20 25 29 31 32 31 28 25 20 16 13 11 11 1120 219A51359 32999999999999999999999 522  52150 1199999999999999
 12 12 12 11 10  8  6  6  7 10 15 20 26 30 33 34 32 29 24 19 14 11 10 1120 220A5 119 121450 3499999999999999 647  522 7 1099999999999999
 12 14 15 15 13 11  8  6  5  6 10 15 21 27 32 34 34 31 27 21 16 12 10 1020 221A5 229 151529 3499999999999999 755  52228  999999999999999
 12 14 16 17 17 14 11  7  4  4  5 10 16 23 29 33 34 33 29 23 18 13  9  820 222A5 3 9 1716 2 3499999999999999 850  42250  899999999999999
 10 13 17 19 19 17 14  9  5  2  2  5 10 17 24 30 32 33 30 25 19 13  9  720 223A5 341 191631 3399999999999999 936  22312  799999999999999
  8 11 15 19 20 19 16 11  6  2  0  1  5 11 18 25 30 31 29 25 20 14  9  720 224A5 410 201659 31999999999999991016  02332  699999999999999
  6  9 13 17 20 20 18 14  9  3  0 -1  1  6 13 20 26 28 28 25 20 14  9  620 225A5 438 211725 29999999999999991053 -12351  599999999999999
  5  7 11 15 19 21 20 16 11  6  1 -1 -1  2  8 15 21 25 26 24 19 14  9  520 226A5 5 9 211749 26999999999999991129 -2999999999999999999999
  4  5  8 13 17 20 21 18 14  9  4  1 -1  1  5 10 16 21 23 22 19 14  9  520 227A5 542 211813 2399999999999999 0 8  412 4 -199999999999999
  3  3  5 10 15 19 21 20 17 13  8  4  2  2  4  8 13 17 20 20 18 13  9  520 228A5 618 211834 2099999999999999 025  21241  199999999999999
  2  2  3  7 12 17 20 21 20 17 13  9  6  5  5  7 11 14 17 18 16 13  9  520 229A5 658 211854 1899999999999999 043  11322  499999999999999
  2  1  2  5 10 15 19 21 22 20 17 14 11  9  8  9 10 12 15 16 15 13  9  620 3 1A5 743 221912 1699999999999999 1 2  11414  899999999999999
  3  2  2  4  7 12 17 20 22 22 21 19 17 14 13 12 11 12 13 14 14 12 10  720 3 2A5 838 221927 1499999999999999 124  11542 1199999999999999
  5  3  2  3  6 10 14 18 21 23 24 23 21 20 18 16 14 13 12 12 12 11 10  820 3 3A5 948 24999999999999999999999 151  2999999999999999999999
  7  5  4  4  5  7 11 15 19 22 24 25 25 24 23 21 18 15 13 11 11 10 10  920 3 4A51126 25999999999999999999999 231  4999999999999999999999
  8  7  6  6  5  6  8 11 15 19 23 26 27 28 27 26 23 19 15 12 10  9  9  920 3 5A513 0 28999999999999999999999 348  52125  999999999999999
 10 10  9  8  7  6  6  7 10 14 19 23 27 30 30 30 27 23 18 13 10  8  8  920 3 6A5 028 1014 3 3099999999999999 537  62138  799999999999999
 10 12 12 11  9  7  5  4  4  7 12 18 24 28 31 32 31 27 22 16 11  8  6  720 3 7A5 150 121452 3299999999999999 7 4  422 0  699999999999999
 10 13 14 14 13  9  5  2  0  1  4 10 17 24 29 32 32 30 25 19 13  8  6  620 3 8A5 234 151535 3399999999999999 814  02223  599999999999999
  9 13 16 18 17 14  9  3 -1 -3 -2  2  9 17 24 30 32 31 27 21 15  9  5  420 3 9A5 311 181614 3299999999999999 914 -32247  499999999999999
  7 11 17 20 21 19 14  7  1 -4 -6 -5  0  8 17 24 29 30 28 23 16 10  5  320 310A5 350 211650 309999999999999910 9 -62310  399999999999999
  4  9 15 21 24 24 20 14  7  0 -5 -7 -5  1  9 17 24 27 27 23 17 10  5  220 311A5 430 241723 279999999999999911 0 -72333  199999999999999
  2  5 11 18 24 27 26 21 14  6  0 -5 -6 -3  3 11 18 22 24 22 17 11  5  120 312A5 514 271754 24999999999999991150 -62358  099999999999999
  0  1  7 14 22 27 29 27 22 15  8  2 -2 -3  0  6 12 17 20 20 16 11  6  120 313A5 6 2 291821 20999999999999991241 -3999999999999999999999
 -2 -1  2  9 16 23 28 30 28 23 17 10  5  2  2  5  9 13 16 17 15 11  6  220 314A5 654 301846 1799999999999999 024 -21336  299999999999999
 -1 -2  0  4 11 18 24 28 29 28 24 19 14 10  8  7  9 11 13 14 14 11  8  420 315A5 752 2919 7 1499999999999999 052 -21444  799999999999999
  1 -1 -1  2  6 12 18 24 28 29 28 25 22 18 15 12 11 11 12 12 12 11  9  620 316A5 9 0 291921 1299999999999999 124 -11635 1199999999999999
  3  1  1  1  4  8 13 18 23 26 28 28 27 24 21 18 16 13 12 11 11 10  9  820 317A51032 28999999999999999999999 2 4  1999999999999999999999
  6  5  4  3  4  5  8 12 17 21 25 27 28 28 26 23 20 17 13 11 10  9  9  920 318A51219 28999999999999999999999 3 4  3999999999999999999999
  9  8  8  7  6  5  6  8 11 15 20 24 27 28 28 27 24 20 15 12  9  8  8  920 319A51334 29999999999999999999999 453  52121  899999999999999
 10 11 11 10  9  7  6  6  7 10 14 19 23 27 28 28 26 22 17 13  9  7  7  820 320A5 144 111425 2899999999999999 638  62134  799999999999999
 10 12 13 13 12  9  7  5  4  5  9 13 19 23 27 28 27 23 19 14  9  6  5  720 321A5 231 1415 2 2899999999999999 753  42153  599999999999999
  9 13 15 16 15 12  9  5  3  2  4  8 13 19 24 26 26 24 20 14  9  6  4  520 322A5 3 3 161534 2799999999999999 848  22211  499999999999999
  8 12 15 17 17 15 11  6  2  0  0  3  8 14 20 24 25 24 20 15 10  5  3  320 323A5 331 1816 2 2599999999999999 932  02229  399999999999999
  6 10 15 18 19 18 14  9  4  0 -2 -1  3  9 15 21 23 23 20 16 10  6  3  220 324A5 357 191628 24999999999999991011 -22245  299999999999999
  4  8 14 18 20 20 17 12  7  2 -2 -3 -1  4 11 17 21 22 20 16 11  6  2  120 325A5 424 201653 22999999999999991048 -323 0  199999999999999
  2  6 12 17 21 22 20 16 10  5  0 -2 -2  1  7 13 18 20 19 16 11  6  2  020 326A5 453 221717 20999999999999991124 -22315  099999999999999
  1  5 10 16 21 23 23 20 15  9  4  1 -1  1  5 10 15 18 18 16 12  7  3  020 327A5 524 231740 189999999999999912 1 -12332  099999999999999
  0  3  8 14 20 24 25 23 20 14  9  5  2  2  4  8 12 16 17 16 12  8  3  120 328A5 557 2518 1 17999999999999991240  22349  099999999999999
  0  2  6 12 18 23 26 26 24 19 15 10  7  5  5  7 11 14 15 15 13  9  5  120 329A5 633 261822 15999999999999991324  5999999999999999999999
  0  1  4  9 15 21 25 27 26 24 20 16 12 10  8  8 10 12 14 14 12 10  6  320 330A5 714 271841 1499999999999999 0 9  01420  899999999999999
  1  1  3  7 12 18 23 26 27 26 24 21 18 15 12 11 11 11 12 12 12 10  7  520 331A5 8 1 271859 1299999999999999 032  11547 1199999999999999
  3  2  3  5  9 14 19 23 26 27 26 25 22 19 17 14 12 11 11 11 10 10  8  720 4 1A5 9 1 27999999999999999999999 1 1  2999999999999999999999
  5  4  4  5  7 10 14 19 23 25 27 26 25 24 21 18 15 12 10  9  9  9  8  820 4 2A51026 27999999999999999999999 141  4999999999999999999999
  7  6  6  5  6  7  9 13 17 21 24 26 27 26 25 22 18 14 11  8  7  7  8  920 4 3A512 9 27999999999999999999999 3 5  52031  799999999999999
  9  9  8  7  6  5  5  7 10 14 19 23 26 27 27 25 22 17 12  9  6  6  7  920 4 4A5 025  91325 2799999999999999 516  52050  699999999999999
 11 12 12 11  8  6  4  3  4  7 11 17 22 25 27 27 24 20 14 10  6  4  5  820 4 5A5 134 121420 2799999999999999 656  32112  499999999999999
 11 14 16 15 13  9  5  1  0  0  3  9 15 21 25 27 25 22 16 11  6  3  3  620 4 6A5 216 1615 5 2799999999999999 813 -12133  399999999999999
 11 16 19 20 19 15  9  3 -1 -3 -3  1  8 15 21 25 25 23 18 12  7  3  2  420 4 7A5 256 201544 2599999999999999 915 -32155  299999999999999
  9 15 21 24 25 22 16  9  2 -3 -5 -4  1  8 15 21 23 23 19 13  8  3  1  120 4 8A5 336 251619 23999999999999991010 -52218  099999999999999
  5 12 20 26 29 28 24 17  9  2 -3 -5 -3  2  9 16 20 21 19 15  9  3  0 -120 4 9A5 418 291651 219999999999999911 2 -52243 -199999999999999
  2  8 17 25 31 33 31 26 18 10  3 -1 -3  0  5 11 17 19 19 15 10  4  0 -220 410A5 5 3 331721 19999999999999991153 -32310 -299999999999999
 -1  4 12 21 29 34 35 33 27 20 12  6  2  1  4  8 13 17 18 16 12  6  2 -120 411A5 551 351749 18999999999999991245  12340 -299999999999999
 -2  1  7 15 23 31 35 35 33 27 21 15  9  6  6  8 11 14 16 15 13  9  4  120 412A5 641 361816 16999999999999991342  5999999999999999999999
 -1  0  3  9 17 25 31 34 34 32 28 22 17 13 10 10 11 13 14 14 13 10  7  420 413A5 735 351842 1599999999999999 013 -11451 1099999999999999
  2  1  2  6 12 18 25 30 32 33 31 28 24 19 16 13 12 12 13 13 13 11  9  720 414A5 836 3319 7 1399999999999999 049  11633 1299999999999999
  5  4  4  5  8 13 18 23 27 30 30 29 27 24 21 17 15 13 12 11 11 11 10  920 415A5 953 30999999999999999999999 131  4999999999999999999999
  8  7  6  6  7 10 13 17 21 24 27 28 28 26 24 20 17 14 11 10 10 10 10 1120 416A51125 28999999999999999999999 234  61955 1099999999999999
 11 10 10  9  8  8  9 12 15 18 22 24 26 26 25 22 19 15 11  9  8  8  9 1120 417A5 0 2 111242 2699999999999999 427  82019  899999999999999
 12 13 13 12 10  9  8  8 10 12 16 20 23 24 25 23 20 16 12  8  6  6  7 1020 418A5 135 131336 2599999999999999 624  82040  699999999999999
 12 14 15 15 13 11  8  6  6  8 11 15 19 22 23 23 20 16 12  8  5  4  5  820 419A5 217 151416 2399999999999999 743  62059  499999999999999
 12 15 17 18 16 13 10  6  4  4  6 10 14 18 21 22 20 17 12  8  5  3  3  620 420A5 247 181450 2299999999999999 840  42117  399999999999999
 11 15 18 20 19 17 12  8  4  2  3  5 10 15 19 21 20 18 13  9  5  3  2  520 421A5 314 201521 2199999999999999 925  22132  299999999999999
  9 15 19 22 22 20 16 11  6  3  1  2  6 11 16 19 20 18 14 10  6  3  2  420 422A5 340 231550 209999999999999910 6  12148  299999999999999
  8 14 20 24 25 24 21 15 10  5  2  1  3  8 13 17 19 19 16 11  7  3  2  320 423A5 4 7 251617 19999999999999991044  122 4  299999999999999
  7 13 19 25 28 28 25 20 15  9  4  2  3  6 11 15 18 19 17 13  8  4  2  320 424A5 435 281644 19999999999999991121  22223  299999999999999
  6 11 18 25 29 31 30 26 20 14  9  5  4  5  9 13 17 18 18 14 10  6  3  320 425A5 5 5 3117 9 189999999999999912 0  42243  299999999999999
  5 10 16 23 29 32 33 30 26 20 14 10  7  6  8 12 15 18 18 16 12  7  4  320 426A5 537 331734 18999999999999991241  623 6  399999999999999
  4  8 14 21 27 32 34 33 30 25 20 15 11  9  9 11 14 16 17 16 13  9  6  420 427A5 612 341759 17999999999999991328  92332  399999999999999
  4  6 11 17 24 30 34 35 33 29 25 20 16 13 11 11 13 15 16 16 14 11  8  520 428A5 652 351826 16999999999999991425 11999999999999999999999
  4  5  8 13 19 26 31 33 34 32 29 25 21 17 14 12 12 13 14 14 14 12 10  720 429A5 739 341859 1499999999999999 0 2  41540 1299999999999999
  6  5  7 10 15 20 25 30 32 32 30 28 24 21 17 14 12 12 12 12 13 12 11  920 430A5 835 321953 1399999999999999 040  51716 1299999999999999
  8  7  7  8 11 14 19 24 27 29 30 29 27 24 21 17 14 11 10 10 11 12 12 1120 5 1A5 949 302152 1299999999999999 134  71831 1099999999999999
 11  9  8  8  8 10 13 16 20 24 27 28 27 26 23 19 16 12 10  8  9 10 12 1320 5 2A51118 28999999999999999999999 3 9  81913  899999999999999
 14 13 12 10  9  8  8 10 13 17 21 24 26 26 25 22 17 13 10  7  7  8 11 1420 5 3A5 0 1 141236 2699999999999999 511  81943  799999999999999
 16 17 17 15 12  9  7  6  7 10 14 19 22 24 25 23 19 15 10  7  6  6 10 1420 5 4A5 1 8 171336 2599999999999999 655  620 8  599999999999999
 18 21 22 21 18 13  9  5  4  4  7 12 17 21 23 23 21 16 11  7  5  5  7 1220 5 5A5 156 221425 2399999999999999 814  42033  499999999999999
 19 24 27 28 25 20 14  9  4  2  3  6 12 17 21 22 21 18 13  8  5  3  5 1020 5 6A5 239 2815 6 2299999999999999 917  22059  399999999999999
 17 24 30 33 33 29 23 15  9  4  2  3  7 12 18 21 21 19 15 10  5  3  3  620 5 7A5 323 331544 22999999999999991013  22127  399999999999999
 13 22 30 36 38 36 32 24 17 10  5  3  4  9 14 19 21 20 17 12  7  3  2  420 5 8A5 4 7 381618 219999999999999911 5  32158  299999999999999
  9 17 27 35 40 41 39 33 26 18 11  7  6  7 12 17 20 21 19 15 10  6  3  320 5 9A5 452 411651 21999999999999991155  52232  299999999999999
  6 12 21 30 38 42 43 40 34 27 19 13 10  9 11 15 18 20 20 18 13  9  5  320 510A5 539 431723 21999999999999991246  923 9  399999999999999
  4  8 15 24 33 39 43 42 39 34 27 21 16 13 12 14 17 19 20 19 16 12  8  620 511A5 627 431756 20999999999999991340 122349  599999999999999
  5  7 11 18 26 33 38 41 40 37 32 27 22 17 15 14 16 18 19 19 18 15 12  920 512A5 717 411832 19999999999999991442 14999999999999999999999
  7  7  9 14 20 26 32 36 38 37 35 31 26 22 18 16 15 16 17 18 18 16 14 1220 513A5 810 381918 1899999999999999 031  71555 1599999999999999
 10  9 10 12 15 20 25 30 33 34 33 31 28 24 21 17 15 15 15 16 16 16 16 1520 514A5 910 342034 1699999999999999 120  91716 1499999999999999
 14 12 12 12 13 16 19 23 27 29 30 30 28 26 22 19 16 14 13 13 14 15 16 1620 515A51017 302323 1699999999999999 222 111820 1399999999999999
 16 15 14 13 13 14 15 17 20 23 26 27 27 25 23 19 16 13 11 10 11 13 15 1620 516A51125 27999999999999999999999 359 1319 0 1099999999999999
 18 18 17 16 15 13 13 14 15 18 21 23 24 24 22 20 16 13 10  9  9 10 13 1620 517A5 058 181224 2499999999999999 555 131928  899999999999999
 18 20 20 19 17 15 13 12 12 13 16 19 21 22 22 20 17 13 10  8  7  8 11 1520 518A5 147 201313 2299999999999999 725 121950  799999999999999
 19 22 23 23 21 18 15 12 10 10 12 15 18 21 21 20 18 14 10  8  6  7 10 1420 519A5 221 231355 2199999999999999 828 1020 9  699999999999999
 19 23 26 27 25 22 18 14 11  9 10 12 16 19 21 21 19 16 12  9  7  7  9 1320 520A5 250 271434 2199999999999999 916  92028  699999999999999
 19 24 28 30 30 27 23 18 13 10  9 10 13 17 20 21 21 18 14 10  8  7  9 1320 521A5 318 3015 9 2199999999999999 959  92049  799999999999999
 19 25 30 33 34 32 28 23 17 12 10  9 11 15 19 21 22 20 17 13  9  8  8 1220 522A5 345 341542 22999999999999991038  92113  899999999999999
 17 24 31 35 38 37 34 28 22 17 12 10 11 14 18 21 23 22 19 15 11  9  8 1120 523A5 415 381613 23999999999999991117 102139  899999999999999
 16 23 30 36 40 41 38 34 28 22 17 13 12 13 17 20 23 23 21 18 14 10  9 1020 524A5 446 411643 23999999999999991157 1222 8  999999999999999
 14 20 27 35 40 42 42 39 34 28 22 17 14 14 16 19 22 23 23 20 16 12 10  920 525A5 521 431713 23999999999999991239 142241  999999999999999
 11 16 23 31 38 42 43 42 38 33 27 22 17 15 15 18 20 22 23 21 18 14 11  920 526A5 559 431744 23999999999999991325 152317  999999999999999
 10 13 18 26 33 39 42 42 40 36 31 26 21 18 16 17 18 20 22 21 20 16 13 1120 527A5 641 431820 22999999999999991416 162359 1099999999999999
 10 11 14 20 26 33 38 40 40 38 34 29 25 20 17 16 17 18 20 21 20 18 15 1320 528A5 728 4119 8 21999999999999991513 16999999999999999999999
 11 10 12 15 20 26 31 35 37 37 35 31 27 23 19 17 15 16 17 19 20 19 18 1620 529A5 821 372017 2099999999999999 049 101614 1599999999999999
 14 12 11 12 15 19 24 29 32 34 34 32 29 25 21 17 15 14 14 16 18 19 20 1920 530A5 922 342152 2099999999999999 154 1117 9 1499999999999999
 18 16 14 13 13 15 18 22 25 29 30 30 29 26 22 19 15 13 12 13 16 19 21 2220 531A51030 302328 2399999999999999 322 131753 1299999999999999
 22 21 19 16 14 13 14 16 19 22 25 27 27 26 23 20 16 13 11 11 13 17 21 2520 6 1A51139 27999999999999999999999 512 131829 1199999999999999
 27 27 25 23 19 16 14 13 14 16 20 23 25 25 24 21 17 14 11 10 11 14 19 2520 6 2A5 039 271242 2599999999999999 656 1319 1 1099999999999999
 29 32 32 30 26 22 17 14 12 13 15 19 22 24 24 22 19 15 12  9  9 12 17 2320 6 3A5 135 321337 2499999999999999 818 121934  999999999999999
 30 35 38 37 35 30 24 18 14 12 12 15 19 22 24 24 22 18 14 10  9 10 14 2020 6 4A5 225 381426 2499999999999999 922 1220 8  999999999999999
 28 36 41 43 42 38 32 26 19 15 13 13 16 20 23 25 24 21 17 13 10  9 11 1620 6 5A5 312 4315 9 25999999999999991017 122046  999999999999999
 24 33 41 46 47 45 41 34 27 20 16 14 15 18 22 25 26 24 21 16 12 10 10 1320 6 6A5 358 471549 269999999999999911 7 142127  999999999999999
 19 28 37 44 49 50 47 41 34 27 21 17 16 18 21 25 27 27 24 20 16 12 10 1120 6 7A5 444 501628 27999999999999991154 162210 1099999999999999
 15 22 31 40 46 50 50 47 41 34 27 22 18 18 20 23 26 28 27 24 20 15 12 1120 6 8A5 529 5017 5 28999999999999991240 182255 1199999999999999
 13 17 25 33 41 47 49 48 45 39 33 27 22 20 20 22 25 27 28 26 23 19 15 1320 6 9A5 614 491744 28999999999999991326 192340 1299999999999999
 12 15 20 26 34 41 45 46 45 41 36 31 25 22 20 21 23 25 27 27 25 22 19 1620 610A5 659 461827 27999999999999991413 20999999999999999999999
 14 14 16 21 27 34 39 42 43 41 37 33 28 24 21 20 20 22 24 25 25 23 21 1920 611A5 743 431918 2599999999999999 025 1415 3 2099999999999999
 16 15 16 18 22 27 32 36 38 38 36 33 29 25 21 19 19 19 21 23 24 24 23 2120 612A5 827 382029 2499999999999999 114 151555 1999999999999999
 19 18 17 17 19 22 26 30 33 34 33 32 29 25 22 19 17 17 18 19 21 23 23 2320 613A5 912 342213 2399999999999999 210 171644 1799999999999999
 22 21 20 19 19 20 22 25 27 29 30 29 28 25 22 18 16 15 15 16 19 21 23 2420 614A510 0 302359 2599999999999999 325 191726 1599999999999999
 25 24 23 22 20 20 20 21 23 25 27 27 26 25 22 19 16 14 13 14 16 19 22 2520 615A51054 27999999999999999999999 514 201759 1399999999999999
 27 28 27 26 23 21 20 19 20 21 23 25 25 24 22 20 17 14 13 13 15 18 22 2620 616A5 1 4 281152 2599999999999999 7 1 191827 1399999999999999
 29 31 31 30 28 25 22 20 19 19 21 22 24 24 23 21 19 16 14 13 14 17 21 2620 617A5 147 311249 2499999999999999 815 191856 1399999999999999
 30 34 35 35 33 30 26 22 19 18 19 21 23 24 25 23 21 18 15 14 14 16 20 2620 618A5 221 351342 2599999999999999 9 9 181925 1399999999999999
 31 36 39 40 38 35 31 26 22 19 18 19 22 24 26 26 24 21 18 15 14 16 19 2520 619A5 252 401429 2699999999999999 953 181957 1499999999999999
 31 37 41 44 43 41 36 31 26 21 19 19 21 24 26 27 27 24 21 18 16 15 18 2320 620A5 324 441510 27999999999999991033 192032 1599999999999999
 29 36 42 46 47 46 42 37 31 25 21 19 20 23 26 28 29 27 24 20 17 16 17 2020 621A5 357 471547 29999999999999991112 1921 9 1699999999999999
 26 33 41 46 49 49 47 42 36 30 25 21 20 22 25 28 30 29 27 23 19 16 15 1720 622A5 432 501621 30999999999999991150 202149 1599999999999999
 22 29 37 44 49 51 50 46 41 35 29 24 21 21 24 27 29 30 29 26 21 18 15 1520 623A5 511 511655 30999999999999991230 212232 1599999999999999
 18 23 31 39 45 49 50 48 44 39 33 27 23 21 22 25 28 30 30 28 24 20 16 1420 624A5 551 501732 30999999999999991310 212318 1499999999999999
 15 18 24 32 39 45 48 48 46 41 36 30 25 22 21 23 25 28 29 29 27 23 19 1620 625A5 634 491815 30999999999999991351 21999999999999999999999
 14 15 19 25 32 38 43 45 45 42 37 32 27 23 21 21 22 25 28 29 28 26 22 1920 626A5 718 4519 9 2999999999999999 0 8 141433 2099999999999999
 16 15 16 19 25 31 36 40 42 40 37 33 28 24 21 19 20 22 25 28 29 28 26 2320 627A5 8 3 422015 2999999999999999 1 3 151514 1999999999999999
 20 18 17 17 20 24 29 34 36 37 36 33 29 25 21 18 18 19 21 25 28 30 30 2920 628A5 850 372135 3099999999999999 2 8 171555 1899999999999999
 26 23 21 19 19 21 24 27 31 33 33 32 29 25 22 19 17 16 18 22 26 30 32 3320 629A5 940 332259 3399999999999999 329 191636 1699999999999999
 32 30 27 24 22 21 21 23 25 28 29 30 28 26 23 19 17 15 16 18 23 28 32 3620 630A51035 30999999999999999999999 517 211717 1599999999999999
 37 37 35 32 28 25 23 22 22 24 26 27 28 26 24 21 18 16 15 16 19 25 31 3620 7 1A5 017 371138 2899999999999999 7 7 2218 0 1599999999999999
 40 42 42 40 36 31 27 24 22 22 23 25 27 27 26 24 21 18 16 15 17 21 27 3420 7 2A5 122 421245 2799999999999999 832 221845 1599999999999999
 41 45 47 47 44 39 34 29 24 22 22 24 26 27 28 27 25 21 18 16 16 18 23 3020 7 3A5 218 471349 2899999999999999 934 221933 1699999999999999
 38 45 49 51 50 46 41 35 29 25 23 23 25 28 29 30 28 26 22 18 16 17 20 2620 7 4A5 3 8 511444 30999999999999991024 222023 1699999999999999
 33 42 48 53 54 52 48 41 35 29 25 23 24 27 30 32 32 30 26 22 19 17 18 2120 7 5A5 354 541531 329999999999999911 7 232113 1799999999999999
 28 36 44 51 54 55 52 47 40 34 28 25 24 26 29 32 34 33 30 26 22 18 17 1820 7 6A5 438 551612 34999999999999991146 2422 2 1799999999999999
 23 30 38 46 52 54 54 50 44 38 32 27 25 25 28 31 34 35 33 30 25 21 18 1720 7 7A5 519 541652 35999999999999991223 252249 1799999999999999
 19 24 31 39 46 51 52 51 47 41 35 29 26 25 26 29 32 34 34 32 29 24 20 1820 7 8A5 558 521732 35999999999999991258 252335 1799999999999999
 18 20 25 32 40 45 49 49 47 42 37 31 27 24 24 26 29 32 33 33 31 27 23 2020 7 9A5 635 491814 34999999999999991333 24999999999999999999999
 18 19 22 27 33 39 43 45 44 41 37 32 27 24 23 24 26 29 31 32 31 29 26 2320 710A5 710 4519 2 3299999999999999 018 1814 7 2399999999999999
 20 19 20 23 28 33 38 40 41 39 36 32 27 24 22 21 23 25 28 30 31 30 28 2620 711A5 743 4120 1 3199999999999999 1 3 191439 2199999999999999
 24 22 21 22 25 29 32 35 37 36 34 31 27 24 21 20 20 22 25 27 30 31 30 2920 712A5 815 372114 3199999999999999 151 211511 2099999999999999
 27 26 24 24 24 26 29 31 33 33 32 30 27 24 21 19 19 20 22 25 28 30 32 3220 713A5 847 332244 3299999999999999 254 241543 1999999999999999
 31 30 28 27 26 26 27 28 29 30 30 29 27 24 22 19 18 19 20 23 26 30 33 3420 714A5 925 30999999999999999999999 434 261619 1899999999999999
 35 35 33 31 29 28 27 27 27 28 29 28 27 25 23 21 19 18 19 21 25 29 33 3620 715A5 0 6 351015 2999999999999999 645 271658 1899999999999999
 38 39 38 37 34 31 29 27 26 26 27 28 28 27 25 23 21 20 19 21 24 28 32 3720 716A5 1 4 391129 2899999999999999 815 261741 1999999999999999
 40 43 43 42 39 36 32 29 27 26 26 27 28 28 28 26 24 22 20 20 22 26 31 3720 717A5 148 431250 2899999999999999 911 261827 2099999999999999
 42 45 47 47 45 41 37 32 28 26 25 26 28 29 30 29 27 25 22 21 21 24 29 3520 718A5 226 471355 3099999999999999 951 251914 2199999999999999
 41 46 49 51 50 47 42 37 31 27 25 25 27 29 31 31 30 28 25 22 21 22 25 3120 719A5 3 4 511445 32999999999999991027 2520 3 2199999999999999
 38 44 50 53 53 51 47 41 35 30 27 25 26 29 31 33 33 31 28 24 21 20 22 2620 720A5 342 531526 339999999999999911 2 252052 2099999999999999
 32 40 47 52 55 54 51 46 40 34 29 26 25 28 31 33 35 34 31 26 22 19 19 2120 721A5 422 5516 3 35999999999999991135 252142 1999999999999999
 26 33 42 49 53 55 53 49 43 37 31 27 25 26 29 33 35 35 33 29 25 20 17 1720 722A5 5 2 551640 369999999999999912 9 252232 1799999999999999
 20 26 34 42 49 53 53 51 46 40 34 28 25 25 27 31 34 36 36 33 28 23 19 1620 723A5 542 531721 36999999999999991241 242323 1699999999999999
 17 20 26 34 42 48 50 50 47 41 35 30 25 23 24 28 32 35 37 36 32 27 22 1820 724A5 621 5118 7 37999999999999991313 23999999999999999999999
 16 17 21 27 34 41 45 47 45 41 36 30 26 23 22 24 28 33 36 37 36 33 28 2320 725A5 659 4719 1 3799999999999999 016 161344 2299999999999999
 20 18 19 22 28 34 39 42 42 40 36 31 26 22 21 21 24 29 33 37 38 37 34 3020 726A5 735 4220 3 3899999999999999 111 181415 2099999999999999
 26 23 21 22 24 28 33 36 38 37 34 31 26 22 20 19 21 24 29 34 38 40 39 3720 727A5 810 382115 4099999999999999 215 211448 1999999999999999
 33 30 27 25 25 26 29 32 34 34 33 30 27 23 20 19 19 21 25 30 35 40 42 4220 728A5 845 342238 4299999999999999 337 251525 1899999999999999
 41 38 35 32 29 28 28 29 30 31 31 30 27 25 22 20 19 19 22 26 31 37 42 4520 729A5 924 31999999999999999999999 536 281611 1999999999999999
 46 45 43 39 36 32 30 28 28 29 29 29 28 27 25 22 20 19 20 22 27 33 39 4420 730A5 0 3 461021 2999999999999999 739 2817 8 1999999999999999
 48 49 49 47 43 39 34 31 29 28 28 29 29 29 28 26 24 21 20 21 24 28 35 4120 731A5 117 4912 0 2999999999999999 9 1 281812 2099999999999999
 47 51 52 52 49 45 40 35 31 28 28 28 30 31 31 30 28 25 23 21 22 24 29 3620 8 1A5 217 521336 3199999999999999 949 281916 2199999999999999
 43 49 53 55 54 50 45 39 34 30 28 28 30 32 33 33 32 29 26 23 21 22 25 3120 8 2A5 3 6 551439 33999999999999991024 272015 2199999999999999
 38 45 51 55 55 54 49 43 37 32 28 27 29 31 34 36 36 34 30 26 22 21 22 2520 8 3A5 349 551525 36999999999999991056 272110 2199999999999999
 32 39 47 52 55 55 52 46 40 34 30 27 27 30 34 36 38 37 34 29 25 21 20 2120 8 4A5 427 5516 4 38999999999999991125 2722 0 2099999999999999
 26 33 40 47 52 54 52 48 42 36 31 27 26 28 31 35 38 38 36 33 28 23 20 1920 8 5A5 5 2 541641 38999999999999991153 262246 1999999999999999
 22 27 34 41 47 51 51 48 43 37 32 28 25 26 29 33 36 38 38 35 31 26 22 1920 8 6A5 535 511718 38999999999999991220 252328 1999999999999999
 19 22 28 35 42 46 48 47 43 38 32 28 25 24 26 30 34 37 38 36 33 29 25 2120 8 7A5 6 5 481757 38999999999999991244 24999999999999999999999
 20 21 24 30 36 41 44 44 41 37 32 28 24 23 24 26 30 34 36 37 35 32 28 2420 8 8A5 633 441840 3799999999999999 0 9 2013 7 2399999999999999
 22 21 23 26 31 36 39 40 39 36 32 27 24 22 22 24 27 31 34 36 36 34 32 2920 8 9A5 659 401929 3799999999999999 050 211329 2199999999999999
 26 24 24 25 29 32 35 37 37 34 31 27 24 21 20 22 25 28 32 35 37 37 35 3320 810A5 723 372025 3799999999999999 136 241352 2099999999999999
 31 28 27 27 28 30 32 34 34 33 30 27 24 21 20 21 23 26 30 34 36 38 38 3720 811A5 745 342132 3899999999999999 235 271416 2099999999999999
 35 33 32 30 30 30 31 32 32 32 30 28 25 22 21 21 22 24 28 32 36 38 40 4020 812A5 8 6 322250 4199999999999999 411 301446 2099999999999999
 40 39 37 35 33 31 31 30 30 30 30 28 26 24 23 22 22 23 26 30 34 38 41 4320 813A599999999999999999999999999991527 22999999999999999999999
 44 43 42 40 37 34 32 30 29 29 29 29 28 27 25 24 23 23 25 28 32 36 40 4420 814A5 0 7 449999999999999999999991624 23999999999999999999999
 46 47 47 45 42 38 34 31 29 28 28 29 29 29 28 27 25 24 24 25 29 33 38 4320 815A5 1 8 4712 8 2999999999999999 921 281734 2499999999999999
 47 49 50 49 47 43 38 33 30 28 27 28 29 30 31 30 28 26 24 24 25 29 34 3920 816A5 158 501338 3199999999999999 946 271843 2499999999999999
 45 49 52 52 51 47 42 36 32 28 27 27 29 31 32 32 31 28 25 23 23 24 28 3420 817A5 243 521430 33999999999999991012 271946 2399999999999999
 40 47 51 54 53 51 46 40 34 29 26 26 28 31 33 35 34 32 28 24 21 20 22 2720 818A5 325 541510 35999999999999991039 262045 2099999999999999
 34 41 48 52 54 53 49 43 37 31 27 25 26 30 33 36 37 35 31 26 21 18 18 2020 819A5 4 6 541548 379999999999999911 6 252141 1899999999999999
 26 34 42 48 52 53 51 46 39 33 28 25 25 27 32 36 39 38 36 30 25 19 16 1620 820A5 445 531626 39999999999999991133 242235 1699999999999999
 19 25 34 42 48 50 50 47 41 34 29 25 23 25 29 35 39 41 40 36 30 24 18 1620 821A5 522 5117 9 41999999999999991158 232328 1599999999999999
 16 19 26 34 41 46 47 46 41 35 29 24 22 22 26 31 37 41 43 41 36 30 24 1920 822A5 557 471756 43999999999999991224 22999999999999999999999
 17 17 21 27 34 40 43 43 40 35 29 24 21 20 22 27 33 39 43 44 42 37 32 2620 823A5 630 431849 4499999999999999 021 161249 2099999999999999
 22 20 20 24 29 34 38 39 38 34 29 24 21 19 19 23 28 35 41 44 45 43 39 3520 824A5 659 391948 4599999999999999 117 201316 1999999999999999
 30 26 24 24 27 30 33 35 35 33 29 25 21 19 18 20 24 30 36 42 45 46 45 4220 825A5 727 362056 4699999999999999 222 241347 1899999999999999
 38 34 31 29 28 29 31 32 33 32 29 26 23 20 19 19 21 25 31 37 42 46 48 4720 826A5 751 332217 4899999999999999 353 281424 1999999999999999
 45 42 39 35 33 31 30 30 31 30 29 27 25 23 21 20 20 22 26 31 37 42 46 4920 827A52349 499999999999999999999991514 20999999999999999999999
 49 48 46 42 39 35 32 30 29 29 29 28 27 26 25 23 22 22 24 27 31 37 43 4720 828A599999999999999999999999999991628 22999999999999999999999
 50 51 50 48 44 40 35 32 29 28 28 29 29 29 28 27 25 24 23 24 27 31 37 4320 829A5 1 9 511215 2999999999999999 921 281757 2399999999999999
 47 51 52 51 48 44 39 34 30 28 28 29 30 31 32 31 29 27 25 23 24 26 31 3720 830A5 2 9 521358 3299999999999999 941 281914 2399999999999999
 43 48 51 52 51 47 42 36 31 28 27 28 30 32 34 34 33 31 27 24 22 23 26 3120 831A5 255 521448 349999999999999910 4 272019 2299999999999999
 37 44 48 51 51 49 44 38 33 28 26 26 28 32 35 36 36 34 30 26 23 21 22 2520 9 1A5 333 511525 37999999999999991028 262113 2199999999999999
 31 38 44 48 50 49 45 39 34 29 25 24 26 30 34 37 38 37 33 29 24 21 19 2120 9 2A5 4 6 501558 38999999999999991050 2422 0 1999999999999999
 25 32 39 44 47 48 45 40 34 29 25 23 24 28 32 36 39 39 36 32 27 22 19 1820 9 3A5 436 481630 39999999999999991112 232242 1899999999999999
 21 26 33 39 44 45 44 40 35 29 25 22 22 25 30 34 38 39 38 35 30 25 20 1820 9 4A5 5 4 4517 2 39999999999999991131 222322 1899999999999999
 19 22 28 34 39 42 42 39 35 30 25 22 21 23 27 32 37 39 40 37 33 28 24 2020 9 5A5 530 431737 40999999999999991149 21999999999999999999999
 19 20 24 30 35 39 40 38 34 29 25 21 20 21 24 29 35 38 40 40 37 33 28 2420 9 6A5 555 401815 4099999999999999 0 1 1912 6 2099999999999999
 22 21 23 27 31 35 37 36 34 29 25 21 19 20 22 27 32 37 40 41 40 37 33 2920 9 7A5 617 371855 4199999999999999 042 211224 1999999999999999
 26 24 24 26 29 32 34 34 33 29 25 22 20 19 21 25 30 35 39 41 42 40 37 3420 9 8A5 638 351940 4299999999999999 128 241243 1999999999999999
 31 29 27 27 29 30 32 33 32 29 26 23 20 19 20 23 27 32 37 41 42 43 41 3920 9 9A5 656 332032 4399999999999999 227 2713 4 1999999999999999
 36 34 32 30 30 30 31 31 31 29 27 24 22 20 21 22 25 30 34 39 42 44 44 4320 910A5 7 8 312135 4499999999999999 4 2 301329 2099999999999999
 41 39 36 34 32 30 30 30 29 29 27 25 24 22 22 22 24 27 31 35 40 43 44 4520 911A52255 4599999999999999999999914 4 22999999999999999999999
 44 43 41 38 35 32 30 29 28 28 27 27 26 25 24 23 24 25 28 31 36 40 43 4520 912A5999999999999999999999999999915 7 23999999999999999999999
 46 46 45 42 39 35 31 28 27 26 26 27 27 27 26 25 25 24 25 27 31 35 40 4320 913A5 018 4612 8 2799999999999999 9 3 261652 2499999999999999
 46 48 48 46 42 38 33 29 26 25 25 26 28 29 29 28 26 25 23 23 25 29 34 3920 914A5 124 481336 2999999999999999 916 251826 2399999999999999
 44 47 49 48 46 41 36 31 26 24 24 25 28 30 32 31 29 26 23 21 21 22 26 3220 915A5 216 491419 3299999999999999 936 241941 2199999999999999
 38 44 48 49 48 44 38 33 27 24 23 24 27 31 34 35 33 30 25 21 18 18 19 2420 916A5 3 2 491456 3599999999999999 959 232046 1799999999999999
 31 38 44 47 48 46 41 35 29 24 22 22 25 30 35 38 38 35 30 24 19 16 15 1720 917A5 343 481533 38999999999999991021 222145 1599999999999999
 23 30 38 43 46 45 42 36 30 25 21 20 23 28 35 39 41 41 36 30 23 17 14 1420 918A5 420 461612 42999999999999991044 202239 1399999999999999
 17 23 31 38 42 44 42 37 31 25 21 19 20 25 32 39 43 45 43 38 31 23 17 1420 919A5 455 441655 459999999999999911 6 192332 1499999999999999
 14 18 24 31 37 40 40 37 31 25 21 18 18 21 28 36 43 47 48 45 39 32 25 1920 920A5 527 411742 48999999999999991129 17999999999999999999999
 16 17 20 26 32 36 37 36 32 26 21 17 16 18 23 31 39 45 49 49 46 40 34 2720 921A5 557 371833 5099999999999999 025 161155 1699999999999999
 23 20 21 24 28 32 34 34 31 27 22 18 16 16 19 25 33 41 47 50 50 47 42 3620 922A5 624 341929 5099999999999999 122 201224 1699999999999999
 31 27 25 25 26 29 31 32 31 28 24 20 17 16 18 21 27 34 41 47 49 50 47 4420 923A5 649 322033 5099999999999999 231 241257 1699999999999999
 39 35 31 29 28 28 29 30 30 28 25 22 20 18 18 20 23 28 35 41 45 48 49 4820 924A5 712 302151 4999999999999999 4 8 281336 1899999999999999
 45 42 38 34 31 29 29 28 28 28 26 25 23 22 21 21 22 25 29 34 39 44 46 4820 925A52324 489999999999999999999991432 20999999999999999999999
 48 46 43 39 35 32 29 28 27 27 27 27 26 25 24 23 23 23 25 28 32 37 41 4520 926A5999999999999999999999999999916 7 23999999999999999999999
 47 47 46 43 39 34 30 27 26 25 26 27 28 28 28 27 25 24 23 24 27 31 35 4020 927A5 045 471311 2899999999999999 840 251758 2399999999999999
 43 46 46 45 41 37 32 28 25 24 25 26 29 30 31 31 29 26 24 23 23 25 29 3420 928A5 144 4614 9 3199999999999999 9 1 241923 2299999999999999
 39 42 44 44 42 38 33 28 24 22 23 25 28 31 33 33 32 29 26 22 21 21 23 2820 929A5 228 451446 3499999999999999 923 222027 2099999999999999
 33 38 42 43 42 38 34 28 24 21 21 23 26 31 34 35 35 32 28 24 20 19 19 2220 930A5 3 4 431517 3599999999999999 944 212117 1899999999999999
 27 33 38 41 41 39 34 29 24 21 19 20 24 29 34 36 37 35 31 26 21 18 17 182010 1A5 335 411546 379999999999999910 3 1922 1 1799999999999999
 22 28 34 38 39 38 34 29 24 20 18 19 22 27 33 37 39 38 35 30 24 20 17 162010 2A5 4 4 391614 39999999999999991020 182240 1699999999999999
 19 23 29 34 37 37 35 30 25 21 18 18 20 25 31 36 40 40 38 34 28 23 18 162010 3A5 431 371643 40999999999999991036 182319 1699999999999999
 17 20 25 31 34 36 34 30 26 21 18 17 19 23 29 35 40 42 41 38 33 27 22 192010 4A5 457 361714 42999999999999991051 172357 1799999999999999
 17 19 23 28 32 34 33 31 26 22 18 17 18 22 27 34 39 43 43 41 37 32 27 232010 5A5 521 341747 439999999999999911 8 17999999999999999999999
 20 20 22 25 29 32 32 31 27 23 19 17 17 20 25 31 37 42 44 44 41 37 32 282010 6A5 544 321822 4599999999999999 038 201126 1799999999999999
 24 23 23 25 28 30 31 30 28 24 20 18 17 19 23 29 35 40 44 45 44 41 37 332010 7A5 6 6 3119 1 4599999999999999 124 221146 1799999999999999
 29 26 25 25 27 28 29 29 28 25 22 19 18 19 21 26 32 37 42 45 45 44 41 372010 8A5 627 301945 4599999999999999 221 2512 9 1899999999999999
 34 31 28 27 27 27 28 28 27 25 23 21 19 19 21 24 28 33 38 42 44 44 43 412010 9A5 647 282038 4599999999999999 344 261236 1999999999999999
 38 35 32 29 27 26 26 26 26 25 24 22 21 20 21 22 25 29 33 38 41 43 43 43201010A52150 439999999999999999999991312 20999999999999999999999
 41 38 35 32 29 27 25 24 24 24 24 24 23 22 22 22 23 25 28 32 36 39 41 42201011A52320 429999999999999999999991422 22999999999999999999999
 42 41 38 35 31 28 25 23 22 23 24 24 25 25 24 23 22 22 23 26 29 33 37 40201012A51215 25999999999999999999999 757 221635 2299999999999999
 41 42 40 38 34 29 25 22 21 21 22 25 26 27 27 26 24 22 20 21 22 26 30 35201013A5 041 421320 2799999999999999 820 211824 2099999999999999
 38 41 41 39 36 31 26 22 20 19 21 24 27 30 31 30 27 24 20 18 17 19 23 28201014A5 142 4114 0 3199999999999999 842 191946 1799999999999999
 33 38 40 40 38 33 28 23 19 18 19 23 28 32 35 35 33 28 23 18 15 14 16 20201015A5 231 401437 3599999999999999 9 4 182052 1499999999999999
 26 32 37 39 38 35 29 24 19 17 17 21 26 33 38 40 39 35 29 23 17 13 12 14201016A5 313 391516 4099999999999999 925 172150 1299999999999999
 19 26 32 36 37 35 31 25 20 16 16 18 24 31 38 43 45 43 37 30 23 16 12 12201017A5 351 371556 4599999999999999 948 162243 1199999999999999
 14 20 27 32 35 35 32 26 21 16 14 15 20 27 36 44 48 49 46 39 31 23 17 13201018A5 426 351640 49999999999999991012 142335 1399999999999999
 13 16 22 28 32 33 32 28 22 17 14 14 16 23 31 41 48 51 51 47 40 33 25 19201019A5 458 331727 52999999999999991040 13999999999999999999999
 16 16 19 24 29 32 31 29 24 19 15 13 14 18 26 35 43 50 53 52 48 41 34 27201020A5 528 321816 5399999999999999 028 161111 1399999999999999
 22 20 20 23 26 29 30 29 26 22 17 14 14 16 21 28 37 44 50 52 51 47 42 36201021A5 558 3019 9 5299999999999999 124 191146 1499999999999999
 30 26 23 23 25 27 29 29 27 24 20 17 15 16 18 23 30 37 44 48 50 49 46 41201022A5 629 2920 7 5099999999999999 230 231226 1599999999999999
 37 32 28 26 25 26 27 28 27 25 23 21 19 18 18 20 25 30 36 41 45 46 46 44201023A5 7 4 282116 4699999999999999 353 251312 1799999999999999
 41 37 33 29 27 25 25 26 26 26 25 24 22 21 20 20 22 25 29 34 38 41 43 43201024A5 8 1 262239 4399999999999999 535 251415 2099999999999999
 42 39 36 32 28 26 24 23 24 25 25 25 25 24 23 22 22 23 24 27 31 34 37 39201025A511 4 252359 4099999999999999 653 2316 0 2299999999999999
 40 39 37 34 30 26 23 21 21 22 24 26 27 27 27 26 24 22 22 22 25 28 31 34201026A513 4 27999999999999999999999 735 2118 1 2299999999999999
 37 37 37 34 30 26 23 20 19 20 22 25 27 29 30 29 27 24 22 20 20 22 25 29201027A5 1 1 371355 3099999999999999 8 4 191928 2099999999999999
 32 35 35 34 31 26 22 19 17 17 19 23 27 30 32 32 30 27 23 20 18 18 20 24201028A5 148 351431 3299999999999999 828 172030 1899999999999999
 28 31 33 33 31 27 23 19 16 15 17 21 26 30 33 34 33 30 26 21 18 16 16 19201029A5 226 3315 1 3499999999999999 848 152119 1699999999999999
 23 28 31 32 31 28 23 19 16 15 15 19 24 30 34 36 36 34 29 24 19 16 14 16201030A5 3 0 321528 3799999999999999 9 6 1522 0 1499999999999999
 19 24 28 31 31 28 24 20 16 14 15 18 23 29 34 38 39 38 34 28 22 18 15 14201031A5 331 311555 3999999999999999 923 142238 1499999999999999
 17 21 26 29 30 29 26 21 17 15 14 17 21 28 34 39 42 41 38 33 27 21 17 152011 1A5 4 1 301622 4299999999999999 941 142316 1599999999999999
 15 19 23 27 30 30 27 23 19 16 15 16 20 26 33 39 43 44 42 38 32 26 21 172011 2A5 429 301651 449999999999999910 0 152353 1699999999999999
 16 18 21 25 29 30 28 25 21 17 15 16 19 24 31 38 43 46 45 42 37 31 26 212011 3A5 456 301722 46999999999999991022 15999999999999999999999
 18 18 20 24 27 29 29 26 22 19 16 15 17 22 28 35 42 46 47 45 41 36 31 262011 4A5 522 291755 4799999999999999 033 181046 1599999999999999
 22 20 21 23 26 28 28 27 24 20 17 16 17 20 25 32 38 43 46 46 44 40 35 302011 5A5 548 281832 4799999999999999 117 201112 1699999999999999
 26 23 22 22 24 26 27 27 25 22 19 17 16 18 22 27 34 39 43 45 45 42 38 342011 6A5 617 271913 4599999999999999 2 7 221142 1699999999999999
 30 26 23 22 23 24 25 25 25 23 20 18 17 17 19 23 28 34 39 42 43 42 40 362011 7A5 651 2520 3 4399999999999999 311 221218 1799999999999999
 33 29 26 23 22 22 23 23 24 23 21 20 18 18 18 20 23 28 32 36 39 40 39 372011 8A5 745 2421 5 4099999999999999 430 2213 7 1899999999999999
 35 31 28 24 22 20 20 21 22 22 22 22 21 20 19 19 20 22 26 29 33 35 37 372011 9A5 928 222225 3799999999999999 545 201430 1999999999999999
 35 33 30 26 23 20 18 18 19 21 23 23 23 23 21 20 19 19 20 23 26 29 32 34201110A51135 242350 3499999999999999 634 181633 1999999999999999
 34 33 31 28 24 20 18 16 17 19 22 25 26 27 26 24 21 19 17 17 19 22 26 29201111A51246 27999999999999999999999 7 8 161827 1799999999999999
 32 32 32 29 25 21 18 15 15 17 21 25 29 31 31 29 26 22 18 15 14 16 19 23201112A5 059 321334 3199999999999999 736 151953 1499999999999999
 27 30 31 30 27 22 18 15 14 15 19 24 30 35 37 36 33 28 22 17 13 12 14 17201113A5 154 311417 3799999999999999 8 2 142059 1299999999999999
 22 27 29 30 28 24 19 15 13 13 16 22 29 36 41 42 41 36 29 22 16 12 11 13201114A5 241 301459 4299999999999999 828 132155 1199999999999999
 17 23 27 29 29 26 21 17 13 12 14 19 26 35 42 46 47 44 38 31 23 17 13 12201115A5 321 291543 4799999999999999 857 122247 1299999999999999
 14 19 24 28 29 27 24 19 14 12 12 15 22 31 40 47 51 51 47 40 32 24 18 14201116A5 358 291628 5199999999999999 929 112336 1399999999999999
 14 16 21 26 28 28 26 22 17 13 11 12 17 25 34 44 50 53 52 47 40 32 25 19201117A5 433 291714 539999999999999910 6 11999999999999999999999
 16 16 19 24 27 29 28 25 20 15 12 11 14 19 28 37 45 51 53 51 46 40 32 26201118A5 5 7 2918 2 5399999999999999 026 161046 1199999999999999
 21 19 19 22 26 28 29 27 23 19 15 13 13 16 21 29 38 45 49 51 49 44 38 32201119A5 543 291851 5199999999999999 117 191129 1299999999999999
 26 22 21 21 24 26 28 28 25 22 19 16 14 15 18 23 30 37 43 46 47 45 41 36201120A5 621 281942 4799999999999999 211 211216 1499999999999999
 31 26 23 22 22 24 26 27 26 24 22 19 17 16 17 19 24 29 35 39 42 42 40 37201121A5 7 8 272037 4299999999999999 311 2213 7 1699999999999999
 33 29 25 22 21 21 23 24 25 25 24 22 20 19 18 18 20 23 27 32 35 37 37 36201122A5 818 252138 3799999999999999 419 211410 1899999999999999
 33 30 26 23 21 19 19 21 22 23 24 24 23 22 21 20 19 20 22 25 28 31 32 32201123A51027 242246 3299999999999999 525 191542 1999999999999999
 32 30 27 23 20 18 17 17 19 21 23 24 25 25 24 22 21 20 19 20 22 25 27 28201124A51225 252353 2999999999999999 617 171745 1999999999999999
 29 28 26 23 20 17 15 14 15 18 21 24 26 27 27 26 24 21 19 18 18 20 22 24201125A51327 27999999999999999999999 654 141923 1899999999999999
 26 26 25 23 20 17 14 13 13 15 19 23 26 29 30 29 27 24 20 18 16 16 18 20201126A5 050 2614 8 3099999999999999 722 132028 1699999999999999
 23 25 25 24 21 18 14 12 12 13 17 21 26 30 33 33 31 28 24 19 16 14 15 17201127A5 139 251440 3399999999999999 745 122117 1499999999999999
 20 23 24 24 22 19 16 13 12 12 15 20 26 31 35 36 35 32 28 23 18 15 14 15201128A5 221 2415 8 3699999999999999 8 7 122158 1499999999999999
 18 21 24 25 24 21 18 14 12 12 15 19 25 31 36 39 39 37 33 27 21 17 14 14201129A5 259 251535 4099999999999999 831 122235 1499999999999999
 16 20 23 25 25 23 20 16 14 13 14 18 24 31 37 41 43 41 38 32 26 20 16 14201130A5 334 2516 3 4399999999999999 856 132311 1499999999999999
 15 18 22 25 26 25 23 19 15 13 14 17 22 29 36 42 45 45 42 37 31 25 20 162012 1A5 4 6 261633 4599999999999999 924 132346 1599999999999999
 15 17 21 24 26 27 25 21 17 14 13 15 19 26 33 40 45 46 45 41 36 30 24 192012 2A5 436 2717 5 4699999999999999 954 13999999999999999999999
 17 17 19 23 26 27 26 23 19 16 14 14 17 22 29 37 42 46 46 44 39 34 28 232012 3A5 5 5 271739 4799999999999999 023 161027 1399999999999999
 19 17 19 21 24 26 26 25 21 17 14 13 14 18 24 31 38 43 45 45 42 37 31 262012 4A5 535 271817 4599999999999999 1 3 1711 3 1399999999999999
 21 19 18 19 22 24 26 25 22 19 16 13 13 15 19 25 32 38 42 43 42 38 34 292012 5A5 6 9 261858 4399999999999999 146 181142 1399999999999999
 24 20 18 18 20 22 23 24 23 21 17 15 13 13 15 20 25 31 36 39 39 38 34 302012 6A5 650 241943 3999999999999999 234 181227 1399999999999999
 26 22 19 17 17 19 21 22 23 22 20 17 15 14 14 16 19 24 29 33 35 35 33 312012 7A5 748 232035 3599999999999999 326 171323 1499999999999999
 27 23 20 17 16 16 17 20 21 22 22 20 18 16 15 15 16 19 22 26 29 31 31 302012 8A5 9 9 222136 3199999999999999 419 161440 1599999999999999
 27 24 20 17 15 14 15 17 19 22 23 23 23 21 19 17 16 16 17 19 22 25 27 272012 9A51045 242247 2799999999999999 5 7 141628 1699999999999999
 26 24 21 18 15 13 13 14 17 20 24 26 27 27 25 22 19 17 15 15 17 19 22 24201210A512 7 27999999999999999999999 549 131828 1599999999999999
 25 24 22 19 16 13 12 12 14 18 23 28 31 32 32 29 25 21 17 15 14 15 17 20201211A5 0 2 2513 9 3299999999999999 626 1120 0 1499999999999999
 22 23 23 21 18 14 12 10 12 15 21 27 33 37 38 37 33 28 22 18 14 13 13 16201212A5 1 9 2314 1 3899999999999999 7 2 1021 7 1299999999999999
 19 22 23 22 20 16 13 10 10 12 17 24 32 38 42 43 41 37 30 24 18 14 12 14201213A5 2 6 231450 4399999999999999 740 1022 1 1299999999999999
 17 20 23 24 22 19 15 12 10 10 13 20 28 37 43 47 47 44 39 31 24 18 14 13201214A5 253 241536 4899999999999999 822 102250 1399999999999999
 15 19 22 25 25 23 19 15 11  9 10 15 22 32 40 47 50 50 46 39 31 24 18 15201215A5 335 251622 5099999999999999 9 6  92334 1499999999999999
 15 17 21 25 26 26 23 18 14 10  9 11 16 25 34 43 49 51 50 45 38 30 24 18201216A5 414 2617 8 5199999999999999 952  9999999999999999999999
 16 17 20 24 27 28 26 22 18 13 10  9 12 18 26 36 43 48 49 47 42 36 29 23201217A5 452 281752 5099999999999999 017 161040  999999999999999
 18 17 18 22 25 28 28 25 21 17 12 10 10 13 19 27 36 42 46 46 43 38 32 26201218A5 530 281836 4699999999999999 058 171127 1099999999999999
 21 18 18 20 23 26 27 26 24 20 16 12 10 11 15 20 27 34 39 42 41 38 34 28201219A5 611 271918 4299999999999999 140 171214 1099999999999999
 23 19 17 18 20 22 25 26 25 22 19 15 13 12 13 16 21 27 32 35 37 35 33 28201220A5 658 261959 3799999999999999 222 1713 3 1299999999999999
 24 20 17 16 17 19 21 23 24 23 21 19 16 14 13 14 17 21 25 29 31 31 30 27201221A5 758 242040 3199999999999999 3 6 161356 1399999999999999
 24 20 17 15 14 15 17 19 21 22 22 21 19 18 16 15 16 18 20 23 25 26 26 25201222A5 922 222122 2699999999999999 352 1415 4 1599999999999999
 22 19 16 14 13 12 13 15 18 20 22 22 22 21 20 18 17 17 17 19 20 22 22 22201223A51118 222213 2299999999999999 439 121658 1799999999999999
 21 19 16 14 12 11 11 12 15 18 21 23 24 25 24 22 20 18 17 16 17 18 19 20201224A51248 252319 2099999999999999 522 1119 7 1699999999999999
 20 19 17 14 12 10 10 11 13 16 20 23 26 28 28 27 24 22 19 16 15 15 16 18201225A51342 28999999999999999999999 6 0 102027 1599999999999999
 19 19 18 16 14 11 10 10 11 14 18 23 27 30 31 31 29 26 22 18 15 14 14 16201226A5 033 191419 3299999999999999 636 102118 1499999999999999
 18 19 19 18 16 13 11 10 11 13 17 22 28 32 35 35 34 31 26 21 17 14 13 14201227A5 137 191451 3599999999999999 711 102157 1399999999999999
 17 19 20 20 19 16 13 11 11 12 16 21 27 33 37 39 38 36 31 26 20 16 14 14201228A5 228 201521 3999999999999999 747 112231 1399999999999999
 16 18 21 22 21 19 16 13 11 11 14 19 25 32 37 41 42 40 36 30 24 19 15 14201229A5 3 9 221551 4299999999999999 825 1123 4 1499999999999999
 15 18 21 23 23 22 19 15 12 11 12 16 22 29 36 41 43 43 40 35 29 23 18 15201230A5 344 231624 4499999999999999 9 4 112336 1499999999999999
 15 17 20 23 24 24 21 17 13 11 10 12 17 24 32 39 43 44 43 39 33 27 21 17201231A5 415 251658 4499999999999999 943 10999999999999999999999
