 35 34 42 57 77 97113122124120111102 94 91 94101111121126123113 97 79 6220 1 1A9 744124181112699999999999999 035 331258 9199999999999999
 49 44 47 56 71 88105117122121116107 98 91 89 91 97104111114111102 90 7720 1 2A9 82012219 011499999999999999 110 4414 1 8999999999999999
 65 57 56 61 71 84 99112120123120113104 95 87 84 84 88 94100102101 95 8720 1 3A9 855123201010399999999999999 145 561523 8399999999999999
 79 72 68 69 74 83 95107117123123118111101 90 81 76 74 77 82 89 93 95 9420 1 4A9 93412322 4 9599999999999999 224 681650 7499999999999999
 91 86 83 80 81 86 93103113121125124118109 97 84 72 64 62 64 71 80 89 9520 1 5A91016125999999999999999999999 317 801758 6299999999999999
 98 98 97 94 92 92 95102110119125128125118106 90 74 60 50 48 52 63 76 8920 1 6A9 039 9911 212899999999999999 431 911850 4899999999999999
 99106109107104100 99102108116124130132128117101 81 61 45 35 34 42 57 7520 1 7A9 2 7109114813299999999999999 549 991934 3499999999999999
 93107116119116111106105107113122130136137130115 94 70 46 29 21 23 36 5620 1 8A9 259119123413799999999999999 6561052016 2099999999999999
 79100116125126122115109107110118128138143142131111 85 56 31 14  9 16 3420 1 9A9 341127131714499999999999999 7511072056  999999999999999
 59 86109124131130123115109109113122135145150145129105 74 43 18  4  2 1420 110A9 42013214 015099999999999999 8371082136  199999999999999
 36 66 94117130134130121112107108115127141152154145125 97 64 32  8 -2  120 111A9 458134144215599999999999999 9181072217 -399999999999999
 17 44 75103123133133126115106103107116131146156155142119 88 54 24  4 -220 112A9 535134152415799999999999999 9571032256 -299999999999999
  6 26 55 86111126132129120108100 99105117132148155150135110 80 47 21  620 113A9 61013216 8155999999999999991037 982334  499999999999999
  5 17 39 69 97118128130123111 99 92 94101115131144149142126102 73 44 2420 114A9 6411301654149999999999999991119 92999999999999999999999
 15 19 33 57 84108123128126116102 90 85 88 96110125136138131115 94 69 4720 115A9 7 9129174213999999999999999 011 1512 7 8599999999999999
 33 30 37 53 75 99118127128121108 94 82 78 81 89101115124125118106 89 7020 116A9 734128183712699999999999999 047 3013 3 7899999999999999
 55 47 48 57 73 93113126130126116102 87 76 72 73 80 90101109111107 99 8820 117A9 8 0130194611199999999999999 122 461412 7299999999999999
 76 67 64 67 77 91108123131131125113 98 83 71 65 64 68 76 86 94 98 99 9720 118A9 8311322140 9999999999999999 158 641539 6499999999999999
 92 86 81 81 85 93105119130135132124112 96 79 66 57 53 55 62 72 82 90 9620 119A9 910135999999999999999999999 238 801710 5399999999999999
 99100 98 96 95 99105115125134137134125112 95 77 60 48 42 42 49 60 74 8720 120A9 04310010 013799999999999999 335 951826 4199999999999999
 98106110110107106107112120129136139137128114 94 73 53 38 30 31 39 54 7220 121A9 22511011 313999999999999999 5 21061927 2999999999999999
 89104115119118114111111114121130138142140131114 92 67 44 28 21 23 34 5320 122A9 317120121014399999999999999 6321102017 2099999999999999
 75 96113123126123116111110113120131141147144132113 87 59 35 19 14 19 3420 123A9 356126131114799999999999999 74510921 0 1499999999999999
 58 83105121129129122113107106110120133145151146131108 80 50 26 13 11 2120 124A9 43013014 215199999999999999 8391052139 1099999999999999
 41 68 94115127131127117106100101108121137150153145126100 70 40 19 10 1420 125A9 5 0131144715399999999999999 9221002213 1099999999999999
 28 52 81106122130130121109 98 94 97108124141152151139118 90 59 32 16 1320 126A9 52613115291539999999999999910 0 942245 1399999999999999
 22 41 67 95116127130124112 99 89 88 95109126143150146130106 78 49 28 1920 127A9 54813016 8151999999999999991037 882314 1899999999999999
 22 36 58 84108123129126116102 89 83 85 95111128141145136117 93 67 43 2920 128A9 6 71291646145999999999999991113 822342 2699999999999999
 27 35 53 76100118127127119107 92 81 78 84 96111127136135123104 82 60 4320 129A9 6271281724137999999999999991150 78999999999999999999999
 36 40 52 71 93113125128122111 97 84 76 76 83 95110122127123110 93 74 5820 130A9 64812818 312799999999999999 0 8 361231 7599999999999999
 48 48 56 71 89108122128125116103 89 78 72 74 81 93105114116111100 86 7220 131A9 712128184711699999999999999 033 471316 7299999999999999
 62 59 63 73 88104118126127121110 96 83 74 70 71 78 88 97104105101 93 8420 2 1A9 736128194310699999999999999 057 591411 7099999999999999
 76 71 72 79 89102114124127125116104 91 79 70 66 67 72 79 88 94 97 96 9220 2 2A9 8 312721 9 9799999999999999 119 711524 6699999999999999
 88 84 84 87 93102112121126127122113101 88 76 66 60 59 62 69 78 86 92 9520 2 3A9 834127999999999999999999999 141 841648 5999999999999999
 96 96 96 97100104110118124127126121112100 86 72 60 51 48 50 58 69 80 9120 2 4A9 91712799999999999999999999918 3 48999999999999999999999
 99104107108108109111115120125128127123114100 84 66 50 39 35 38 48 63 7920 2 5A9102112899999999999999999999919 4 34999999999999999999999
 94107114118117115113113116121126131131127117101 80 58 38 25 21 27 41 6020 2 6A9 316118114313299999999999999 6221131956 2199999999999999
 82101116123125121116113112115121129136138134121101 75 48 26 12 10 19 3820 2 7A9 343125125413899999999999999 7421122042 1099999999999999
 63 89110124130128120113108107112121133143146139123 98 68 38 15  3  4 1820 2 8A9 412130135114699999999999999 8341072125  299999999999999
 42 71 98119130131125114104 99101109122138149151142122 93 60 29  7 -1  520 2 9A9 441132144115299999999999999 915 9922 5 -199999999999999
 23 52 83109126132129117103 92 89 94106123142153153141118 87 52 23  6  320 210A9 5 8132152915599999999999999 954 892243  399999999999999
 14 37 68 98120130131121105 89 79 79 87103124143153150135111 79 47 23 1220 211A9 5321321616153999999999999991032 782317 1299999999999999
 15 30 56 87113128132126111 92 75 68 70 81100122140147141126102 73 47 3020 212A9 55213217 3147999999999999991113 672348 2599999999999999
 26 34 52 79106125133130118 99 78 63 58 64 76 96116132136129115 94 71 5120 213A9 6111331751136999999999999991156 58999999999999999999999
 42 45 56 76100122134134125109 88 68 55 53 59 72 90108119122116105 89 7220 214A9 631136184412299999999999999 017 421244 5299999999999999
 61 59 66 79 98118133138133119101 80 62 51 50 55 67 82 96105107104 97 8820 215A9 656138194910899999999999999 043 591340 4999999999999999
 79 75 77 86 99115129138138129114 96 76 60 51 49 52 60 72 84 92 96 96 9520 216A9 7271392151 9699999999999999 1 8 751452 4999999999999999
 92 89 89 94102112124134138135125111 94 77 62 52 47 48 53 62 72 81 88 9420 217A9 8 4138999999999999999999999 129 891626 4799999999999999
 98100101102106111118126133135131123111 97 80 65 52 44 42 44 52 63 75 8620 218A9 85413599999999999999999999918 0 42999999999999999999999
 97105110111111111114118123128131130124115101 84 66 50 39 34 36 45 59 7520 219A910131319999999999999999999991913 34999999999999999999999
 90104114118117114111110112117124129131128119105 85 64 45 32 27 30 42 6020 220A9 317118115513199999999999999 64211020 7 2799999999999999
 80 99113122123118111105103105112121131135133123106 83 58 37 25 22 28 4420 221A9 340123131113599999999999999 7571032049 2299999999999999
 67 90109122126123113102 95 94 99109123135140136123102 76 49 30 20 21 3220 222A9 4 412614 514099999999999999 843 942125 1999999999999999
 53 79102119127126117104 91 85 86 95110127140144136119 95 66 40 24 19 2520 223A9 426128144914499999999999999 919 852155 1999999999999999
 42 67 93114126128121107 91 79 76 81 94113132144143132111 84 56 34 23 2420 224A9 444128152814599999999999999 952 762223 2299999999999999
 36 57 84108123128124112 94 78 69 70 80 97118136144139123100 73 48 31 2720 225A9 5 012816 6144999999999999991024 682249 2799999999999999
 35 52 76101120129126116 99 80 66 61 67 81101122136139130111 88 63 44 3520 226A9 5161291642140999999999999991056 612313 3599999999999999
 38 51 72 95116128129120104 85 67 57 57 67 84105123133131119100 78 58 4620 227A9 5331301719134999999999999991128 562336 4499999999999999
 45 54 71 92112126130124110 91 72 58 52 57 69 88107121126120107 90 72 5920 228A9 55213117571269999999999999912 2 522358 5599999999999999
 55 60 72 90109124131128116 99 80 63 52 51 58 72 89105115116110 98 84 7220 229A9 6111311839117999999999999991238 51999999999999999999999
 66 68 76 90106121129130121106 88 71 57 51 52 60 73 87100107107101 93 8420 3 1A9 631131192910899999999999999 017 661319 5099999999999999
 78 77 83 92105117127130125113 98 81 66 55 51 52 59 70 82 92 98 99 97 9220 3 2A9 6521302044 9999999999999999 035 771413 5099999999999999
 89 88 90 97105115123128126119107 93 78 64 55 50 50 55 63 73 83 90 94 9620 3 3A9 717128999999999999999999999 048 881530 4999999999999999
 97 98 99103108114119124125122115104 92 79 66 55 47 44 46 53 63 74 85 9420 3 4A9 75012699999999999999999999917 7 44999999999999999999999
100105108110111113116119121122120115107 96 82 67 53 41 35 35 42 54 69 8420 3 5A9 8481229999999999999999999991829 34999999999999999999999
 97108114116116114113113114117120121120114103 87 68 48 33 24 24 32 48 6820 3 6A9 31111611 212199999999999999 6311121931 2399999999999999
 88105116121121116110106104107113120126128123110 90 66 42 23 14 16 28 4820 3 7A9 319122124612899999999999999 7481042021 1499999999999999
 73 96114123125119109 99 94 94 99110123134137131115 91 62 35 16  9 14 3120 3 8A9 339125135213799999999999999 830 9321 5  999999999999999
 56 84108122127123110 95 83 79 82 92109128141144136116 88 57 30 14 11 2120 3 9A9 4 0127144614599999999999999 9 7 792144 1099999999999999
 42 71100120128127115 96 77 66 64 71 87110132146147136114 84 53 29 18 2020 310A9 419129153514899999999999999 943 632219 1799999999999999
 35 61 91116129130121102 79 59 49 51 63 84111134145144131108 79 52 34 3020 311A9 4361311623146999999999999991020 482250 2999999999999999
 38 57 84111130135128111 87 61 42 36 42 58 83110131139136122101 76 55 4520 312A9 4531351710140999999999999991058 362317 4499999999999999
 47 60 81107129139135121 99 72 47 32 30 39 57 82107124129125113 95 75 6220 313A9 5131391759129999999999999991139 292342 5999999999999999
 60 67 83104125140142131112 87 60 38 28 29 39 57 80101114117113104 91 7920 314A9 5371431853117999999999999991223 27999999999999999999999
 73 77 87102121137144139124103 78 54 37 30 32 42 58 77 93102105103 98 9120 315A9 6 514420 210599999999999999 0 6 731312 2999999999999999
 86 86 92103116130140141132116 96 74 55 41 36 37 45 57 71 83 91 95 97 9720 316A9 6361412220 9799999999999999 028 851413 3599999999999999
 95 95 98104112122131135133124110 93 76 60 48 42 42 46 54 65 75 84 90 9620 317A9 712136999999999999999999999 042 951538 4299999999999999
100102103106109114120125127124117107 95 81 67 56 47 43 44 49 59 69 81 9120 318A9 8 11279999999999999999999991721 43999999999999999999999
100106109109109108109112115118118115109100 88 74 60 48 41 40 45 55 68 8320 319A9 232110 93511899999999999999 4441081843 4099999999999999
 96107114114111106102100101105111115117114106 94 77 60 45 37 36 42 55 7220 320A9 239115115311799999999999999 7 31001940 3599999999999999
 90105115119115107 97 90 88 91 98108117122120111 96 76 55 40 33 34 43 6120 321A9 259119131312299999999999999 757 882022 3299999999999999
 81101115121120111 97 85 77 77 83 95110123128124113 93 70 49 35 31 36 5020 322A9 31912214 612899999999999999 834 762057 3199999999999999
 72 94112122123115100 83 70 65 68 80 97116129132125110 87 63 43 33 34 4420 323A9 336124144813399999999999999 9 5 652126 3299999999999999
 63 87108122125119105 86 67 56 55 64 81103123134133122103 79 56 41 36 4320 324A9 351125152613599999999999999 935 542153 3699999999999999
 58 80103121127123110 91 69 52 45 50 64 86110128135130115 94 71 52 43 4520 325A9 4 612716 31359999999999999910 5 452218 4299999999999999
 57 76 98118129127116 97 74 52 40 39 49 68 93116130132123106 85 65 53 5020 326A9 4231301639133999999999999991034 382242 5099999999999999
 58 74 95115129131122104 81 57 40 33 38 53 75100119129126115 98 79 64 5820 327A9 44013117161299999999999999911 4 3323 4 5899999999999999
 63 75 93112127133127112 90 65 44 32 31 41 59 82104119124118106 90 76 6820 328A9 4591331754124999999999999991135 302325 6799999999999999
 69 77 92109124133131118 99 75 53 36 30 33 46 65 87105115116110 99 87 7820 329A9 51813318361179999999999999912 7 292345 7699999999999999
 76 82 93107121131132123107 86 64 45 33 31 38 51 69 88102109108103 96 8820 330A9 5381331928109999999999999991243 31999999999999999999999
 85 88 95106117127131126114 97 77 58 43 35 35 42 54 69 84 95101102100 9620 331A9 6 0131204510299999999999999 0 4 851329 3499999999999999
 93 94 99106114122127126119106 90 73 57 45 39 38 43 52 65 77 87 94 9810020 4 1A9 625128999999999999999999999 020 931436 3899999999999999
101101103107112117121122120112102 89 75 61 50 42 39 40 46 57 69 81 91 9920 4 2A9 6561229999999999999999999991614 38999999999999999999999
104107108109110111113114115114109103 93 82 68 55 44 36 34 39 49 63 78 9220 4 3A9 7541159999999999999999999991747 34999999999999999999999
103111113112109106103103104107110111109102 91 76 59 43 32 28 33 45 62 8120 4 4A9 212113105211199999999999999 6451031856 2899999999999999
 98111117116111102 94 90 89 93101110117118113101 82 60 41 28 25 31 47 6820 4 5A9 226117124611899999999999999 736 891950 2599999999999999
 90108119121114102 88 77 72 74 83 97113124128123108 85 60 39 27 27 37 5620 4 6A9 244121135512899999999999999 813 722034 2699999999999999
 81104119125120106 87 68 56 53 59 75 96117132136128111 86 60 40 32 35 4920 4 7A9 3 1125145013699999999999999 848 532112 3299999999999999
 73 99119129127114 93 68 47 36 37 49 70 97122136139130111 85 61 45 42 5020 4 8A9 318129154113999999999999999 925 352146 4299999999999999
 68 93118133134124104 76 47 27 20 26 43 69 99124136137126107 84 64 55 5720 4 9A9 33713516311389999999999999910 2 202216 5499999999999999
 69 90114134141135117 90 59 31 14 11 21 42 71101122132130120103 83 70 6720 410A9 3591411721132999999999999991041 112243 6799999999999999
 75 89110132145144130106 77 45 20  8 10 23 45 74100117124122113 98 84 7820 411A9 4251461813124999999999999991121  72310 7899999999999999
 81 91107126143148140121 95 65 37 17 10 15 29 51 76 98110114113106 96 8820 412A9 45414819111159999999999999912 3 102337 8799999999999999
 87 94105120135145144131111 86 59 35 21 18 24 37 56 77 93102106106102 9620 413A9 5251462025106999999999999991249 17999999999999999999999
 93 96103113125135140135121102 80 58 40 30 28 33 44 59 75 88 9610010210120 414A9 559140221010299999999999999 0 5 931343 2899999999999999
 99 99102107115123129130123111 96 79 62 49 41 38 41 49 60 73 83 92 9810220 415A9 639130999999999999999999999 038 991454 3899999999999999
104103103104106110114118118113105 94 82 69 58 50 45 46 51 59 71 82 9210020 416A9 7311189999999999999999999991626 45999999999999999999999
106108107104101100100103106107107103 97 88 77 66 55 49 47 50 59 71 84 9620 417A9 1 8108 91710799999999999999 5131001751 4799999999999999
106111112107100 93 89 88 90 95101105106102 95 84 70 57 49 47 50 60 75 9020 418A9 137112114210699999999999999 649 881853 4699999999999999
104113116113103 92 81 75 75 79 88 99108111109100 87 70 56 48 47 53 66 8320 419A9 2 011613 611199999999999999 736 741939 4699999999999999
100113119117109 94 78 66 61 63 72 87102114118114103 86 68 54 48 50 59 7520 420A9 22011914 011899999999999999 811 612016 4899999999999999
 94111121122114 99 80 62 51 49 56 71 90109120123116102 83 65 54 51 57 7020 421A9 237122144412399999999999999 842 482048 5199999999999999
 89108122126120106 85 62 45 37 40 53 74 97116126125115 99 79 64 56 58 6820 422A9 254126152412799999999999999 912 372117 5699999999999999
 85105121129126113 92 67 45 30 28 37 56 81106123129124111 94 76 64 62 6920 423A9 31212916 212999999999999999 941 282144 6299999999999999
 83101119131131120101 75 49 29 21 24 40 63 90113127128121106 89 75 69 7220 424A9 3321331639129999999999999991011 202210 6999999999999999
 82 99117131135128110 86 58 34 19 17 26 46 73 99118127125115100 86 77 7620 425A9 3521351717127999999999999991041 162234 7699999999999999
 84 97113129137133119 97 70 43 23 15 18 32 55 81105119123119109 96 86 8220 426A9 4131371758123999999999999991112 142257 8299999999999999
 86 96110125135136126107 83 56 33 19 16 24 40 63 87106116118113104 94 8920 427A9 4351371843118999999999999991146 152321 8899999999999999
 90 97107120131136131116 95 71 47 29 20 21 30 48 69 89104111112108102 9620 428A9 4591361939112999999999999991223 192347 9499999999999999
 94 98106115125132131122106 86 64 44 30 24 27 37 52 71 87 9910610810610220 429A9 52613320561089999999999999913 9 24999999999999999999999
 99100105111118124127124113 98 81 62 46 35 31 32 40 53 69 84 9510210610620 430A9 558127224010699999999999999 017 991411 3099999999999999
105104104107111115118119115107 95 81 67 53 42 37 36 42 52 66 80 9210110720 5 1A9 641119999999999999999999999 1 81041535 3699999999999999
109108106104103104105107109108104 97 87 75 62 50 42 39 42 51 65 80 9410520 5 2A9 0 6109 81010999999999999999 41210317 1 3999999999999999
111112109103 97 92 90 91 95100104106104 97 86 72 57 46 41 43 53 68 8510120 5 3A9 046112105910699999999999999 613 901812 4099999999999999
112116115107 95 83 75 72 74 82 92103111113108 97 80 63 50 44 47 59 76 9520 5 4A9 113117124711399999999999999 7 5 7219 7 4499999999999999
111120121113 99 81 64 54 52 58 71 89106118122118105 86 67 55 51 56 70 9020 5 5A9 135122135912299999999999999 747 521954 5199999999999999
110124128123108 86 62 43 33 34 44 64 88110125129124110 90 72 61 61 69 8520 5 6A9 156128145812999999999999999 826 322034 6099999999999999
106125135133120 98 70 42 23 16 20 36 61 90115129133127112 92 77 70 73 8520 5 7A9 219136155213399999999999999 9 5 1621 9 7099999999999999
103124139143134114 86 54 25  8  4 14 34 63 94118130132125111 94 82 80 8720 5 8A9 246143164413399999999999999 945  42142 8099999999999999
100120139149146130105 73 39 13  0  1 14 37 68 98118128129121108 94 88 9020 5 9A9 3161501736129999999999999991025 -12214 8899999999999999
 99114133148152143122 94 61 30  8 -1  4 20 45 74100116123123116105 95 9320 510A9 34815318291249999999999999911 6 -12246 9399999999999999
 99109124141151149135112 84 53 26  9  6 13 30 54 79100112117117111102 9720 511A9 4231521923118999999999999991148  52321 9699999999999999
 98105115129142147141125103 76 50 28 17 16 25 41 62 83 9910911211210710120 512A9 5 01472022113999999999999991232 15999999999999999999999
 98101107117128137138130114 94 72 51 35 27 29 37 51 69 85 9810610910910620 513A9 540139212610999999999999999 0 3 981320 2799999999999999
101100102107114121127126118105 89 71 55 44 39 40 47 59 73 87 9810510810920 514A9 625127223310999999999999999 1 01001416 3899999999999999
106102 99 99101106111114114108 99 87 75 63 53 49 49 54 64 76 89 9910611020 515A9 724115233111099999999999999 234 991525 4899999999999999
110107101 96 93 92 95 98102104102 97 90 80 70 62 56 56 60 68 80 9210311020 516A9 9 0104999999999999999999999 440 921639 5599999999999999
113112107 98 89 83 80 82 86 93 98101 99 95 87 77 68 61 60 64 73 85 9810920 517A9 013113111110199999999999999 6 7 801745 6099999999999999
116117113103 90 78 69 67 69 77 87 97103105101 94 83 72 65 64 69 79 9210620 518A9 044117124810599999999999999 7 0 671839 6499999999999999
117121119110 95 78 63 55 53 60 72 87101109112108 98 86 75 68 69 76 8810220 519A9 110121135111299999999999999 739 531924 6899999999999999
116124125117103 83 63 47 40 43 54 71 91107117118112101 87 77 73 76 85 9920 520A9 134125143911899999999999999 813 4020 3 7399999999999999
114126130125111 91 67 46 32 29 37 54 76 99116123122114101 88 79 78 84 9620 521A9 157130152212499999999999999 845 292038 7899999999999999
111126134132121101 76 50 30 20 23 36 58 84108123128124113100 88 83 85 9420 522A9 22113416 212899999999999999 918 202110 8399999999999999
108124135138130112 87 59 34 17 13 21 40 66 94115127129123111 98 90 88 9420 523A9 246138164212999999999999999 950 132140 8899999999999999
105120134141138124101 73 44 21 10 11 25 48 76102120128127119107 97 92 9520 524A9 3111421723129999999999999991023  922 9 9299999999999999
103116130141143133114 88 59 32 14  8 15 32 57 84107121126124115105 97 9620 525A9 33814318 6126999999999999991058  82238 9699999999999999
102112125137143139125103 76 48 25 12 11 21 40 65 91110120123119111103 9920 526A9 4 81431854123999999999999991135 1023 9 9999999999999999
101108118130139141132115 93 67 42 23 15 17 29 49 72 9410911711911510810220 527A9 4391411947119999999999999991216 15234610199999999999999
101104112121131136134123106 85 62 41 26 22 26 37 56 77 9510811511611210720 528A9 51613720441169999999999999913 2 22999999999999999999999
102102105111119126129125115100 81 62 45 34 30 34 45 62 80 9610711311411120 529A9 6 0129214211599999999999999 0361021357 3099999999999999
106101100102106111116119116108 97 82 67 53 43 40 43 53 67 84 9910911411520 530A9 7 1119223311599999999999999 15610015 2 4099999999999999
111104 98 94 93 94 98104108108105 98 88 76 64 54 50 52 60 74 9010411411820 531A9 842109231511899999999999999 357 931612 5099999999999999
116110101 90 82 78 78 82 90 98103106104 97 87 75 65 60 61 69 82 9811212020 6 1A911 1106235012399999999999999 529 771719 6099999999999999
123118108 94 78 66 60 60 66 77 90102109111108 98 86 75 70 71 79 9310912220 6 2A91251111999999999999999999999 631 591817 6999999999999999
129128119104 83 63 48 40 42 51 67 86104115120117108 95 84 79 82 9110512120 6 3A9 02212914 812099999999999999 721 4019 8 7999999999999999
133137132118 96 70 46 29 23 27 41 62 87108121127124114101 91 88 9210211820 6 4A9 055137151112799999999999999 8 6 231953 8899999999999999
133144144133114 87 57 30 14 10 18 36 62 90112126131128117104 96 9510111320 6 5A9 13014516 613199999999999999 850 102035 9599999999999999
129145152147132107 76 44 18  4  4 15 37 66 9511612913312811710610010110920 6 6A9 2 8152165713399999999999999 933  32115 9999999999999999
123139153156147127 99 66 34 11  1  4 18 43 7310011912913112511410510210620 6 7A9 2461561745131999999999999991015  1215510299999999999999
115129145156155142119 90 57 28  9  4 10 27 53 8110512012712712011010310220 6 8A9 3261581830128999999999999991057  4223510299999999999999
108119133148155150134110 81 51 26 13 11 20 39 64 8910912012412211510610120 6 9A9 4 71551912124999999999999991137 10231810099999999999999
102109120134146149141124101 74 48 29 20 22 33 52 75 9611111912111811010220 610A9 4491491951121999999999999991217 20999999999999999999999
 98101108118130139139130113 93 70 49 35 31 35 47 65 8410211311811811410620 611A9 532140202911999999999999999 0 6 981258 3199999999999999
 99 96 98105114123129128119104 87 69 53 44 42 48 60 76 9210611511811611120 612A9 62012921 811899999999999999 1 3 961341 4299999999999999
103 97 93 94 99106113117116109 97 84 71 60 54 54 60 71 85 9911011711811520 613A9 717118214911899999999999999 216 931428 5399999999999999
109101 93 88 87 90 96102106106102 95 86 77 69 64 65 71 80 9310511411911920 614A9 834107223112099999999999999 345 871522 6499999999999999
115108 98 88 81 78 79 84 91 97101100 97 91 84 78 74 74 80 8810011111912320 615A91024101231212399999999999999 510 781625 7499999999999999
121115105 92 79 70 66 67 74 83 92100103102 99 93 86 82 82 87 9610711712420 616A91222103235112699999999999999 613 651728 8299999999999999
126122113 99 83 67 56 53 56 65 79 92103109110107100 93 89 89 9410311412420 617A91342110999999999999999999999 7 1 531825 8899999999999999
130129122109 90 70 53 42 41 48 61 79 97110117118113106 98 94 9510111112220 618A9 028130143811899999999999999 742 401916 9499999999999999
131135131120101 79 56 38 30 31 43 62 84104118125124117108101 9810110811920 619A9 1 2135152312599999999999999 819 2920 1 9899999999999999
131139139131114 91 65 41 25 20 26 42 66 9111212513012711910910310210611620 620A9 13614016 513099999999999999 856 20204110199999999999999
128139145141128106 79 51 28 15 14 25 46 73 9911913013212711810810410511220 621A9 2 9145164513399999999999999 934 13211810399999999999999
123136146148140122 96 66 38 18  9 13 28 53 8210712413213212511510710410820 622A9 2431491726133999999999999991012  9215310499999999999999
117130143151149136114 86 55 29 12  8 16 35 62 9011312713212912011110510520 623A9 31915118 8132999999999999991050  8222910499999999999999
110121135147151145129105 76 47 24 12 12 23 45 72 9811712712912511510610220 624A9 3561511849129999999999999991129 1023 810299999999999999
104112123137146147138121 96 69 42 24 16 20 34 56 8110411912612612011010220 625A9 4371481928127999999999999991210 162353 9999999999999999
 99103111122134141140130112 90 65 43 29 25 31 46 68 9111012112512211410420 626A9 52114220 5125999999999999991251 25999999999999999999999
 97 95 99106117127133130121106 86 66 48 39 38 45 60 8010011512312411911020 627A9 614133203912599999999999999 047 951335 3799999999999999
 99 92 89 92 98107116121120113102 87 71 59 52 53 61 74 9210912112612411720 628A9 719122211312699999999999999 157 891423 5299999999999999
105 94 85 80 81 86 94103109111108102 92 81 72 67 68 76 8810411812712912520 629A9 852111214912999999999999999 324 801517 6799999999999999
115102 88 76 69 67 71 79 89 99105107105100 93 85 81 83 8910011412613313320 630A911 5107222913499999999999999 449 671617 8199999999999999
126114 98 80 65 55 52 55 64 77 91102109112110105 98 94 9510111112313413920 7 1A913 8112231613999999999999999 6 1 521720 9499999999999999
137128114 94 72 53 41 37 41 52 69 8710311412012011510710310410911913014120 7 2A91428121999999999999999999999 7 1 37182310399999999999999
145142131112 89 63 41 28 24 30 44 65 8810712112812712111310810911512413720 7 3A9 0 5145152712899999999999999 754 24192210899999999999999
147151146132110 82 54 31 18 16 24 42 67 9211312713313112311511011111812920 7 4A9 056151161613399999999999999 842 15201611099999999999999
142153156148131105 75 45 22 11 12 24 45 73 9911913113513112111210911111920 7 5A9 146156165913599999999999999 927 1021 410999999999999999
132147158158147127 99 67 38 17 10 14 29 54 8210712413313412711610810511020 7 6A9 23315917361359999999999999910 8 10214910599999999999999
120135150159157143120 91 59 32 16 13 21 39 66 9311512813313012110910210220 7 7A9 31816018 9133999999999999991047 13223110199999999999999
108120136151157151135111 82 53 30 20 21 33 53 79104121129130124113102 9620 7 8A9 4 11571838131999999999999991123 192314 9699999999999999
 98107120136149151142125101 74 49 32 27 33 47 69 93113125129126117105 9520 7 9A9 44415219 3129999999999999991157 272358 9299999999999999
 92 96105119133142142131113 91 68 49 39 39 48 64 84105120127127121111 9920 710A9 5261441927128999999999999991230 37999999999999999999999
 90 89 93103116127133130119103 84 66 53 48 52 63 80 9811512512812411610520 711A9 611133195412899999999999999 045 8813 2 4899999999999999
 94 87 85 90 99109118122119109 96 82 69 62 61 67 79 9410912112812712111120 712A9 7 2122202512899999999999999 141 851335 6099999999999999
100 90 83 81 85 92101108112109102 93 84 76 73 75 81 9210511712612912611820 713A9 8 5112205912999999999999999 247 811411 7399999999999999
108 96 85 78 75 77 83 91 99103104101 96 91 87 85 87 9410311312312812912520 714A9 936104213712999999999999999 4 4 751455 8599999999999999
116105 92 80 71 66 68 73 82 91 98103104103100 97 96 9810311111912713113020 715A91155104222213199999999999999 518 661557 9699999999999999
124115102 87 72 61 56 57 64 75 87 9810611111111010710510611011612413013320 716A91348112231413399999999999999 619 55171610599999999999999
132125113 97 79 62 49 44 46 56 71 8710211311912011811411111111412012813420 717A91445121999999999999999999999 710 44183111099999999999999
137135126111 91 69 50 37 32 38 51 70 9110912112712712311711311311712413220 718A9 0 7137152712899999999999999 756 32193311299999999999999
140143139127107 83 58 37 25 23 32 50 74 9811712913313112411711311311812720 719A9 05814316 513399999999999999 839 22202311299999999999999
138146148141125101 73 46 25 15 17 31 53 8010612413413613012111411011212020 720A9 145149164113699999999999999 920 1421 611099999999999999
131144152152142121 94 63 35 16 10 16 34 61 9011413013713512611610810611120 721A9 22915417161379999999999999910 1 10214610699999999999999
121135149157153139115 85 54 27 12 10 21 43 7110012113313613011910810110220 722A9 3121571748136999999999999991040  9222510099999999999999
109122138152157150133108 77 47 24 14 16 31 56 85110127134133123110 98 9420 723A9 3561571818135999999999999991118 1323 5 9499999999999999
 97106121138150153144126100 71 44 27 22 29 47 72 99120131134127115100 8920 724A9 4411531844134999999999999991154 222349 8699999999999999
 86 91102118134144144135117 94 68 47 36 36 46 65 90113128134131121105 9020 725A9 52914619 8134999999999999991229 35999999999999999999999
 81 79 85 97112126134133124109 90 70 56 50 54 66 85106125134135127114 9720 726A9 623135193213599999999999999 039 7913 3 5099999999999999
 82 74 73 78 89102115122122115104 91 77 69 68 74 8610312013313813412310820 727A9 72612320 013899999999999999 137 721337 6799999999999999
 91 76 68 66 70 78 90102109111109103 96 88 84 85 9210311713013914013312120 728A9 855111203514099999999999999 249 661414 8499999999999999
105 88 73 62 58 60 67 77 89 98104107107104101 9910110611512613614214113320 729A91131107211914299999999999999 413 5815 2 9999999999999999
121105 87 70 57 50 49 55 65 78 9010110911311411211111111512213113914314220 730A91345114221814499999999999999 537 49161711199999999999999
135123106 86 67 51 41 39 44 56 71 8810311412212312111811611912413113914520 731A91451124233114699999999999999 648 39175411699999999999999
145138126108 85 62 44 33 30 36 50 70 9110912212913012511911611712213014020 8 1A91534130999999999999999999999 747 30191611699999999999999
148149143129108 82 56 36 25 24 33 51 74 9811712913413212411611211311912920 8 2A9 04214916 913499999999999999 837 23201711199999999999999
142151153145129105 76 49 29 20 22 35 57 8310712513413612911810910510711620 8 3A9 141154164013699999999999999 920 2021 510599999999999999
130145155156145126 99 69 42 25 19 26 42 68 95117131136133122109 99 9710320 8 4A9 23115717 613699999999999999 957 192145 9799999999999999
115132148157155141118 90 60 36 24 24 35 56 82108126134134126112 98 90 9120 8 5A9 3161581729135999999999999991030 222223 9099999999999999
100115134150156149132108 80 53 34 28 34 49 72 98120132134129117101 88 8320 8 6A9 35815617471359999999999999911 1 2823 0 8399999999999999
 88100117136149150140121 97 71 49 37 38 48 67 90113129135131121106 90 8020 8 7A9 43815118 5135999999999999991129 362338 7899999999999999
 79 86100118134143141129110 87 66 51 46 52 66 86107125134134125112 96 8220 8 8A9 5181441826135999999999999991155 46999999999999999999999
 75 76 86100116130135130117100 81 66 58 59 69 84103121132135130118103 8720 8 9A9 559135184813599999999999999 017 741221 5799999999999999
 76 72 75 85 99113122124118107 93 80 71 69 75 86101117129135133124110 9520 810A9 644125191313599999999999999 1 1 721245 6999999999999999
 81 73 70 74 83 95106113114110101 92 84 81 83 9010111412613313412911810420 811A9 739115193813599999999999999 152 7013 8 8199999999999999
 90 78 70 68 71 79 89 98104106105100 96 93 93 9710411312313013413212411320 812A9 85810620 813499999999999999 255 681329 9399999999999999
100 87 76 68 64 66 71 80 90 9710210410510410410510811412012713213312912220 813A92046133999999999999999999999 413 64999999999999999999999
112 99 86 73 63 57 57 62 72 83 9310210811211411411511611912312813113212920 814A92145132999999999999999999999 532 56999999999999999999999
123113 99 84 68 55 47 47 52 64 78 9310611612112312212011912012312713113420 815A915 0123231313499999999999999 638 4618 411999999999999999
133127116 99 80 61 45 36 36 44 59 78 9711312412912912512011711812112713320 816A91523130999999999999999999999 733 35192811799999999999999
138139132118 98 74 51 33 25 26 38 58 8210412113213413012311611211311812720 817A9 033139155013499999999999999 820 24201911299999999999999
138145146137120 95 67 41 23 16 22 38 63 9011312913613512611510710410711620 818A9 134146161713799999999999999 9 4 1621 010499999999999999
130143152151140118 89 58 32 16 13 23 45 73102123135137130117104 95 9410120 819A9 225153164213899999999999999 944 132137 9499999999999999
114132149157153138114 83 51 27 16 18 33 58 88115132138134121104 90 83 8520 820A9 31315717 5138999999999999991021 152214 8299999999999999
 96113134151157151134108 76 47 28 23 30 49 76105127137137127109 89 75 7120 821A9 3591571726138999999999999991056 232253 7199999999999999
 77 91112134149152144126101 72 49 36 37 49 70 97122137140132116 95 75 6320 822A9 4461531745140999999999999991127 352334 6299999999999999
 63 71 87109130142143134117 95 72 55 50 56 71 93117135142138125105 83 6420 823A9 53414418 5143999999999999991156 50999999999999999999999
 55 57 67 83104122131131123110 92 76 68 69 78 93113133144144134117 96 7420 824A9 627132182914599999999999999 019 551223 6799999999999999
 58 51 54 63 79 96111119119114105 94 85 83 87 98112129142147142129111 9020 825A9 730119185814799999999999999 111 511249 8399999999999999
 70 56 51 53 60 72 87 99106108108104100 97 9810411312513714514513812410820 826A9 914108193414699999999999999 214 511313 9699999999999999
 89 71 59 52 51 56 65 77 88 9610210610810810811111512213013814214113412320 827A92020143999999999999999999999 339 51999999999999999999999
108 92 75 62 52 48 50 57 67 79 9010110911511711811812012312813413813813320 828A92132138999999999999999999999 515 48999999999999999999999
125113 97 80 63 51 44 43 49 60 75 9110511612312512211911811812212713313620 829A91450125231913799999999999999 636 43181111899999999999999
135129118102 82 62 47 38 37 44 58 77 9611212412912812111411011011412213120 830A91514130999999999999999999999 737 36193311099999999999999
138140135123104 80 58 41 32 33 44 62 8410612213113212611510510010110711920 831A9 046140153813399999999999999 824 322022 9999999999999999
133143145139123101 75 51 35 29 34 49 71 96117130134130118104 93 89 9310320 9 1A9 14614616 113499999999999999 9 3 2921 0 8999999999999999
120137148148139120 94 67 44 32 31 41 60 85110127135133123107 90 81 80 8820 9 2A9 234149161913599999999999999 935 302134 7999999999999999
103123142151148134112 85 59 40 34 38 53 76102123134135127111 92 77 70 7420 9 3A9 31515116351369999999999999910 4 3422 7 7099999999999999
 87106128145150143126102 76 53 41 41 51 70 95118133137131117 97 78 65 6320 9 4A9 3531501650137999999999999991030 402239 6399999999999999
 72 88110132144145134115 92 69 53 48 54 69 90113131138134122104 83 66 5820 9 5A9 43114617 8138999999999999991055 482312 5799999999999999
 61 73 92114132140136123105 84 67 58 60 71 88109127138137127111 90 71 5720 9 6A9 5 91401727139999999999999991119 572346 5499999999999999
 54 62 76 96116129133126113 96 80 70 68 75 89106124136139132118 99 78 6220 9 7A9 5481331748139999999999999991141 68999999999999999999999
 54 55 64 80 98114123124116105 92 82 78 82 91105121133139135124107 88 7020 9 8A9 63112518 813999999999999999 022 5312 1 7899999999999999
 58 54 57 67 82 97110116115109101 93 88 89 96106118129136136129115 98 8120 9 9A9 721116182913799999999999999 1 2 541218 8899999999999999
 67 58 55 59 68 80 93103107108105101 98 98102109117126133135131121108 9320 910A9 835108185213599999999999999 152 551230 9899999999999999
 79 67 59 56 58 65 75 86 9510110410610610710911311712312813113012511710520 911A91922131999999999999999999999 3 4 56999999999999999999999
 93 80 68 60 54 54 58 67 77 88 9710511111411611811912112312512712612311620 912A92013127999999999999999999999 438 54999999999999999999999
108 96 83 70 58 49 46 49 58 70 85 9811011812212312212011811812012212412420 913A91446123222912499999999999999 6 1 46182611899999999999999
121114102 86 69 52 41 36 39 51 67 8610411812612812512011411011011311912520 914A91453128999999999999999999999 7 5 36193411099999999999999
130129122108 88 66 45 32 27 33 48 70 93112126132129121111102 9810010711820 915A9 025130151213299999999999999 755 272012 9899999999999999
130138138129112 87 60 38 25 23 33 53 78104123133133125110 96 87 84 9010320 916A9 132139153213499999999999999 839 222047 8499999999999999
120136146145134112 84 55 34 23 26 41 65 93118132136129114 94 78 69 71 8120 917A9 226147155013699999999999999 918 232121 6999999999999999
100123142152149134110 80 52 34 29 37 56 83111131139135120 99 75 59 54 6020 918A9 31515216 813999999999999999 953 292157 5499999999999999
 75 99125145152147130105 77 53 41 42 55 77105129141141129108 81 57 43 4220 919A9 4 31521626143999999999999991025 402235 4199999999999999
 52 72 99126143147140124101 76 59 54 61 77100125143146138119 93 65 43 3320 920A9 4501471646147999999999999991053 542315 3299999999999999
 36 49 71 99122136138131116 97 79 70 71 82 99121141150146131108 80 53 3520 921A9 5401381710150999999999999991119 692357 2999999999999999
 29 35 50 72 96116126126121110 96 85 83 90102118136149151141122 98 72 4820 922A9 6351271738152999999999999991144 83999999999999999999999
 34 32 38 52 71 92107114115112106 99 95 97105117130143150146133114 92 6920 923A9 74611518 915099999999999999 045 3212 7 9499999999999999
 50 40 38 43 54 69 85 97104107108106104104108116125134142144138125109 9120 924A9 950108184514499999999999999 143 38122710499999999999999
 72 57 48 45 47 55 66 78 88 9710310811011111211511912513013513513012010820 925A91933135999999999999999999999 3 2 45999999999999999999999
 94 79 66 56 50 49 53 61 72 83 9410411211611711711611611812112412612411920 926A9135711721 112699999999999999 444 49162011699999999999999
111101 88 73 61 52 48 49 57 69 83 9811011812212011611010710710911411912320 927A914 9122232612399999999999999 611 47183910699999999999999
122118108 94 77 61 50 44 47 56 71 89105118125125119109100 94 94 9810711720 928A91430126999999999999999999999 712 441935 9399999999999999
125128124113 96 76 58 46 42 47 60 78 99116126129124111 97 85 80 82 9110520 929A9 055128145112999999999999999 757 422014 8099999999999999
120131134128114 94 72 53 43 43 51 68 90111126132128116 99 82 70 68 74 8820 930A9 15013415 813299999999999999 833 422046 6899999999999999
108126137138129112 89 66 50 44 48 62 82106124133132122104 83 65 57 59 712010 1A9 234139152413499999999999999 9 4 442116 5799999999999999
 91114132141138125105 82 61 50 50 59 77 99121134135127110 88 65 51 48 552010 2A9 313141153913699999999999999 931 482146 4799999999999999
 73 97121137141134119 98 76 60 55 60 74 95117133138132117 95 70 50 40 432010 3A9 351141155613899999999999999 957 552216 4099999999999999
 57 78104126138138128110 90 73 63 65 75 92113131140137124103 78 55 39 352010 4A9 4271401615140999999999999991021 632246 3599999999999999
 44 62 86111129136131119103 86 74 71 78 92110128139140130111 87 63 43 342010 5A9 5 41361635141999999999999991044 712317 3399999999999999
 36 49 69 94115128130123111 97 85 80 83 93108124137141135119 97 73 52 372010 6A9 54313016541419999999999999911 6 792349 3499999999999999
 34 41 56 77 98115123123116105 95 88 89 96107121133140137125107 85 63 462010 7A9 6241241714140999999999999991126 88999999999999999999999
 37 38 47 62 81 99112117115110103 97 95 99108118129136137129115 96 76 582010 8A9 715117173513799999999999999 025 361144 9599999999999999
 46 41 43 52 66 82 96106110110107104102104109117124131133130120106 89 732010 9A9 830110175813399999999999999 1 8 4112 010299999999999999
 58 49 45 47 54 65 78 90 99105108109109110112116120124127127122113101 88201010A91826128999999999999999999999 2 9 45999999999999999999999
 75 63 54 49 48 52 60 72 84 94103109113115116116117118119120119116110103201011A91910120999999999999999999999 341 48999999999999999999999
 93 81 69 58 49 45 47 54 66 80 94106115119120118115111109108110112113113201012A91343120221711399999999999999 516 45184010899999999999999
109102 90 75 60 48 41 41 49 63 81 98113122124121114105 98 95 95100107115201013A91357124999999999999999999999 627 401921 9499999999999999
120119112 98 80 60 45 37 38 49 67 88108122128126116103 89 80 77 81 92106201014A9 024120141512899999999999999 721 361954 7799999999999999
120129130121104 82 60 43 37 41 55 77101120131131122105 85 68 59 60 69 87201015A9 134130143313299999999999999 8 6 372027 5899999999999999
108127138138127108 83 60 45 43 51 69 93117133137130112 88 64 46 40 45 61201016A9 230139145013799999999999999 845 4221 2 4099999999999999
 85112133143142129108 83 62 52 54 67 88113134143139123 98 69 42 27 25 36201017A9 321144151014399999999999999 919 522138 2499999999999999
 57 86115136144141127106 83 68 64 71 86109132147148135112 82 50 25 14 17201018A9 411145153214999999999999999 950 642216 1399999999999999
 32 57 89117135140136123104 86 77 79 89107129147154147127100 67 36 15  9201019A9 5 11401558154999999999999991019 762256  999999999999999
 16 34 61 91116130133128117102 90 87 94106124143155154140117 88 56 29 13201020A9 5541331627157999999999999991046 872338 1199999999999999
 12 21 40 65 92111122124120112102 96 98107119135149155148131107 79 51 30201021A9 6531241659155999999999999991114 96999999999999999999999
 19 20 30 47 69 90105113116114109104102107115126138147148138121 99 75 53201022A9 8 8116173414999999999999999 024 18114310299999999999999
 37 30 31 40 54 71 88 99106110111109107108112118126134138136127112 95 76201023A9 946111181413999999999999999 117 29121910799999999999999
 59 47 42 42 48 58 71 85 95103108111111111110112115119123126124117107 95201024A9113311219 612699999999999999 224 41133611099999999999999
 82 69 58 52 50 53 60 71 83 94104111115115112109107106107110112113111106201025A91233115204811399999999999999 354 50165610699999999999999
 99 89 78 67 59 54 55 61 71 84 97108116119117111103 96 93 93 96102107110201026A913 6119232411099999999999999 522 541830 9299999999999999
110105 97 85 72 61 56 56 63 75 90104116122122116104 92 82 77 78 85 95106201027A91331123999999999999999999999 627 551918 7799999999999999
113116112103 89 73 62 56 58 67 82 99114124127122109 93 77 66 63 67 79 95201028A9 054116135212799999999999999 714 561954 6399999999999999
110120122117105 89 72 61 58 63 75 92111125131128116 98 77 59 50 51 61 78201029A9 150122141013199999999999999 753 582025 5099999999999999
 99117127127120105 87 71 63 63 72 87106123133133123105 81 58 43 38 44 60201030A9 235128142813499999999999999 826 622055 3899999999999999
 83107124132130119102 84 71 67 72 84102121134138130113 89 63 41 30 31 43201031A9 314132144713899999999999999 856 672125 2999999999999999
 65 91115131134129115 98 82 74 75 84 99117133141136121 98 71 45 27 22 292011 1A9 35113515 814199999999999999 924 732154 2299999999999999
 48 73101123134133125110 94 83 80 85 98114131142142130109 82 54 31 19 202011 2A9 428135152914399999999999999 950 802224 1899999999999999
 34 56 84109127133129119105 92 86 88 97111127140144136119 94 66 40 23 172011 3A9 5 51331551144999999999999991015 862255 1799999999999999
 24 42 66 93115127129124113101 93 92 98109123136144141127105 79 53 32 202011 4A9 5441301614144999999999999991039 912327 1999999999999999
 21 32 51 76 99116124124118109100 97100108119131140141132115 92 67 45 292011 5A9 62812516371429999999999999911 2 97999999999999999999999
 23 27 40 60 82101114119118113107102102107115125134138134122103 82 60 422011 6A9 72011917 213899999999999999 0 3 23112710199999999999999
 31 29 35 48 65 84100110114114111107106108113119126131131124112 95 77 592011 7A9 831115173113299999999999999 044 29115710699999999999999
 45 37 36 41 52 67 83 97106111113112110110111114118121123122115105 92 772011 8A910 411318 712399999999999999 138 36124711099999999999999
 63 51 44 42 45 54 67 81 94105111115115113111110109110111112112108102 942011 9A91130115191611299999999999999 254 42155910999999999999999
 83 71 60 52 47 48 54 66 81 95107115118117113107101 97 96 97100103106105201110A91215119221810699999999999999 423 4718 3 9699999999999999
101 93 82 69 58 51 50 56 68 84100113121122118108 97 86 79 77 81 89 98107201111A91244123999999999999999999999 538 491850 7799999999999999
112111105 92 77 63 55 54 61 75 93110123128125114 98 80 65 58 58 66 80 97201112A9 02411213 712899999999999999 637 531928 5799999999999999
112121122115101 84 68 60 61 70 86106123133133123105 82 59 43 37 41 54 76201113A9 139123132913499999999999999 725 5920 5 3799999999999999
 99119130131123107 89 74 68 72 83102122137142135118 92 63 37 22 19 28 48201114A9 239132135314299999999999999 8 7 682044 1899999999999999
 75103125136136127110 92 81 78 85 99119138149147133108 77 44 18  6  7 21201115A9 333137142015099999999999999 844 782123  599999999999999
 46 78108128138137127111 96 88 90 99115135152156147126 97 62 29  6 -2  4201116A9 426138145015799999999999999 918 8722 3 -299999999999999
 22 50 83111129136134124110 98 95101112129148159158142117 85 50 19  1 -2201117A9 518136152316099999999999999 950 952244 -399999999999999
  7 28 57 88112126131129120108101102109122139154160153134107 75 42 17  4201118A9 61113115591609999999999999910231002326  399999999999999
  5 17 38 65 92111122125123115106103106115128142153154143123 97 68 41 21201119A9 7 51251636155999999999999991059103999999999999999999999
 13 17 29 49 73 94109117120117111106105109117128139146144131112 90 65 44201120A9 8 2120171714699999999999999 010 13114110499999999999999
 30 26 30 42 59 79 96108114116114110105105108114123130134130119104 85 67201121A9 9 211618 213499999999999999 056 26123710599999999999999
 51 41 39 43 53 68 84 97107113115113109105103104107112118120117109 98 85201122A910 3115185912099999999999999 148 3914 910399999999999999
 72 60 53 51 54 62 74 88100109114116114109103 98 96 96 99103106106103 97201123A91058116203010799999999999999 251 511621 9699999999999999
 88 79 70 63 60 62 69 79 92104113118119115108 98 89 84 82 85 90 96100101201124A91142119225210199999999999999 4 4 601753 8299999999999999
 99 95 87 78 71 67 68 75 85 98110119123121114103 89 77 69 68 72 80 90 99201125A91216123999999999999999999999 515 671848 6799999999999999
104105102 94 85 76 72 74 81 92105118125127122110 93 75 61 54 54 62 75 90201126A9 044106124412799999999999999 614 721927 5399999999999999
103111113109100 89 80 77 80 88101115126131129118101 80 59 45 40 44 57 75201127A9 149113131013299999999999999 7 2 7720 1 4099999999999999
 95111119120114103 91 83 82 87 97111125134135127110 88 63 42 30 30 39 58201128A9 238120133613699999999999999 744 822033 2899999999999999
 81103119126125116104 93 87 88 95108123135140135121 98 71 45 27 19 24 40201129A9 31912714 214099999999999999 820 8621 5 1999999999999999
 64 90113127131126116103 94 91 95105119134143142131110 83 54 30 15 14 25201130A9 357131142814499999999999999 854 912137 1399999999999999
 46 73100121131132125113102 95 96103116130142147140122 97 67 39 18  9 142012 1A9 434133145414799999999999999 925 9522 9  999999999999999
 30 55 84109126132130121110101 98102112125139147146133111 82 53 27 12  92012 2A9 512132152114899999999999999 954 982242  999999999999999
 19 39 66 94115127130126117107101102109120133144147140122 98 69 41 21 112012 3A9 55113015491489999999999999910231012317 1099999999999999
 13 27 49 76101118126127121112105103106114126137144143131111 86 59 35 192012 4A9 63412716191459999999999999910531022354 1599999999999999
 15 21 37 59 84105118123123117109104105110118128137140134120100 77 53 342012 5A9 7211241653140999999999999991128104999999999999999999999
 23 22 31 47 68 89106117121119114108104106110117125131131124110 92 72 522012 6A9 813121173113299999999999999 034 21121310499999999999999
 38 31 32 40 55 74 93107116119117112107103104107112117121120114103 89 732012 7A9 9 6119182212199999999999999 121 30132310399999999999999
 57 46 41 42 50 64 80 97110117119117111104 99 97 98100104108109106100 902012 8A9 956119194510999999999999999 217 411521 9799999999999999
 79 67 57 53 53 60 72 87102114120121117109 99 91 85 83 84 89 951001021012012 9A91040121221010299999999999999 324 5217 7 8399999999999999
 96 89 79 70 64 64 69 80 95109120125124117105 91 77 68 64 65 72 83 94102201210A91117125999999999999999999999 435 631812 6499999999999999
106106101 92 82 75 74 80 90105119129132127115 98 78 60 48 43 47 58 74 91201211A9 027107115213299999999999999 540 7419 2 4399999999999999
106114117113103 92 85 84 90102116130139138129112 88 63 41 28 25 32 48 70201212A9 153117122813999999999999999 637 841948 2599999999999999
 93111123126122111100 93 94101113128142148143129106 77 47 23 11 11 22 43201213A9 25712613 514899999999999999 727 932032 1099999999999999
 70 97117129132127116105100102110124140152155146126 98 64 32 10  0  3 18201214A9 352133134415599999999999999 8121002115  099999999999999
 44 75103122133135128117107104108118133149160158144120 89 53 22  2 -4  2201215A9 442135142416199999999999999 8541042157 -499999999999999
 21 50 81108125134134126114106106112124140155163157139112 79 44 16  0 -2201216A9 52913515 516399999999999999 9341052239 -399999999999999
  8 30 59 89112126132129121110104106114127143157161151131103 71 39 15  4201217A9 61313215471619999999999999910151042319  499999999999999
  6 20 43 71 97116125128124114105102105114128143154153141120 93 64 37 19201218A9 65312816291559999999999999910581022358 1399999999999999
 13 19 34 57 82104118124124118108101 99103113125138145142129109 85 60 39201219A9 7301251713145999999999999991146 99999999999999999999999
 27 26 34 50 71 93109119122120113104 97 96100109119129133128116 99 79 60201220A9 8 4122175913399999999999999 036 251240 9699999999999999
 45 38 41 50 65 83101114120121117109100 94 92 95102110117119115105 92 77201221A9 837121185111999999999999999 114 381349 9299999999999999
 63 54 51 55 65 78 94108117121120115106 97 90 87 88 92 98104106104 98 89201222A9 91412120 110699999999999999 154 511518 8799999999999999
 80 71 65 64 68 77 89102113121123120114104 94 84 79 77 80 85 91 96 97 95201223A9 9551232152 9799999999999999 241 641651 7799999999999999
 91 86 81 77 76 80 87 97109118124124121112101 88 76 68 65 67 73 82 90 96201224A91039125999999999999999999999 339 7618 3 6599999999999999
 98 98 95 91 87 86 89 95104114123127127121110 95 78 64 54 51 55 65 77 90201225A9 024 98112312899999999999999 449 861854 5199999999999999
 99105107105100 95 93 96102110120128131129120105 86 66 50 40 39 47 61 78201226A9 15510712 513199999999999999 558 931935 3999999999999999
 94107114116112106101 98101107117126134135130117 97 74 52 35 28 30 43 61201227A9 247116124513699999999999999 658 982013 2799999999999999
 83102116123122117109103102105113123134140139129110 86 60 37 22 18 26 43201228A9 328123132214099999999999999 7481022049 1899999999999999
 67 91112124129126118110104104110119131141145139124101 73 45 23 12 13 26201229A9 4 4129135714599999999999999 8311042124 1199999999999999
 48 75101120130131126116108104107114126139147147137117 89 59 31 13  6 12201230A9 439132143114999999999999999 9 810422 0  699999999999999
 30 56 85109125132130122113106105110120133145151147131107 77 46 21  7  5201231A9 51613215 515199999999999999 9421052236  499999999999999
