282268231181130 88 66 7110415621326329630729225921617614413214216920523820 1 1AH1254307999999999999999999999 620 6419 413299999999999999
259263246212170131101 9110313618122626428628827124020417014613714717019920 1 2AH 042264133629099999999999999 659 91195713799999999999999
22624424623220517314312311813216019523025927427225622919716714413614216020 1 3AH 139247142527599999999999999 74511821 513599999999999999
18621223123722921118716314714215117119822725126326224922419416313812512720 1 4AH 256237152626599999999999999 851142222212499999999999999
14417120122523923922720718516615615817219522124525926024822218815212210520 1 5AH 4312401637261999999999999991023155232710399999999999999
106126160198231253259250229202176158154166190219246263265250219177134 9720 1 6AH 5532591738267999999999999991147154999999999999999999999
 78 8311215620624927728527224420917515014415918922425627527425120915810720 1 7AH 651285182827799999999999999 019 77124814499999999999999
 66 49 6310516422427530630928825020516313613315619523827329028224719313220 1 8AH 737311191229099999999999999 1 4 49133613199999999999999
 74 34 24 5110918125130633332729324419114512012616121025829330528523617120 1 9AH 819334195330599999999999999 146 23141811899999999999999
101 41  4  6 5012420728233435333428823017112510712617423128131331528121920 110AH 859353203431899999999999999 228 -115 010799999999999999
144 71 11-18 -2 6014623531035636333127421015010810113419225330232731727120 111AH 939365211632899999999999999 310-191540 9899999999999999
199118 44-12-29  4 80174264333369362317254187129 9510114721127231633331220 112AH1020372215933399999999999999 352-301622 9299999999999999
255177 96 25-22-25 23109204288348371350296230165112 8810816222728432233020 113AH11 1371224433299999999999999 434-3017 4 8899999999999999
300237158 81 17-18 -7 54141230305353362329271206145100 8811717423628731920 114AH1142364233232499999999999999 517-201748 8799999999999999
319283219146 77 23  1 25 90172251313348343304246185131 94 9212618023528120 115AH1223351999999999999999999999 6 0  11834 8899999999999999
307302265207144 86 44 34 64125197262312333319278224170122 94 9712917722620 116AH 02330913 633399999999999999 645 321925 9199999999999999
266288283252204153107 76 73103154212264300311294256209160119 96 9812516520 117AH 120290135331299999999999999 735 702024 9399999999999999
209246269268247213174137114111133172216256283290274242201157119 95 9311220 118AH 229271144729099999999999999 8361092136 9199999999999999
147188226253262253231202171148140151177211244266274263237199157118 90 8120 119AH 359262155527499999999999999 9561402255 8199999999999999
 94126168211246267270256231200172155155172201231255267262238201156112 7720 120AH 5392711712268999999999999991130152999999999999999999999
 62 73107155206252283293281253217180154148162192225254271268243201150 9920 121AH 656293182227299999999999999 0 6 62124814799999999999999
 58 41 54 9515221426930531529826321817414313615418923026428227624519513620 122AH 751315191828399999999999999 1 5 41134613599999999999999
 79 37 22 44 9616423429232733030325820515712612515319824428029528224018020 123AH 83533320 429699999999999999 154 22143212199999999999999
115 56 16 11 4611118826131734333329423918213411012216321626529830527922520 124AH 913344204430799999999999999 238  8151011099999999999999
157 89 32  2 12 6313922029033734832227121115311210213018324028731230726620 125AH 947349212131499999999999999 317  0154510199999999999999
201129 63 14 -1 28 94176255316348340299239178125 9610514920926530531829720 126AH1018350215531899999999999999 352 -21617 9599999999999999
243172101 41  6 11 59135216286333346319266204146103 9211917323428431431220 127AH1048346222831799999999999999 424  21648 9199999999999999
276213142 77 29 13 39101179253309338330289230170119 91 9814019825429531220 128AH111734023 231299999999999999 455 131719 8999999999999999
295248183117 63 31 36 79146219280320329303253195141102 9111316221726529520 129AH1145330233730199999999999999 524 281751 9099999999999999
299271218158102 62 49 71123188249295317308271220167122 9710013117922826720 130AH1213317999999999999999999999 553 491824 9499999999999999
286278244195144101 77 8011216421926529530127923919214711410011214518822920 131AH 014287124230299999999999999 624 7419 210099999999999999
25927025622418314411410311614919323526728327725121417413811310712115118720 2 1AH 057270131428499999999999999 7 0103194810699999999999999
22124525224021518515713813414717520723725826525423019916613611611112214620 2 2AH 151252135326599999999999999 745133204811099999999999999
17720823124123622120018016516016818520722824324724022119516613811610611220 2 3AH 3 8241145224899999999999999 85416022 810699999999999999
132162194222240245239224206188175173181196215231239237224200169136107 9120 2 4AH 45624516212409999999999999910441732327 8999999999999999
 92111145186224253267266250226199176164167182205228244248236209170127 8920 2 5AH 6232691746248999999999999991220163999999999999999999999
 66 65 8913318723827729629327023519616314514817120423726126825221516410920 2 6AH 721298184926899999999999999 032 62132114499999999999999
 62 34 36 7213119926230832631527923018114012213316921525828729126621515020 2 7AH 8 6326194029399999999999999 126 3114 812299999999999999
 84 30  2 13 6514122329333935032527421415611310012517723628531431227320620 2 8AH 847351202631899999999999999 214  1145010099999999999999
129 56 -1-23  3 73164253325365362320256187125 85 8512819526131333832427020 2 9AH 926369211133899999999999999 259-231530 8099999999999999
191106 29-25-35 10 96195285352379359302229156 94 63 8114121628533535232520 210AH10 4379215535299999999999999 342-3816 9 6399999999999999
258171 85 10-35-28 35131230314369379341272195123 67 52 8715823630334735320 211AH1042381223935699999999999999 423-401649 5199999999999999
313239153 70  3-27 -1 75171262334372363310237162 94 50 5210117525031134620 212AH1119374232434999999999999999 5 4-271729 4599999999999999
341293219140 67 14  2 43121208285341359333273202133 75 46 6211718725430720 213AH1155359999999999999999999999 544  01810 4599999999999999
332318269204137 78 42 46 93164236296332332296237173114 69 54 7712919124820 214AH 010333123033799999999999999 624 381853 5399999999999999
291308292250198146104 83 96139195249291309298260209156108 75 68 9213518520 215AH 1 030813 831099999999999999 7 8 831943 6799999999999999
232267280269240204168140128140171210247272279265234194152114 89 83 9913120 216AH 2 1280135028099999999999999 8 01282046 8399999999999999
170210241257256243223199177166169185207230247251243222193160128103 91 9620 217AH 329258145125199999999999999 9181652212 9199999999999999
117149186220245258259248229207188178180192208224234236226204174141110 8920 218AH 53326016382369999999999999911211782345 8399999999999999
 84 9812916921124927428227325122119116916217119021323324424022018614510520 219AH 6582821817245999999999999991256162999999999999999999999
 75 65 7911516521926629730528925721617614714015418421824726325923218813720 220AH 749305191826599999999999999 056 65134913999999999999999
 89 55 45 6811617824129232131929024519414812112315119423727128627223217720 221AH 82632420 228699999999999999 148 45142711899999999999999
118 65 32 33 7113420527232033631827421816211710011816421726629830227421920 222AH 858336203930599999999999999 229 28145910099999999999999
154 91 39 17 35 92166242304340338301244181125 89 9113018924929531930726120 223AH 927344211231999999999999999 3 4 161528 8599999999999999
194124 62 19 15 56128208280331348323270204141 91 73 9815522228031932729620 224AH 954348214332999999999999999 336 111556 7399999999999999
235162 93 38 13 33 94174251313346338294229162103 68 7311918725430633232020 225AH1020348221433399999999999999 4 5 131624 6599999999999999
272202130 67 27 25 69142221288333343313254186122 75 60 8814921928032133020 226AH1044345224433199999999999999 432 201651 5999999999999999
300240170104 54 34 56116191261313337323275211146 91 60 6811318024529632320 227AH11 9337231632499999999999999 5 0 341720 5899999999999999
314270208144 90 57 59100165233288321323289233171114 73 62 8714220526230120 228AH1133326235031299999999999999 527 531749 6199999999999999
312289240182130 90 76 97146206260298311294250194140 95 70 7511216622226720 229AH1157311999999999999999999999 556 761821 6899999999999999
293291262217170130107108138185233270291287259214166122 91 79 9413218022620 3 1AH 027296122329399999999999999 6271041857 7999999999999999
261277269242206172146134143171208241264271258229190152119 97 9310914218120 3 2AH 111277125227199999999999999 7 51341943 9299999999999999
21824625825323521218917116417119021323424624723521118315312710910311313720 3 3AH 212259133424899999999999999 8 1164205110399999999999999
16820022824525024423121519918818519120221522522922521219216714011610210220 3 4AH 35425015 122999999999999999 947185223010199999999999999
117145180215244262267259242219196181175180193211226234230213185149114 8820 3 5AH 55326717132349999999999999912 2175999999999999999999999
 78 8811916421425728729828826122418816014715417821023925826023920015010120 3 6AH 7 0298183426199999999999999 0 1 78131014799999999999999
 62 45 57 9916122728332032830726521416412711513417522426729329326220614120 3 7AH 747329193029799999999999999 1 7 45135411599999999999999
 78 30 12 34 94174253316352349311252188129 90 8812518625030232932127420120 3 8AH 826356201733199999999999999 159 121434 8499999999999999
123 51 -1-12 28108201286349375355298225151 88 56 7113120828133635933627220 3 9AH 9 437521 235999999999999999 244-141512 5599999999999999
188102 26-21-17 44138236320375383341268187109 50 32 7014823531036237433620 310AH 939386214537699999999999999 326-271549 3199999999999999
260170 83 10-24  1 79179273347385371311229145 70 21 25 8317125833137537320 311AH1014387222838199999999999999 4 6-241627 1699999999999999
321240153 71 10 -5 40126220303361377342270187107 40 10 3410519327534037120 312AH1049378231037299999999999999 445 -617 5 1099999999999999
355297220142 72 29 35 91173255320357351301227150 79 28 17 5612820928233420 313AH1122360235435299999999999999 524 251743 1599999999999999
352327272206141 88 65 85142212275320335312257190124 67 34 39 8214821627620 314AH1155335999999999999999999999 6 3 651823 3099999999999999
315322296251201153118110135182233276302300270221166115 74 55 6710615921320 315AH 042323122830599999999999999 64410919 7 5599999999999999
258286290272242208176155153173204236261272263236199160122 94 83 9212015820 316AH 13829113 427299999999999999 73315120 2 8399999999999999
19823425726526024522520518918519120522123423923321819617014312010710812220 317AH 3 4265135923999999999999999 854184212810699999999999999
14617720923525426326024923121219718818919620621522021920919116614112010920 318AH 5172631619221999999999999991127188232210899999999999999
11112815719322925927828126924521618816916317018820822623623221318415011820 319AH 6412821815236999999999999991255163999999999999999999999
 97 9311114619223927830029927724220116414013715518622024826225522818814420 320AH 727302191226399999999999999 041 92133613599999999999999
103 76 7510315120826330431930627022217113011112215720224627828827022917720 321AH 8 1319195228999999999999999 132 7214 711199999999999999
123 78 56 67111173238294328328296245187132 96 9212417623328030830527021520 322AH 830332202531199999999999999 211 551435 8999999999999999
154 96 54 45 77138209275324341320270207144 93 71 9014320826931432930725520 323AH 857341205532999999999999999 243 4315 2 7199999999999999
189123 68 39 52104177250310344338295231162101 61 6210617524630433833529320 324AH 922346212534299999999999999 313 381529 5699999999999999
228158 94 48 40 78147223290336347316256185117 64 45 7213621328233134832420 325AH 946348215534899999999999999 341 381555 4599999999999999
266196127 71 44 62120195266320346331280210139 77 41 47 9817324931034634220 326AH10 9346222534999999999999999 4 8 441622 3899999999999999
299234165104 63 60100168239298334336298235164 99 51 36 6713320927832734520 327AH1033340225634599999999999999 435 561650 3699999999999999
322268203142 93 72 91146213273315330309256189125 72 41 50 9816823929733120 328AH1056330232933599999999999999 5 3 721719 3999999999999999
330294238181131 98 97132189246291314308271213152 99 60 49 7513119725730220 329AH1120316999999999999999999999 532 931749 4899999999999999
320306266217170134118131171220263291297276232179129 88 64 6810215621326220 330AH 0 4321114529899999999999999 6 51171823 6299999999999999
294301283248209174151146164198234262276270244204161122 93 80 9012316721420 331AH 046302121427699999999999999 64314519 5 8099999999999999
252277281267243216191175173186208231247252244223194162132109 9810512816220 4 1AH 143282125725299999999999999 73917220 8 9899999999999999
19923325826826525323521519819019119921122323023022020318015312811110711820 4 2AH 316269142823199999999999999 923189214710699999999999999
142176213246269279276260237211190177175184201219233238230208177142112 9420 4 3AH 51527916532389999999999999911401742331 9199999999999999
 9311415220024728430430328224720717114614115718822425427026623919514510020 4 4AH 6273071819271999999999999991245140999999999999999999999
 69 62 8713820326431133432729124018513610610713919124528831130226220213720 4 5AH 716335191531299999999999999 044 61132910299999999999999
 79 40 35 73142221292343360337283216148 93 66 8213620827632734932927319920 4 6AH 75636020 334999999999999999 137 3214 9 6599999999999999
122 56 16 23 78163251324370372329257178104 48 34 7214823431036337634127120 4 7AH 833377204737799999999999999 223 121447 3299999999999999
187105 37  6 31104197285353384365302219135 59 12 18 7917026233938738733720 4 8AH 9 8385213039499999999999999 3 5  61524  899999999999999
259173 91 30 15 59143236316370381340264176 92 23 -7 22 9919628735939538020 4 9AH 943383221339699999999999999 345 1316 2 -799999999999999
321241159 85 39 44102187269335371360302221136 59  4 -5 4212621930336438520 410AH1017373225638599999999999999 425 341640 -899999999999999
358298225152 91 64 86149224292339354324260182106 41  5 15 7215323630835420 411AH1050354234036499999999999999 5 4 641718  299999999999999
362329274213153110100132189249298327322283221154 91 43 24 4710317424430120 412AH1123329999999999999999999999 544 991758 2499999999999999
332331301257209165138140170214257288300285245194141 93 61 56 8212918624020 413AH 027336115730099999999999999 6261351840 5499999999999999
283304301280249214184168172193222248265267250220182144111 91 9011014518720 414AH 122306123626899999999999999 7181671931 8899999999999999
22826027728027025122820619319119821222723623722821118716113712111712714820 415AH 241281133623899999999999999 841190204811799999999999999
17821023926027227226224422320419118619120021222022321920618616314413112920 416AH 4322741558223999999999999991059186224012899999999999999
14016419522825727828427525422719817416216517920022023624023020818115213020 417AH 5552841748240999999999999991219162999999999999999999999
11912615218923126829329928425321517614613414417120523826126625222218414620 418AH 646300184726799999999999999 0 711913 213499999999999999
11610311615119924829031230928023718814211311113718022626729129026422117320 419AH 722314192829499999999999999 1 1103133410899999999999999
128 96 90116165222276314326306262206149104 8510114620425930131730226120820 420AH 75232620 231799999999999999 141 8914 3 8499999999999999
152105 79 89132193255306333327287229165106 69 6910817123829633133330124620 421AH 819335203333799999999999999 214 781430 6499999999999999
184126 84 74104163230290331340311254186119 67 47 7113220627632935133428520 422AH 84434121 435199999999999999 245 731458 4799999999999999
222157102 73 85135202268319343329280212140 77 38 42 9116624531135335632020 423AH 9 9344213536099999999999999 314 721525 3499999999999999
260194132 87 78113175243300337339302239166 98 45 27 5612420528133836234520 424AH 93434322 636299999999999999 342 761554 2799999999999999
295232168114 86100150216277321338318264194125 65 29 34 8516224130835135720 425AH 959338223836099999999999999 412 851623 2599999999999999
324267205149108100132190251299327323284222155 93 46 30 5712019726932535120 426AH1024329231235299999999999999 442 981654 2999999999999999
340297242187141116125167223273306317296247185125 74 43 46 8715322428632720 427AH1051317235033999999999999999 5151151727 3999999999999999
339317274224179145135155197243280299295265215160110 72 55 7011517723828820 428AH1121301999999999999999999999 55113418 4 5599999999999999
318320296259219183160158179214248272281270239196151111 83 75 9313418623720 429AH 034322115928199999999999999 6351561849 7499999999999999
278301302284256225196178176191214237254260250227195159126102 9510813918120 430AH 132305125426099999999999999 7361751952 9499999999999999
22526228629328526523921219218218519821523224324423321118114912210811013020 5 1AH 255293143424599999999999999 914182212210799999999999999
16520724827929729728225522219217116317019021523925425524021017313711010020 5 2AH 43229916342579999999999999911 2163225910099999999999999
11214519224228531131729926422017714412913716821025027928927523919014210220 5 3AH 54431717552899999999999999912 9128999999999999999999999
 83 91130188250302333336309259201146105 8910915821827431432730725919913820 5 4AH 636339185432799999999999999 013 821257 8999999999999999
 89 64 78129199269325355347304239169105 61 55 9316123730435036032926919820 5 5AH 719357194436199999999999999 110 641339 5299999999999999
129 74 53 78143222295349369345284207129 62 24 33 9117626333537938033626720 5 6AH 758369203138599999999999999 158 531419 2199999999999999
190118 65 55 95170251321365369327253169 89 25 -1 2910419928936039638433120 5 7AH 835374211539899999999999999 243 521459 -199999999999999
257180110 67 72125203280340370355297216131 55  1 -7 4112722331037439837420 5 8AH 912371215939899999999999999 325 621538-1199999999999999
316244171109 80100161235301348360328262181101 33 -6  5 6615424532437638620 5 9AH 948361224338899999999999999 4 6 791618 -899999999999999
354296230165116103135194258311342338295227152 82 27  6 32 9718026132736520 510AH1024345232836999999999999999 4471021658  699999999999999
364329276218165131131167219270309324308261199134 77 37 32 6612820126932120 511AH11 1324999999999999999999999 5291261738 2999999999999999
345337305260212171150158190232270295298277234182129 85 61 6610015421426820 512AH 015346113930099999999999999 6131501821 5999999999999999
306322313286250212182170178202232258273271251217177137105 91 9912817121820 513AH 1 6322122527499999999999999 7 617019 9 9199999999999999
26028930129527524721719418318620022023925025023721318415413112012514617820 514AH 2 9301133025199999999999999 817182201112099999999999999
21424827428728627325022420018518018720121823223923622220017615514214015220 515AH 327289151223999999999999999 954180213713999999999999999
17620723926628428727625422519717416316618220422724324824022119617115214320 516AH 445288165424899999999999999111716223 814299999999999999
14917020223826929029528125321718015213814516920223525927026223920817614920 517AH 54529518 4270999999999999991210138999999999999999999999
13614116720524728230330328024119615312111313016821425628529428024920916920 518AH 629306185329599999999999999 014135125011299999999999999
138125138173219265301316304268218164117 90 9412918123828631431529024819920 519AH 7 5316193331899999999999999 1 11251323 8899999999999999
154123118143190242289319322294244184125 81 66 8914120727031833832628823620 520AH 73632420 833999999999999999 1401161354 6699999999999999
181135111121161216271313331317272210144 86 51 55 9816724030434535232527520 521AH 8 5331204135499999999999999 2141101425 4799999999999999
216160119109136188247298330331298239171104 53 34 6012220027633536335331220 522AH 833335211536499999999999999 2461081456 3499999999999999
254194141111119161220277319337319269201132 70 30 32 7915423630735636934320 523AH 9 1337214936999999999999999 3181091528 2599999999999999
291231172128114139192251300330330295234165 98 45 23 4510818926833136636220 524AH 930335222436999999999999999 35111316 1 2399999999999999
324268210157125127166221275314330313266201134 74 34 29 6914022029234436420 525AH10 133023 236499999999999999 4261211636 2699999999999999
347302248194150131147191244288316318290237173113 62 36 47 9716924330534520 526AH1035321234335499999999999999 5 41311714 3599999999999999
353328284233186152144167211256290308300267214157104 64 49 7012219025630820 527AH1114308999999999999999999999 5451431756 4999999999999999
338338312271226186160158181219255282293283250204153108 76 69 9214120025820 528AH 03034212 229399999999999999 6341561845 6899999999999999
303327325302265226191168166184214244268278271245206163123 95 8910814920120 529AH 12632913 727899999999999999 7361641945 8899999999999999
25229331631829926723019517016317319722625226926925322218314511610511714920 530AH 233320143327199999999999999 85416321 010599999999999999
19524328531231730327223319316214615117320624126828027324720916813311411720 531AH 34631816 8280999999999999991018146222411299999999999999
14318723828431532431027522918114111912014719123927930230127623418714411620 6 1AH 4543241728304999999999999991126116234011099999999999999
111136183239290324334315272216159111 84 8912718524629832933130225419914820 6 2AH 5513341833334999999999999991221 82999999999999999999999
112106134188249303337343314260193128 76 50 6511718926232235735532026420220 6 3AH 640345192836199999999999999 04210413 9 5099999999999999
146108104140201265319349345304238164 95 42 24 5312020328334737937032726520 6 4AH 724352201738199999999999999 1351011354 2499999999999999
199140105110155220284333355339285212134 64 16 11 5413322230536639137332320 6 5AH 8 635521 439199999999999999 2231021437  799999999999999
258191135108124177242302343353324261184107 41  3 12 6915424432337739136420 6 6AH 846354214939299999999999999 3 81071520  199999999999999
310246181132117144200262315345343302235158 86 28  4 28 9417926533637938120 6 7AH 926349223338599999999999999 35111616 1  499999999999999
347292230172133131166221277320339325277210138 73 28 19 5512420528234237120 6 8AH10 6339231637299999999999999 4341271643 1799999999999999
363325272215166140148187238285317325302252189125 71 40 45 8715522829434020 6 9AH1046326235935699999999999999 5161381723 3799999999999999
356341302252203164150165202247284307306279231175121 79 62 7712118324629920 610AH1129310999999999999999999999 55915018 3 6299999999999999
331338318280236195166160178211247277291286259216169126 96 9011015220425620 611AH 043339121529299999999999999 6451591845 8999999999999999
29631931929826422619217016718321024026427526924521017213911911813817421720 612AH 129322131027599999999999999 739166193211699999999999999
25829030630328425422019117216818020222825026125924221418415814314315818720 613AH 221307141926299999999999999 843168203114199999999999999
22225628329629327624921718716716016818921524025625924922820217816215816820 614AH 321297154426099999999999999 957160214815899999999999999
19122225327829229027324521017815314315117520723826127026424521919317316420 615AH 42529317 62719999999999999911 414323 916499999999999999
16919022125428029429227223819715913112213416620824727729028426223119917320 616AH 5222951811291999999999999991156122999999999999999999999
16016619022526128830129426622417613310410012416721926730131330227323419620 617AH 6 930219 131399999999999999 0131601239 9899999999999999
165153164195236274302309292253201147102 78 8512318024129432733331327422820 618AH 649310194333499999999999999 1 21531317 7699999999999999
183153146167208253292315313283232172114 71 57 7913320227032335034531326520 619AH 725318202135299999999999999 1441451354 5699999999999999
213167141146179227275311325309266205140 82 45 46 8615423030034936534730420 620AH 8 0325205836599999999999999 2221391430 4099999999999999
249194151135153197251297326328298242175108 54 29 4610318126132836737134020 621AH 834332213537499999999999999 25913515 7 2999999999999999
288230176139136167220274315335324280216146 81 35 23 5712721028934937736620 622AH 910335221437899999999999999 3361331546 2299999999999999
325269210161134143186241292327336312259191121 62 25 29 7715523831136137720 623AH 948336225437799999999999999 4151331625 2199999999999999
355307250194150134155204258303330330297239170105 52 27 4510318226132636620 624AH1030334233637399999999999999 45613417 7 2799999999999999
370339289233181145139168217268307327319281222157 98 54 40 6712920527733320 625AH1116328999999999999999999999 5401371751 3999999999999999
362357322272219172144145176222268302318307269213155102 66 61 9415322228620 626AH 02136412 731899999999999999 6281401838 5999999999999999
333353342306258209167143147176218260292307297263214163117 88 8811917223220 627AH 1 935413 730799999999999999 7221411931 8499999999999999
28732734232929424920216214014216820624628029829326622618114011411313818320 628AH 2 1342141829999999999999999 824138203311099999999999999
23528431933131828624219615513112915118823126929429727924620616714013315120 629AH 259331153929899999999999999 934127214713399999999999999
18823427931132331328123718814411510912916821726429731030027123219116014620 630AH 4 132417 331099999999999999104410823 614599999999999999
155187232275308322311279230177128 94 8510615221026530832932429525420917020 7 1AH 5 53221817330999999999999991148 85999999999999999999999
149155186231276310325313275221162107 70 62 8914321027532535134531326621620 7 2AH 6 4325191935299999999999999 0181481244 6099999999999999
171147153187235282318330314269208143 85 47 44 7914422029134537035932126820 7 3AH 657330201137099999999999999 1191451335 4099999999999999
212165142152192245294327336311258191122 63 29 34 8115523731136338236331720 7 4AH 746336205838299999999999999 2121411423 2699999999999999
260201155137157204259307337337303242171102 46 20 37 9517626033137638435520 7 5AH 831341214138699999999999999 25813715 8 1999999999999999
303243185144137167220276320342333289223151 84 35 21 5212020328434838137620 7 6AH 914343222238499999999999999 3411351550 2099999999999999
337281221168137142183239291329342321270201131 71 34 34 7915223330635837720 7 7AH 95534223 037799999999999999 4221341629 2899999999999999
359313255198153135154201256303332334303247180116 66 43 6011418826232336020 7 8AH1035337233636799999999999999 5 013517 6 4399999999999999
364334285229179145140169218268308327319281224162108 71 64 9415322128533220 7 9AH1114328999999999999999999999 5371381742 6299999999999999
354344307257206164142150184230274305316300259206152110 87 9413218924829920 710AH 011354115531699999999999999 6151411816 8699999999999999
33234031928023418915714616019523627329730028024119515312211212916721726520 711AH 045340123930299999999999999 655145185311299999999999999
30432432029625821617915415016719823426528428426523319616314314116019423420 712AH 122325133028799999999999999 741149193514099999999999999
27229931030127724220617315415116619322625527327426023620718216816818320920 713AH 2 3310143527599999999999999 837150202916699999999999999
24027029029628626423319916915014615818421624626727326624922620418918519420 714AH 253296155827399999999999999 944146214818599999999999999
21323926328128727925922919416214013314517220824327028428226824522120119120 715AH 3562871724285999999999999991052133231619099999999999999
19421023425927828627925822418514812211512916320625028430330328725922820120 716AH 5 42861830306999999999999991151114999999999999999999999
186187204232261283292284257216170127 99 9411616021426730732732430026422520 717AH 6 2292192132899999999999999 0261841241 9399999999999999
192174178202236271296304288252202148101 73 7510916623129133435033830425820 718AH 65130420 435099999999999999 1191731326 7099999999999999
212176161173207250289314315290242182121 72 49 6311118225631935936734329720 719AH 734318204436899999999999999 2 316114 9 4999999999999999
243193157150174219269310331324286226157 93 46 31 5912420528434737937533720 720AH 816332212338299999999999999 2441481452 3199999999999999
282223171140144182238291330345326276206132 68 26 23 6814623431336939137220 721AH 85834522 239199999999999999 3241371534 1899999999999999
323261200150128145196258311346352322260185110 48 15 28 8817526333838539320 722AH 941354224139599999999999999 4 41281615 1399999999999999
360302237176132121153212275326355352311243166 95 39 18 4611720629035639120 723AH1026359232039399999999999999 4451201657 1899999999999999
384339277212155119121164226287333356344296227154 88 42 35 7715223631136520 724AH1112357999999999999999999999 5271141739 3299999999999999
385365314251190138112126173234290332349331281216151 94 61 6611418526032320 725AH 0 038512 134999999999999999 6101111823 5799999999999999
363370340288228171127111131178234285323335316271215159114 9110415021227420 726AH 040372125433599999999999999 65711119 9 9199999999999999
32435234831526521116012311313317622627330831930426822417914412814117922820 727AH 123354135531999999999999999 75011220 312899999999999999
27731533332529424920115512311413016621125629130630027724320817716316919520 728AH 211333151230799999999999999 852113211216299999999999999
23227130131430728124219815512311011914919223827730130629426923720718718420 729AH 3 931416473079999999999999910 5110224118399999999999999
199227259286300298278243200156119 9910313017522527230632231729426122619820 730AH 4233021815322999999999999991121 98999999999999999999999
185192216247277297300283248202152109 84 8411316322127832134333931327323020 731AH 541301192034499999999999999 0 91841229 8199999999999999
193175180206243279304310292252199142 94 65 6810316223029434236335331827120 8 1AH 646311201036399999999999999 1171741326 6299999999999999
220178159170204249290318322298249188126 75 48 5810517425031736337635531020 8 2AH 740324205237699999999999999 2 91591415 4799999999999999
254199158145167213265309334332297238170106 57 38 6112119927734237937834320 8 3AH 825337212938399999999999999 2521451458 3899999999999999
288228173139139176231286328347333285218148 86 43 38 7915123330736338536720 8 4AH 9 634722 338599999999999999 3291341537 3599999999999999
319258197148126144194255308344351323264193125 69 40 5411119026933537537820 8 5AH 943353223438299999999999999 4 41261612 3999999999999999
343286224167128124159218278326352345302237167105 61 52 8615323130235437520 8 6AH101935323 437599999999999999 4371211644 5099999999999999
359311250191142119133181242297336349327275210146 95 68 7912819826832636120 8 7AH1054349233236699999999999999 5 81181715 6699999999999999
362329275216163126120150203260308336335302248188134 97 8911717323829633820 8 8AH1129340999999999999999999999 5401181744 8899999999999999
35433829524118714412213116922127130932631527722617613511412215921226631020 8 9AH 0 035412 732799999999999999 613121181511399999999999999
33633530726221316813612714618523127330231029325721617714914115919624028120 810AH 028339124931199999999999999 649126184914199999999999999
31032130927723719515913713615719223226728929327724921819017317319022025320 811AH 058321133929499999999999999 732133193117099999999999999
28129930028425522118715814214316119122425527628127225423221219919821023020 812AH 134301144928199999999999999 825140203319799999999999999
25227128228126724521718716114414215518021224426828028027025423522021221520 813AH 225283163028199999999999999 938141221521299999999999999
22524125726827126424622119016013913114016520023727029229929327625222921220 814AH 34727118 2299999999999999991058131235920699999999999999
20621222824726527527225622719015212311011914819224128431432531629125722320 815AH 52027519 23259999999999999912 7110999999999999999999999
198188196219248275291290269231183135 98 83 9613619425630934235033229524920 816AH 627293194735199999999999999 1 418813 4 8399999999999999
206175167184220261296315310279227167110 69 56 7913520928133937136933628520 817AH 719316202737499999999999999 1501671353 5699999999999999
229180149149181232284324341327281215144 81 40 35 7414923431336939337632720 818AH 8 534121 539399999999999999 2301441437 3199999999999999
264201149124139189253312352363336275197120 54 17 27 8617526734439440336820 819AH 849363214140599999999999999 3 91231519 1599999999999999
305235168119106139205277337374375334260176 98 35  9 3711321030037140839820 820AH 932380221841099999999999999 34710416 0  999999999999999
347275201135 94 98149225299356387376321242158 83 29 20 6615224732938840720 821AH1016388225440899999999999999 426 891641 1699999999999999
379315240167108 80101165243313366387364303225147 80 41 4910919427934939120 822AH11 0387233039799999999999999 5 5 791721 3799999999999999
391347279206139 90 78113181254318363374344284214147 93 70 9315523130235520 823AH1146375999999999999999999999 545 7618 1 7099999999999999
378362311245179122 85 8712819125731334935232127021316012111214019525631020 824AH 0 6379123635599999999999999 628 80184511099999999999999
345353327277220164117 9310114019424929732632730326622418515815618122226620 825AH 043354133333099999999999999 715 91193515399999999999999
30232432129525420716212510711414418723327430030729627324521719619220523020 826AH 125326145030799999999999999 813106204419199999999999999
25928329629427524520917213912112113917221225028129830129227224822521221120 827AH 220297164330299999999999999 930118223321099999999999999
22224126027427827025122118715312711712515219023427330331831529726823821320 828AH 35327818203199999999999999911 3117999999999999999999999
20020321924226327828026723819915812310410713317823028132034033531127323220 829AH 539281191934199999999999999 018200122310299999999999999
197178182204236269293300284249201151108 84 8912417924230134436034630926020 830AH 65030020 136099999999999999 1211771321 8299999999999999
210170154167203247288316320296249191134 87 66 8112919726832936637034029020 831AH 739322203637399999999999999 2 315414 7 6699999999999999
233179142137166217270315340333295235170110 66 56 8815222930135638036531920 9 1AH 81934121 738099999999999999 2381341445 5599999999999999
259197145119133181243300342356333279211143 86 53 6211419026833437638034420 9 2AH 854356213538399999999999999 3101181519 5099999999999999
285219158115109145208274329361359319253182117 68 54 8615423430636138236320 9 3AH 92736522 238299999999999999 3391061549 5399999999999999
310243178124 98115170240304351369348292222153 96 64 7412620227733837437220 9 4AH 959369222737899999999999999 4 8 971618 6299999999999999
331268201141100 96134200270327361362324261193132 88 7811017424831235637020 9 5AH1031366225237099999999999999 436 921646 7699999999999999
345291225163113 91109162230293340359342293231171122 9710815622128433335720 9 6AH11 3359231635899999999999999 5 5 911713 9699999999999999
349308249188135100 9813219125430734034431526420916012712114820025830633720 9 7AH1137347234034399999999999999 534 94174211999999999999999
34131626821216112010211515821426730933032228824420016414615418823527931120 9 8AH1214330999999999999999999999 6 6101181314599999999999999
32431428023418714711911413717822626930131129927023620418117418921925328220 9 9AH 0 5324125731299999999999999 641113185017499999999999999
30030128325021317614612913115318822626128529328426424222120620321423325520 910AH 034303135529399999999999999 725127194320299999999999999
27228027626023520717915614114215718321424526928128227426024423022222323120 911AH 113280153328399999999999999 829139212322199999999999999
24125225926025223721619216714814114716619522825928329529528526624422621520 912AH 23426117322979999999999999910 3141234321299999999999999
21321923324825926225423520617314412512414117421826329932032330827924421320 913AH 4492621839324999999999999991136122999999999999999999999
192186197222251275287281256216169127 98 9311516222228032635134832027622820 914AH 612287192435399999999999999 0501861243 9299999999999999
185159158184226271305321310271215154100 66 63 9916424031035937936231625720 915AH 7 732120 237999999999999999 1321551334 6099999999999999
197148124137183244301341355331276203131 70 36 4510018427134439039636029620 916AH 753355203839999999999999999 2101241419 3499999999999999
224157108 95129196271335376380341268185106 44 18 4612121630637641039634020 917AH 836384211341299999999999999 247 9415 1 1899999999999999
263184115 73 78135218300365401392336253166 86 30 20 6815825534039941437820 918AH 919403214841599999999999999 324 691541 1699999999999999
306222142 78 50 78152243325386411387320234150 76 33 4310820229236540639920 919AH10 2411222240999999999999999 4 2 501620 2999999999999999
344264181106 52 44 91174264340393405369299219143 81 56 8415724331937439420 920AH1045407225739499999999999999 440 401659 5699999999999999
367303223147 82 44 54113195276344385384343279210147102 9513420227233136720 921AH1130390233137299999999999999 519 411739 9299999999999999
367327262191126 74 54 7713620927833436335531726621216513614117923428632520 922AH1218364999999999999999999999 559 54182213399999999999999
343329288231173122 85 7710315421326931233332629926322519217518221124728120 923AH 0 6343131433399999999999999 644 75191217499999999999999
30430929325821617213310810412416120625028530330529227224622320921022324220 924AH 045310143430699999999999999 739102202720799999999999999
26127527726724521818615613412613515819022625928429729928927124822921721520 925AH 142278163830099999999999999 859126224321599999999999999
22223424625525725023420918115513713214417020524427930431530928926023020520 926AH 34525818 8315999999999999991047132999999999999999999999
19219420923025126627025823219816213311912615319624429032333532329425421220 927AH 54427019 133599999999999999 021191121211999999999999999
17816317119623126528929527924420015511710011114920326131334534932528223020 928AH 647296193835199999999999999 11016313 810099999999999999
180145138160202249292318318290243188135 96 8410916122629034036235030925320 929AH 73032120 836399999999999999 1451371349 8499999999999999
193142115125166224280324343329285226164110 77 8112419026232436336733427720 930AH 8 5343203637099999999999999 2151141424 7399999999999999
212150106 97129190257315353357324266200136 87 69 951572313003533743553022010 1AH 83736021 237499999999999999 243 951455 6999999999999999
235167110 81 96151224293346371355305238169110 74 801282002743353703673252010 2AH 9 8371212637499999999999999 310 801523 7199999999999999
259188123 79 73114185261326368373338276206142 93 791081722463123573703432010 3AH 938376215037199999999999999 338 701551 7899999999999999
283212143 88 63 84144222295350375360310244178123 921011502192863373633512010 4AH10 9376221336499999999999999 4 5 631618 9099999999999999
304237168108 68 671091802563203613673352782151581171071371962603133463502010 5AH1040369223635399999999999999 432 62164610699999999999999
318260194133 86 66 871432142813333583473052501961511271361782352873243382010 6AH111235823 033899999999999999 5 1 66171512699999999999999
322277219161112 81 801161762402953333423202782301881581501712142612973172010 7AH1147343232531999999999999999 531 76174714999999999999999
315287240188142106 911041451992532963213202962602241941761782022372692912010 8AH1228324235329899999999999999 6 4 90182417499999999999999
2982852552141741391151091271642092522853023002822572322111992032202422612010 9AH1322303999999999999999999999 645108191619999999999999999
273273260235206176150131128141169203238267285289282268250232219215220230201010AH 032274145028999999999999999 744127205421599999999999999
240249252248235216193169148137140157184217250277293297289272249226210202201011AH 156252165029799999999999999 917137231820299999999999999
204215230245254253241218187156133124132158198243283311322313288252216186201012AH 42725518 33229999999999999911 3124999999999999999999999
170172193224255279286274242198153116 97103137191251304340349331290239188201013AH 554286185135099999999999999 0231691217 9699999999999999
148131144183234282316325305258198138 90 67 80129201274334370369333274208201014AH 650326193037499999999999999 1 51311311 6699999999999999
147104 95127188258318356360325262188118 64 44 72140226306366392374317242201015AH 73736320 639399999999999999 144 931356 4499999999999999
165100 61 69125207289355391384332254172 97 45 37 84169260339391400360285201016AH 821394204140399999999999999 221 581439 3499999999999999
200119 55 30 61138233320385413390325240156 83 40 51116207296366402390329201017AH 9 4413211640499999999999999 258 301519 3799999999999999
244156 77 22 17 69161259344403417381308225145 80 53 83158246324379395362201018AH 947419215139699999999999999 336 121559 5399999999999999
289201117 46  8 23 91186280357404405359288212142 91 83126200277339375371201019AH1031411222537999999999999999 415  61640 8099999999999999
323247166 91 33 13 45119208291357390379333271206149115122169233293338355201020AH111639123 035599999999999999 454 13172111299999999999999
336282213143 81 40 36 76145222291343364349309259209166147161202251293321201021AH12 4364233732699999999999999 535 3218 514799999999999999
324297249191136 89 63 69107164226281319333321292256219190179191219251278201022AH13 0333999999999999999999999 620 61185817999999999999999
293289265228186145112 95102131173220262293306302286262236213202205218236201023AH 019294141630699999999999999 713 95201720299999999999999
252262260247224196166141126127143172206241270289296291274252229210201202201024AH 12226216 229699999999999999 828125222420099999999999999
211224237245245236217193168148139143161191225259287302302287260230201181201025AH 3322461728304999999999999991013138235217599999999999999
175184203226247259257241215185156136133148180221263298316314291256214176201026AH 5242601822318999999999999991142132999999999999999999999
151148165197233265283282261227187149123119141182232281317331318283235184201027AH 62628619 133199999999999999 039146124011899999999999999
141120128161208256294311302270224175132107111145198256306337338309259200201028AH 710311193234299999999999999 114119132210499999999999999
144104 95122174234288325333310264209154111 95115165227287332350332284221201029AH 74533420 035099999999999999 144 941357 9599999999999999
157102 74 86135202269323351343303246184129 95 96136198263318351348309246201030AH 817352202635499999999999999 213 731428 9099999999999999
176111 66 58 95162238306352364338284220157109 90113169237299342355329272201031AH 848365205135699999999999999 241 561457 9099999999999999
200130 72 44 61120199276338370362319257191134 991021452102753263523422962011 1AH 919372211535499999999999999 3 8 441526 9599999999999999
227155 89 45 40 821562383103593733462922271661191031281842483043403463142011 2AH 950373214034899999999999999 336 37155410399999999999999
254183115 61 36 551151942723333663613202622021491181221632222793213393242011 3AH102236922 533999999999999999 4 5 35162411599999999999999
277211145 86 47 44 831522292973443603392912361841441291501982522963223222011 4AH1055360223132699999999999999 435 40165612999999999999999
292238175118 72 51 661161852543093423423132672191771511511802252682983102011 5AH113134623 031099999999999999 5 7 50173014799999999999999
296258205152105 73 67 931462082663093293212912522131821661742022382692872011 6AH1213330233429099999999999999 543 65181116699999999999999
288269232187143108 86 891181652172642983113032792492191951841912112362562011 7AH13 6312999999999999999999999 625 8419 718499999999999999
2672662492191851511221061081321702122532832972952802572322091951942032182011 8AH 023268142129899999999999999 722104203619399999999999999
2342462502432251991701421231191321601972372712933002922722442161921801792011 9AH 152250155730099999999999999 844118223017899999999999999
191211232249255247226195162133118120142180225269300315310286249208172149201110AH 3582551714316999999999999991023116234214499999999999999
145161194231263282281258219174133106101123168225279319336326290239185137201111AH 52728418 8337999999999999991142 99999999999999999999999
108107138189244291318317287235177125 88 81111169238300343356333280214148201112AH 628322185235699999999999999 0311041242 8099999999999999
 93 65 76126197269326356348305241172111 71 71114185262326365366325256177201113AH 719358193137199999999999999 114 631331 6599999999999999
103 47 28 59130217298360386367311237162 98 62 74131212290350378361302220201114AH 8 638620 937899999999999999 154 281417 6099999999999999
135 60 10  6 57145241326385402371306228152 90 65 92161243315365377342269201115AH 851403204637999999999999999 234  115 0 6599999999999999
182 97 25-13  2 71167265347398403361292216144 91 81122194270332368363312201116AH 935407212437199999999999999 314-151542 7999999999999999
233147 67  5-17 16 95191284358396389342275205141102107155224289337357336201117AH102039922 135799999999999999 355-171624 9899999999999999
278200121 50  3 -2 43123213295356382365319259197146121137185244296329334201118AH11 6382223933799999999999999 436 -617 712199999999999999
304246175107 49 17 26 76150228297344358338296245195156144163205252290310201119AH1153358232031299999999999999 518 15175314399999999999999
305273221162106 63 44 61108171236290325332314279238198170164181213247273201120AH1245333999999999999999999999 6 3 44184516399999999999999
285276248206160117 87 78 95134185235277303309295269237205183177187208231201121AH 0 7285134630999999999999999 651 78195217799999999999999
250259254234204170138116110122151189229263285293286266240212190178179192201122AH 1 925915 029399999999999999 751109212317799999999999999
209227239242233213188163143133138157186220252276288285268242213185166161201123AH 244242161828999999999999999 911133225216099999999999999
169188211232244244232210184161145142154180214249277292290271239203168143201124AH 4302461723293999999999999991043141235213599999999999999
135148175208239259264253228198168145137149178217256287301294267226180139201125AH 5482651811302999999999999991155137999999999999999999999
113111134174219258283288270238199162135129147184229272302310292252200147201126AH 641289184931199999999999999 034108124612899999999999999
103 83 94133187242287310306279236189147122124154201251293317312278225164201127AH 722312192131999999999999999 1 9 83132611999999999999999
107 68 62 91148213274317332315275223171129113129172226277314324302253189201128AH 757332195032599999999999999 141 6014 111399999999999999
123 69 41 54104174247307343343311260202149115113145199255302327320280217201129AH 831347201832999999999999999 212 41143310999999999999999
148 82 37 28 63130209282336357341296237178130109125172230284320329303247201130AH 9 3357204633099999999999999 242 2615 410999999999999999
178107 49 19 31 861642453133543583262722121561181141472022603053283182752012 1AH 936361211432999999999999999 313 17153611199999999999999
210139 74 27 15 491182002773353603473042471881401171301752322823163232972012 2AH10 9361214432499999999999999 346 1416 911799999999999999
242174107 50 18 27 771532333013453543282792231711341261522022542953153072012 3AH1044356221631699999999999999 419 16164412499999999999999
269210145 85 40 24 491091852573143443403062572061621371411742222662953042012 4AH1123347225130499999999999999 455 24172313499999999999999
286242184125 74 42 40 751372082713173353222872411971611451561892302652862012 5AH12 5335233328999999999999999 533 3618 714599999999999999
287264222169118 77 55 621001592212743113223072742341951661541651932262542012 6AH1255322999999999999999999999 617 5419 115499999999999999
270270249212168125 91 74 841191692232703013102972682331971701571621832112012 7AH 029273135431099999999999999 710 74201115699999999999999
236254259246217181143111 951001281702182612923042952702361991671481461612012 8AH 14625915 330499999999999999 816 94213514599999999999999
1882182442582552362041671331121091271642102552893053002752371941541261182012 9AH 321259161530699999999999999 938107225311899999999999999
131163204243269277264233192152121109121156205255294313308279232179129 94201210AH 45227717183149999999999999911 21092353 8299999999999999
 82101144199252291307295260212163123103113152207263305325315276218154 96201211AH 6 53071811326999999999999991211103999999999999999999999
 56 47 76135205270318337322280224166119 96110156218277320336317265196123201212AH 7 4337185833699999999999999 044 4613 9 9699999999999999
 59 19 19 63137219293346363340289226162112 92114168235294334342310246168201213AH 755363194234399999999999999 131 131359 9299999999999999
 90 25 -9  4 63148239317367377346288220154105 93125187254311343339294221201214AH 843379202434699999999999999 215-111446 9299999999999999
139 61  0-24  3 75168260336379379339277208144102102144208273322344328273201215AH 92938521 634599999999999999 259-241531 9699999999999999
195113 39-14-24 17 97191280348380369323259193135105117165228286326337309201216AH1014381214733799999999999999 342-26161410499999999999999
247170 93 26-13 -9 43126215295351370349300239178131113135185243292321320201217AH1058370222932599999999999999 425-17165711399999999999999
285222150 81 26  1 19 77156236303345352324275219167131125153201251290308201218AH1140354231130999999999999999 5 6  1174012399999999999999
298259200136 78 37 27 54113184251304332329298252203161136138167209250279201219AH1223335235628999999999999999 547 26182513399999999999999
289274236184130 86 59 60 92145205259298315305274234193159142148174208240201220AH13 7315999999999999999999999 628 55191414299999999999999
262267252219177135103 87 95126170218260288296284256222187160147152171199201221AH 046268135429699999999999999 711 87201314699999999999999
225244249237212180149126117125150185222254275280269246215184158144145160201222AH 148249144928199999999999999 8 2117212614399999999999999
184209229238233217194170151142146163189220247265271262241211179151133130201223AH 310238155427199999999999999 913142224212999999999999999
143168197222239242232214191171157154165187216243262269261239206168135113201224AH 44524217 0269999999999999991043154234210899999999999999
109125156193228252260253233207180160152161184215245266274263234193149110201225AH 6 22611755274999999999999991159152999999999999999999999
 87 88112154202245274284273246212178153144157186222255277280261222172121201226AH 657284183928299999999999999 029 84125414499999999999999
 80 61 72110164222271300304285249206166139136158195236271290284252202143201227AH 740306191729199999999999999 1 9 61133713499999999999999
 88 49 40 66119186250300324317286239189147126134167212257290299280235174201228AH 817325195130099999999999999 146 39141412699999999999999
110 55 24 30 73141216282326339318275221168129119140185236280305302268210201229AH 851339202530899999999999999 221 21144911899999999999999
142 76 26  7 31 92170249311345343309256197146116119155208261299314296248201230AH 926349205831499999999999999 257  7152411399999999999999
180109 45  5  3 46119203279333353336290232174128111129177233282312313281201231AH10 1353213331799999999999999 332 -2155911199999999999999
