 79 65 53 42 34 33 41 52 67 87105117118116112106 99 95 94 93 92 92 93 9120 1 1AM114311922 2 9399999999999999 435 322033 9299999999999999
 83 72 64 56 49 46 48 56 65 78 93106113114113110104 96 91 87 83 81 82 8320 1 2AM124911423 7 8399999999999999 5 5 462118 8199999999999999
 81 77 71 67 63 60 60 64 70 77 87 98106110111110106 98 89 81 75 70 69 7120 1 3AM1356111999999999999999999999 532 602150 6999999999999999
 75 76 76 75 75 74 73 74 77 81 86 93101106109108106 99 89 78 68 61 57 5820 1 4AM 1 7 76142310999999999999999 6 1 732220 5799999999999999
 63 70 76 80 83 85 85 85 86 88 90 94 98104107107105 99 90 77 64 53 46 4520 1 5AM14371089999999999999999999992248 44999999999999999999999
 49 59 71 82 90 94 97 96 95 94 95 97 99102106109106100 91 78 63 47 36 3220 1 6AM 621 9715 210999999999999999 854 942313 3299999999999999
 34 43 59 77 93102107107105100 98 98100103106110111106 95 81 65 46 29 1920 1 7AM 6431071540112999999999999991015 982337 1899999999999999
 18 25 41 64 89107116118115108101 97 99103107111116115105 89 70 50 28 1020 1 8AM 65311816241179999999999999911 7 97999999999999999999999
  3  8 21 44 74104123128125118107 97 94 99105111118124120104 81 59 35 1020 1 9AM 7 1128171212499999999999999 0 6  31149 9499999999999999
 -7 -9  1 21 52 89121136135127116102 91 90 99109117126131123100 73 47 2020 110AM 72313718 013199999999999999 039-101230 8999999999999999
 -6-20-16  1 27 63105135144136124110 94 84 89102112121132136123 94 64 3720 111AM 753144184813799999999999999 116-211311 8499999999999999
  8-18-27-16  6 36 77119144144132119103 87 80 89104114124136137118 86 5720 112AM 829147193613999999999999999 155-271354 8099999999999999
 30  1-21-24 -8 16 48 90128145139125113 97 82 80 91104112122134132109 7920 113AM 9 8145202413599999999999999 236-261439 7999999999999999
 53 28  1-16-12  6 29 61100132140130118107 92 80 80 90 99106116126121 9920 114AM 950140211412799999999999999 319-171528 7899999999999999
 74 53 31  9 -1  7 24 44 73107129131121112102 89 79 79 86 90 9510611410820 115AM103513322 711499999999999999 4 2 -11626 7899999999999999
 90 72 57 40 25 21 29 43 60 84109123122114106 97 85 76 74 76 77 82 92 9920 116AM11211242311 9999999999999999 448 201746 7499999999999999
 95 84 74 65 55 46 45 52 62 75 92109117114107101 92 80 70 65 63 63 68 7720 117AM1210117999999999999999999999 536 442031 6299999999999999
 85 87 83 80 77 72 67 67 72 79 88 98108112109102 94 85 72 60 52 48 48 5320 118AM 040 87125911299999999999999 630 672131 4899999999999999
 64 76 84 87 89 90 90 87 86 89 93 97102107109105 97 88 77 62 48 38 34 3420 119AM 514 90134910999999999999999 741 862219 3399999999999999
 41 55 72 86 94100104104101 99100101102104107108103 92 81 68 51 34 23 2020 120AM 636105144210899999999999999 912 992258 2099999999999999
 23 33 52 75 94105111115114109104104105105106109110102 89 74 58 39 20  920 121AM 72111515391109999999999999910311042333  899999999999999
  9 16 30 55 84106116120121117108103103106106108113113103 85 67 49 27  720 122AM 7451211635114999999999999991120102999999999999999999999
 -2  2 14 34 65 98119125124121113102 97101106107112118117102 81 60 39 1420 123AM 7 8125172712099999999999999 0 8 -21159 9799999999999999
 -5 -9  0 17 43 80114130129123116103 91 90 98105109117125120 99 74 53 2920 124AM 722131181312599999999999999 044-101235 8999999999999999
  3-13-10  5 26 58 97127134127117106 91 81 86 98106112122128117 92 67 4420 125AM 750135185512899999999999999 119-141311 8199999999999999
 19 -5-13 -3 15 40 75113134132120109 95 80 76 86 98106115126127109 82 5820 126AM 822136193412899999999999999 154-131347 7599999999999999
 36 11 -6 -5 10 30 57 93124133125112100 85 73 75 87 98106116125118 96 7220 127AM 855133201012599999999999999 227 -81423 7299999999999999
 51 30 10  1 10 26 47 75107127126115104 91 78 71 77 88 96104114118105 8320 128AM 928129204511899999999999999 258  115 1 7199999999999999
 63 46 28 15 16 28 44 64 90114123117107 97 85 74 71 78 85 91100108106 9120 129AM10 1123212110999999999999999 327 141543 7199999999999999
 73 58 45 32 28 34 46 60 79100115115108 99 91 80 71 71 75 79 85 93 98 9320 130AM103211722 2 9899999999999999 354 281633 7099999999999999
 80 68 58 49 43 44 53 64 76 91105111107100 93 85 75 68 67 68 71 77 84 8820 131AM11 21112253 8899999999999999 419 421745 6799999999999999
 83 74 68 63 58 57 62 70 78 87 98105105100 94 88 79 70 63 60 60 62 68 7520 2 1AM1130106999999999999999999999 444 571947 6099999999999999
 79 77 74 73 72 71 73 78 85 90 95101103100 93 88 82 73 62 55 51 50 52 5820 2 2AM 0 4 79115610399999999999999 5 7 712059 5099999999999999
 67 74 76 79 82 85 85 87 91 95 97 99101100 95 88 82 75 65 53 45 40 39 4120 2 3AM12211019999999999999999999992156 39999999999999999999999
 50 63 73 81 88 95 97 97 98100101100100100 98 93 86 78 69 56 43 33 27 2720 2 4AM11251019999999999999999999992241 26999999999999999999999
 32 45 62 78 92102107108106103102101100100100 99 94 86 75 62 46 31 19 1320 2 5AM 6381089999999999999999999992317 13999999999999999999999
 15 25 43 66 89106115117114108102 99 98100102103104100 89 73 55 36 17  320 2 6AM 6501171547104999999999999991131 982351 -199999999999999
 -1  6 22 46 76105122126122115104 94 91 95100104110114109 92 70 48 25  120 2 7AM 65312617 6114999999999999991153 91999999999999999999999
-14-13  1 23 54 92123134130121110 94 82 83 93101109120127118 93 66 40 1220 2 8AM 7 713418 112799999999999999 025-151226 8199999999999999
-15-26-17  3 30 68111138140129116 99 80 70 77 92103115132139122 91 61 3320 2 9AM 733142184913999999999999999 1 1-2613 2 7099999999999999
  1-25-29-13 11 42 86129146138122106 86 65 61 74 90103121141143120 86 5820 210AM 8 5146193514699999999999999 138-311342 6099999999999999
 27 -6-26-21 -1 24 59105140145129112 95 72 54 56 72 87101124143139112 8120 211AM 839146202114599999999999999 217-271423 5299999999999999
 55 26 -4-14 -3 17 42 77118141136117101 83 61 49 55 69 81 9812113612710220 212AM 91614221 813799999999999999 256-1515 9 4899999999999999
 78 56 30 10  7 21 39 61 93124134122106 91 73 55 47 53 63 73 9011212111120 213AM 953134215812199999999999999 336  616 0 4799999999999999
 93 77 61 43 32 35 47 61 80104122122109 95 82 67 52 46 49 55 64 79 9610320 214AM1030124225710399999999999999 416 3117 3 4699999999999999
 97 87 79 71 62 58 63 72 81 93107115110 98 86 75 63 50 44 43 46 53 66 7920 215AM11 6115999999999999999999999 455 581835 4399999999999999
 87 87 85 85 84 82 82 86 91 96101106106100 90 80 71 60 48 40 37 37 42 5220 216AM 028 87113410799999999999999 532 822023 3699999999999999
 65 76 83 89 95 99100101102104103103102 99 93 85 77 68 57 45 35 29 28 3220 217AM 9261049999999999999999999992145 28999999999999999999999
 42 56 72 85 96105111112111110108105101 97 95 91 84 76 66 55 42 29 21 2020 218AM 7 21129999999999999999999992242 20999999999999999999999
 25 36 54 75 94106114118118113108105102 98 95 95 94 87 76 64 52 36 21 1320 219AM 7271189999999999999999999992323 12999999999999999999999
 14 21 36 59 86106115119119115106100 99 98 96 96100100 91 76 62 48 28 1120 220AM 7441191636101999999999999991434 952356  699999999999999
  6 11 22 41 71101118121119115105 93 89 93 95 95100109108 93 75 59 41 1820 221AM 6451211727110999999999999991155 89999999999999999999999
  2  3 13 28 53 88117126121114105 90 78 80 88 94 98110119112 92 72 54 3120 222AM 65712618 911999999999999999 028  11223 7799999999999999
  8 -2  6 20 39 71108129127116106 91 74 66 75 87 94105120126111 87 67 4620 223AM 722130184712699999999999999 059 -21255 6699999999999999
 21  2  1 14 31 56 92123132121108 94 75 60 61 74 86 97113128125104 80 6020 224AM 750132192213099999999999999 130 -11327 5899999999999999
 37 13  4 12 28 47 76111131127112 97 80 61 52 60 74 87101121130118 94 7220 225AM 818132195713099999999999999 159  414 0 5299999999999999
 52 29 13 14 28 44 66 96122128116101 86 67 52 50 61 75 88106123123105 8320 226AM 845129203112699999999999999 226 121435 4999999999999999
 65 46 28 23 31 46 62 84110124119104 90 74 57 47 51 62 74 89108119112 9320 227AM 91112521 711999999999999999 251 221512 4799999999999999
 76 61 46 36 39 51 64 79 99116118106 92 80 65 51 46 52 61 72 88104109 9920 228AM 936119214710999999999999999 317 351553 4699999999999999
 84 73 62 52 50 57 69 80 93107114107 94 82 71 58 48 46 50 58 69 84 97 9820 229AM10 11142235 9999999999999999 343 491643 4599999999999999
 90 81 74 68 64 67 75 84 92101107106 96 84 74 64 54 45 44 47 54 64 78 8820 3 1AM10241082338 9099999999999999 412 641743 4499999999999999
 89 85 82 81 80 80 83 90 96100102103 97 86 76 68 60 50 42 41 43 48 57 6920 3 2AM1040103999999999999999999999 440 791850 4199999999999999
 80 84 85 88 92 93 94 97101103102100 97 90 80 71 65 57 46 39 36 37 41 4920 3 3AM 8581039999999999999999999992010 36999999999999999999999
 62 74 83 91 99104105105105106103100 97 93 86 78 71 64 54 43 34 29 28 3120 3 4AM 8411069999999999999999999992150 28999999999999999999999
 41 57 73 88101111115113110107103100 96 94 92 88 83 76 65 52 39 27 19 1720 3 5AM 6131159999999999999999999992246 16999999999999999999999
 23 36 55 78100115121121116109100 95 94 94 94 96 98 94 82 66 50 33 16  520 3 6AM 62212116 2 989999999999999912 2 942326  499999999999999
  6 17 34 59 90116128127121112 99 86 84 88 93 97106114108 89 68 48 25  220 3 7AM 62212817 8114999999999999991146 83999999999999999999999
 -7 -1 15 37 70108133135126116100 81 69 73 84 92104122132119 93 68 44 1420 3 8AM 636136175713299999999999999 0 3 -71212 6899999999999999
-10-14  0 20 48 89129144135120104 82 59 52 65 80 93115140146125 94 68 3920 3 9AM 7 2144184214799999999999999 039-151246 5299999999999999
  4-16-10  9 31 65111144146128109 88 60 39 41 59 76 96126153151123 93 6720 310AM 732149192615699999999999999 115-171324 3799999999999999
 34  2 -9  4 25 49 87130150139115 95 70 41 26 35 55 72 98133155145117 9220 311AM 8 5150201115599999999999999 152 -914 4 2699999999999999
 66 34 10  9 26 45 70107140144124101 80 54 28 21 33 50 69 9913214613210920 312AM 838146205714699999999999999 230  61448 2199999999999999
 90 67 42 29 36 51 67 90120137130108 87 67 43 24 22 33 46 66 9512212911720 313AM 912138214712999999999999999 3 7 291536 2199999999999999
102 90 74 59 55 64 75 87104122126113 93 76 58 39 26 25 32 43 62 8610511020 314AM 943127224911099999999999999 345 551633 2499999999999999
104 98 93 86 80 81 88 95102110116111 97 82 68 55 40 31 29 32 41 55 74 8820 315AM10 7116999999999999999999999 419 791748 2999999999999999
 94 96 98100100100102105107108108105 98 86 75 65 55 44 36 32 33 38 48 6220 316AM 9401089999999999999999999991920 32999999999999999999999
 75 85 94102108112114114113111106101 95 88 81 74 66 58 49 40 34 32 35 4220 317AM 6581149999999999999999999992056 32999999999999999999999
 54 68 84 98109116120120117112107101 94 88 84 81 76 69 61 52 42 34 29 3120 318AM 63412099999999999999999999922 9 29999999999999999999999
 39 51 69 89106115120121119111104 99 94 88 85 87 87 82 73 64 55 42 30 2620 319AM 6551221537 889999999999999914 5 852256 2699999999999999
 30 38 53 76100115119120118110 99 92 90 88 86 88 95 96 87 75 66 54 37 2520 320AM 6461201635 979999999999999914 7 852332 2499999999999999
 25 32 42 61 89113122119115109 95 82 80 83 84 87 97107104 90 77 66 49 3020 321AM 6 61221718108999999999999991144 79999999999999999999999
 22 27 36 50 75106124123115107 94 76 67 71 79 84 94110118108 91 77 62 4120 322AM 624126175711899999999999999 0 3 2212 7 6799999999999999
 24 23 33 44 63 94122129119107 95 75 58 56 67 77 87105124124108 89 74 5420 323AM 648130183212799999999999999 032 221235 5599999999999999
 33 23 30 42 57 82114132126111 96 78 56 45 51 65 78 96119133124104 86 6820 324AM 71313219 613399999999999999 1 0 2313 6 4499999999999999
 45 29 30 42 55 74103128131117 99 82 59 40 38 50 65 82107130134118 98 8020 325AM 737133194013699999999999999 126 271337 3699999999999999
 60 40 34 43 57 71 94120132122103 86 66 43 31 37 51 67 90117134128110 9220 326AM 8 1132201413599999999999999 151 3414 9 3199999999999999
 74 55 43 46 59 72 88110128126108 89 72 51 33 29 39 53 71 9712213011910220 327AM 824130205113199999999999999 216 421444 2899999999999999
 87 71 57 53 63 76 87103120125113 93 76 59 41 29 30 41 55 7510112012111020 328AM 847125213212399999999999999 244 531522 2899999999999999
 97 86 74 66 69 80 90100111119114 98 80 65 50 36 29 33 43 57 7710011311220 329AM 910120222211499999999999999 314 6616 7 2999999999999999
103 95 89 82 80 86 94101107112112101 84 69 58 46 35 31 35 44 58 76 9410420 330AM 930113232710599999999999999 347 801659 3199999999999999
104100 98 97 95 95100105107107106101 89 75 63 55 45 37 33 36 44 56 71 8620 331AM 847107999999999999999999999 427 941759 3399999999999999
 96100102105107107107109110108103 99 92 82 71 63 56 47 39 35 36 42 51 6420 4 1AM 75111099999999999999999999919 9 35999999999999999999999
 79 91100108114117116114112108103 97 92 87 80 73 67 59 49 40 35 33 36 4520 4 2AM 5 61179999999999999999999992048 33999999999999999999999
 58 75 92106117123123119114107101 96 92 89 88 87 83 74 64 52 41 31 27 3020 4 3AM 53312499999999999999999999922 6 27999999999999999999999
 40 55 75 98117126127124116105 94 89 88 88 90 96101 96 84 69 55 39 24 1920 4 4AM 53612816 51019999999999999912 8 882254 1999999999999999
 26 39 56 83112130132126118105 87 75 76 81 86 96112120111 92 75 57 34 1620 4 5AM 5381331659120999999999999991126 742333 1399999999999999
 15 26 42 64 98129140132120106 85 63 55 64 75 86107132138122 99 79 55 2720 4 6AM 5581401745139999999999999991152 55999999999999999999999
 11 17 33 51 79118145144126108 88 59 38 39 54 70 90122151151128104 82 5220 4 7AM 625148183015599999999999999 011 111226 3599999999999999
 23 14 28 45 65100138153138114 93 66 34 18 27 47 66 96137162154129107 8220 4 8AM 656153191416399999999999999 048 1413 4 1899999999999999
 50 26 28 45 62 85121150150125 99 75 44 14  7 22 42 6610414516114812610720 4 9AM 72915420 016199999999999999 125 241345  699999999999999
 82 54 40 49 65 81104135151137109 84 58 27  5  5 20 40 6810814315113812220 410AM 8 1151204815299999999999999 2 3 401429  299999999999999
106 85 65 62 73 86 99119139140119 93 71 46 20  6  9 22 41 7010613213612720 411AM 833142214113799999999999999 240 611517  599999999999999
117106 92 83 85 94102112124131122102 80 61 41 22 13 16 27 44 70 9811712120 412AM 9 0131225212199999999999999 318 821612 1399999999999999
118114110104101104110113116119117105 88 72 58 43 30 24 25 33 47 67 8810220 413AM 912119999999999999999999999 3551011719 2399999999999999
109112115116115115116117116113109102 92 80 69 60 49 40 34 33 39 49 64 7920 414AM 6541179999999999999999999991833 33999999999999999999999
 93104112118122123122120116111104 97 91 84 78 71 64 57 49 43 41 43 50 6120 415AM 4591239999999999999999999991958 41999999999999999999999
 75 90104115122125125122116109102 94 88 85 83 81 77 70 64 57 49 45 46 5120 416AM 5281269999999999999999999992122 45999999999999999999999
 61 75 92109120124125122114105 97 91 86 83 84 88 88 83 76 70 62 53 47 4820 417AM 5391251532 89999999999999991316 832218 4799999999999999
 54 64 79100117124123120113101 90 84 83 81 82 90 97 96 88 81 75 64 53 4820 418AM 5161241623 98999999999999991318 812258 4899999999999999
 52 59 69 89112125124118111100 84 74 74 76 79 87101108103 93 86 77 63 5120 419AM 52512617 4108999999999999991129 732331 5099999999999999
 51 57 65 79102123128120110 99 81 65 61 66 73 81 98114117107 97 88 74 5820 420AM 5461281741118999999999999991149 60999999999999999999999
 52 56 64 74 94118131125112 99 82 61 49 52 62 72 89113127123110 98 86 6920 421AM 6 9131181612899999999999999 0 0 521215 4899999999999999
 56 56 65 74 88111130131117101 84 61 42 37 47 60 77103128135124110 97 8020 422AM 632133184913699999999999999 026 541244 3799999999999999
 63 57 65 75 86105127135124105 87 65 41 28 32 46 63 88119139137123108 9320 423AM 654135192314199999999999999 051 571313 2799999999999999
 74 62 65 77 87101121136131111 91 71 46 26 21 31 47 6910113114313411910520 424AM 716136195914399999999999999 116 611345 2099999999999999
 88 71 67 77 89100115132135119 96 76 55 32 18 20 33 52 7811213714012911520 425AM 739136203814199999999999999 144 671420 1799999999999999
101 86 75 79 90101111124133125104 82 63 43 24 17 23 38 58 8711813513412320 426AM 8 4133212313699999999999999 215 751458 1799999999999999
112101 89 85 92103110118126125110 89 70 54 36 23 20 28 43 64 9111712812620 427AM 828127221612999999999999999 250 851543 2099999999999999
119112105 98 98105112116118119113 97 78 63 49 36 27 26 34 48 67 9111112120 428AM 843120232712199999999999999 331 971634 2599999999999999
121118115113109110113116115113109101 87 72 60 50 40 32 32 39 51 67 8710420 429AM 717116999999999999999999999 4271091733 3199999999999999
114118120122121118117116115110105100 93 82 72 64 55 46 38 37 42 52 65 8220 430AM 3201229999999999999999999991840 37999999999999999999999
 99112120125128127122117113107101 96 93 90 85 78 71 62 52 44 41 44 51 6320 5 1AM 41712899999999999999999999920 3 41999999999999999999999
 79 98114125130131127119110102 96 92 90 91 94 95 89 80 70 60 49 43 44 5220 5 2AM 4401311433 959999999999999912 4 902122 4299999999999999
 64 80101121132133128121109 95 85 82 83 86 94105109102 90 79 66 52 43 4520 5 3AM 43613315511109999999999999911 9 822217 4299999999999999
 55 68 86111132137131121109 90 72 65 69 75 85103122126115101 88 71 52 4320 5 4AM 45013816451279999999999999911 2 6523 1 4399999999999999
 50 62 75 97126143139123109 91 66 47 46 57 68 87116140141126110 95 73 5120 5 5AM 5151441732144999999999999991131 442341 4699999999999999
 47 59 72 87114142150134112 93 68 39 24 31 47 64 93132155151133118 99 7220 5 6AM 54615018191579999999999999912 7 24999999999999999999999
 54 57 71 84102131153148124 99 75 44 15  8 21 40 6410314516315413712210020 5 7AM 61915519 516399999999999999 020 531246  799999999999999
 74 63 72 86 98119145156140111 85 57 24  1  1 16 37 6811315116315213712220 5 8AM 653156195316399999999999999 059 631329 -299999999999999
100 80 77 88101113132151149125 97 71 42 13 -3  1 17 40 7511914915514613420 5 9AM 727153204415699999999999999 138 751414 -499999999999999
120102 90 93104113123138146135110 84 61 35 11  1  7 23 47 8111814114413820 510AM 758146214214599999999999999 218 9015 4  199999999999999
130120108103108116121128134133118 96 75 55 35 18 12 18 32 55 8511313013420 511AM 825135225313499999999999999 2591031557 1299999999999999
131128122116115118122123124123117103 86 70 56 41 29 25 30 43 62 8510712120 512AM 821124999999999999999999999 3471151654 2599999999999999
126127127126123122122121119114110103 93 81 71 61 50 41 38 42 52 67 8410220 513AM 1381279999999999999999999991753 38999999999999999999999
115122126129129126123119115109103 98 94 88 81 75 67 60 53 51 53 60 71 8520 514AM 3261299999999999999999999991859 51999999999999999999999
100113122128130128124117110104 98 93 90 89 88 85 80 75 69 64 61 61 67 7620 515AM 4 21309999999999999999999992019 60999999999999999999999
 87102116125129128124116107 98 91 87 86 87 90 93 91 87 82 78 72 68 68 7320 516AM 4121291510 93999999999999991213 862127 6799999999999999
 81 92106121128128123116105 92 83 80 80 82 88 96101 98 93 89 85 78 73 7520 517AM 42312916 7101999999999999991131 802215 7399999999999999
 80 87 98114126129123114104 89 75 70 71 75 82 94106109105100 96 89 81 7820 518AM 4421291650110999999999999991113 692253 7899999999999999
 81 87 94107123130125115103 88 70 59 59 64 73 87105118118112106100 90 8220 519AM 5 31301729119999999999999991131 582323 8299999999999999
 83 89 95104119130129118104 88 69 51 46 51 61 76 98120129125117110 99 8820 520AM 52413118 5129999999999999991156 462349 8499999999999999
 85 90 96103116130134123107 90 70 48 35 36 46 62 85114134137129120109 9520 521AM 5451341839138999999999999991223 34999999999999999999999
 86 89 97105114129138131113 94 74 50 30 24 31 46 68 9913014414113112010520 522AM 6 7138191414599999999999999 016 861253 2499999999999999
 91 88 96105114126139139123101 80 57 33 17 18 31 50 7811414214914113011720 523AM 632141195114999999999999999 045 871326 1699999999999999
101 90 93104114123135142133111 88 66 43 21 12 18 34 57 9012614814913912720 524AM 7 0142203215099999999999999 118 9014 2 1299999999999999
113 99 94101112121130139138123 98 76 55 33 16 12 22 40 6610013214714513520 525AM 731140211814899999999999999 154 941443 1299999999999999
125113103102110119126132135129110 87 67 49 30 17 17 29 48 7410513114213920 526AM 8 1135221214399999999999999 2361011529 1699999999999999
132125116110111117123126127127118100 80 63 48 33 23 25 37 55 7910612713620 527AM 826128231513799999999999999 3261091620 2399999999999999
135131127122117117120122120119116108 93 77 65 52 40 32 35 45 61 8110412320 528AM 654122999999999999999999999 4331161715 3299999999999999
132133132131127121118118115111109107102 92 80 70 60 49 42 44 53 65 8210320 529AM 0421339999999999999999999991816 42999999999999999999999
120130133134133127119113108104100100102101 96 87 79 70 60 53 54 60 71 8620 530AM 3 31341223102999999999999991034 991926 5299999999999999
104121132135134130122111100 94 91 90 93100106104 98 90 81 71 63 62 68 7820 531AM 3121351419106999999999999991046 892038 6299999999999999
 91108125135136130122111 95 82 77 77 80 89103115116109101 93 82 72 70 7720 6 1AM 3301371536117999999999999991025 762138 7099999999999999
 87 98115133140134122110 94 74 60 59 64 72 88111128129121113104 90 78 7920 6 2AM 3581401634130999999999999991039 582228 7799999999999999
 87 96107126142142128112 96 74 50 39 42 52 67 91122141141132124112 95 8420 6 3AM 4321441726143999999999999991112 382313 8499999999999999
 88 98106118137150141120100 79 52 28 21 29 44 65 99135153150141132116 9720 6 4AM 5 71501816154999999999999991151 212355 9099999999999999
 90 97108116130148153137111 87 62 32 10  9 21 40 6911014716115514513411620 6 5AM 54415419 5161999999999999991234  7999999999999999999999
 99 96107117126140155151128100 75 47 18  1  4 19 42 7712115416215514513220 6 6AM 622156195316399999999999999 038 951319  099999999999999
114102104115124133147154144118 90 65 37 11 -1  6 23 49 8712815515915114120 6 7AM 659155204216099999999999999 11910114 5 -199999999999999
129114107112122130137147148132107 82 58 33 12  5 14 33 60 9613115115214520 6 8AM 736149213215399999999999999 2 21071452  599999999999999
136126115112119127131136140136119 97 76 56 35 19 17 27 45 7010213014414420 6 9AM 811140222614599999999999999 2461121539 1699999999999999
139133125118118122127128129130123108 89 73 58 42 31 32 42 58 8010612713720 610AM 842130232713899999999999999 3371171626 3099999999999999
137135131126121120122122120119118111 99 86 75 63 52 46 48 57 70 8810812420 611AM 633122999999999999999999999 4421191713 4599999999999999
132133133131126120117116112109108107102 94 86 79 70 63 60 63 70 80 9511120 612AM 1 113399999999999999999999918 0 60999999999999999999999
123130132132129123116110105101 99 99 99 97 94 90 85 79 75 74 76 81 9010120 613AM 2261339999999999999999999991852 74999999999999999999999
113123130132130124116107 99 93 90 90 92 95 98 98 95 92 89 86 85 87 91 9820 614AM 3 11321431 98999999999999991024 8920 2 8599999999999999
107117125130130125116106 95 85 80 80 83 89 96102104103101 99 96 95 9610020 615AM 3271311559104999999999999991031 792111 9599999999999999
106113121128130125117105 92 80 71 69 72 80 9110211011311111010710410210420 616AM 3491301659113999999999999991049 6922 210299999999999999
107112118125129127118106 92 76 63 58 60 67 80 9711212112212011711210810720 617AM 4 71291744122999999999999991113 58223910799999999999999
110114118125130130121108 93 76 59 48 47 53 66 8610812513213112712111310920 618AM 4261311817132999999999999991139 46231310999999999999999
110115119125132135128113 97 79 59 42 35 38 50 69 9612313814113713012011120 619AM 44913518451419999999999999912 7 35234610899999999999999
108113120125133139137123104 85 64 42 27 25 34 51 7811113814914714012911620 620AM 5201401915149999999999999991238 24999999999999999999999
107109117125132141145137117 94 72 49 27 16 20 34 57 9012515015514913812520 621AM 555145194915699999999999999 0221071313 1599999999999999
112105111121130138147147133108 84 61 36 16 10 20 39 6610213815715714713520 622AM 634149202715999999999999999 1 11051351 1099999999999999
121109106115126134142149145126 99 75 52 29 12 11 25 46 7611314515815314320 623AM 71614921 915899999999999999 1431051432  999999999999999
131119109109119129135142146139117 92 69 48 27 14 18 34 56 8512014715514820 624AM 8 1146215415599999999999999 2281071516 1499999999999999
139130119111113122128132137140130109 87 68 50 31 23 29 45 65 9312414514920 625AM 851140224515099999999999999 31911116 3 2399999999999999
143137130120113115120122124128131122104 87 72 56 41 36 43 57 75 9912514220 626AM 948131234014599999999999999 4201131653 3699999999999999
144140135129120113111112112113118122116103 90 79 66 55 52 58 70 8510512620 627AM1055122999999999999999999999 5431111747 5299999999999999
139140137133126116107102100 99102109114113106 98 90 80 71 69 74 83 9511120 628AM 039141121811599999999999999 9 0 991848 6999999999999999
127137138134128120108 96 88 85 85 90100110114112107102 95 88 85 89 9610520 629AM 13513914 211499999999999999 929 851955 8599999999999999
117130138137129121110 95 80 71 70 72 80 95110120121119116110102 9910210820 630AM 221138153812199999999999999 950 7021 1 9999999999999999
114123134139135123111 97 79 62 54 55 61 73 9311512913213112812211310911220 7 1AM 3 41391655132999999999999991022 5322 010999999999999999
118122129139142133117101 84 62 44 38 42 51 69 9612414014314113812911811420 7 2AM 34614217511439999999999999911 2 38225311499999999999999
119124128136145145130110 91 70 46 28 24 32 46 7010413515115214814213011820 7 3AM 4301461832153999999999999991145 24234011699999999999999
116123129134142150146127103 82 58 32 15 15 27 46 7611514715915715014112720 7 4AM 5161511910160999999999999991228 13999999999999999999999
115116126133139148155146122 96 73 47 21  8 13 29 52 8712815716315614713620 7 5AM 6 1155194816399999999999999 0251141311  899999999999999
121112117128135142152156142115 90 66 40 16  8 17 36 6310013916116115114120 7 6AM 646156202716399999999999999 1 71121354  899999999999999
129115110119130136143153152134107 84 61 36 17 15 28 48 7611314616015514420 7 7AM 72915421 716099999999999999 1481101434 1399999999999999
135122111111121130135142149143123 99 79 58 37 25 29 43 63 9012314815414620 7 8AM 811149214815499999999999999 2291091514 2499999999999999
138129118110113122127131137140131112 93 77 59 43 38 46 59 7710313014514620 7 9AM 851141223114799999999999999 3131101552 3899999999999999
139133125115111114118121124129129119103 90 77 64 55 55 63 75 9111313214120 710AM 932131231614199999999999999 4 31111628 5499999999999999
139135129122113110110111112116120118109 99 90 81 73 69 72 80 9010312013220 711AM1017120999999999999999999999 51211017 2 6999999999999999
136135131126118110105103102103107110109104 99 94 89 85 85 88 9410211312420 712AM 0 5136111611199999999999999 8131021731 8499999999999999
131133131128121112103 97 93 91 93 99103105104103101 99 97 9910210611212020 713AM 053133125410599999999999999 856 911759 9799999999999999
127130130128123114103 93 86 81 81 85 9310010510811011111010911111311612020 714AM 126130163911199999999999999 936 80184010999999999999999
125128129127123116105 92 81 73 70 71 79 9010111011612012112011912012112220 715AM 1451291747121999999999999991013 6920 511999999999999999
125128129128124118108 94 80 68 61 59 64 76 9110711912713113012812512412520 716AM 2 81291820131999999999999991048 59215912499999999999999
126128131131129122112 98 82 67 55 48 50 59 76 9711713113914013613112612520 717AM 2461311841140999999999999991121 48225812599999999999999
126129132134135130120105 88 70 53 40 37 43 58 8010713114514814513813012320 718AM 3411351855148999999999999991152 37233712299999999999999
122126131136139140133118 98 78 57 38 27 28 40 60 8912114615615314613512420 719AM 4421411912156999999999999991225 26999999999999999999999
117119127135140147148136114 91 68 45 24 16 23 41 6710113715916215314212920 720AM 538148193816399999999999999 01511713 0 1699999999999999
116111118129138146154154136109 83 59 33 13 11 25 47 7711615116716214913720 721AM 630156201016799999999999999 0531101337 1099999999999999
121108106118131140150160156133103 77 52 25 10 14 33 57 8913016116815714320 722AM 718161204616999999999999999 1341051416  999999999999999
130114102105119131139152162153126 98 74 49 24 15 25 44 6910214116416315020 723AM 8 6162212516699999999999999 2171011457 1599999999999999
137124108 99106118126136150157145119 95 75 51 32 28 41 59 8211514716115520 724AM 85515722 616199999999999999 3 4 991539 2799999999999999
142132119104 98104112118128143148135114 96 80 60 47 48 60 76 9612414815420 725AM 947148225015499999999999999 357 981624 4699999999999999
146136127114101 95 98102107118132135126112101 89 76 68 71 81 9310913014520 726AM1046136233514799999999999999 5 3 951712 6899999999999999
146138130121109 96 89 88 90 95106119124121114109103 95 90 9310010812013320 727AM12 2124999999999999999999999 640 8818 6 9099999999999999
141140132124114102 89 80 76 77 82 9310711712012012011811311011211612112720 728AM 022142145812099999999999999 819 76191211099999999999999
134138135127118107 94 80 69 64 65 70 83 9911412312813113212912512512712920 729AM 1 9138173913299999999999999 922 64203612599999999999999
131134136133124113100 86 70 57 52 53 61 76 9711713113814214313913413113220 730AM 1591361837143999999999999991014 5122 313199999999999999
133133135137133123108 94 77 59 45 40 44 55 7410012514214815014814213413120 731AM 25913719 61509999999999999911 0 40225913199999999999999
133135135138141137123105 88 69 49 34 31 39 54 7710913815315515314813812820 8 1AM 4 61411844155999999999999991141 31233912699999999999999
127132135137142147141122101 83 61 38 24 27 39 57 8612315216015615014212820 8 2AM 5 514719 0160999999999999991220 23999999999999999999999
118121130135139148154143120 97 77 53 29 20 28 44 6610113916216215314413120 8 3AM 555154192816599999999999999 0161181258 2099999999999999
116109118129135143155158141115 92 71 44 24 22 36 54 8011815316615814613520 8 4AM 64015920 016699999999999999 0531091334 2099999999999999
119104104117129136147160156134108 87 64 39 26 32 48 68 9713516116215013820 8 5AM 721161203316599999999999999 13010214 9 2699999999999999
125108 98104118127136150159148124101 82 60 40 36 48 64 8411514616015414120 8 6AM 8 015921 716099999999999999 2 7 981442 3699999999999999
129115101 97106117125136149151136114 95 78 60 49 53 66 8110212915015314420 8 7AM 838152214015499999999999999 245 961513 4999999999999999
132121108 97 98106113121133143139123106 93 79 67 64 72 84 9711713714814420 8 8AM 915143221114899999999999999 327 961542 6499999999999999
135126115103 96 97102108116128133126114103 94 84 79 82 9110011212714014220 8 9AM 957133224014299999999999999 417 9516 8 7999999999999999
135127120109 99 93 94 96101110120122117110105100 95 9510010711412213213720 810AM104712323 613799999999999999 524 931634 9499999999999999
134128121114104 94 88 87 88 9310311211411311111110910811011411912312913320 811AM1158114232913499999999999999 7 7 8717 210899999999999999
133128122116108 98 87 81 79 80 85 9610511111411712012112112212612812913120 812AM2351132999999999999999999999 819 79999999999999999999999
132129123117111102 90 80 73 70 71 78 9010211111912613113213113213313213120 813AM1737132211113399999999999999 919 7019 813199999999999999
131130126120114106 95 82 71 64 61 63 72 8710311712913814114013713613413220 814AM18 61419999999999999999999991013 61999999999999999999999
131131130126120113102 88 74 62 54 51 55 69 8710812714114814814413813413120 815AM18261499999999999999999999991056 51234513099999999999999
130131132132130125114 98 82 65 51 41 41 50 68 9211814115415515014313412620 816AM 2211321837155999999999999991132 40234312499999999999999
125128132135139139132114 94 75 55 37 29 34 49 7210113415716215614713612220 817AM 44114018501639999999999999912 6 28999999999999999999999
115119128134141150152138113 90 67 43 23 20 33 53 8011715216916515314012420 818AM 540153191317099999999999999 0 91151240 1999999999999999
108104115128137149163162140111 86 60 31 14 19 38 61 9313616817416014512920 819AM 629166194217599999999999999 0421031316 1399999999999999
109 93 96113127139159174167138108 82 53 24 14 27 49 7411115317717015213520 820AM 714175201417799999999999999 120 921353 1499999999999999
116 94 83 93110124141165178164133105 80 50 27 26 43 64 9012916517516014120 821AM 759178204917699999999999999 2 0 831431 2399999999999999
124104 82 77 90105119140165172154127105 82 55 41 47 64 8310814316716514720 822AM 846173212617099999999999999 244 771511 4099999999999999
130114 93 76 75 87 98112135157159143123107 89 70 64 73 8610112414916115220 823AM 93516122 316199999999999999 332 741552 6499999999999999
135120105 87 74 74 81 90104125142143133122113101 91 90 9810711813314815020 824AM1033145223915199999999999999 430 731635 8999999999999999
139125113 99 84 73 71 74 81 9411212613012712412211811411411912412913714220 825AM1153130231214299999999999999 549 71172311399999999999999
139129118107 96 83 72 67 67 72 82 9811212112613013413413313213413513513520 826AM1635135232613599999999999999 728 66183713299999999999999
135131123114105 94 81 69 62 60 63 72 8710411813013914514714514214013813520 827AM1755147999999999999999999999 854 60999999999999999999999
132130127121113104 92 79 66 56 53 56 65 8110212213814715215314914313913620 828AM183815399999999999999999999910 2 53999999999999999999999
132129128128124115104 91 77 61 50 47 52 63 8210713214715315515214513613120 829AM18571559999999999999999999991051 46999999999999999999999
131130128130134130118103 89 73 55 43 43 51 65 8811914515615515214613412320 830AM 411134182115699999999999999 2 41281129 4123361219999999
122126127129137143137119102 87 67 46 37 43 55 7210113615715915214513411720 831AM 5 514318331609999999999999912 3 37999999999999999999999
109114123127134147153140118100 83 59 39 37 48 63 8511915316415614513411720 9 1AM 549153185816499999999999999 0 41091236 3699999999999999
101 99110121128142158157137114 97 75 50 37 44 58 7510213916416314913512020 9 2AM 630161192716699999999999999 035 9713 8 3799999999999999
100 88 94109120132151164155131109 91 67 47 44 56 72 9112215416615513812320 9 3AM 7 7165195616699999999999999 1 9 881338 4299999999999999
105 86 82 94109121138158163146123104 84 63 51 58 72 8811014016115914312720 9 4AM 743164202416399999999999999 143 8114 7 5199999999999999
111 91 78 81 95108123143159155135115 98 80 65 64 76 8910512815115814713020 9 5AM 818160205015899999999999999 218 771434 6399999999999999
116 99 82 76 83 95107125145153142125110 96 82 76 82 9410612114015214813320 9 6AM 855153211415299999999999999 255 761459 7699999999999999
119106 90 78 76 83 93106125140142131118108 98 91 9210111012013214414513520 9 7AM 935143213714699999999999999 336 751524 9099999999999999
121110 98 84 76 76 82 9010412113213112411711210610410811612312913714013520 9 8AM1023133215814099999999999999 426 75155210499999999999999
123112103 92 81 75 75 79 8710011512312412112012011811912312813113313513320 9 9AM1129124221113599999999999999 528 74162411899999999999999
125114105 98 89 79 73 72 75 82 9410811712012312813013013113313513413213020 910AM20 6135999999999999999999999 638 72999999999999999999999
126117108102 95 86 76 70 68 70 76 8810211312213013814114013913913713312920 911AM1712141999999999999999999999 755 68999999999999999999999
126121114107102 94 83 73 66 63 63 69 82 9911412814014814914614213813312820 912AM1740149999999999999999999999 924 62999999999999999999999
125123120116111104 93 80 69 60 54 55 64 80 9912013915115415214613813012520 913AM17581549999999999999999999991023 54999999999999999999999
124124124125125120108 93 78 63 50 44 49 62 8110513215215915614913912611720 914AM 33412518 415999999999999999 03112411 4 4423361169999999
116120124129136139129111 92 74 54 38 35 46 63 8611815016516215214112510820 915AM 4471391816166999999999999991139 34235410299999999999999
102108118126138153155137113 91 68 43 28 32 49 70 9913816717115814312710420 916AM 5351571839173999999999999991214 27999999999999999999999
 87 88103116130153171167141113 90 61 33 25 38 58 8211715817916914913010820 917AM 62017319 717999999999999999 025 851250 2499999999999999
 81 68 79 98114136167184170140114 88 55 31 33 52 72 9913917418015913511520 918AM 7 3184193918299999999999999 1 1 681326 2999999999999999
 87 61 56 73 93112143176186166137113 86 56 41 51 71 9011915617917014412120 919AM 748187201217999999999999999 140 5514 3 4199999999999999
 98 70 49 52 69 87111146176178157134114 90 67 62 76 9211013616417215412820 920AM 834181204517299999999999999 223 471441 6199999999999999
107 84 59 46 51 66 83108142165163147132117 99 86 8910111312614616115613620 921AM 924167211816299999999999999 3 9 451520 8599999999999999
115 97 76 57 48 53 63 7910313114714613813212411511011412212813614614913920 922AM1024149214615099999999999999 4 4 4816 011099999999999999
121105 91 75 60 53 55 62 75 9511613013313413513413213113413613713813913520 923AM1421135215013999999999999999 515 53164413199999999999999
125112100 90 78 66 58 57 61 70 8510311712613414114514614514414213813412920 924AM1649146999999999999999999999 646 57999999999999999999999
124116108100 92 82 71 62 58 59 66 78 9311012513814815315315014513913312620 925AM1737154999999999999999999999 819 58999999999999999999999
120117114110104 96 86 75 65 58 57 63 74 9111113114515215515314613813012420 926AM18 6155999999999999999999999 937 57999999999999999999999
119115116118116109100 90 78 65 56 56 63 75 9411914015115315214613512411820 927AM 31311818 315399999999999999 1251151029 5599999999999999
116114114120126123113102 92 77 62 54 58 66 8010413215015314914413311810720 928AM 414126174415499999999999999 13011311 7 5423271069999999
107110112118130137129115103 91 73 57 55 63 73 90119147157151142132115 9820 929AM 45813718 0157999999999999991138 542348 9399999999999999
 93100107113127143146132115103 87 66 55 60 70 83106137158157143131116 9520 930AM 53814718241609999999999999912 9 55999999999999999999999
 81 84 96105118139155149130114100 80 61 58 69 81 97125153162149133117 972010 1AM 615155185016299999999999999 017 801238 5799999999999999
 75 69 80 94108128152160147127111 94 73 62 68 82 951151431611561371191002010 2AM 650161191616299999999999999 048 6913 5 6299999999999999
 77 61 64 79 95114140161159141122106 87 71 70 83 961101331551591431231052010 3AM 725163194016099999999999999 120 601331 6999999999999999
 83 62 55 64 80 97122150161152133117101 84 77 85 981111261471571481281092010 4AM 8 016120 215799999999999999 152 551356 7799999999999999
 90 69 54 54 66 82102130152155142127113 99 88 901021131241381511491321122010 5AM 837157202315299999999999999 226 521422 8799999999999999
 95 77 60 52 57 69 84108134148146134123113103 991061161251331431461351162010 6AM 918149204414699999999999999 3 4 521450 9999999999999999
 99 85 70 57 54 60 71 871101311401361291231171121131201281321361391341202010 7AM10 7140205913999999999999999 347 53152211199999999999999
103 90 79 67 58 57 62 72 881081251311301281271261241261311341341331301212010 8AM1115132192813499999999999999 439 5616 012499999999999999
108 95 86 77 68 60 59 64 73 861031171251281321351361351361371351311261202010 9AM19 3137999999999999999999999 540 59999999999999999999999
111101 92 86 79 70 63 61 64 70 81 97111122131138144145142140136131124118201010AM1639145999999999999999999999 649 61999999999999999999999
113107100 94 89 81 72 64 61 61 66 77 92109124137147150149143137129122116201011AM17 8150999999999999999999999 820 60999999999999999999999
112110108106102 95 84 73 64 57 56 62 74 91112132147153152146137125116111201012AM1720153999999999999999999999 940 56999999999999999999999
109109112118119113101 88 74 61 51 51 60 75 95121145156155148138123107 99201013AM 344119172115799999999999999 0231091029 502318 989999999
100104110121134136123106 91 74 55 45 50 63 80105136159161150138122100 83201014AM 43813717361629999999999999911 8 442335 8099999999999999
 81 90100114136154151132112 94 70 48 42 54 71 90121155169159140123100 73201015AM 52315518 1169999999999999991145 42999999999999999999999
 59 67 82 98122154172162138116 94 65 45 48 65 83106141171172150126104 74201016AM 6 8172183117599999999999999 0 6 591222 4399999999999999
 46 41 56 76 98133170182165140119 93 63 51 62 80 98125160178164135109 82201017AM 65218219 317899999999999999 042 401259 5199999999999999
 49 27 30 50 71100143178182162141120 93 69 66 81 98116143170173149118 93201018AM 737184193517699999999999999 121 251337 6499999999999999
 63 32 18 27 46 69104147175173156139121 98 83 88102116131154168158131103201019AM 82517820 816899999999999999 2 4 181415 8299999999999999
 79 51 26 19 29 46 70106144163160148137124109103110121130141154155139114201020AM 918164203715799999999999999 251 18145410399999999999999
 91 70 47 30 26 34 49 72104133147147142137130123122128133137141144138121201021AM1024148205614499999999999999 345 26153512299999999999999
101 84 68 52 39 36 42 54 73 97120132137138140139137137138138136133129121201022AM1410140183213999999999999999 450 36163213699999999999999
108 95 84 73 61 51 47 49 58 72 90109122132139144146145143140135128121115201023AM16 8146999999999999999999999 6 5 47999999999999999999999
109101 94 87 80 71 62 56 56 61 71 86103119132141148149146140133125116109201024AM1651149999999999999999999999 730 56999999999999999999999
105103101 98 94 87 79 70 64 61 64 72 85103121136145148147140130120111105201025AM1712148999999999999999999999 856 61999999999999999999999
100100103107105100 93 86 76 68 65 68 76 89108129142146144139128114103 98201026AM 31410717 214699999999999999 037 99 956 6599999999999999
 96 95100110115112105 99 91 79 70 68 74 82 96118138146143136127111 95 87201027AM 4 711517 414699999999999999 041 951036 682320 879999999
 88 90 95106120124117109102 92 78 71 74 81 90108131146145135125110 90 76201028AM 44812417231489999999999999911 9 712334 7499999999999999
 75 81 87 99118132131121112104 90 76 74 82 90101122143149139124110 90 69201029AM 5261341747150999999999999991139 74999999999999999999999
 60 66 77 89109132142135123114101 85 77 81 91100115137151145128110 91 68201030AM 6 2142181115199999999999999 0 0 6012 6 7799999999999999
 51 51 62 76 96123145148136124112 96 82 81 91101113131149150134114 94 71201031AM 637149183415299999999999999 029 491232 8099999999999999
 48 39 46 61 80108138153148135122107 91 84 91102113126144152141119 98 762011 1AM 712154185515299999999999999 059 391258 8499999999999999
 51 34 34 46 64 89122148155145131118102 90 91102114124138150146126103 822011 2AM 748156191715199999999999999 131 321324 8899999999999999
 59 38 28 34 49 70100133152151140127114100 95102114124133144146132109 882011 3AM 826154193914799999999999999 2 4 281353 9599999999999999
 68 47 31 29 38 54 78109137149145134124113104105114124130137141135116 942011 4AM 9 814920 014199999999999999 240 28142610399999999999999
 76 59 42 32 33 44 61 851131351421381311241171131161241301321341321201012011 5AM 95914220 813499999999999999 322 3115 411399999999999999
 83 69 55 43 36 39 50 66 881121291351331311281251231261301311291251191072011 6AM11 7135184613199999999999999 410 36155512399999999999999
 91 77 67 57 47 43 46 55 69 881081231301321341351331311301301261201141072011 7AM1457135999999999999999999999 5 6 43999999999999999999999
 98 87 77 70 62 53 49 51 59 70 851031191281341391401381331291241171091042011 8AM1556140999999999999999999999 6 9 49999999999999999999999
100 95 89 82 76 68 60 54 55 60 70 84101118131139143142137128119111104 992011 9AM1625143999999999999999999999 724 542355 9799999999999999
 97 99100 97 92 84 75 66 59 57 61 71 85103122137143143138129115102 94 91201110AM 152100162514499999999999999 847 572338 9099999999999999
 91 94103111110103 93 83 71 60 57 64 75 89110132145145138128113 95 80 76201111AM 329112162914799999999999999 947 572256 7699999999999999
 79 84 96114127125114102 90 74 61 60 69 82 97121144152142128113 91 68 55201112AM 4241281652152999999999999991034 582315 5599999999999999
 58 68 80102129144139125112 96 75 61 65 78 91110137156153134113 93 65 39201113AM 5121451721158999999999999991115 612347 3399999999999999
 33 44 59 79112146159149133119 98 75 66 75 90104125152163148121 97 70 38201114AM 5581591754163999999999999991155 66999999999999999999999
 15 17 33 53 83125160168155139122 98 77 75 89103117141163162137106 79 48201115AM 645169182816699999999999999 025 131235 7399999999999999
 16  0  8 27 51 89136167169155141123 99 84 89103116131152164152122 92 64201116AM 73317119 316499999999999999 1 7  01315 8399999999999999
 31  3 -6  6 26 55 97141165164152139122103 96104117127140154156137107 79201117AM 823167193615899999999999999 152 -61355 9599999999999999
 52 23  1 -2 10 31 61102139157154146136123111109117126133141147141120 93201118AM 91815720 714799999999999999 240 -3143710899999999999999
 70 47 24  9  8 20 40 68103132145144139134126120120126131132134133123105201119AM1022146202513499999999999999 332  7152511999999999999999
 84 67 49 32 22 22 32 49 73100123134136135134131127127129128124121117108201120AM1157136181712999999999999999 427 21163412799999999999999
 94 80 68 56 44 37 37 45 58 76 97116126131134136134130127124118112107103201121AM1458136999999999999999999999 525 36999999999999999999999
 97 89 81 74 65 57 51 51 56 65 79 96112123131135136133127120113105 98 94201122AM1546136999999999999999999999 629 50999999999999999999999
 92 91 88 85 80 75 69 64 63 66 72 83 97112125132134133127118107 98 91 86201123AM16 5134999999999999999999999 748 632347 8599999999999999
 85 88 91 93 91 88 84 79 74 72 74 80 89102116128133131125116103 90 82 78201124AM 254 9316 813399999999999999 9 3 722344 7799999999999999
 77 80 88 96100 98 95 92 87 81 79 82 87 95108123132131124115101 85 72 67201125AM 4 0100162313299999999999999 955 792315 6799999999999999
 68 72 81 94105108105102 99 92 86 85 89 95103116129132125113100 83 65 56201126AM 4461081643132999999999999991034 852325 5599999999999999
 56 61 71 87105116115112108102 94 89 91 97102112126133128115100 83 62 46201127AM 52611717 61339999999999999911 7 892349 4299999999999999
 42 48 59 75 99119126122117111102 93 92 98104111123133133120103 84 63 41201128AM 6 31261727135999999999999991135 91999999999999999999999
 31 33 44 61 86114131133127120110 98 93 97104111121133137127108 88 66 42201129AM 638134174913799999999999999 016 3012 2 9399999999999999
 24 20 29 45 69101129141137129118105 94 94103111120131139134116 94 72 48201130AM 711141181213999999999999999 045 201230 9399999999999999
 24 12 15 29 50 82117140145138127114100 93 99109119128138140126103 79 562012 1AM 746145183914199999999999999 116 1213 1 9399999999999999
 32 13  7 16 34 60 96129145144135123109 98 96105116125133139133114 89 662012 2AM 82314719 713999999999999999 150  71335 9599999999999999
 43 22  8  8 21 42 72107135145140130119107100103113122128133134122100 762012 3AM 9 4145193513499999999999999 227  6141410099999999999999
 55 36 18  9 14 29 52 81112135140135126118110106110118124126127123109 882012 4AM 952141195712799999999999999 3 8  915 010699999999999999
 67 50 34 20 15 23 39 60 86114131135130125120114112115119120119117111 982012 5AM1046135184212099999999999999 353 15155811299999999999999
 80 63 50 38 27 25 33 47 66 891121271301281261241191151151151121081051012012 6AM1152130999999999999999999999 442 24999999999999999999999
 91 77 65 55 45 36 36 43 55 71 90110123128128128125119112108104 99 95 952012 7AM1431128999999999999999999999 536 35999999999999999999999
 94 88 79 71 64 55 48 47 53 62 75 92110123128129127122113103 95 89 85 842012 8AM1446129999999999999999999999 638 462243 8499999999999999
 88 92 92 87 81 75 67 60 57 62 70 81 96113125129127122113100 86 76 72 712012 9AM 130 9315 212999999999999999 751 572247 7199999999999999
 74 84 95101 99 93 87 80 71 67 70 79 89102118130130123112100 82 64 54 54201210AM 3 9101153113299999999999999 9 1 672234 5399999999999999
 58 67 84104114112106100 91 79 74 79 88 97110127136129115100 82 59 39 32201211AM 41711416 513699999999999999 958 742259 3299999999999999
 37 46 63 90116128125119112 99 85 81 88 97105120136140126105 85 61 34 15201212AM 5121281642141999999999999991048 802335 1299999999999999
 13 23 38 64100131141136129119103 88 87 96105115131145141119 93 69 41 11201213AM 6 21411720146999999999999991133 85999999999999999999999
 -5 -1 13 35 69112143150144135121102 89 92104113124140149138110 82 55 23201214AM 650151175914999999999999999 017 -51217 8999999999999999
 -6-17 -8 10 38 79124151154146135119100 92 99111120132146148130100 71 42201215AM 737155183915099999999999999 1 0-1713 0 9299999999999999
 10-15-20 -8 14 46 90132153152142131115 99 96105117125135145141119 89 61201216AM 824155191914699999999999999 146-211343 9599999999999999
 34  5-15-15  0 23 56 99135149145136125112100101111120126133138129106 79201217AM 910149195913899999999999999 231-171427 9999999999999999
 55 31  7 -6 -3 13 36 67104132141136129120110103106113118121125125114 93201218AM 959141203712699999999999999 316 -7151410399999999999999
 71 53 33 16  8 14 29 49 77107127132128123118110105108111112111113111100201219AM1051132211511399999999999999 4 1  816 910599999999999999
 83 67 54 40 28 26 33 45 62 84107121124122120116110105105104101 99 99 97201220AM1153124999999999999999999999 445 25999999999999999999999
 88 77 67 59 50 44 44 50 60 73 90107116119120118113107101 97 92 88 86 87201221AM1334120999999999999999999999 527 43999999999999999999999
 85 81 76 71 66 62 59 61 66 73 83 95107114117117115108100 92 84 78 75 75201222AM1433118999999999999999999999 6 7 592228 7599999999999999
 77 79 79 79 77 76 74 74 75 78 83 91 99108114116114108100 89 78 69 64 64201223AM 146 7915 311699999999999999 647 742239 6499999999999999
 67 72 78 83 85 86 86 86 86 86 88 92 97103109114114108100 88 75 62 54 52201224AM15281159999999999999999999992253 52999999999999999999999
 55 62 72 83 91 94 96 96 96 94 94 95 98102107112114110100 88 74 58 46 40201225AM 710 96155011499999999999999 946 942315 4099999999999999
 42 49 62 78 93101105105104102 99 98100103106111114112103 90 75 57 41 30201226AM 6551051611114999999999999991037 982341 2899999999999999
 28 35 48 68 89105113114112108103100101104107111116116109 95 78 59 39 23201227AM 6501141634117999999999999991113100999999999999999999999
 16 20 32 52 79103118123121115107100 99102107112117121117103 85 65 43 22201228AM 7 412317 312199999999999999 0 9 161144 9899999999999999
  8  7 16 35 62 94119129129122113102 96 97104111117124125115 95 73 51 27201229AM 724130173812699999999999999 038  61216 9599999999999999
  6 -3  2 17 43 76110131136130120107 95 92 98107116123129126110 86 61 37201230AM 748136181713099999999999999 1 8 -31250 9199999999999999
 12 -5 -9  2 23 53 90123138137127115101 91 91101112120127131123101 75 50201231AM 820139185713199999999999999 142 -91328 9099999999999999
