 36 34 39 47 56 64 70 74 75 75 75 76 78 83 90 98104109111108 98 84 69 5620 1 1AS1753111999999999999999999999 043 34999999999999999999999
 46 41 43 49 57 65 72 76 78 78 77 77 77 79 82 87 92 96 99 99 95 86 75 6420 1 2AS 816 78183210099999999999999 112 411054 7799999999999999
 55 49 49 53 60 68 75 81 84 84 82 81 79 78 77 78 80 83 86 88 87 83 76 6820 1 3AS 835 841918 8899999999999999 134 491352 7799999999999999
 61 57 56 58 63 70 78 84 89 91 90 87 83 80 76 73 71 71 72 74 76 76 73 6920 1 4AS 9 3 912026 7699999999999999 153 551636 7199999999999999
 65 63 62 63 66 72 79 87 93 97 98 95 91 85 78 71 65 61 59 60 63 65 67 6720 1 5AS 937 982248 6799999999999999 2 3 6218 4 5999999999999999
 67 66 66 67 69 74 80 88 96103105105100 93 84 74 63 55 49 47 49 53 57 6120 1 6AS1017106999999999999999999999 133 661858 4799999999999999
 65 67 69 71 72 75 81 88 97106112114111105 95 82 68 54 43 37 35 39 44 5120 1 7AS11 01149999999999999999999991944 35999999999999999999999
 59 65 69 72 74 77 80 87 96106115121122118109 95 78 59 43 31 25 25 31 3920 1 8AS11451229999999999999999999992027 25999999999999999999999
 49 58 66 71 74 76 79 85 93104115124130130124111 93 72 51 33 20 16 18 2520 1 9AS123313099999999999999999999921 9 16999999999999999999999
 36 48 59 67 71 74 77 81 88 98111123132138136128111 90 66 43 24 12 10 1420 110AS13211389999999999999999999992150 10999999999999999999999
 24 36 49 60 67 71 74 76 81 90102116129139143141129110 86 60 35 17  8  820 111AS14 91449999999999999999999992230  7999999999999999999999
 15 26 40 52 61 67 70 72 75 80 90104119133142146141127105 80 54 30 14  820 112AS145814699999999999999999999923 8  8999999999999999999999
 11 20 32 45 57 64 67 69 70 72 78 89104119132141144137121 99 74 49 28 1620 113AS15471449999999999999999999992344 13999999999999999999999
 14 19 29 41 54 63 67 68 68 68 70 75 87101116128135136128111 90 67 46 3020 114AS16361379999999999999999999999999999999999999999999999999
 22 24 32 42 53 64 70 72 71 69 67 67 72 82 96108118125124115 99 81 62 4620 115AS 658 72172512599999999999999 016 221029 6799999999999999
 35 33 38 47 57 67 75 78 77 74 70 66 65 68 77 87 97105110108 99 86 72 5920 116AS 713 79181511099999999999999 044 331152 6599999999999999
 49 44 46 53 62 72 81 87 87 84 79 72 66 63 64 69 76 83 89 92 90 83 75 6620 117AS 739 8819 7 9299999999999999 1 9 441317 6299999999999999
 59 55 55 60 68 77 86 94 98 96 91 84 75 67 60 58 60 64 68 73 75 74 70 6620 118AS 814 9820 7 7599999999999999 126 5415 0 5899999999999999
 63 61 62 65 72 81 90 99105107105 98 89 78 67 57 52 50 51 54 57 60 60 6020 119AS 857107999999999999999999999 121 6117 0 5099999999999999
 61 63 65 69 74 81 91100108114116112105 94 80 66 53 44 40 40 42 45 48 5220 120AS 9491169999999999999999999991838 40999999999999999999999
 56 60 65 69 74 80 88 97107115121123119110 97 81 64 48 37 31 30 32 37 4220 121AS10481239999999999999999999991946 30999999999999999999999
 49 55 61 67 72 77 82 91101111120127129125115 99 80 60 42 30 24 24 27 3320 122AS11511299999999999999999999992035 23999999999999999999999
 41 50 57 64 69 73 77 83 92103114124131133128116 98 77 54 36 24 19 20 2620 123AS12501339999999999999999999992114 19999999999999999999999
 34 44 53 61 66 70 73 77 83 92104116127135136130115 95 71 48 30 19 17 2120 124AS13431379999999999999999999992148 17999999999999999999999
 29 39 50 58 64 68 70 72 75 82 92105118129137137128110 88 64 41 25 17 1820 125AS14311389999999999999999999992220 17999999999999999999999
 25 35 46 57 63 67 69 70 71 74 81 92106119130136134122103 80 56 35 22 1920 126AS15161369999999999999999999992250 19999999999999999999999
 24 33 44 55 64 68 69 69 69 69 73 81 93106119128132127112 92 70 48 32 2420 127AS15571329999999999999999999992318 24999999999999999999999
 26 34 44 55 64 70 71 70 69 68 68 72 81 93106116124124116100 80 60 43 3220 128AS 551 71163412599999999999999 923 682343 3099999999999999
 30 36 46 56 66 73 75 74 71 68 67 67 72 81 92103111116113102 87 69 53 4120 129AS 6 1 751710116999999999999991022 67999999999999999999999
 36 40 48 59 69 76 80 79 75 71 68 66 67 72 80 89 98103105 99 88 74 61 5020 130AS 617 80174310599999999999999 0 5 361117 6699999999999999
 44 45 52 62 72 80 85 86 82 77 72 68 65 66 71 77 84 90 93 92 86 76 65 5620 131AS 637 861817 9499999999999999 023 431215 6599999999999999
 51 51 56 64 74 83 89 92 90 84 78 72 67 64 64 67 72 76 80 82 79 74 67 6020 2 1AS 7 2 921856 8299999999999999 035 501326 6499999999999999
 57 56 59 67 76 85 92 97 97 93 86 79 72 66 62 61 62 64 67 69 70 68 65 6220 2 2AS 731 971947 7099999999999999 039 5615 5 6199999999999999
 60 60 63 69 77 85 94100102101 96 88 80 72 64 58 55 53 54 56 58 60 60 6020 2 3AS 8 8102999999999999999999999 023 6017 8 5399999999999999
 61 63 66 71 77 85 93101106108105 99 91 82 71 61 52 46 43 43 45 48 51 5520 2 4AS 8551089999999999999999999991834 43999999999999999999999
 59 63 67 71 77 83 91 99107112113111105 95 83 70 56 45 36 32 32 35 40 4620 2 5AS 9521139999999999999999999991934 31999999999999999999999
 53 59 65 70 75 80 87 95104112118120117110 99 84 67 50 36 26 21 22 27 3520 2 6AS10581209999999999999999999992021 21999999999999999999999
 44 53 61 67 72 76 81 88 98108117124127125116103 84 64 43 27 17 13 16 2320 2 7AS12 612799999999999999999999921 3 13999999999999999999999
 33 45 55 62 67 71 74 79 87 98110121129133131121104 83 59 37 20 10  9 1420 2 8AS13 91339999999999999999999992141  8999999999999999999999
 24 37 49 58 63 66 68 70 75 84 96110123133137134122103 79 54 31 15  8 1020 2 9AS14 71379999999999999999999992215  8999999999999999999999
 18 30 44 55 62 64 64 64 65 69 79 93108123133138133119 98 74 49 28 15 1220 210AS15 21389999999999999999999992246 12999999999999999999999
 18 29 42 54 63 66 65 62 59 58 62 72 87104119129133127112 91 67 45 28 2020 211AS 5 8 66155413399999999999999 849 582314 2099999999999999
 23 31 43 56 67 72 71 66 60 55 52 55 66 81 97111121123115100 81 61 44 3220 212AS 518 7316431239999999999999910 3 522339 3099999999999999
 31 38 48 61 72 80 81 76 68 59 51 46 49 60 73 87100108108100 86 72 57 4520 213AS 538 8217311099999999999999911 8 46999999999999999999999
 41 45 55 66 78 88 92 89 81 70 59 49 44 46 54 65 77 86 92 90 83 73 64 5520 214AS 6 5 921818 9299999999999999 0 0 411213 4399999999999999
 50 52 60 71 83 93100101 95 85 73 60 49 43 44 49 57 65 72 75 73 68 62 5920 215AS 63810119 4 7599999999999999 015 501323 4299999999999999
 56 58 64 74 85 95104108107 99 88 76 63 51 44 42 45 49 54 58 59 58 56 5620 216AS 7161091957 5999999999999999 014 561448 422239 569999999
 57 60 65 73 84 94103110113110103 92 80 66 54 45 41 40 41 43 46 47 48 5020 217AS 8 21139999999999999999999991649 40999999999999999999999
 54 59 64 71 80 89 98107113115113106 96 84 70 56 45 38 35 34 35 37 40 4420 218AS 9 11159999999999999999999991851 34999999999999999999999
 49 55 62 68 75 82 90 99107113116115109100 87 72 56 43 34 29 28 29 33 3820 219AS10171169999999999999999999991958 28999999999999999999999
 44 52 59 65 70 75 81 88 97105112117117113103 89 71 54 39 29 25 24 27 3320 220AS11381189999999999999999999992034 24999999999999999999999
 41 49 56 62 67 70 73 78 85 94104112118120115104 87 68 49 34 24 22 24 2920 221AS124612099999999999999999999921 2 22999999999999999999999
 38 47 55 61 65 67 67 69 73 81 92103113120122115102 83 62 43 28 21 21 2720 222AS13421229999999999999999999992127 21999999999999999999999
 35 45 55 61 65 65 65 64 65 69 78 90103114121121112 96 76 55 36 25 21 2620 223AS 457 65143012299999999999999 716 642153 2199999999999999
 34 44 55 63 67 66 64 62 60 60 66 77 90103114120117105 88 67 47 32 25 2620 224AS 424 67151312099999999999999 822 592218 2499999999999999
 34 45 56 65 70 70 66 62 58 55 56 64 76 89102112115109 95 77 58 42 31 2920 225AS 426 70155211599999999999999 915 552241 2999999999999999
 35 46 57 67 74 75 71 65 59 54 51 54 63 76 89100108107 99 84 67 51 39 3420 226AS 439 7516291099999999999999910 1 5123 2 3499999999999999
 38 48 60 70 78 81 78 70 62 55 50 48 53 63 75 87 96100 96 86 72 59 47 4120 227AS 456 8117 3100999999999999991045 482320 4199999999999999
 42 51 62 73 82 87 85 78 68 59 51 46 47 53 62 73 83 89 90 84 74 63 54 4820 228AS 514 871737 91999999999999991128 462333 4799999999999999
 47 54 64 76 85 91 92 86 76 66 56 48 45 46 52 61 70 77 80 79 72 64 57 5320 229AS 534 921811 81999999999999991213 442339 5299999999999999
 52 57 66 77 87 94 97 94 85 74 63 54 47 44 46 51 58 64 69 70 68 63 58 5620 3 1AS 558 971849 709999999999999913 4 442332 5599999999999999
 56 60 67 78 88 96100100 94 84 73 62 53 46 43 44 47 52 56 59 60 58 57 5620 3 2AS 6251001943 60999999999999991411 432240 5699999999999999
 58 62 68 77 87 95101103101 94 84 73 62 53 45 41 40 41 44 47 49 50 52 5420 3 3AS 7 01039999999999999999999991557 40999999999999999999999
 57 62 68 75 84 92 99104105102 95 86 75 64 53 44 38 34 33 34 37 40 44 4920 3 4AS 74510599999999999999999999918 1 33999999999999999999999
 54 60 66 73 80 87 95101106107104 99 90 79 67 54 42 33 27 24 25 28 34 4120 3 5AS 8501079999999999999999999991916 24999999999999999999999
 48 56 62 68 74 80 87 95101107109109104 96 84 69 53 38 26 19 16 18 24 3220 3 6AS101811099999999999999999999920 3 16999999999999999999999
 41 50 58 63 68 71 76 83 91100107112114110101 88 70 51 34 20 13 12 16 2520 3 7AS11481149999999999999999999992041 12999999999999999999999
 35 46 54 60 62 64 65 69 76 86 97107115118115105 89 70 49 30 17 11 13 2020 3 8AS13 51189999999999999999999992113 11999999999999999999999
 31 43 53 59 61 59 57 56 59 66 78 92105115120117106 88 67 46 28 17 15 2120 3 9AS 355 6114 912099999999999999 653 562142 1599999999999999
 31 44 55 63 64 61 55 49 45 47 56 70 85100112118114101 83 63 43 28 22 2520 310AS 344 6515 611899999999999999 815 4522 8 2299999999999999
 34 47 60 69 73 69 60 50 41 35 36 46 61 78 94106111106 93 76 59 42 33 3220 311AS 356 73155911199999999999999 921 342231 3199999999999999
 40 52 65 77 83 82 73 60 46 34 26 28 38 53 69 85 96 99 93 82 68 55 44 4120 312AS 418 841648 99999999999999991021 262252 4199999999999999
 46 58 71 83 93 95 88 75 59 43 29 21 23 33 47 61 75 83 84 79 70 61 53 4920 313AS 445 951736 85999999999999991118 2023 8 4999999999999999
 52 62 75 87 98104102 92 76 59 42 27 20 22 30 42 53 64 69 69 64 60 56 5420 314AS 5171051822 70999999999999991216 192314 5399999999999999
 55 63 75 88100108111105 93 77 60 43 29 22 24 30 38 46 53 56 55 53 53 5420 315AS 5521111911 56999999999999991317 222143 5399999999999999
 56 62 73 85 97106112112105 93 78 62 46 34 27 27 30 35 40 43 45 45 47 5020 316AS 6311129999999999999999999991432 27999999999999999999999
 55 61 69 79 90 99106110109103 92 79 65 51 39 32 30 30 32 34 36 38 41 4520 317AS 7191109999999999999999999991623 30999999999999999999999
 51 58 65 72 81 89 97103106105101 92 81 68 55 44 35 31 29 29 30 33 36 4120 318AS 8221069999999999999999999991832 29999999999999999999999
 48 55 61 67 73 79 85 91 97101102 99 93 84 71 58 45 36 29 27 27 29 33 3920 319AS 9511029999999999999999999991931 26999999999999999999999
 46 53 59 63 67 70 73 79 85 91 97100100 95 85 72 58 44 33 27 25 27 31 3820 320AS112510099999999999999999999920 0 25999999999999999999999
 46 53 58 62 63 64 64 66 72 79 87 95100100 95 85 71 55 40 30 25 25 30 3720 321AS12381019999999999999999999992023 25999999999999999999999
 46 54 60 63 63 61 58 57 59 65 74 84 94100101 94 82 67 50 36 27 25 29 3720 322AS 332 63133610199999999999999 657 572046 2599999999999999
 46 56 63 65 64 61 56 51 49 52 60 71 83 94100 99 91 77 61 45 33 28 30 3720 323AS 311 65142410199999999999999 755 492110 2799999999999999
 47 58 66 70 68 63 56 49 43 42 47 57 70 83 93 98 95 85 70 55 41 32 32 3920 324AS 313 7015 7 9899999999999999 842 422133 3199999999999999
 49 60 70 75 75 69 60 50 42 36 37 44 56 69 82 92 94 88 77 63 49 39 36 4120 325AS 325 761547 9499999999999999 925 352154 3699999999999999
 51 63 73 80 82 76 66 54 43 34 30 33 43 55 69 81 88 87 79 68 56 47 41 4420 326AS 342 821624 889999999999999910 6 302213 4199999999999999
 53 65 76 85 88 85 75 61 48 36 28 26 32 43 55 68 78 81 78 70 61 52 47 4720 327AS 4 1 8817 0 81999999999999991045 262228 4699999999999999
 55 66 78 88 94 92 84 71 56 42 31 24 25 33 43 55 66 73 73 69 62 56 52 5120 328AS 421 941736 74999999999999991123 242237 5199999999999999
 56 67 79 90 97 98 92 81 66 51 37 27 23 26 34 44 54 62 66 64 61 57 54 5420 329AS 444 981814 669999999999999912 4 232234 5499999999999999
 58 67 79 90 98101 99 90 76 61 47 34 26 24 28 34 42 50 55 57 56 55 55 5620 330AS 5 810119 3 57999999999999991249 242146 5499999999999999
 59 67 77 88 97102102 97 86 72 58 45 33 27 25 28 33 39 44 48 49 50 52 5520 331AS 5351039999999999999999999991345 25999999999999999999999
 59 66 75 85 94100103101 94 84 71 57 45 35 28 26 27 29 33 37 40 43 47 5120 4 1AS 6 91039999999999999999999991510 26999999999999999999999
 57 63 71 80 88 96100102 99 93 83 72 59 47 37 30 25 24 24 26 30 35 40 4620 4 2AS 6551029999999999999999999991719 24999999999999999999999
 53 60 66 73 80 87 93 97 99 98 93 85 75 63 51 40 30 23 19 19 22 27 34 4120 4 3AS 8 6 999999999999999999999991839 19999999999999999999999
 49 55 61 66 70 75 81 87 92 96 97 95 89 80 68 55 41 29 21 16 17 21 28 3720 4 4AS 951 979999999999999999999991926 16999999999999999999999
 46 53 58 60 62 63 66 71 78 85 92 96 97 93 84 72 57 42 28 20 17 20 27 3620 4 5AS1139 979999999999999999999991959 17999999999999999999999
 46 54 58 59 57 54 52 53 58 67 77 87 95 98 95 87 73 58 42 29 22 22 28 3820 4 6AS 241 5913 5 9899999999999999 614 522027 2199999999999999
 49 59 64 64 59 51 43 38 38 44 55 68 81 92 97 95 86 72 57 42 31 29 33 4220 4 7AS 227 641413 9799999999999999 731 372052 2899999999999999
 54 65 73 74 68 57 44 32 24 23 31 44 59 74 87 92 90 81 69 55 43 37 39 4820 4 8AS 238 751512 9399999999999999 834 232115 3799999999999999
 60 73 83 87 83 71 54 37 22 12 12 21 35 51 67 80 85 82 74 64 54 46 45 5320 4 9AS 3 1 8716 6 8599999999999999 931 112136 4599999999999999
 65 78 90 98 98 88 71 52 31 14  4  5 14 28 44 60 71 74 72 66 60 53 51 5520 410AS 3301001657 74999999999999991026  32154 5199999999999999
 67 81 94105110105 91 71 49 28 10  1  3 12 25 40 53 61 63 61 58 56 54 5720 411AS 4 31101749 63999999999999991119  022 4 5499999999999999
 66 79 93105114115106 90 70 48 27 10  3  5 14 25 36 46 51 52 52 53 54 5620 412AS 4391159999999999999999999991212  3999999999999999999999
 63 75 88101111116114104 88 68 48 28 14  9 11 18 26 34 40 43 45 47 50 5420 413AS 51711699999999999999999999913 8  9999999999999999999999
 60 68 80 92103110113109 99 84 67 49 32 21 17 18 22 27 32 36 39 41 46 5120 414AS 5591139999999999999999999991412 17999999999999999999999
 57 63 72 82 92 99104106102 93 81 66 51 37 28 24 24 25 28 31 34 38 42 4820 415AS 6481069999999999999999999991538 23999999999999999999999
 54 60 66 73 80 86 92 96 97 95 88 79 67 54 42 34 29 27 27 29 32 36 41 4720 416AS 752 979999999999999999999991723 27999999999999999999999
 53 58 63 66 70 74 78 83 87 89 89 85 77 67 56 46 37 31 28 29 31 36 41 4720 417AS 922 899999999999999999999991824 28999999999999999999999
 53 58 62 63 64 64 66 69 74 79 83 85 83 77 68 57 46 37 31 29 31 36 42 4920 418AS1058 859999999999999999999991858 29999999999999999999999
 56 60 63 63 61 57 55 56 60 66 73 79 83 82 76 68 57 45 36 32 32 37 44 5220 419AS 230 631220 8399999999999999 616 551924 3199999999999999
 59 64 66 65 61 55 49 46 47 52 60 69 77 82 81 75 66 54 43 36 34 38 45 5420 420AS 2 2 661324 8299999999999999 715 461949 3499999999999999
 63 69 72 69 63 55 46 39 36 39 46 56 67 76 81 79 73 63 52 42 38 39 47 5620 421AS 2 0 721416 8199999999999999 8 1 362013 3799999999999999
 66 74 78 76 69 59 47 36 29 27 33 42 54 66 75 79 76 69 59 49 43 42 48 5820 422AS 212 7815 2 7999999999999999 842 272036 4299999999999999
 69 79 85 85 78 66 52 38 26 20 21 29 41 54 66 74 76 72 64 56 49 46 50 6020 423AS 229 861544 7699999999999999 921 202056 4699999999999999
 72 82 90 93 87 76 60 44 29 18 14 18 28 41 54 66 72 71 66 60 54 50 52 6020 424AS 250 931624 7299999999999999 959 142112 5099999999999999
 72 84 94 99 96 86 71 53 36 21 12 11 17 29 42 55 64 67 65 61 57 54 55 6120 425AS 313 9917 5 67999999999999991037 102124 5499999999999999
 72 84 95102103 96 82 65 46 29 15  9 11 19 30 43 54 60 62 60 58 56 56 6120 426AS 3381041749 62999999999999991115  92124 5699999999999999
 70 83 95103107104 93 77 58 40 24 13  9 13 21 32 42 51 55 56 56 56 57 6120 427AS 4 51079999999999999999999991155  9999999999999999999999
 69 80 92102107108101 88 71 53 36 21 13 11 16 23 32 40 46 49 51 53 56 6020 428AS 4331089999999999999999999991240 11999999999999999999999
 66 76 88 98105108105 97 83 66 50 34 22 15 15 19 24 31 37 42 45 48 53 5820 429AS 5 41089999999999999999999991332 14999999999999999999999
 63 71 81 91 99104105101 92 79 64 49 35 24 19 18 20 24 28 33 38 43 48 5420 430AS 5421059999999999999999999991444 18999999999999999999999
 60 66 74 82 90 96100100 96 88 77 64 50 38 29 23 20 21 23 27 33 39 45 5120 5 1AS 6331009999999999999999999991624 20999999999999999999999
 56 61 66 72 78 84 89 92 93 91 85 76 65 54 42 33 26 23 22 25 30 36 44 5020 5 2AS 752 939999999999999999999991741 22999999999999999999999
 55 59 61 63 65 68 73 78 82 86 86 83 77 68 58 47 37 30 26 26 30 37 45 5320 5 3AS 941 869999999999999999999991826 25999999999999999999999
 58 61 60 58 55 53 54 58 64 71 77 81 81 78 71 61 51 41 34 31 34 40 49 5820 5 4AS 125 611134 8299999999999999 516 531857 3199999999999999
 65 68 66 60 52 44 38 38 42 50 60 69 76 79 78 72 63 53 44 39 40 46 55 6520 5 5AS 1 5 6813 9 7999999999999999 640 371923 3999999999999999
 74 79 78 70 58 45 32 23 21 27 37 49 61 71 76 76 71 63 55 48 46 51 61 7220 5 6AS 117 791424 7799999999999999 742 211946 4699999999999999
 83 91 92 86 72 55 36 20  9  8 15 26 40 54 66 72 71 68 62 56 52 55 64 7620 5 7AS 143 931528 7299999999999999 839  720 8 5299999999999999
 89100106103 91 73 51 29 10 -1 -2  6 19 34 49 60 65 66 63 60 57 57 64 7620 5 8AS 2161061629 6699999999999999 932 -32027 5799999999999999
 91103113116110 94 72 47 23  4 -6 -5  3 16 31 45 55 59 59 59 58 58 63 7320 5 9AS 2521161752 59999999999999991024 -72032 5899999999999999
 87101113121121111 93 70 45 21  2 -6 -4  5 17 30 42 49 52 54 56 57 60 6720 510AS 3321239999999999999999999991115 -6999999999999999999999
 80 95108118124121109 90 67 43 20  4 -1  2 10 20 31 40 45 48 51 54 57 6320 511AS 41312499999999999999999999912 4 -1999999999999999999999
 72 85 98109118121116103 85 64 42 22 10  6 10 17 25 33 39 43 46 50 54 5920 512AS 4551219999999999999999999991254  6999999999999999999999
 65 75 86 98106112113107 95 79 60 42 26 17 15 18 24 29 35 40 43 47 52 5720 513AS 5401149999999999999999999991346 15999999999999999999999
 62 68 76 85 93100103103 98 87 73 58 43 31 25 24 26 30 34 39 43 47 51 5620 514AS 6291049999999999999999999991444 24999999999999999999999
 60 64 69 74 80 86 90 93 93 88 80 69 56 45 36 31 30 32 35 39 44 49 53 5720 515AS 729 939999999999999999999991549 30999999999999999999999
 61 64 66 67 69 72 76 80 82 83 80 74 66 56 47 40 36 35 37 41 46 51 56 6120 516AS 844 839999999999999999999991649 35999999999999999999999
 64 65 65 64 62 61 63 65 69 73 75 74 70 64 57 50 43 39 39 42 48 54 61 6620 517AS 134 651014 7599999999999999 458 611734 3999999999999999
 68 69 68 64 59 54 51 52 55 61 66 70 71 69 64 58 51 45 43 44 50 57 64 7120 518AS 048 691148 7199999999999999 619 5118 8 4399999999999999
 75 75 73 67 59 50 43 40 42 47 54 61 67 69 68 64 58 52 47 47 51 59 68 7620 519AS 039 761311 6999999999999999 710 401837 4799999999999999
 82 83 80 73 62 51 40 32 30 33 41 50 59 66 69 68 64 58 53 51 53 60 70 8020 520AS 051 831414 6999999999999999 752 3019 2 5199999999999999
 88 91 89 82 70 55 41 29 22 21 27 36 47 58 65 68 67 63 58 55 55 61 71 8220 521AS 112 9115 6 6899999999999999 831 211923 5499999999999999
 92 98 99 93 80 64 47 30 18 13 15 24 35 47 58 65 67 65 61 58 58 62 71 8320 522AS 137 991553 6799999999999999 910 131941 5899999999999999
 94103106103 92 76 57 38 21 10  8 13 23 35 48 58 64 64 63 61 60 62 70 8120 523AS 2 51061641 6599999999999999 949  81953 6099999999999999
 94104111112104 89 70 49 30 14  5  5 12 24 37 49 57 61 61 61 61 62 68 7820 524AS 2351121741 62999999999999991029  41945 6199999999999999
 91103112116113102 85 64 43 23  9  3  6 14 26 38 49 55 58 59 60 62 66 7420 525AS 3 711699999999999999999999911 9  3999999999999999999999
 86 99110117118112 98 79 58 37 19  7  5  9 18 28 39 47 52 55 57 60 63 7020 526AS 3411199999999999999999999991150  5999999999999999999999
 80 93105114118116107 92 73 53 33 17  9  8 13 21 30 39 46 50 54 57 61 6620 527AS 4161189999999999999999999991234  8999999999999999999999
 74 84 96106113115112101 86 68 49 32 19 13 14 18 25 33 40 46 50 54 58 6220 528AS 4551159999999999999999999991321 13999999999999999999999
 68 76 86 96104108109105 95 80 64 48 33 23 19 20 24 29 36 42 48 52 56 6020 529AS 5411099999999999999999999991416 19999999999999999999999
 63 68 74 82 90 96100100 96 88 76 62 49 37 30 27 27 30 35 42 48 54 58 6020 530AS 6401009999999999999999999991517 27999999999999999999999
 62 63 65 69 74 79 84 88 90 87 81 72 62 51 43 37 34 35 38 44 51 58 63 6520 531AS 757 902337 65999999999999991615 34999999999999999999999
 65 64 61 59 59 61 65 70 75 78 78 75 69 63 55 49 44 42 44 49 56 64 71 7420 6 1AS 934 792327 7499999999999999 344 591659 4299999999999999
 74 70 64 57 50 45 45 48 54 61 67 70 70 68 64 59 54 51 51 55 62 71 79 8520 6 2AS1134 702348 8799999999999999 535 441732 5099999999999999
 87 83 75 63 50 38 31 29 33 40 49 57 63 66 67 65 62 58 57 59 66 76 86 9520 6 3AS1340 67999999999999999999999 646 291758 5799999999999999
100 99 91 77 60 42 27 17 15 20 28 39 49 58 63 65 65 63 61 62 68 78 9010120 6 4AS 0211001519 6599999999999999 745 151820 6199999999999999
109113109 96 78 57 35 17  6  5 10 20 32 44 54 60 63 64 63 64 67 76 8810120 6 5AS 1 0113999999999999999999999 840  4999999999999999999999
113121123115 99 77 53 29 10 -1 -1  6 16 29 42 52 57 60 62 63 65 71 82 9720 6 6AS 142123999999999999999999999 932 -2999999999999999999999
110122129128118 99 75 49 25  6 -3 -2  6 17 30 42 50 55 58 60 63 67 75 8720 6 7AS 2271309999999999999999999991021 -3999999999999999999999
102116126132129117 96 72 46 22  5 -1  2 10 21 33 43 50 53 56 60 63 68 7720 6 8AS 31313299999999999999999999911 8 -1999999999999999999999
 91105117127130126112 91 67 43 22  8  5  9 17 27 37 45 50 53 56 60 63 6920 6 9AS 3591309999999999999999999991152  5999999999999999999999
 79 92105116123125118104 84 62 41 23 14 13 18 26 35 43 49 52 55 58 61 6520 610AS 4441259999999999999999999991233 12999999999999999999999
 71 80 91102110116115108 94 76 57 39 26 21 23 28 35 42 49 53 56 58 61 6420 611AS 5291169999999999999999999991312 21999999999999999999999
 67 72 80 88 96102106104 96 84 69 53 40 32 30 32 38 44 50 55 59 61 63 6520 612AS 6151069999999999999999999991350 29999999999999999999999
 66 68 72 77 82 88 92 94 92 85 75 63 51 43 38 38 41 47 52 58 63 66 67 6820 613AS 7 5 949999999999999999999991428 37999999999999999999999
 68 68 68 69 71 74 78 81 83 81 76 68 59 52 47 44 46 50 55 61 67 71 73 7320 614AS 8 3 832233 739999999999999915 7 44999999999999999999999
 72 70 67 64 62 62 64 67 70 72 72 69 64 59 54 51 51 53 58 64 71 76 80 8020 615AS 919 732244 8199999999999999 438 621546 5199999999999999
 79 75 70 64 58 53 52 53 57 61 64 66 65 63 60 58 56 56 60 66 74 81 86 8820 616AS11 7 6623 9 8999999999999999 559 521623 5699999999999999
 87 83 76 67 57 48 42 41 43 48 54 59 63 64 64 63 61 60 62 67 75 84 91 9620 617AS1320 642339 9799999999999999 652 411655 6099999999999999
 96 93 85 74 61 48 38 31 31 35 42 49 57 62 65 65 65 63 64 68 75 85 9410120 618AS1445 66999999999999999999999 736 311720 6399999999999999
105103 96 85 70 53 38 27 22 23 29 38 47 56 63 66 66 66 66 68 74 83 9410420 619AS 0131051548 6699999999999999 818 211738 6699999999999999
111113108 98 82 63 45 28 18 14 17 25 36 47 57 63 66 66 67 68 72 81 9210420 620AS 050113999999999999999999999 859 14999999999999999999999
113119119111 97 78 57 36 20 10  9 14 24 36 48 58 63 65 66 67 70 77 8710020 621AS 128120999999999999999999999 940  9999999999999999999999
112121125122112 94 72 50 29 13  6  7 14 26 38 50 58 62 64 65 68 72 81 9320 622AS 2 81259999999999999999999991022  6999999999999999999999
107119127129123109 90 67 43 23 10  5  8 17 29 41 51 57 60 63 65 68 74 8520 623AS 24812999999999999999999999911 2  5999999999999999999999
 98112122129129121105 84 61 38 20  9  7 13 22 33 44 52 57 60 62 65 68 7620 624AS 3311309999999999999999999991142  7999999999999999999999
 87101113123127125115 99 78 56 35 20 13 13 20 29 39 48 55 58 60 62 64 6820 625AS 4151289999999999999999999991221 12999999999999999999999
 76 87100111118122118107 91 72 52 35 23 20 23 29 37 46 54 59 61 62 63 6420 626AS 5 21229999999999999999999991259 20999999999999999999999
 67 74 84 95103110112108 97 83 66 50 37 30 30 34 40 48 56 62 65 66 66 6420 627AS 5531122053 66999999999999991335 29999999999999999999999
 64 65 70 77 85 92 97 99 95 87 75 62 51 43 39 41 46 52 60 67 72 74 72 7020 628AS 651 9921 0 7499999999999999 0 3 6414 9 3999999999999999
 66 62 60 62 67 72 78 83 85 82 76 69 61 55 50 50 53 58 65 73 79 83 83 8020 629AS 758 852127 8499999999999999 2 1 601440 5099999999999999
 74 67 59 54 52 53 58 63 68 71 71 68 65 62 59 58 59 64 70 78 86 93 95 9320 630AS 925 7122 4 9599999999999999 4 1 5215 3 5899999999999999
 87 78 67 55 46 40 40 43 48 54 58 61 62 63 64 64 64 67 73 81 91 9910510720 7 1AS2248107999999999999999999999 537 40999999999999999999999
103 94 81 66 50 37 29 27 30 36 43 49 55 59 63 65 67 69 73 81 9110111011620 7 2AS2338117999999999999999999999 649 27999999999999999999999
117111100 83 64 44 29 19 17 20 27 35 44 52 58 63 66 69 72 77 87 9811011920 7 3AS9999999999999999999999999999 750 17999999999999999999999
125125118103 84 61 39 22 12 11 15 22 32 43 52 58 63 66 69 73 80 9110411620 7 4AS 031126999999999999999999999 843 10999999999999999999999
126132131122105 82 58 34 17  8  8 13 22 33 44 53 59 62 65 68 73 81 9310720 7 5AS 124133999999999999999999999 932  7999999999999999999999
120130136134122103 79 54 30 14  7  9 16 26 38 48 55 59 62 65 68 72 81 9420 7 6AS 2161369999999999999999999991015  7999999999999999999999
108121131136132119 98 74 49 27 14 10 14 23 33 44 53 58 60 63 65 67 72 8120 7 7AS 3 51369999999999999999999991054 10999999999999999999999
 95108121130133127112 91 68 44 26 16 16 23 32 42 52 58 61 62 63 65 67 7220 7 8AS 3521339999999999999999999991130 15999999999999999999999
 82 94107117125125117102 82 61 41 27 22 25 33 43 52 59 63 64 65 65 65 6720 7 9AS 43612699999999999999999999912 2 22999999999999999999999
 72 81 93103112117115106 90 73 55 40 31 31 37 45 54 61 67 69 68 67 66 6620 710AS 51811719 8 69999999999999991232 302251 6699999999999999
 68 72 80 89 97103106103 93 79 64 51 41 38 42 49 57 65 71 74 74 72 70 6820 711AS 5591061927 74999999999999991257 38999999999999999999999
 67 67 71 77 83 89 93 94 90 81 70 59 51 46 47 53 60 68 75 79 80 79 75 7220 712AS 640 941952 8099999999999999 015 671319 4699999999999999
 69 67 66 67 71 75 79 82 82 78 71 64 57 54 53 57 63 71 78 84 87 86 83 7920 713AS 727 822023 8799999999999999 150 661336 5399999999999999
 74 69 65 62 61 63 66 69 71 71 69 65 62 59 59 61 66 72 80 87 92 94 92 8720 714AS 829 722059 9499999999999999 348 611341 5999999999999999
 81 75 67 61 55 53 53 56 59 62 63 63 63 63 63 65 68 73 80 88 95 99100 9720 715AS1034 64214110099999999999999 523 531253 6399999999999999
 91 83 74 64 54 47 43 43 46 51 55 59 62 64 66 68 70 74 80 88 9610310710720 716AS2229107999999999999999999999 628 43999999999999999999999
103 95 84 71 58 46 37 33 34 38 44 51 57 62 66 69 71 74 78 85 9410311011420 717AS2320114999999999999999999999 719 33999999999999999999999
113107 97 83 67 51 37 28 24 26 32 40 49 57 64 68 71 73 76 82 9010111011820 718AS9999999999999999999999999999 8 6 24999999999999999999999
121119112 99 81 62 43 28 19 17 21 29 39 50 59 65 69 71 73 78 85 9510611720 719AS 011121999999999999999999999 850 17999999999999999999999
125128124114 98 78 56 35 20 13 12 18 28 40 52 60 65 68 70 73 78 87 9811120 720AS 1 2128999999999999999999999 931 12999999999999999999999
122130133128115 96 73 50 29 15  9 11 20 31 44 54 62 65 67 68 71 77 8710120 721AS 1521339999999999999999999991011  9999999999999999999999
114126134135128113 92 68 44 24 13 10 15 25 37 49 58 63 65 65 66 69 75 8720 722AS 2411359999999999999999999991048 10999999999999999999999
101115127134134125108 86 62 40 23 15 16 23 34 46 56 63 65 65 64 63 65 7220 723AS 3301351813 65999999999999991122 142050 6399999999999999
 84 99112123129128117100 79 57 38 25 22 26 35 46 57 65 69 68 66 63 61 6220 724AS 4201301818 69999999999999991153 222217 6199999999999999
 68 80 93106115120117106 90 72 54 39 32 33 40 49 59 69 75 75 72 67 62 5820 725AS 5 91201837 76999999999999991222 322333 5799999999999999
 58 64 74 85 96104107103 93 80 66 53 45 43 47 55 65 74 81 84 82 77 70 6220 726AS 6 010719 3 84999999999999991246 43999999999999999999999
 56 54 58 66 75 83 89 92 88 80 71 63 56 53 55 62 71 79 88 93 94 89 82 7320 727AS 653 921936 9499999999999999 049 5413 4 5399999999999999
 63 55 51 52 56 62 69 74 76 73 69 65 62 60 62 67 75 84 92 99103102 96 8720 728AS 753 76201610399999999999999 216 5113 6 6099999999999999
 76 64 54 47 45 46 50 55 59 61 61 61 62 63 66 70 76 85 9410210911110910320 729AS21 5111999999999999999999999 4 1 45999999999999999999999
 93 80 66 53 43 38 37 39 43 47 51 54 57 62 66 70 76 82 9110010911511811620 730AS22 5118999999999999999999999 542 37999999999999999999999
109 98 83 67 50 38 31 29 30 34 39 45 51 57 63 68 73 78 85 9410411312012420 731AS2313124999999999999999999999 7 1 29999999999999999999999
122115102 85 66 48 33 25 22 24 29 36 44 52 59 65 69 73 78 85 9510511612420 8 1AS9999999999999999999999999999 8 0 22999999999999999999999
128127119105 85 64 44 28 20 19 22 29 38 47 55 62 66 69 72 76 83 9410511720 8 2AS 019128999999999999999999999 846 18999999999999999999999
126131130121104 83 60 39 24 18 18 24 32 43 52 60 64 67 68 70 73 81 9210520 8 3AS 120132999999999999999999999 924 17999999999999999999999
117128133130119101 78 55 35 22 18 21 29 40 50 59 64 66 66 67 67 71 79 9120 8 4AS 213133999999999999999999999 958 18999999999999999999999
104117127132127114 94 71 49 31 22 22 29 38 49 59 66 68 67 66 65 65 68 7720 8 5AS 3 213217 7 68999999999999991029 212036 6499999999999999
 90103116125127120105 85 64 44 30 26 30 39 50 60 68 72 71 68 65 63 62 6720 8 6AS 3461281712 72999999999999991057 262139 6299999999999999
 76 89102113120119110 94 75 57 41 33 34 42 52 62 71 76 76 72 68 64 61 6120 8 7AS 4271211728 77999999999999991123 322234 6099999999999999
 66 76 87 98107111108 97 82 66 52 42 40 46 55 65 74 81 82 79 73 68 63 6020 8 8AS 5 61111747 82999999999999991146 402326 5999999999999999
 60 65 74 84 93 99101 95 84 72 60 51 47 50 59 69 78 85 88 86 81 74 67 6220 8 9AS 54310118 9 889999999999999912 4 47999999999999999999999
 59 59 64 71 79 86 89 89 82 74 65 58 54 56 62 71 81 89 93 93 89 82 74 6720 810AS 620 901833 9499999999999999 021 581216 5499999999999999
 61 58 58 62 67 72 77 79 77 72 66 62 59 60 65 73 82 91 97 99 97 91 82 7420 811AS 7 2 7919 2 9999999999999999 124 571216 5999999999999999
 66 60 56 55 57 60 64 67 69 67 65 63 63 64 68 74 83 91 98102103 99 92 8420 812AS 758 69193810399999999999999 247 551147 6399999999999999
 75 66 59 53 51 50 52 55 58 60 61 62 64 66 70 75 82 89 97103107106102 9520 813AS2025107999999999999999999999 433 50999999999999999999999
 86 76 66 56 48 44 42 43 47 50 54 58 62 66 71 75 80 87 9410110711011010620 814AS2123111999999999999999999999 6 1 42999999999999999999999
 99 89 77 64 52 42 36 33 35 39 45 51 58 64 69 74 78 83 89 9710511111511520 815AS2232115999999999999999999999 7 5 33999999999999999999999
111103 91 77 61 46 34 27 25 28 34 42 51 59 66 71 75 78 83 90 9910711512020 816AS2342121999999999999999999999 754 25999999999999999999999
121117107 93 76 57 39 27 20 19 24 32 43 53 62 68 71 74 76 81 89 9910911920 817AS9999999999999999999999999999 837 18999999999999999999999
125126122111 94 73 52 33 20 15 16 24 35 47 57 64 68 69 70 72 77 86 9811020 818AS 046126999999999999999999999 914 15999999999999999999999
121129130125111 92 69 47 28 17 14 19 29 41 54 63 67 67 66 65 66 71 81 9520 819AS 1451311637 6899999999999999 949 141912 6599999999999999
109122130131124108 87 64 43 26 19 20 28 39 52 63 69 69 66 62 59 59 64 7620 820AS 2411321634 70999999999999991020 182034 5899999999999999
 91106119127127118102 81 60 41 28 26 31 41 54 66 74 76 72 65 58 52 51 5720 821AS 3331281646 76999999999999991048 252144 5199999999999999
 69 85100112120119109 93 75 57 42 35 38 47 58 70 80 84 82 74 64 55 47 4520 822AS 42412117 7 84999999999999991113 352248 4599999999999999
 51 63 77 91102108106 96 83 69 56 47 46 53 64 76 86 93 94 87 76 64 52 4320 823AS 5131091734 94999999999999991135 462350 4099999999999999
 40 46 56 68 80 90 94 90 82 73 64 57 55 60 70 81 91100104101 91 79 65 5220 824AS 6 2 9418 5104999999999999991151 55999999999999999999999
 42 39 42 50 59 69 76 78 75 70 66 63 62 65 73 84 94103110111105 95 82 6820 825AS 653 78184111199999999999999 056 391152 6199999999999999
 54 43 39 40 45 51 57 62 63 62 61 62 64 67 74 83 93103110115115108 98 8520 826AS 755 63192611699999999999999 212 3910 1 6199999999999999
 71 57 46 40 38 40 43 47 50 52 54 57 61 66 72 80 89 9810611311711611110220 827AS2022117999999999999999999999 355 38999999999999999999999
 90 76 61 48 40 36 35 36 39 42 46 50 56 63 69 76 82 90 9810611311711711420 828AS2138118999999999999999999999 552 35999999999999999999999
106 94 79 64 49 39 33 30 31 34 39 45 52 59 66 71 76 81 87 9510311011611820 829AS23 4118999999999999999999999 713 30999999999999999999999
116109 97 82 64 48 36 29 27 29 34 41 49 56 63 68 72 74 77 83 90 9910811620 830AS9999999999999999999999999999 8 0 27999999999999999999999
120119111 98 81 62 45 33 27 27 31 38 47 55 62 67 69 70 70 72 77 85 9610720 831AS 020120999999999999999999999 832 26999999999999999999999
116121120111 96 77 58 41 30 26 29 36 45 55 64 68 69 69 66 65 66 72 82 9420 9 1AS 1211221559 6999999999999999 9 0 261914 6599999999999999
106116121119108 91 72 52 37 29 29 36 45 56 65 71 72 70 66 62 59 60 67 7920 9 2AS 2121221545 7299999999999999 926 282016 5999999999999999
 92105115119114102 84 65 47 35 32 36 46 57 67 75 77 74 69 63 57 54 56 6520 9 3AS 2581191553 7799999999999999 952 3221 8 5499999999999999
 78 91104113114107 93 76 58 44 37 39 48 59 70 79 83 81 74 66 58 52 50 5420 9 4AS 34011516 9 83999999999999991016 372155 5099999999999999
 64 77 90101108106 96 83 68 54 45 44 50 61 73 82 88 88 81 72 63 54 48 4720 9 5AS 4191081628 89999999999999991038 432240 4699999999999999
 53 63 75 87 96100 95 85 73 62 53 50 54 64 76 86 93 95 90 80 69 59 50 4520 9 6AS 4561001647 95999999999999991057 502323 4599999999999999
 46 53 63 74 83 90 90 84 75 66 59 56 58 66 78 88 96100 97 89 78 66 55 4720 9 7AS 532 9117 81009999999999999911 9 56999999999999999999999
 44 46 53 62 71 78 81 80 74 68 63 61 62 69 79 90 98103103 97 87 75 63 5320 9 8AS 6 9 81173110499999999999999 0 7 441112 6199999999999999
 46 44 47 52 59 66 71 72 70 67 64 63 65 70 79 89 98104107104 96 85 73 6220 9 9AS 650 72175810799999999999999 056 441053 6399999999999999
 53 46 45 46 50 55 60 63 64 63 63 64 67 72 79 88 96103107108103 94 84 7320 910AS1832108999999999999999999999 158 45999999999999999999999
 62 53 47 44 44 46 49 52 55 57 59 62 67 72 78 85 93100106108107103 95 8520 911AS1917109999999999999999999999 332 44999999999999999999999
 74 64 54 46 41 39 39 41 44 48 53 58 64 70 76 82 89 95101106108108104 9720 912AS2021109999999999999999999999 530 39999999999999999999999
 88 77 66 54 44 37 33 32 34 39 45 52 60 67 73 78 83 88 9410010510911010720 913AS2150110999999999999999999999 645 32999999999999999999999
102 93 81 67 53 40 31 26 26 30 37 45 55 63 69 73 76 79 84 89 9610410911320 914AS2323113999999999999999999999 734 25999999999999999999999
112107 97 83 67 50 36 26 22 23 30 39 50 59 66 70 71 71 72 76 83 9210111020 915AS9999999999999999999999999999 812 21999999999999999999999
116116111100 84 65 47 32 23 21 26 35 47 58 66 70 69 66 63 62 66 74 86 9820 916AS 0401171520 7099999999999999 844 211845 6299999999999999
109117119113100 83 63 45 31 25 27 35 47 59 69 73 72 66 59 53 51 54 64 7820 917AS 1461191514 7399999999999999 912 251958 5199999999999999
 93107116118111 97 79 61 44 34 33 39 50 62 74 81 80 73 63 52 43 39 43 5520 918AS 2441181526 8199999999999999 938 3221 0 3999999999999999
 71 87101111112104 91 75 59 46 41 45 55 68 80 89 92 86 74 59 45 34 29 3420 919AS 3371131547 929999999999999910 2 412158 2999999999999999
 47 63 79 94102102 94 83 70 59 51 52 61 73 86 97103101 89 74 56 40 27 2320 920AS 4281031614103999999999999991024 512255 2399999999999999
 29 41 56 71 84 90 89 82 74 67 60 59 65 77 90102111113106 91 74 55 38 2520 921AS 518 911646113999999999999991040 592351 2199999999999999
 21 27 37 50 63 72 77 75 71 68 65 64 68 78 91103113119118108 92 74 56 3820 922AS 6 8 771720119999999999999991045 64999999999999999999999
 27 23 28 36 45 54 61 63 63 63 63 65 69 77 88101111118121118107 93 76 5820 923AS 7 8 6318 012199999999999999 051 23 847 6299999999999999
 42 32 28 30 35 41 47 51 53 55 58 62 67 74 83 94104112118119115106 93 7820 924AS1847119999999999999999999999 2 1 28999999999999999999999
 62 48 38 34 33 35 38 41 45 47 52 57 64 70 77 85 94102108113114111104 9420 925AS1951114999999999999999999999 338 33999999999999999999999
 81 67 54 44 38 35 34 36 38 42 47 53 60 67 73 78 84 90 9610210610910810420 926AS2121109999999999999999999999 543 34999999999999999999999
 96 85 71 58 47 39 35 34 35 39 45 51 58 65 70 74 76 79 82 88 9410010510620 927AS2259106999999999999999999999 654 34999999999999999999999
104 97 87 73 59 47 38 34 34 38 44 51 59 65 70 72 72 71 71 74 79 87 9510220 928AS1527 72999999999999999999999 729 341726 7199999999999999
106105 98 87 72 58 45 37 35 38 44 52 61 68 72 73 71 67 63 62 65 72 82 9220 929AS 0181061449 7399999999999999 754 351849 6299999999999999
101106104 97 84 69 54 42 37 38 44 53 63 71 76 76 73 67 60 55 54 58 67 7920 930AS 1191061435 7799999999999999 818 371944 5399999999999999
 90100105102 93 80 64 50 42 40 45 54 65 74 81 82 78 70 61 52 46 46 53 642010 1AS 2101051441 8299999999999999 842 402031 4699999999999999
 77 90100103 98 87 74 60 49 44 47 56 67 78 86 89 85 76 65 54 44 39 41 502010 2AS 2541031456 8999999999999999 9 5 442114 3999999999999999
 63 76 89 97 98 92 81 68 57 50 50 58 69 81 90 95 93 84 72 58 46 37 34 382010 3AS 336 991515 9599999999999999 928 492154 3499999999999999
 49 62 76 88 93 91 84 74 64 57 55 60 71 83 94100101 93 81 66 52 39 31 312010 4AS 415 94153410199999999999999 947 552233 3099999999999999
 38 50 63 75 84 87 83 76 69 63 60 63 72 84 96104107102 91 75 60 45 34 292010 5AS 452 8715551079999999999999910 2 602311 2999999999999999
 31 40 51 63 74 80 80 75 70 66 64 66 73 85 96105110109100 86 70 54 41 322010 6AS 530 8016181109999999999999910 8 642351 2999999999999999
 29 33 42 52 62 70 73 72 69 67 66 68 74 84 95105111112107 95 81 65 51 392010 7AS 610 73164211399999999999999 955 66999999999999999999999
 32 31 36 44 52 59 64 66 66 65 66 69 74 82 93103110113111103 91 76 62 492010 8AS17 8113999999999999999999999 034 31999999999999999999999
 39 34 34 38 43 49 55 58 60 62 64 68 73 80 90 99106111112108 99 87 74 612010 9AS1740112999999999999999999999 125 33999999999999999999999
 49 41 36 36 38 41 45 49 53 56 61 66 72 78 86 94101106109109104 96 86 74201010AS1822109999999999999999999999 239 36999999999999999999999
 63 52 43 38 36 35 37 40 44 50 56 62 69 75 81 87 93 99103105105102 96 87201011AS1929105999999999999999999999 440 35999999999999999999999
 77 66 55 45 38 34 32 33 37 43 50 58 65 71 76 80 84 88 92 96100102101 97201012AS2117102999999999999999999999 6 6 32999999999999999999999
 91 81 70 58 46 37 31 30 32 38 46 55 63 69 73 74 75 75 78 82 88 94 99101201013AS2310101999999999999999999999 654 30999999999999999999999
100 94 85 73 60 47 37 31 31 36 45 55 64 70 73 72 68 65 63 64 70 78 88 96201014AS1412 73999999999999999999999 729 3118 6 6399999999999999
101102 97 88 75 60 47 38 35 39 46 57 67 75 78 75 68 60 52 48 49 57 68 81201015AS 0391021359 7899999999999999 757 351915 4899999999999999
 92100102 98 88 75 61 49 43 44 51 62 73 83 87 85 76 63 49 38 32 35 44 58201016AS 15010214 9 8799999999999999 821 422013 3299999999999999
 73 87 97 99 95 85 74 62 53 51 57 67 80 91 99 99 90 75 57 39 25 19 23 34201017AS 251 99143110099999999999999 844 5121 8 1999999999999999
 50 66 81 91 93 89 81 71 63 59 62 72 85 98108112107 93 73 52 31 16 10 15201018AS 347 93145911299999999999999 9 6 5922 1 1099999999999999
 27 43 60 74 83 84 81 75 70 65 66 74 88102113121122112 93 71 48 26 11  7201019AS 441 84153312399999999999999 923 652254  699999999999999
 12 24 39 54 67 73 74 72 70 68 69 74 86100114124129126112 92 70 47 25 12201020AS 537 7416 912999999999999999 930 682347  899999999999999
  9 14 25 37 50 59 64 65 65 67 68 72 82 95109120128131124110 91 69 47 28201021AS16481319999999999999999999999999999999999999999999999999
 17 15 20 28 37 46 53 56 58 61 65 70 76 87100111121126126119106 88 69 50201022AS1732127999999999999999999999 042 15999999999999999999999
 34 25 23 27 32 38 44 49 52 56 61 66 72 80 89100109115119118112101 86 70201023AS1822119999999999999999999999 143 23999999999999999999999
 54 41 34 32 33 36 40 44 48 52 57 63 69 75 81 88 95101106109109104 96 85201024AS1927109999999999999999999999 3 0 32999999999999999999999
 72 59 48 41 38 38 39 42 46 51 56 62 68 73 76 80 83 87 91 95 99100 98 93201025AS2057100999999999999999999999 439 38999999999999999999999
 84 74 62 53 46 42 41 43 46 52 58 64 69 73 75 75 75 75 77 80 85 90 93 94201026AS2237 94999999999999999999999 549 41999999999999999999999
 90 84 75 65 55 48 44 44 48 53 60 67 73 76 77 75 71 67 65 66 70 76 83 89201027AS1349 77999999999999999999999 627 441812 6599999999999999
 91 89 84 75 65 55 49 47 49 55 63 71 77 81 81 77 71 63 57 54 56 62 70 79201028AS 0 5 911328 8199999999999999 654 4719 7 5499999999999999
 86 90 89 83 74 64 55 50 51 57 65 75 82 87 87 83 74 64 54 46 44 47 56 66201029AS 113 901330 8899999999999999 720 501951 4499999999999999
 77 85 89 87 81 72 62 55 54 58 67 78 87 93 95 90 81 68 55 43 36 35 42 52201030AS 2 8 891344 9599999999999999 745 542031 3599999999999999
 65 77 85 88 85 78 69 62 58 60 69 80 91 99102 99 89 75 59 44 33 27 30 39201031AS 255 8814 410299999999999999 8 8 5821 9 2799999999999999
 51 65 77 84 85 81 74 68 63 63 70 81 93103108108100 85 68 50 35 24 22 282011 1AS 338 85142610999999999999999 829 622147 2299999999999999
 39 52 66 77 82 81 77 72 67 66 71 81 93105113115109 96 79 60 42 27 19 202011 2AS 419 82145011599999999999999 845 662224 1999999999999999
 28 41 54 67 75 78 76 73 70 69 72 80 92105114119117107 91 71 52 35 23 182011 3AS 5 1 78151511999999999999999 853 6923 1 1899999999999999
 22 31 43 56 66 72 73 72 71 71 73 79 90102113120121115102 84 64 46 30 212011 4AS 547 73154212299999999999999 842 702339 1999999999999999
 20 25 35 46 57 64 68 69 69 70 73 78 87 99110118122120110 95 77 59 42 292011 5AS16 91229999999999999999999999999999999999999999999999999
 22 23 30 38 47 56 61 64 66 68 72 76 84 94105114120120115104 89 72 55 402011 6AS1638121999999999999999999999 020 22999999999999999999999
 30 26 28 33 40 47 53 58 61 65 69 74 81 89 99108114117116109 98 84 68 532011 7AS1711117999999999999999999999 1 6 26999999999999999999999
 41 33 30 32 35 40 46 51 56 61 66 72 77 84 91 99106110111109103 93 81 672011 8AS1754111999999999999999999999 2 5 30999999999999999999999
 55 44 37 34 34 37 40 46 52 58 63 69 74 79 84 89 95 99102103102 98 90 802011 9AS19 4103999999999999999999999 327 34999999999999999999999
 69 58 49 42 38 37 39 43 49 56 63 68 73 76 78 79 81 84 88 91 94 95 93 88201110AS2054 95999999999999999999999 453 37999999999999999999999
 81 72 62 54 46 42 41 44 49 57 65 71 75 77 76 73 70 69 70 73 78 84 88 90201111AS13 3 772256 9099999999999999 547 4117 7 6999999999999999
 88 83 75 67 58 51 47 48 53 60 69 77 82 83 79 73 64 57 52 53 57 65 74 81201112AS1239 83999999999999999999999 622 471826 5299999999999999
 86 87 84 78 70 62 56 54 58 66 76 85 92 94 90 80 67 53 41 35 36 42 53 64201113AS 044 871249 9499999999999999 649 541924 3499999999999999
 75 83 86 84 79 72 66 62 64 71 82 93102107105 95 79 60 42 27 19 21 30 42201114AS 2 7 86131410899999999999999 713 622018 1999999999999999
 56 69 79 83 82 78 73 69 69 75 86 98110119121114 98 77 54 32 15  8 11 21201115AS 316 83134612199999999999999 734 682110  899999999999999
 35 50 64 74 78 78 76 73 72 76 86 99113125132130119 99 74 48 24  7  1  6201116AS 424 78142313299999999999999 750 7222 2  199999999999999
 17 31 47 60 69 72 73 73 73 75 82 95110124135139135120 97 71 45 21  5  1201117AS15 41399999999999999999999992253  1999999999999999999999
  6 17 31 45 57 63 66 68 71 73 78 88102117130139141134117 94 69 43 21  8201118AS15471429999999999999999999992342  5999999999999999999999
  6 12 22 34 46 54 59 62 66 70 74 81 92106120131137137128112 90 67 43 24201119AS16311389999999999999999999999999999999999999999999999999
 15 14 20 29 38 47 54 57 61 66 70 75 83 94106117126130129120104 85 64 45201120AS1717131999999999999999999999 031 14999999999999999999999
 30 24 25 30 36 44 50 55 59 63 68 72 77 84 93103111117120118109 96 80 63201121AS18 7120999999999999999999999 119 23999999999999999999999
 48 37 33 35 39 44 49 55 59 63 67 71 75 79 84 90 96101105107105 99 88 76201122AS19 4107999999999999999999999 210 33999999999999999999999
 63 52 44 42 43 46 51 56 61 66 70 73 76 78 79 81 83 86 89 93 95 94 90 82201123AS2017 95999999999999999999999 3 5 42999999999999999999999
 73 64 56 51 49 50 54 58 64 70 74 78 80 80 79 76 74 73 75 77 81 84 85 83201124AS1247 802147 8599999999999999 4 1 491656 7399999999999999
 78 72 66 60 55 54 56 61 67 74 80 84 85 85 82 76 70 65 62 63 66 71 76 79201125AS1212 852334 7999999999999999 450 541818 6299999999999999
 79 77 73 68 63 59 59 63 70 77 85 90 93 91 87 80 70 61 53 50 52 57 64 70201126AS1210 93999999999999999999999 529 5919 7 5099999999999999
 75 77 77 74 69 65 63 65 71 80 89 96100100 95 86 74 61 49 41 40 43 51 59201127AS 112 77122710199999999999999 6 1 631947 4099999999999999
 68 74 78 77 74 70 67 67 72 81 91100107108104 95 81 65 50 37 31 31 37 47201128AS 221 78125010899999999999999 629 672025 3099999999999999
 58 68 75 78 77 74 71 70 73 81 92103111116114106 92 74 56 39 27 23 26 34201129AS 314 78131611699999999999999 651 7021 2 2399999999999999
 46 58 69 76 77 76 74 73 74 80 91103114121122117104 86 66 46 29 19 18 24201130AS 4 2 77134612399999999999999 7 8 732140 1799999999999999
 34 47 60 70 75 76 75 74 75 79 88101113123128126116 99 79 57 37 22 15 162012 1AS 452 76141712899999999999999 715 742218 1499999999999999
 25 37 50 62 70 73 74 74 75 78 85 96109121129131126112 93 71 49 30 17 142012 2AS14491319999999999999999999992255 14999999999999999999999
 18 28 40 53 63 69 71 73 74 77 82 92104117127132131122106 85 63 42 25 162012 3AS15221339999999999999999999992333 15999999999999999999999
 16 22 32 44 55 63 67 70 72 75 79 87 98110122129132128116 98 78 57 38 242012 4AS15551329999999999999999999999999999999999999999999999999
 18 20 27 37 47 56 62 66 69 73 76 82 91102114123128128121108 91 71 52 362012 5AS1630129999999999999999999999 012 18999999999999999999999
 26 23 26 33 41 50 57 63 67 70 74 78 84 93103113119122121113100 84 66 502012 6AS1710122999999999999999999999 052 23999999999999999999999
 37 30 30 33 39 46 54 60 65 69 73 76 79 85 92100107112113111104 92 78 642012 7AS1758113999999999999999999999 136 29999999999999999999999
 51 41 37 38 41 46 53 60 66 71 74 76 77 79 82 86 91 96100101100 94 85 742012 8AS19 5101999999999999999999999 223 37999999999999999999999
 64 55 48 46 46 50 55 62 69 75 78 79 79 77 76 75 75 78 82 85 88 88 85 802012 9AS1112 802036 8999999999999999 314 4515 4 7599999999999999
 73 66 60 56 54 56 60 66 74 81 86 88 86 82 76 69 63 61 61 65 70 75 77 78201210AS1058 882238 7899999999999999 4 1 541716 6199999999999999
 76 73 70 66 63 63 66 72 80 88 96 99 98 93 84 72 60 50 44 44 48 55 62 68201211AS1118 99999999999999999999999 439 631830 4499999999999999
 72 74 74 73 71 70 71 76 85 95104111113109 99 84 67 49 36 28 29 34 42 52201212AS 135 74115111399999999999999 5 7 701929 2899999999999999
 61 68 72 74 75 74 75 78 86 98109119125125117103 83 60 39 23 16 16 23 33201213AS12311269999999999999999999992023 15999999999999999999999
 45 56 65 71 74 75 76 78 85 96109121132137135123104 80 55 31 14  7  9 17201214AS13161379999999999999999999992115  7999999999999999999999
 28 41 54 63 68 72 74 77 81 90103117131141145141126104 78 50 26  9  3  7201215AS14 314599999999999999999999922 5  3999999999999999999999
 16 28 42 54 62 66 70 73 76 82 93108123136146149142125101 74 46 23  8  5201216AS14501499999999999999999999992251  5999999999999999999999
 10 19 32 45 55 61 65 69 72 76 83 95110125137146147138120 96 70 43 22 11201217AS15381479999999999999999999992334 10999999999999999999999
 11 17 27 38 50 57 62 65 69 72 76 84 96110123134141140130112 89 65 41 25201218AS16251429999999999999999999999999999999999999999999999999
 18 20 27 37 47 56 61 65 67 70 73 77 84 95108119128132129118101 81 60 41201219AS1710132999999999999999999999 013 18999999999999999999999
 30 27 31 39 47 56 62 66 69 71 73 75 78 84 93103111117120116105 90 73 56201220AS1755120999999999999999999999 049 27999999999999999999999
 43 37 38 43 50 58 65 70 73 74 75 76 77 79 83 89 95101105106101 92 80 67201221AS1841106999999999999999999999 122 36999999999999999999999
 55 48 45 48 54 61 68 74 78 80 80 80 79 78 78 79 82 86 89 92 92 88 81 72201222AS 948 801932 9299999999999999 154 451340 7899999999999999
 64 57 54 54 58 64 71 78 83 86 87 86 84 81 77 74 73 73 74 77 79 80 77 73201223AS 944 872039 8099999999999999 222 531624 7299999999999999
 68 64 61 60 62 67 74 81 88 92 94 93 91 86 80 74 67 63 62 63 66 68 70 70201224AS1010 942231 7099999999999999 248 6018 1 6299999999999999
 69 68 66 66 66 69 75 83 91 97101102 99 94 86 77 67 58 52 50 52 56 60 64201225AS1042102999999999999999999999 3 9 661856 5099999999999999
 67 69 70 70 70 72 76 83 92100106110109104 95 84 70 57 47 41 40 43 49 56201226AS11181109999999999999999999991939 40999999999999999999999
 62 67 71 72 73 74 77 82 91100109115117114107 94 79 62 47 36 31 32 37 45201227AS11571179999999999999999999992019 30999999999999999999999
 54 62 69 73 74 75 77 81 88 98109118123124118107 91 72 53 36 26 23 26 34201228AS12361249999999999999999999992058 23999999999999999999999
 44 55 64 71 74 75 77 79 85 94106117126130129120105 85 63 43 27 19 18 23201229AS13161319999999999999999999992136 17999999999999999999999
 33 45 57 66 71 74 76 77 82 89100113125133136131119100 78 55 34 20 14 16201230AS13561369999999999999999999992214 14999999999999999999999
 23 35 48 59 66 71 73 75 78 84 94107120131138139131116 95 71 47 28 16 12201231AS14351399999999999999999999992251 12999999999999999999999
