 79 54 36 28 32 47 70 96119135141136123107 92 82 80 86 9811212312812511320 1 1AW10 114121 912899999999999999 310 281546 8099999999999999
 95 74 56 43 40 47 63 83105122133135129117103 90 81 79 84 9310411311711420 1 2AW104413622 611799999999999999 349 401647 7999999999999999
105 91 76 62 55 54 62 76 93110124131132125113100 87 78 74 77 84 9310210720 1 3AW1131132233110899999999999999 433 5318 4 7499999999999999
107102 93 82 72 67 67 73 85 99113124130130123111 96 82 70 65 66 72 82 9320 1 4AW1227131999999999999999999999 529 661922 6499999999999999
102106105100 92 83 77 76 80 89102115125131131123109 91 73 59 51 52 60 7320 1 5AW 122106132513299999999999999 645 762026 5099999999999999
 88102111114110102 93 85 81 83 91104117129135133122104 82 60 43 35 37 4920 1 6AW 255114141713599999999999999 8 8 812116 3499999999999999
 68 90109121126121111 98 88 82 84 93107123135141136120 96 68 43 24 18 2520 1 7AW 35912615 314199999999999999 916 822159 1899999999999999
 43 69 97120134137130116100 86 80 83 95113131144147137116 85 52 23  6  320 1 8AW 4471381546147999999999999991010 802239  299999999999999
 17 43 75108133147147135116 97 82 77 84100121141153152136108 71 34  5-1020 1 9AW 5301481627154999999999999991055 772319-1199999999999999
 -7 14 47 86121146157152135112 90 77 75 87107131151161155132 97 56 17-1120 110AW 61015717 8161999999999999991137 74999999999999999999999
-21-11 17 56 98134157162152130104 83 72 75 91116141160165154125 85 41  320 111AW 650163175016599999999999999 0 0-211217 7299999999999999
-21-25 -8 26 69111145163163147121 95 76 69 77 97123148164165149116 73 3020 112AW 729165183416799999999999999 041-261258 6999999999999999
 -5-23-21  2 39 83123152164158138111 86 70 67 79102128151164161140105 6420 113AW 8 9164191916599999999999999 123-251340 6799999999999999
 24 -5-17 -9 17 55 97132155161150127100 78 66 67 81104129149158151129 9620 114AW 84916120 715899999999999999 2 6-171425 6499999999999999
 58 24  2 -4  9 36 73109138154154139116 91 72 62 66 8010212414114713911920 115AW 928156205914799999999999999 249 -41515 6299999999999999
 90 58 32 16 15 30 56 88119141150145129107 84 67 60 63 76 9511412813312720 116AW10 9150215913399999999999999 333 141611 5999999999999999
111 88 64 45 35 37 51 74101124140144137121100 79 63 56 58 68 8310011312020 117AW1052144231712099999999999999 420 341718 5599999999999999
118108 92 76 62 55 58 70 88108126137139131116 96 76 60 50 49 56 69 84 9920 118AW1141140999999999999999999999 513 551838 4899999999999999
109113110101 90 80 74 75 83 96112126135136129114 94 73 54 42 37 42 54 7120 119AW 1 2113124013699999999999999 622 731959 3799999999999999
 89105115117113105 95 87 85 89 99112125134136130115 93 69 47 31 24 28 4120 120AW 252117134713699999999999999 752 8521 9 2499999999999999
 62 85106121128125116104 93 88 89 98111125136139132115 91 63 37 18 11 1620 121AW 412128145013999999999999999 918 8822 5 1199999999999999
 34 59 88114132138134122106 93 85 86 97112129141144135114 85 53 24  5  020 122AW 5 61381545144999999999999991021 842251  099999999999999
 10 33 64 97125142146138121102 86 79 83 97117136148148135109 75 40 11 -520 123AW 54814716331509999999999999911 8 792331 -899999999999999
 -6 11 40 75110137151149135114 92 77 74 83102124144154150131100 62 27  020 124AW 6241521715154999999999999991147 74999999999999999999999
-11 -4 19 53 91125147154145126101 80 69 71 86109133151157147122 86 47 1420 125AW 656154175315799999999999999 0 8-111221 6899999999999999
 -7-10  5 34 71108137153151136112 87 70 64 73 93118141155155138108 70 3320 126AW 725154182915799999999999999 041-111252 6499999999999999
  6 -7 -2 21 54 91124146152143121 96 74 62 63 78102127146154147125 92 5520 127AW 75315219 315599999999999999 112 -71323 6199999999999999
 23  4  0 14 41 76110136149146130106 81 64 58 66 85109132147148135109 7620 128AW 819150193714999999999999999 142 -11355 5899999999999999
 44 19  9 14 34 64 96124142146135115 91 70 58 58 71 91114132141137120 9320 129AW 845146201214299999999999999 210  81428 5799999999999999
 64 38 23 21 33 56 85112133142138123101 79 63 56 60 75 9411412813112410620 130AW 911142205013299999999999999 239 2015 6 5699999999999999
 82 58 40 33 37 53 76101123135137128111 90 71 59 56 62 76 9310911911911120 131AW 939138213512099999999999999 3 8 331549 5699999999999999
 95 76 60 49 47 56 72 92112126133130118101 83 67 57 56 62 74 8810010810820 2 1AW1010133223410999999999999999 340 471643 5599999999999999
102 91 78 67 62 64 72 86102116125127122111 95 79 65 55 53 57 67 79 90 9820 2 2AW1049128999999999999999999999 418 621752 5399999999999999
101 99 94 86 80 76 78 84 94105115122123118108 94 77 62 51 46 48 56 67 8020 2 3AW 0 7101114312399999999999999 513 761914 4699999999999999
 92100104103 98 93 88 87 90 96104113119122119109 94 76 58 43 34 34 42 5720 2 4AW 213104125912299999999999999 650 872031 3399999999999999
 74 92106114115111104 96 90 89 93101111121126124114 96 73 49 30 19 19 2920 2 5AW 344116141612699999999999999 844 892131 1799999999999999
 49 74 98117128129122110 97 87 84 88 99113127134132119 96 66 37 13  1  420 2 6AW 438129151913599999999999999 956 842221  099999999999999
 20 47 79109131142140127109 91 79 76 84100120137146142123 93 57 22 -4-1520 2 7AW 5191431612146999999999999991046 7623 6-1599999999999999
 -7 16 51 90124146154146126102 81 69 69 83105130150157149124 87 45  6-1920 2 8AW 55715417 1157999999999999991128 672349-2699999999999999
-25-11 21 62105139159160145119 90 68 58 64 84113141161166153121 78 32 -620 2 9AW 63416217481679999999999999912 7 58999999999999999999999
-28-28 -6 32 78121153166159137105 75 54 50 62 88120150168169150114 68 2220 210AW 7 9166183317199999999999999 030-311246 4999999999999999
-12-27-20  8 51 97137162167152123 89 60 44 45 63 93126155170166142104 5920 211AW 744167191917199999999999999 111-281326 4299999999999999
 18 -9-17 -2 30 72115148164160138106 73 47 37 43 65 96128153163156131 9420 212AW 81816520 616499999999999999 150-1714 8 3699999999999999
 54 21  2  3 22 55 94130153160148122 90 60 40 34 44 66 9612414415114111820 213AW 850160205515199999999999999 229  01452 3499999999999999
 87 55 32 22 28 49 80112138152150133107 77 52 37 34 45 66 9111513013512620 214AW 923153215013599999999999999 3 7 221540 3499999999999999
108 85 63 49 45 55 74 99123140145138120 96 70 50 38 37 46 63 8310111411820 215AW 95614523 011899999999999999 346 451636 3699999999999999
114103 89 76 68 69 77 92110125135136127111 90 69 52 41 38 44 55 70 86 9920 216AW1035136999999999999999999999 429 671750 3899999999999999
106108105 98 92 87 87 92101112121127127120108 91 73 56 43 37 38 45 57 7320 217AW 049108112912899999999999999 530 871924 3699999999999999
 88101109112111106101 98 98101107114120123120111 96 78 59 43 32 28 33 4620 218AW 3 7112125912399999999999999 732 972054 2899999999999999
 64 85103117123122116107 99 94 94 99108117124124117102 81 58 37 23 18 2420 219AW 422124143412599999999999999 928 932157 1899999999999999
 40 64 90113128134130119105 92 84 85 93106120130132124105 79 52 27 12  920 220AW 5 41341542133999999999999991026 842243  899999999999999
 20 42 71101126140141131114 94 79 73 78 92111128140140127103 72 40 15  220 221AW 53614216311419999999999999911 5 732320  199999999999999
  5 23 52 86117139148142124101 79 66 64 76 96120139149144125 94 59 27  520 222AW 6 41481712149999999999999991136 632353 -299999999999999
 -2  9 34 69104133150150135110 84 64 55 61 80106132150154143116 81 44 1420 223AW 63015217481549999999999999912 5 55999999999999999999999
 -1  1 21 53 90124146153144121 92 66 50 50 64 89118143156154134102 64 3020 224AW 654154182115799999999999999 022 -21233 4899999999999999
  7  1 13 40 76112140153150130102 72 51 42 50 72101130150157146120 85 4920 225AW 717154185315799999999999999 050  113 0 4299999999999999
 21  7 11 32 64100130150152138112 81 55 40 40 56 82112138152151134104 6920 226AW 739153192515499999999999999 116  71329 3899999999999999
 39 20 16 29 56 89120143151144122 92 63 43 35 43 64 92120141148140118 8820 227AW 8 1151195914899999999999999 142 151359 3599999999999999
 58 36 26 32 52 80110134147145129103 75 50 36 36 50 7310012313713812610320 228AW 823148203414099999999999999 2 8 261430 3599999999999999
 77 54 41 40 52 74100124140144134113 87 62 43 36 41 57 7910212112912611220 229AW 846144211412999999999999999 234 3915 6 3699999999999999
 93 73 58 52 58 73 93115131138134120 99 75 55 42 38 46 61 8110011311811420 3 1AW 91013822 311899999999999999 3 1 521548 3899999999999999
103 89 76 68 68 75 89106121130131123109 89 70 53 44 42 48 61 77 9210310820 3 2AW 938132231710899999999999999 333 671643 4199999999999999
107101 93 86 82 83 90 99110119124122115103 87 70 56 46 42 46 55 67 81 9320 3 3AW1018124999999999999999999999 416 8218 1 4299999999999999
102106106103 99 96 95 97102107113117117113104 91 75 59 46 38 37 43 55 7020 3 4AW 128106113511799999999999999 548 951940 3699999999999999
 87102112117116112106100 96 96100106113118118112100 82 61 42 28 23 28 4220 3 5AW 324117133611999999999999999 831 9621 1 2399999999999999
 63 87109124131130121109 96 88 86 91101114125130125110 86 58 32 13  6 1420 3 6AW 41813215 213099999999999999 948 852159  699999999999999
 34 63 94122140146139123103 85 74 73 83101122139146139119 87 52 19 -2 -820 3 7AW 45714616 3146999999999999991034 722247 -899999999999999
  5 33 70108138155156141117 90 68 57 62 80106134154161151123 84 42  6-1420 3 8AW 5321581655161999999999999991113 572331-1799999999999999
-15  6 42 85126155167159135102 70 48 42 54 81115147168172156122 77 32 -320 3 9AW 6 51671743173999999999999991150 42999999999999999999999
-18-11 17 59105144168171153120 82 49 31 32 52 85124157177176154115 69 2620 310AW 638172182917999999999999999 011-191228 2999999999999999
 -4-12  3 38 82126159173166138100 61 31 19 27 53 91131162178172146106 6220 311AW 7 9174191517899999999999999 051-1213 6 1899999999999999
 25  5  5 27 63106143167170153119 79 42 19 13 28 58 96133160170161134 9720 312AW 74017220 117099999999999999 128  21346 1399999999999999
 60 33 22 30 55 90126154166159135 99 61 31 14 15 33 63 9813015115614512120 313AW 8 9166204915799999999999999 2 5 221427 1299999999999999
 91 64 47 45 57 82111138156158143116 83 51 27 17 22 40 67 9612113713913020 314AW 838159214214099999999999999 241 441511 1799999999999999
112 91 74 66 69 82103124142149144127102 74 49 32 25 31 46 67 9010912012320 315AW 9 7149224912399999999999999 316 6616 2 2599999999999999
118108 96 88 85 89100114127136137130114 94 73 54 41 35 39 49 64 80 9510620 316AW 939138999999999999999999999 355 8517 7 3599999999999999
112113110106102100102108115121125125119108 94 78 63 51 44 42 47 56 69 8420 317AW 042113102512599999999999999 4581001844 4299999999999999
 98109116118117113109106105107110113116115110101 88 73 58 47 40 41 48 6220 318AW 3 4118121911699999999999999 7471052028 4099999999999999
 79 97113124128125118108100 95 94 98106113118118111 97 79 60 44 34 33 4220 319AW 4 4128142711999999999999999 935 942136 3299999999999999
 59 82105124135136128115100 87 81 82 91105118127128120102 79 55 36 26 2820 320AW 4381371537129999999999999991017 802222 2599999999999999
 42 65 92118137144139124104 84 71 67 75 91111129139138124101 72 45 26 1920 321AW 5 51441624140999999999999991048 672257 1999999999999999
 28 49 78109134148148135112 87 66 56 59 75 98123142149142122 93 61 34 1920 322AW 53015017 3149999999999999991116 552328 1799999999999999
 19 35 63 97127148155145122 93 66 49 46 58 82110137153155141113 80 47 2520 323AW 5531551737156999999999999991142 452356 1799999999999999
 17 27 51 84118144157153133103 71 47 36 42 63 94125149160154133100 65 3720 324AW 61515818 91619999999999999912 8 36999999999999999999999
 22 24 42 73107138156158143114 80 50 32 30 46 74108138158161147119 85 5320 325AW 636160184116299999999999999 023 201235 2999999999999999
 32 27 38 64 97129152160150125 91 57 33 23 32 55 88122148160155135104 7220 326AW 657160191416199999999999999 048 2613 2 2399999999999999
 47 35 39 59 88119145158155135103 69 39 23 23 39 68101132151156144120 9120 327AW 718159194715699999999999999 114 351330 2099999999999999
 64 48 45 58 81110136153155142115 82 51 28 20 28 50 8011113614914713110720 328AW 739156202215099999999999999 140 4514 1 2099999999999999
 82 64 56 61 78102126145152145125 96 65 40 25 24 37 61 8911613414113511920 329AW 8 115221 114199999999999999 2 6 561434 2399999999999999
 99 81 70 69 79 96117135145144131108 81 55 36 28 32 46 69 9311412713012420 330AW 824146214813199999999999999 234 681512 2899999999999999
111 97 86 81 84 94109124135138132117 97 74 54 40 34 39 52 70 9010711812120 331AW 851138225812199999999999999 3 7 8116 2 3499999999999999
118110102 96 94 97104114123128128122109 93 75 58 46 41 42 52 66 82 9710920 4 1AW 929129999999999999999999999 354 941715 4099999999999999
116118116112107104104106110115119120117109 98 83 67 53 43 40 45 55 71 8920 4 2AW 055118104712099999999999999 5401041856 4099999999999999
106118126127124117109103 99100104110116120118110 95 77 57 41 32 33 43 6220 4 3AW 246128131312099999999999999 822 992027 3199999999999999
 85109128139140133120105 92 85 85 93106120130133126109 84 57 34 21 21 3420 4 4AW 341141144913399999999999999 929 842131 1999999999999999
 59 90119142153151137115 92 74 66 69 84106129146151142119 87 53 25 11 1320 4 5AW 4201541553151999999999999991012 652222 1099999999999999
 33 65101135158165155132101 72 52 46 57 81113142162167153124 85 47 18  620 4 6AW 4551651646168999999999999991050 4623 6  599999999999999
 14 40 79119153171170151117 80 48 30 30 50 83122155176178159124 81 42 1520 4 7AW 5271731735180999999999999991127 272347  999999999999999
  9 24 57 99139168179167137 97 56 25 12 21 49 89131165184181157119 76 4120 4 8AW 55917918221859999999999999912 5 12999999999999999999999
 21 22 44 80121157177177156118 73 34  8  3 19 53 96138170183176149112 7420 4 9AW 63018019 818399999999999999 027 191244  299999999999999
 45 34 42 68104141168178167138 96 53 18  0  2 24 6110214116717516413810620 410AW 7 0178195517599999999999999 1 5 341323 -299999999999999
 75 56 53 66 93125154170170151118 77 39 12  1  9 34 6910613815816215012820 411AW 729173204416299999999999999 141 5214 4  199999999999999
102 81 71 74 89113138157164156133100 65 34 15 11 22 45 7510613114514713720 412AW 758164213714899999999999999 218 701447 1099999999999999
121103 91 87 93107125142152152139117 89 61 38 25 24 35 54 7810212113213320 413AW 828154224213499999999999999 255 871535 2399999999999999
128118108102100106116128137141137125106 85 65 48 39 38 46 60 78 9611112120 414AW 9 1141999999999999999999999 3401001635 3899999999999999
125125121115111109111116121126127124116104 89 74 61 52 49 52 61 74 8910420 415AW 020126 95012799999999999999 4591091758 4999999999999999
116124127126122116111108107109112115116114108 98 85 72 61 54 53 59 70 8620 416AW 212127115111699999999999999 7391071939 5399999999999999
103118129134132125115104 97 94 95101109116119117108 94 79 64 54 50 56 6920 417AW 31413414 611999999999999999 9 8 942054 5099999999999999
 87108126138141135123106 91 81 79 84 96110122129127116 99 79 61 49 47 5520 418AW 350141151812999999999999999 948 792144 4699999999999999
 73 96119138148145133113 91 74 65 67 79 98118133140136120 98 74 54 44 4520 419AW 41914816 7140999999999999991019 652222 4399999999999999
 60 83110134150154144123 96 72 55 52 61 81107130146150140119 92 66 48 4220 420AW 4451541646150999999999999991047 512255 4299999999999999
 50 71 99127149159153134105 75 51 40 44 63 90120144157155138112 82 58 4420 421AW 5 81591722158999999999999991114 392325 4399999999999999
 45 61 88118145161161145116 83 52 33 30 44 71104135157164154131101 72 5220 422AW 5311631755164999999999999991141 292353 4699999999999999
 46 56 79109138159165155129 94 59 32 21 27 50 84119148165164148121 90 6520 423AW 55316518291679999999999999912 8 21999999999999999999999
 52 55 72 99129153166161141107 70 38 18 16 32 62 99133158167159138109 8220 424AW 61616619 216799999999999999 020 511236 1599999999999999
 63 59 69 91119145162165150121 85 49 23 12 19 43 77113143161163150126 9920 425AW 638166193716499999999999999 048 5813 6 1299999999999999
 78 67 70 86110136155163156133101 65 34 16 14 28 56 9012314815915513811620 426AW 7 2163201415999999999999999 116 671338 1399999999999999
 94 79 76 85103125146158157142116 83 51 28 17 21 40 6810012814615214512920 427AW 727159205515299999999999999 146 761413 1799999999999999
110 94 86 87 99116134148153146127101 71 46 28 23 31 50 7710412714014313620 428AW 755153214614399999999999999 219 851453 2399999999999999
123109 99 95 99109123136144143134116 92 68 47 35 32 40 57 8010212113313620 429AW 828145225413699999999999999 3 0 951545 3299999999999999
132123114107104106113122131135133125111 92 72 55 43 40 45 58 77 9711512820 430AW 916135999999999999999999999 4 21041655 4099999999999999
134134129121114108107109114120125126123114100 83 66 52 44 45 55 71 9111120 5 1AW 027135105012699999999999999 5541071823 4499999999999999
128138141137128117106 99 97100108117124127124113 96 76 58 45 42 49 66 8920 5 2AW 15414113 012799999999999999 752 971949 4299999999999999
113134147151144130112 95 83 79 84 97113129139139129109 84 60 43 38 45 6520 5 3AW 251151143314099999999999999 856 792056 3899999999999999
 92121145159160148126100 76 61 58 69 89115138153155143119 89 61 41 35 4620 5 4AW 334161153915699999999999999 942 582151 3599999999999999
 70102135159170165144113 80 53 38 40 58 87121150168169154125 91 60 40 3820 5 5AW 4111711635171999999999999991024 372238 3799999999999999
 53 83118151172177163133 94 57 29 18 26 53 90129161179178158126 90 60 4420 5 6AW 44517817261819999999999999911 4 182322 4399999999999999
 47 68100136166181177154116 72 34  9  4 20 54 96138170185180157124 89 6420 5 7AW 5191821815186999999999999991144  3999999999999999999999
 53 62 86119153176183170139 96 52 16 -3 -1 22 60104144173184175151120 9020 5 8AW 55218419 318499999999999999 0 3 531224 -599999999999999
 70 66 80105137164180178157121 77 36  7 -5  3 30 6911114717117716614311620 5 9AW 625182195117799999999999999 043 6613 5 -599999999999999
 92 80 82 97122149169176167141104 63 28  6  1 14 42 7911614616416615513520 510AW 657176203916799999999999999 122 791346  199999999999999
113 97 90 96112133154166166152125 90 56 28 13 14 29 55 8711814215515514420 511AW 730168213015699999999999999 2 2 901429 1299999999999999
128113102100107121138151157153137112 83 56 36 26 29 44 67 9311813614514520 512AW 8 5157222714699999999999999 2441001515 2699999999999999
137125114108107113123135143145139124104 82 61 47 41 44 57 75 9611513013820 513AW 846145233513999999999999999 33610616 8 4199999999999999
139134125117111109112119126131132128117103 86 71 59 54 56 65 80 9711312720 514AW 942132999999999999999999999 4501091712 5499999999999999
135137134127118111106106109114119122121116106 94 81 70 64 64 70 82 9711420 515AW 053137112012299999999999999 6381061830 6399999999999999
128137140137128117106 98 94 96102110117122121114103 89 77 69 67 72 8410020 516AW 159140131912299999999999999 8 8 941948 6799999999999999
117133143145139126110 95 84 80 83 93106119127129123110 95 80 70 67 73 8720 517AW 245145144212999999999999999 9 1 802049 6799999999999999
106126142150149137119 97 79 67 66 74 90109126137138130115 96 79 69 68 7720 518AW 321151153913999999999999999 939 652137 6799999999999999
 94116137152156148130105 80 60 51 55 71 93118137148147135115 94 76 67 7020 519AW 3521561624149999999999999991012 512216 6799999999999999
 84106130150160158142116 86 59 42 39 50 73102130150158152135111 89 73 6820 520AW 41916117 4158999999999999991042 382251 6899999999999999
 77 96121145161165154129 97 64 39 27 32 52 82115144161164152130105 84 7220 521AW 4461651740165999999999999991112 272323 7199999999999999
 73 88111137158168163143111 75 43 22 18 32 60 95130156169165148123 98 8020 522AW 5121681816169999999999999991142 182355 7499999999999999
 75 82102127151167169155127 90 54 25 12 17 39 72110143165171161140115 9320 523AW 5381701853171999999999999991214 12999999999999999999999
 80 81 95117142162170164142108 70 36 14  9 22 50 8612315216816815413210820 524AW 6 6170193017099999999999999 027 791247  999999999999999
 91 84 91108131152166168154126 91 55 26 11 13 32 62 9913215616716214612420 525AW 636169201016799999999999999 1 0 841323 1099999999999999
104 92 91101119140157165160141112 77 45 22 14 21 43 7410813715616215413820 526AW 7 8165205416299999999999999 136 9014 2 1499999999999999
119104 96 99110127145157159150129100 69 42 25 21 31 54 8311313815315614820 527AW 744160214415699999999999999 216 961447 2199999999999999
134118106101105115129143151151140121 95 68 46 32 31 41 62 8811513614915120 528AW 829152224415299999999999999 3 61011539 3099999999999999
145133119109104106114125136142142134118 96 74 55 42 40 49 67 9111513514720 529AW 930143235115099999999999999 4131041641 4099999999999999
150145134121110103101106115125133136132121104 84 66 53 49 55 71 9211513520 530AW1059136999999999999999999999 5411011753 4999999999999999
148153148136121106 95 90 92101113126134136130116 97 77 62 55 59 73 9411820 531AW 058153124413699999999999999 710 9019 9 5599999999999999
139154158152137117 96 80 72 74 85103122137145142129109 87 70 60 63 77 9920 6 1AW 155158141514599999999999999 818 722018 6099999999999999
124147162164154133107 81 61 52 56 72 96122144156155142120 95 75 65 67 8320 6 2AW 243165152715799999999999999 911 512119 6499999999999999
107134158170169153125 92 61 39 32 40 63 94126153167166152127101 79 69 7420 6 3AW 325172162716999999999999999 958 322212 6999999999999999
 92119147168177170147113 75 41 20 16 30 59 96133162176174157130103 83 7520 6 4AW 4 51771721177999999999999991043 1523 0 7599999999999999
 83104131159177181167137 97 57 24  6  7 27 61102141169182176157130103 8620 6 5AW 4431811812182999999999999991126  42345 8199999999999999
 82 93116144168182179159124 82 41 11 -1  6 31 6811014817318217415312610320 6 6AW 52118318591829999999999999912 9 -2999999999999999999999
 89 90104128154174182173147110 68 31  6  0 12 40 7911915317317816614512120 6 7AW 559182194517899999999999999 028 881251 -199999999999999
102 94 98115138160175177162134 96 58 26  8  8 24 54 9112715517017015713720 6 8AW 637178202917299999999999999 1 9 931333  699999999999999
116102 98106123143162171167150121 86 53 28 16 21 40 6910213315416416014720 6 9AW 715171211216499999999999999 150 981414 1699999999999999
129112102102111127145158163156137110 80 53 35 29 37 56 8311113615215715120 610AW 755163215615799999999999999 2331011456 2999999999999999
138123110103105114127141150152143126102 78 57 45 43 53 71 9511813714915120 611AW 839152224315199999999999999 3201031539 4399999999999999
144133119109103105112123134140140133118 99 81 65 57 57 67 8310312313814620 612AW 931141233414799999999999999 4171031626 5699999999999999
147140129117107101101106115124130131126115101 87 75 69 70 78 9210912613920 613AW1041131999999999999999999999 5291001721 6899999999999999
145145139128114103 95 93 97105114122126125118107 95 85 79 79 86 9811412920 614AW 029146121612699999999999999 649 931827 7899999999999999
141147146138125109 95 85 82 85 94106118126128124115104 93 86 85 9110311820 615AW 123148135212899999999999999 758 821937 8499999999999999
133145151148137120100 83 71 68 74 87104120131136133123110 98 90 88 9410720 616AW 21115115 513699999999999999 851 682041 8899999999999999
124140151155148133111 87 67 56 55 66 84106127141146141129114 99 91 90 9820 617AW 25215516 114699999999999999 933 542134 8999999999999999
113132148158158146124 97 70 50 41 45 62 87114137152155147132114 98 90 9220 618AW 3291601646156999999999999991010 412219 9099999999999999
104122142158164158139111 79 51 33 29 40 64 95126150163162150131110 96 9020 619AW 4 31641727164999999999999991045 292258 9099999999999999
 96112133153166167154129 95 61 33 20 22 41 71107139161170165148126106 9320 620AW 43616918 6170999999999999991120 192336 9199999999999999
 92103122144163172167147115 78 43 19 11 21 47 8212015117017416314311910120 621AW 5101721844174999999999999991157 11999999999999999999999
 92 96111133155171174163136100 62 29 10  9 26 57 9513216017417315813511320 622AW 545175192317699999999999999 012 921234  799999999999999
 97 93101120142163175173155125 87 49 21  8 12 34 6910714216617516915112820 623AW 62317620 417599999999999999 050 931314  799999999999999
108 96 96107127149167174167146113 76 42 19 11 21 46 8111814916817216214320 624AW 7 3174204617299999999999999 131 941356 1199999999999999
122104 96 99112132152166169160137105 70 41 22 19 32 59 9312615316716715520 625AW 747170213116999999999999999 215 951441 1899999999999999
136117102 96100113132149161162151129100 70 45 31 32 46 7210313315516516220 626AW 838163221816599999999999999 3 5 961529 3099999999999999
150131113 99 94 98110126142152154144126101 75 55 44 46 60 8411213715516220 627AW 93815423 816399999999999999 4 3 941622 4399999999999999
158145127109 95 89 92102117132143146141126107 85 68 59 61 74 9411814015620 628AW1054146999999999999999999999 512 891720 5899999999999999
161156143124104 89 80 81 89104120134142141132117 99 83 74 74 8510312414420 629AW 0 1161122614299999999999999 627 791827 7399999999999999
157162156141120 98 79 68 66 74 90109127141146141129112 97 87 85 9310912920 630AW 05616214 114699999999999999 740 651940 8499999999999999
147161164157140115 89 67 52 50 59 77101125144154152141125108 96 92 9911420 7 1AW 151164152215499999999999999 844 492051 9299999999999999
134153165168158137108 78 52 36 34 46 69 98128151163163151133114100 9610320 7 2AW 243169162816599999999999999 939 332154 9699999999999999
119139159171172158133100 66 38 22 22 38 66101134159172170157136115101 9720 7 3AW 3331731723173999999999999991030 202248 9799999999999999
106124146166177174156126 89 53 25 12 16 37 70108143168178174157134113 9920 7 4AW 4191781810179999999999999991116 112335 9799999999999999
 98110130154173181174151117 78 41 16  7 17 42 7911815217418017115112710720 7 5AW 5 41811853181999999999999991159  7999999999999999999999
 97100115138161177181170143106 66 33 12  9 24 54 9213016017717816414211920 7 6AW 546182193217999999999999999 017 961240  899999999999999
101 95103121145166179178161131 94 57 28 14 17 38 7010714116617617115313020 7 7AW 62718020 817699999999999999 057 951319 1399999999999999
109 97 96107127150168176171150119 83 51 29 22 31 55 8812215016817116014120 7 8AW 7 6177204217199999999999999 134 941355 2299999999999999
119102 94 98112132152167170160137107 75 49 35 35 49 7410513415616616314920 7 9AW 745170211516799999999999999 211 941430 3399999999999999
129110 97 93100115134151161160147125 97 72 53 46 51 68 9312014315816215420 710AW 825162214816299999999999999 251 9315 5 4699999999999999
139120104 94 93101116132146152148135115 93 74 61 60 68 8610913114815715620 711AW 910152222315899999999999999 335 921540 5999999999999999
146130113 99 92 92100113127137142138127111 94 80 73 75 8510112013714915420 712AW10 314223 315499999999999999 427 911620 7399999999999999
150140125109 96 89 89 95106118128133131124112100 91 86 89 9811112614014920 713AW1114133235115199999999999999 531 8817 9 8699999999999999
151147136121105 92 84 82 87 97109120127129126118109102 98 9910611712914120 714AW1251129999999999999999999999 642 821814 9899999999999999
148150145134118100 85 75 72 77 8810211612713313312812011110610511011913120 715AW 047150142813499999999999999 751 72193710599999999999999
142150151145132114 93 75 63 60 66 80 9911813314214313812811711010711112020 716AW 145152154014499999999999999 850 60205410799999999999999
133145154155147130107 82 62 49 47 57 7610012414315315314513211910910611120 717AW 238155163215499999999999999 938 47215410699999999999999
122137152160159147125 97 69 46 34 36 52 7710713515516416114913211610510320 718AW 3251611715165999999999999991021 33224110399999999999999
111127145161168164146118 85 53 30 22 29 51 8311814816717316514812710910020 719AW 4 916817541739999999999999911 2 222322 9999999999999999
101114134155170175166142108 71 38 17 13 27 56 9413116117717816514311910220 720AW 4521751832180999999999999991143 12999999999999999999999
 95101119142165179180165135 96 57 25  8 10 31 6610714517218317815913411020 721AW 534182191018499999999999999 0 1 951223  699999999999999
 94 92103125151173185182161126 85 46 17  6 14 41 8012115718018517315012320 722AW 617186194718599999999999999 040 9113 4  699999999999999
100 88 90106131157178187178154117 76 39 16 11 26 56 9613616718318116413820 723AW 7 2187202518499999999999999 120 871345 1099999999999999
112 91 84 90109135160178183172145109 71 40 23 24 42 7511314817218117415320 724AW 74918321 218199999999999999 2 3 841427 2199999999999999
127102 85 81 90110135158173175162136104 71 47 36 42 63 9412715617417616420 725AW 839176214017799999999999999 249 801510 3699999999999999
142116 94 80 78 88107130150163164152131104 78 61 55 63 8411113916117116920 726AW 935165221917299999999999999 340 771554 5599999999999999
155133109 89 77 75 84101121139151153145129109 91 78 76 8410112414516116720 727AW104315423 316799999999999999 438 741644 7599999999999999
162148127104 85 73 70 77 91109126139145142133119106 97 9510111413114715920 728AW1212145235616399999999999999 547 701745 9499999999999999
163158144124103 83 69 63 67 78 9511413014114514113212211310911112013314620 729AW1359145999999999999999999999 7 6 6319 710999999999999999
157161157144125102 80 62 54 55 65 8310512614315215214513412311611512013220 730AW 1 1161153115399999999999999 824 53203911499999999999999
145157162160147126100 75 54 42 42 54 7610212915016116315414112611511211720 731AW 212163163616399999999999999 930 41215311299999999999999
130146160167165150126 97 67 44 31 33 48 7510613716017117015814012211010720 8 1AW 3161681723172999999999999991024 30224610699999999999999
114130149166174170152124 90 57 33 23 28 49 8111614817017817215513311310120 8 2AW 41117418 21789999999999999911 9 22232910099999999999999
101114134156174180172150117 80 47 25 19 31 58 9313016117918016814512110220 8 3AW 4581801837182999999999999991150 19999999999999999999999
 94 99117141165181183170142105 68 37 21 22 41 7311014617218217615713110720 8 4AW 54018419 818299999999999999 0 5 941226 1999999999999999
 92 89101124150172184181162130 92 57 32 23 32 57 9212916017818016614211620 8 5AW 619185193618199999999999999 039 881259 2399999999999999
 94 85 89107132158177183174150116 79 50 33 33 49 7911414617017917215212620 8 6AW 65518320 317999999999999999 111 841330 3199999999999999
101 85 82 93114140163177177162135102 70 48 41 49 7110113315917417315913620 8 7AW 731179202917699999999999999 143 811359 4199999999999999
111 90 80 83 98121145164172166148121 91 67 54 55 69 9312214816617216414520 8 8AW 8 7172205417299999999999999 217 791428 5299999999999999
121 99 83 79 86103125145159162153134110 87 71 66 72 9011313815716716515220 8 9AW 845163212016899999999999999 253 791457 6699999999999999
132110 91 80 80 89106125141151151141125106 90 81 81 9110812814715916215620 810AW 930152214916299999999999999 334 791528 8099999999999999
141122103 88 80 81 90105121134141140133121108 98 94 9710712213714915615520 811AW1026142222415799999999999999 423 7916 5 9499999999999999
147133116100 86 80 80 87 9911312513213413112411611010811111812913914715120 812AW1150134231315199999999999999 526 79165610899999999999999
150142130114 99 85 77 76 81 9110411712713313413212712211911912312913714420 813AW1349135999999999999999999999 643 75182711999999999999999
148147142130115 98 82 71 67 70 81 9611212813814414313813112512112112613320 814AW 027148152314499999999999999 8 3 67202512199999999999999
142148150146134116 95 75 60 54 58 71 9111313414915615514713512411711612120 815AW 150151161915699999999999999 9 8 54214011699999999999999
132144154158153138115 89 64 46 40 46 65 9212014616316816315013311710910920 816AW 25815817 01689999999999999910 0 40222910799999999999999
118134152165169161141111 78 49 30 26 39 65 98133160176178166146124106 9820 817AW 3531691736179999999999999991045 2623 8 9899999999999999
103118141163178180168140104 66 34 17 18 37 71111148175187182163136110 9320 818AW 4411811811187999999999999991126 152346 8899999999999999
 89100122150175190189170136 94 53 22  9 17 45 84127165188192179152121 9520 819AW 52719118451939999999999999912 7  9999999999999999999999
 80 82100128160185198192167128 83 43 16 10 26 5910314517919519116913710420 820AW 612198191819699999999999999 024 791247 1099999999999999
 80 70 79102135167191200189160119 75 39 20 21 43 8012316218819518215412020 821AW 658200195119599999999999999 1 2 701326 1899999999999999
 88 68 65 78105139170191195181150111 72 44 32 41 6710314217419018816913820 822AW 744196202419299999999999999 142 6414 5 3299999999999999
104 76 61 63 80108140167184185169140107 76 57 53 66 9212515717918617715320 823AW 833186205618699999999999999 225 601444 5299999999999999
122 92 69 59 64 81107135159171170156133108 87 75 77 9111514116417717716320 824AW 926173212917999999999999999 311 591524 7499999999999999
140112 86 68 61 66 81103126145156156147132115102 9610011213014916417016620 825AW103215822 717099999999999999 4 5 6116 8 9699999999999999
152131108 86 71 64 67 78 9511413114214614313612711911511812613714915816120 826AW12 6146225716199999999999999 511 6417 711599999999999999
157146129109 91 75 66 65 72 8510111813214214614514013412912713013614315020 827AW1415146999999999999999999999 638 65185312799999999999999
154153146133115 96 79 66 60 63 73 9011012914515415615114313412712512813520 828AW 019155154515699999999999999 812 60205412599999999999999
145152156152140122100 78 61 52 53 64 8511013415416416515714413011911511920 829AW 2 0156163416699999999999999 924 5122 011599999999999999
130143156163160148126 99 73 52 42 45 61 8711714516517417015613711910610420 830AW 3161631710174999999999999991016 42224210499999999999999
112129148165172168151124 93 63 42 35 44 66 98131159177179168147123103 9320 831AW 4111731741180999999999999991058 352316 9399999999999999
 96112134158175181172149117 82 52 35 34 50 79114148173184178158132106 8820 9 1AW 45418118 8184999999999999991133 322347 8499999999999999
 84 95117144169184185169140104 69 43 33 40 64 98135165183184169142113 8820 9 2AW 53318718331869999999999999912 5 33999999999999999999999
 77 80 99127156179189183160126 89 58 39 38 55 85121154178186176153122 9320 9 3AW 6 8189185718699999999999999 016 761233 3799999999999999
 74 71 83108138167185188174146111 77 52 43 52 7610914317018418116213310220 9 4AW 641189191918599999999999999 044 7013 0 4399999999999999
 77 66 71 90119149173185181161130 97 69 54 55 7210013216117918216914411320 9 5AW 714186194118399999999999999 113 661326 5399999999999999
 85 67 64 76100129156175179168145116 88 69 64 73 9512315117117917315312420 9 6AW 74818020 317999999999999999 142 631352 6499999999999999
 96 73 63 67 84109136158170169154132107 87 77 79 9411614116217417315913520 9 7AW 823171202517599999999999999 214 631418 7699999999999999
108 84 68 64 73 91115138155161156142122104 92 90 9711313315216516916114420 9 8AW 9 3161204916999999999999999 249 641446 8999999999999999
121 98 79 69 69 79 9611713514715014513312010910310511412814315516115914920 9 9AW 952150211516299999999999999 330 68151710399999999999999
132113 94 80 73 74 82 9711312713714113813212411811611912613514515115315020 910AW11 4141215215399999999999999 422 72155911699999999999999
140127111 96 83 76 75 81 9110511812913513813713413012812813013514014414620 911AW13 913823 414699999999999999 537 75173012799999999999999
144138128115100 87 76 71 73 81 9410912413714514714614113513012712813213720 912AW15 4147999999999999999999999 714 71201612799999999999999
143145144136123105 87 71 61 60 69 8510512714515716015614613512411811812420 913AW 111146155616099999999999999 836 60213111799999999999999
134146154155148131107 82 60 47 46 58 8010813615917117216214512611110310620 914AW 240156163317399999999999999 935 45221310399999999999999
119137155168170159136105 73 47 32 34 53 83119152175185179160135110 93 8820 915AW 34117117 6185999999999999991023 312250 8899999999999999
 98119145169184184168137 99 61 33 22 30 56 94135169190193178150118 90 7420 916AW 43218617381949999999999999911 5 222326 7399999999999999
 76 94123156184198194171134 90 50 25 19 35 69112154186200193168132 96 6920 917AW 5191991810200999999999999991145 18999999999999999999999
 58 68 94130167195207198169127 82 45 25 27 51 90134173198202185151111 7420 918AW 6 4207184120399999999999999 0 2 581224 2399999999999999
 51 48 65 98138175201208194161119 77 46 35 45 74114155187202195169130 8920 919AW 650208191220299999999999999 040 4713 2 3599999999999999
 57 40 44 67103143178199201184151112 78 56 53 6910013717119319718115011020 920AW 737203194219899999999999999 119 391340 5299999999999999
 73 47 37 47 72107144173189188170142111 86 74 77 9612415417919018516413120 921AW 825191201219199999999999999 2 0 371417 7399999999999999
 95 65 45 41 53 78109139163175172157136115 99 9410111914116317818017014720 922AW 919175204318199999999999999 245 411455 9499999999999999
118 89 65 51 50 61 8210713114915815714913612311511412113414916216916715520 923AW1025159211716999999999999999 335 49153811399999999999999
136113 90 72 61 60 67 8210011913414414814614113413012913213914715415715420 924AW12 614822 515799999999999999 440 59164512899999999999999
146132116 98 83 72 67 69 78 9110712313614514914914514013513313413714114520 925AW1421150235114699999999999999 610 67191313399999999999999
146144136124109 93 79 70 67 71 83 9911813615015715815214213312512212413020 926AW1532158999999999999999999999 754 6721 612299999999999999
138145148145135119 99 81 67 61 64 78 9812214416016616315213712111110711220 927AW 2 1148161016799999999999999 9 8 61215310799999999999999
124139151158156143123 99 76 60 54 61 79105133156171173163145123105 94 9520 928AW 315158164017499999999999999 958 542227 9399999999999999
106125146162169164147121 92 67 52 50 64 88119148170179173155130105 86 8020 929AW 4 516917 6179999999999999991036 492256 8099999999999999
 88108133157174178167143112 81 58 47 53 74105138165181181166139109 84 7020 930AW 44617817301839999999999999911 8 472323 6999999999999999
 72 89116146170184181163133100 70 52 50 64 92126157179186175150118 87 662010 1AW 5211851753186999999999999991137 482350 6099999999999999
 60 71 96129159181188178153120 87 62 52 60 82114147174187182161129 94 672010 2AW 55418818151879999999999999912 4 52999999999999999999999
 53 57 77109143171187186169139106 77 61 61 77105137166184185170140105 732010 3AW 627189183618799999999999999 017 521230 5899999999999999
 52 48 61 88123155179187178155124 95 74 67 76 98128157178185176151117 832010 4AW 659187185618599999999999999 044 471256 6799999999999999
 57 45 50 71102135163180180166141112 89 77 79 95120147170181178159130 962010 5AW 732182191718299999999999999 112 441321 7699999999999999
 67 49 45 58 83114144166175169152128106 91 87 961141381601741761641411112010 6AW 8 7175193917799999999999999 142 451347 8799999999999999
 81 59 48 52 68 94122147162165157140121105 981011131311501641701651481242010 7AW 84516620 217099999999999999 215 481415 9899999999999999
 97 73 58 53 61 781011251441541541461331201111091151261411541611611511342010 8AW 932155202716299999999999999 252 53144710999999999999999
113 91 73 63 61 69 841031221361451461411331251211211251331431501531501412010 9AW103814621 015399999999999999 340 61153212099999999999999
127110 93 79 70 67 72 83 98114128137142142139135131129130133137141142141201010AW1231142221014299999999999999 449 67171412999999999999999
136127115101 87 75 69 69 77 89105121135145150149145138131126124125129135201011AW1423150999999999999999999999 627 6820 512499999999999999
139140136126111 94 77 65 61 66 79 98120140155162160151138124113109111120201012AW 044140151716299999999999999 759 6121 910999999999999999
132144151150140121 97 74 56 49 55 72 98127152169174167150129108 94 90 98201013AW 224152155417499999999999999 9 4 492149 9099999999999999
115136156167167153128 96 67 46 39 49 73106141168184183167141111 86 72 73201014AW 328169162718599999999999999 955 392226 7099999999999999
 89116146171185182162130 92 59 38 35 51 83122159185194184158123 87 61 51201015AW 4211861659194999999999999991039 3423 2 5199999999999999
 60 85121158186199191166127 86 53 36 39 63100141177197198177141 99 62 38201016AW 5 91991731200999999999999991120 352339 3399999999999999
 35 52 87129169197206194163122 82 53 42 53 82122162191203192162119 75 40201017AW 55620618 22039999999999999912 0 42999999999999999999999
 22 27 52 92137176201205189157117 82 60 57 74106144178198199179142 97 55201018AW 643206183320299999999999999 018 211238 5699999999999999
 25 15 27 57 99142177197197179148114 87 73 77 97128161186197188161122 79201019AW 73120019 419799999999999999 057 151317 7299999999999999
 43 21 18 34 65105143172187184167141115 96 90 98119145170186187172142105201020AW 820188193518899999999999999 139 161355 9099999999999999
 69 40 26 27 45 74108139162173169155136119108107117134154170177172154127201021AW 91417320 717799999999999999 223 24143510699999999999999
 96 68 47 37 41 57 81107132150158157148136126120121128140153161163156141201022AW1020159204316499999999999999 313 37152411999999999999999
119 96 74 59 52 55 66 84104123138147149146140134129128131137144148148143201023AW1152149213514999999999999999 413 52164312899999999999999
133118102 86 73 66 65 71 83 99115130142148149145139133128125126130134137201024AW1341149233113799999999999999 535 64191012599999999999999
137132124112 98 85 74 70 72 80 94112129144152154150140129119113111115123201025AW1447155999999999999999999999 713 70204411199999999999999
131137138134123107 91 77 69 69 78 94114135151160159150135118104 96 96104201026AW 145138152616199999999999999 831 682128 9599999999999999
118132143148143130112 92 75 66 67 79 99123146162167161144122101 85 79 85201027AW 3 1148155716799999999999999 923 6522 1 7999999999999999
100120140154158150133110 87 70 63 68 86111137160171170155131104 80 67 67201028AW 35115816231729999999999999910 3 632230 6599999999999999
 80103129152165166153130103 79 65 63 75 99127154172176166142111 81 60 53201029AW 4321671648177999999999999991037 622257 5399999999999999
 61 83113142165174169149122 94 72 63 69 88116146169180174153122 87 59 43201030AW 5 817417111809999999999999911 7 632324 4299999999999999
 45 63 93127156175178166141112 85 69 68 81106136163179180164134 97 63 40201031AW 5421791733181999999999999991136 662352 3399999999999999
 33 45 72107142168181177158130101 80 71 78 98126154175182172146110 73 442011 1AW 61518117551829999999999999912 3 71999999999999999999999
 28 32 52 85122154176181169146118 93 79 79 93117144168180176157124 87 532011 2AW 648181181818099999999999999 020 271230 7799999999999999
 31 25 37 65100135163177175158134109 91 84 91110135158174177164137103 682011 3AW 722178184117799999999999999 049 251258 8499999999999999
 40 27 30 48 79113144165172164146124104 93 94106126147165172167148118 852011 4AW 75717219 617399999999999999 119 261327 9299999999999999
 55 35 30 39 61 911221471621641531361181051001051191371541641651531311032011 5AW 837164193216699999999999999 153 29135810099999999999999
 74 51 38 37 50 721001261451551541451311181101091161281421531571531401192011 6AW 92415620 215799999999999999 231 36143610899999999999999
 94 71 53 45 47 59 791021241401481471401311221171171221301391461471421302011 7AW1026148204414799999999999999 319 44153211699999999999999
113 93 75 61 53 54 64 801001191341431451421361281221201201241301341361342011 8AW115214522 313799999999999999 422 52171511999999999999999
127115100 84 70 60 58 64 77 951141311431491481421331231151111111161231292011 9AW1322150999999999999999999999 546 58192411199999999999999
133132125112 95 78 64 57 60 72 91113134150158157147133116102 94 93101113201110AW 020134142315999999999999999 714 572033 9399999999999999
128139144140126106 83 65 54 55 68 90117143161168163147125101 81 72 74 87201111AW 2 314415 616999999999999999 825 532119 7199999999999999
109132150159155139114 86 63 51 53 69 97128156174177165140109 78 56 48 56201112AW 313160154317899999999999999 922 5022 0 4899999999999999
 79109140164175169148118 86 61 50 55 77109143171185181160125 87 52 31 28201113AW 4101751618186999999999999991010 492239 2799999999999999
 44 75114151177187178153119 85 61 54 64 91126160184191178147106 62 28 11201114AW 5 11871652191999999999999991055 542319 1099999999999999
 15 39 77121160186193181152117 85 65 63 79108143174192190169130 84 41 10201115AW 5511941726194999999999999991138 62999999999999999999999
 -1 10 40 83128166189193177148115 87 73 76 96126158183193183154111 65 25201116AW 63919418 019399999999999999 0 0 -11219 7299999999999999
  0 -4 13 47 91134168187186169141113 92 84 92113141168185186169136 94 52201117AW 728189183518899999999999999 042 -513 0 8499999999999999
 18  1  3 23 58 98137165178175158135112 98 95106126150170179174153120 82201118AW 817179191018099999999999999 124 -11341 9599999999999999
 46 20  9 15 37 69104136158167163148130114105106116134152165168159138108201119AW 9 9167194716899999999999999 2 9  9142510499999999999999
 76 48 29 23 31 51 78107133150156152141128116111112121134146154154144126201120AW10 5156202915599999999999999 256 23151711099999999999999
102 77 56 43 40 47 63 85108128142147145138128119114114119127135140139132201121AW1111148212414099999999999999 348 39162811399999999999999
118101 83 67 57 54 60 72 90108125137143143137129120113110111115121126128201122AW1225144225512899999999999999 450 54181111099999999999999
125117106 92 79 69 65 68 78 92108124137144144138128116106 99 98101108116201123AW1333145999999999999999999999 6 5 651948 9899999999999999
122124121113101 88 78 72 73 80 94111128141148147138124108 94 84 82 88 98201124AW 057124142314999999999999999 723 712046 8299999999999999
111123129129122109 94 82 74 74 83 98117135148154149135115 94 77 67 68 78201125AW 22813015 115499999999999999 829 732126 6699999999999999
 95113129138138129113 96 82 74 76 87105126145157157146125100 75 57 51 57201126AW 329139153315899999999999999 920 7422 0 5199999999999999
 74 98121139148145133114 94 79 74 79 94116139156163156137109 79 54 39 39201127AW 41614816 21639999999999999910 1 742231 3799999999999999
 53 78107133151157149132110 89 77 75 86106130152165164149122 89 57 34 25201128AW 4551571629166999999999999991037 7423 1 2599999999999999
 33 56 87120146161162149127103 85 76 80 96120144162169160136102 66 36 18201129AW 5321631656169999999999999991110 762330 1699999999999999
 18 35 65101134158167162143119 96 81 79 89110135157169167149118 80 44 19201130AW 6 61681722170999999999999991142 78999999999999999999999
  9 18 43 78115147165168156135110 91 81 85101124148165170159133 97 59 272012 1AW 641169174917099999999999999 0 1  91212 8199999999999999
  9  8 25 56 93129155168164148125103 88 85 95114137157168165146115 78 432012 2AW 716168181816899999999999999 033  61244 8599999999999999
 17  6 13 36 70106138159165156138116 98 89 92105125146161165155131 99 632012 3AW 753165184816599999999999999 1 6  61317 8999999999999999
 33 14 10 23 49 83116143158159147129110 97 93 99114132149158157142117 852012 4AW 833160192215999999999999999 143 101354 9399999999999999
 54 29 17 18 34 61 93122144154152140123108 99 981051191341461511461301062012 5AW 91815420 115199999999999999 223 161438 9799999999999999
 78 52 32 24 29 45 71 991241421491461351211091011001071181291391411361222012 6AW1010149205214199999999999999 3 9 24153610099999999999999
101 78 56 40 34 39 54 77102124140146144134122110101 991021101191281311292012 7AW111114622 713199999999999999 4 4 341656 9999999999999999
119103 84 65 50 44 47 61 80103124139146145136122108 97 90 90 961061161242012 8AW1217147235312799999999999999 5 9 441830 8999999999999999
126122111 94 77 61 53 54 65 83105126142150148138121102 86 75 72 78 911062012 9AW1319151999999999999999999999 624 521947 7299999999999999
121130131123108 89 72 60 59 68 86109131149156153138116 91 69 54 51 60 78201210AW 138131141115799999999999999 739 582046 5199999999999999
100122138143137121100 80 66 63 71 91116140157163155135105 74 47 32 30 44201211AW 259143145616399999999999999 846 622135 2999999999999999
 68 99127148156150132108 85 69 66 77 98125150167169155127 91 54 25 10 13201212AW 4 3156153917099999999999999 944 662221  999999999999999
 33 65102136159167159139112 88 72 71 84109137161174171150116 74 34  5 -6201213AW 5 01671619175999999999999991035 7023 5 -699999999999999
  2 28 66108144168174164140113 88 75 77 94120148170178169142102 57 18 -8201214AW 5511741659178999999999999991123 742349-1599999999999999
-15 -1 30 72115151173176162137110 88 79 84104131157175178162130 87 43  6201215AW 64017717391799999999999999912 7 78999999999999999999999
-15-16  4 39 81123156173172155130105 88 83 92113139162175172151116 74 33201216AW 726174181917699999999999999 033-181250 8399999999999999
  2-13 -8 15 51 92130157168163145122101 88 87100121144162169161138103 63201217AW 810168185916999999999999999 115-131332 8699999999999999
 28  4 -4  6 31 66102134155160152135114 97 89 92105125144157159148123 91201218AW 853161194016099999999999999 157 -41414 8899999999999999
 57 29 13 11 23 48 80111136150151141125107 95 90 95107124139147146133111201219AW 935152202214899999999999999 238  915 0 9099999999999999
 83 56 36 25 28 42 65 92117136144143132118103 93 90 95105118130135132120201220AW1019145211013599999999999999 319 251553 9099999999999999
101 80 60 46 40 45 59 79101121134139136126113100 91 88 91 99109118122120201221AW11 5139221212299999999999999 4 2 4017 0 8899999999999999
111 97 82 67 58 55 60 73 89107123133136132123110 97 87 82 83 89 97105111201222AW1157136234111299999999999999 450 551821 8299999999999999
112108 99 88 77 70 68 72 82 96111124133135131121107 92 80 72 71 76 85 96201223AW1253135999999999999999999999 550 681940 7199999999999999
105110110105 97 88 80 77 79 87 99113126135137131119102 83 68 59 57 64 76201224AW 132111134713799999999999999 7 5 772040 5799999999999999
 91105114118114106 96 87 82 83 90102117130139139131114 92 70 52 43 44 54201225AW 3 0118143414099999999999999 821 812126 4299999999999999
 72 92111123128124113100 89 83 84 92106123137144141127105 78 53 35 28 33201226AW 4 0128151414499999999999999 922 8222 4 2899999999999999
 50 74 99121134137130116101 88 82 85 96113131144148140120 92 61 35 18 16201227AW 4461381551148999999999999991011 812239 1599999999999999
 28 52 82111134145144133115 97 84 80 87103122141151150135109 75 42 16  5201228AW 5251461625153999999999999991051 802313  499999999999999
  9 29 60 94125146153146130109 91 80 81 92112133150156149126 93 56 23  2201229AW 6 11531659156999999999999991127 792348 -499999999999999
 -4  9 36 72108138154156144123101 84 78 84100122144157158143114 77 38  8201230AW 63615717321599999999999999912 1 78999999999999999999999
 -8 -6 14 47 86122147158154137114 93 80 79 90110133152161155133 99 60 23201231AW 71115918 716199999999999999 023 -91235 7799999999999999
