220256272263228176121 77 54 56 8513820125930031630527022117113111011313920 1 1AX 2 927215 631799999999999999 826 51212410899999999999999
178219248258246213167122 89 75 8411616622026629530228424820215912611011620 1 2AX 258258154630399999999999999 9 8 74221511099999999999999
14017621123724623620917213611010011014018322726428528526623118915012010620 1 3AX 35924616322889999999999999910 0100231410599999999999999
11113416620122824123821818915813412313015318622325427227225322118114111120 1 4AX 51724217302749999999999999911 9123999999999999999999999
 95 9912015419222624725123921318315613913815318121424426326524821417212920 1 5AX 645252183626699999999999999 019 94123513799999999999999
 95 78 8110514419123326327426423820216914413514517220724026226424620815920 1 6AX 8 2274193826699999999999999 122 77135913599999999999999
111 74 56 62 9214219925028529928725521217113912613616720824526726824319720 1 7AX 9 2299203227199999999999999 217 5515 512699999999999999
140 88 50 34 46 8714821427130932030226121116312911613117021725727727223720 1 8AX 953320211927899999999999999 3 5 34155811699999999999999
181117 62 26 16 38 9116223429332833430625720015111711013418223327228727220 1 9AX103933622 228799999999999999 351 16164510999999999999999
226160 92 38  7  4 3710218125631234333930124418513610710914420025328629320 110AX1124345224429499999999999999 435  1172810499999999999999
268211137 68 18 -7 -1 4412020427732835133528722516712210011315922027129820 111AX12 7351232630199999999999999 520 -9181010099999999999999
295259193115 48  3-15  2 60143228297341353325268203148109 9712117723928520 112AX1248354999999999999999999999 6 4-151852 9699999999999999
304293247173 95 33 -5-15 14 83171253315350348308244180129 97 9613219325320 113AX 010305132835499999999999999 647-161933 9299999999999999
293306286232155 81 25 -5 -5 36112200276329351335285218157112 88 9714220420 114AX 05630614 635199999999999999 730 -92016 8799999999999999
260295302276218143 76 28  6 16 66144227293334343315258193137 97 82 9914820 115AX 144303144534499999999999999 813  521 0 8299999999999999
208259289293264208141 83 43 29 47 99173245300329326291233172121 87 7810020 116AX 237295152533299999999999999 859 292148 7799999999999999
147203250278282256208152103 70 60 80129192251295314304267213157110 80 7420 117AX 337284161031499999999999999 951 602244 7399999999999999
 95139190235265273256220174133104 95110148198245280293282248199148103 7520 118AX 44927317 3293999999999999991054 952348 6799999999999999
 67 85123172219254271266241205167138124129154192231261274266237193143 9820 119AX 61627218 7274999999999999991215123999999999999999999999
 67 57 6910515420725027828426823619816414113514917921624626225823319013820 120AX 747284191926399999999999999 059 57134913499999999999999
 91 57 42 52 8814220225429130529426121817614413013816820624025925723218620 121AX 9 3305202726199999999999999 2 8 4215 912999999999999999
131 81 44 28 38 7813920626530732431027222317513712012916420724426426123120 122AX10 3324212326599999999999999 3 8 27161011999999999999999
179119 67 30 16 31 7914721928032233531526921316212411012817021825527226320 123AX1053335221127399999999999999 4 1 16165711099999999999999
225166103 51 18  9 34 9116523829733333630525119314311110713618723727028020 124AX1136339225228099999999999999 447  8173710499999999999999
261212146 83 35  9 11 4711419226131333732628222316612210111115421025828420 125AX1212338232928799999999999999 528  6181210099999999999999
283251192122 62 22  6 22 73148224286325333305250190138104 9712417823527620 126AX1244335999999999999999999999 6 3  61843 9699999999999999
292278233165 97 44 15 13 45110187257308331319275214156112 9110114420425720 127AX 0 4292131133199999999999999 634 101913 9199999999999999
289293265207137 74 32 16 31 80153229288323326295239177125 93 8711416722720 128AX 038295133632999999999999999 7 3 161941 8599999999999999
272293284243179112 59 29 29 61123198264309325309262201143101 81 9113118920 129AX 11329314 032599999999999999 732 252011 8199999999999999
243278287267218155 96 55 40 55100167235288316313280226166117 86 7910214920 130AX 149288142631899999999999999 8 3 402044 7899999999999999
204249275275247197141 94 66 63 89140202258295306289247192140100 79 8411420 131AX 230279145430699999999999999 837 612120 7899999999999999
161210247266260231187141106 88 94123171222264286285260217167123 91 79 8920 2 1AX 317267152828999999999999999 917 8722 3 7999999999999999
121164207239255250226192156129117124149187225254267260235196152114 88 7920 2 2AX 41625616102679999999999999910101172257 7999999999999999
 90119158198230249250235209181157143144160186214237247242220186147111 8520 2 3AX 5342511711247999999999999991127142999999999999999999999
 74 8210814618822525026125423420718016015115617319822023423521818714710820 2 4AX 7 6261183123799999999999999 0 4 7413 915199999999999999
 77 62 67 9113218022626128027926022819316314414215718421323524022619314720 2 5AX 827282194824199999999999999 117 61143814099999999999999
100 63 44 46 7312117923527930330327923819315412912514418021924725523919920 2 6AX 929306205125599999999999999 224 42154112499999999999999
144 88 45 22 26 5811618525029932432028723618213811211114018823526627325120 2 7AX1022326214527499999999999999 323 20163110899999999999999
201135 71 25  2  9 50120199269319341328283222164119 9610514720625728729020 2 8AX11 8341223529299999999999999 418  11715 9599999999999999
259197121 53  7-14  0 53135220290336350324267201142100 8410616222828030620 2 9AX1152351232230899999999999999 5 9-141758 8499999999999999
301259185104 37 -7-22  2 69159245311349350309242174118 82 7611418125029820 210AX1232355999999999999999999999 556-221838 7499999999999999
319305251169 88 25-13-20 19 97191272329355339283210144 94 66 7512720126820 211AX 0 831913 935699999999999999 640-221918 6499999999999999
311324300236153 76 21 -9 -3 49135225296341350316249176115 72 56 8014221720 212AX 054324134335299999999999999 722-121956 5599999999999999
278315321287219140 73 27  8 28 90176255313341331283212143 89 55 53 8915620 213AX 140323141634299999999999999 8 2  82035 4999999999999999
226281311309271206137 81 46 39 69133209274315326301246178117 71 48 57 9920 214AX 228314145032699999999999999 843 372116 4799999999999999
163226274298293257202146102 77 78111167228275301298267214154101 64 50 6420 215AX 321300152630399999999999999 928 7322 2 5099999999999999
105161216259281279252211168133114117143184227260275267237192142 98 68 5720 216AX 42428316102759999999999999910241122259 5799999999999999
 69103150199240265271258231198169149145157182211235246241220185144105 7620 217AX 5472721713246999999999999991145144999999999999999999999
 63 69 9413418022325627427425722919917215615416618720922522821719015411520 218AX 729276184422999999999999999 012 62134015399999999999999
 82 63 61 7911516421525728629428225221517815013714316619521923122620316420 219AX 854295201523199999999999999 137 59151113799999999999999
121 82 56 48 6310315821726830231429826021316813311712615719622824524121420 220AX 955314212224699999999999999 252 4816 811799999999999999
169117 73 44 35 5410116523028431832529925019614611110112216521224726425520 221AX1041326221126499999999999999 352 35165010199999999999999
218162104 59 30 26 55113184251302329323283225168120 93 9613318823827128020 222AX1119331225028199999999999999 439 241724 9099999999999999
259209144 85 42 19 27 70140213276318331307253191136 96 8310515821926629220 223AX1151332232429499999999999999 517 181754 8299999999999999
288251188119 63 27 17 41101177248301328321277214153105 78 8412619025029020 224AX1218330235630499999999999999 550 161822 7699999999999999
304284230159 92 44 20 27 71143220282320327297238172117 80 70 9715622327720 225AX1242329999999999999999999999 619 181848 7099999999999999
306304266200128 69 33 24 52114192261309328311261194132 86 64 7412018725120 226AX 02730913 332899999999999999 646 231914 6399999999999999
295310291239169102 55 33 44 91163237293323319280217151 97 65 60 8914921620 227AX 059310132432599999999999999 713 331940 5899999999999999
271302303269209142 87 54 48 77137210272310318293239173113 72 55 6711317720 228AX 132307134631999999999999999 741 4720 7 5499999999999999
238281299287245185127 86 67 77118180243288307296256196134 86 59 56 8413620 229AX 2 730014 930799999999999999 812 662036 5499999999999999
198250282289269225172127 99 92111155210257285287263217160109 73 57 6610120 3 1AX 246290143628999999999999999 847 9121 9 5799999999999999
153208250274276255217175141122121142179221252266259231187139 98 71 63 7720 3 2AX 334278151026699999999999999 9321192153 6399999999999999
111158205242264267251223192165149147160185212233241233210175135101 77 7020 3 3AX 43926816 12419999999999999910381462255 7099999999999999
 81109149192229255266260242217191171160161174192209221220207180146111 8420 3 4AX 6102661730222999999999999991224159999999999999999999999
 70 73 9413017421725327528026824321118115814715216919221422522120016512320 3 5AX 746280191422699999999999999 019 69141314799999999999999
 86 61 56 7110715721226029230329326121917614312512815218922424624722518320 3 6AX 9 1303203424999999999999999 146 55152212399999999999999
129 79 45 33 46 8714821627431332631026721215912010111014820024727427624920 3 7AX 958326213527999999999999999 3 1 33161210099999999999999
194126 66 26 10 26 77152230293333342314257192135 95 8010215722227430330220 3 8AX1045343222830799999999999999 4 3 101656 8099999999999999
264194116 52  9 -5 18 82169251313348346303234164108 72 6710617624830132720 3 9AX1128353231632899999999999999 456 -51737 6499999999999999
317266185103 40 -1-10 26104196276332356337277201133 81 52 6311919927232220 310AX12 6356999999999999999999999 544-111817 5099999999999999
342321257171 92 33 -2  1 53140230301344352313241163100 55 39 6813822229120 311AX 0 2342124035499999999999999 627 -61854 3899999999999999
335345313241157 85 34 10 28 93182262320346333277199125 69 35 35 8116024020 312AX 047347131234799999999999999 7 8  91931 3099999999999999
303338338296223147 85 45 34 67139220287326334301234158 93 47 26 4310017820 313AX 131343134233599999999999999 746 3320 6 2699999999999999
252305332322276209145 95 67 70112179247295317306261194125 71 36 30 5811820 314AX 216333141131799999999999999 825 642043 2899999999999999
190254298317303260205154116 98110150205254285292270223163107 64 41 45 7720 315AX 3 5317144429399999999999999 9 8 982123 3999999999999999
132193246283297286253212173144133143173210242260258235196149106 73 58 6420 316AX 4 329715252619999999999999910 21332214 5799999999999999
 92135185230263280277258229199174160161175196215227227213186153120 93 7820 317AX 52028116282299999999999999911251592326 7699999999999999
 79 9712816921024627027927225122419517316015916918520121020819517114211320 318AX 7 22791822210999999999999991335158999999999999999999999
 92 84 9111415019523727129029027123920216814313414216419021122121619516120 319AX 831292201122299999999999999 1 5 8415 213499999999999999
125 96 78 77 9813819024128230530628123819114811810912516019923024624121320 320AX 931309211724799999999999999 233 75155110999999999999999
170124 87 64 63 88138198255298320311273220165120 93 9512717622425927326020 321AX101432022 327399999999999999 335 601627 9099999999999999
219164111 71 49 54 92153220277315326301249188133 92 76 9614620625728929320 322AX1049326223929599999999999999 421 481658 7699999999999999
264209145 91 54 40 59112183249300327319276213151100 70 7311417824228931120 323AX1118328231131299999999999999 458 401726 6799999999999999
300253186121 70 41 42 80148220281319327297238171113 72 59 8414421527631320 324AX1143328234332299999999999999 529 371753 5999999999999999
321290229157 97 55 39 60117191259307328312261193129 80 54 6210918025030120 325AX12 6328999999999999999999999 559 391819 5299999999999999
326315268198130 78 49 51 93163236292323321282217148 92 55 47 7814221627820 326AX 014327122732799999999999999 627 451844 4699999999999999
317326297237168109 69 56 78137210273312322297239169106 63 42 5510517824720 327AX 045327124832399999999999999 655 5519 9 4299999999999999
298323315271207144 97 71 76116182249296315303258191124 74 45 43 7613921120 328AX 11632413 931699999999999999 723 691934 4099999999999999
271309318295244184132 97 86106157220272300300270214147 90 53 40 5610317020 329AX 149319133130499999999999999 753 861959 4099999999999999
235284309307275224172131109110139189240276287273232175116 71 48 48 7612820 330AX 225312135728799999999999999 8281062030 4499999999999999
191247286302293261216174143129136164205242263263242202151103 69 54 62 9320 331AX 3 9302143126699999999999999 9121282111 5499999999999999
142197245278291283257222188163150154174201226240238220188148109 81 68 7420 4 1AX 4 829115252419999999999999910151502212 6799999999999999
 99140187231265282283266240210183165159166182202217223216196165130100 8020 4 2AX 53028517 02239999999999999911561592341 7699999999999999
 77 9212316621225328129228526323019516614814415617820422423122119515711720 4 3AX 7 62921855231999999999999991344144999999999999999999999
 85 69 73 9814219624928830930728324119415312511613016520724226125722918120 4 4AX 826311202026299999999999999 118 68145411699999999999999
126 81 54 50 73124190254303328326292237178129 97 8911416622427129629225620 4 5AX 925331212429899999999999999 239 491545 8899999999999999
194126 71 38 30 58120198269320344333286218152100 69 7011118025030232831920 4 6AX1013345221732999999999999999 344 291629 6499999999999999
271196120 62 26 21 58132217289336352326263187120 70 46 6112020227732935120 4 7AX105535223 535199999999999999 439 181710 4599999999999999
332271189113 56 22 26 76160244309347347304228150 87 44 31 6413922729934720 4 8AX1132352235136299999999999999 526 181749 3099999999999999
362332261178107 55 29 46110196272325347329268187112 57 24 27 7816224931620 4 9AX12 5347999999999999999999999 610 291827 1999999999999999
357361319246168105 61 48 79151231295332336298226146 80 34 14 35 9918626620 410AX 036364123633999999999999999 650 4719 3 1499999999999999
326357349301230162108 75 76119190258306326311259184111 55 21 17 5312420620 411AX 12035913 632699999999999999 729 701938 1499999999999999
277327348331281218160116 96109156218271302306277220150 89 44 23 33 7814720 412AX 2 4348133730899999999999999 8 9 952013 2299999999999999
220281321332311266212165132121140182230267284276241188130 81 49 40 5810320 413AX 251332141228499999999999999 8531212052 4099999999999999
164225275307313294258215177151145160190223247255243213172127 91 68 65 8420 414AX 344314145525599999999999999 9471452139 6499999999999999
122170220262289296285258225193170161166182202219226220201173141113 94 9020 415AX 45229716 32269999999999999911 81612245 9099999999999999
10212916620824627428828526723920718016215516017519220721220719016613911820 416AX 61928818 12129999999999999913 4155999999999999999999999
10610812415419423426828829227824921217614813313415217920522322821719316020 417AX 744293195022899999999999999 022106142513199999999999999
13010910211314218523227229730328524820215812310711414318422324925824421120 418AX 845304205425899999999999999 157102151310699999999999999
168129101 89101137189242285310310282232177129 95 8610715320725328128626120 419AX 930314213928799999999999999 3 2 891550 8599999999999999
215162116 86 77 98145206262303320307263203143 97 71 7711717824028731030320 420AX10 5320221731299999999999999 350 771621 6999999999999999
263204145 99 72 73108169234287319321289230164107 68 57 8314121327531732920 421AX1035324225132999999999999999 428 681650 5699999999999999
305250184125 83 66 83134202265309326308257189124 75 48 5610317524830533620 422AX11 1326232533999999999999999 5 3 661718 4799999999999999
332291227161107 74 71107171239293322319281215146 89 50 41 7013421227932620 423AX1126325235834399999999999999 535 681747 4099999999999999
343322267200140 95 75 91143211272311322298241170106 60 37 47 9717124630420 424AX1150323999999999999999999999 6 6 751814 3699999999999999
337337300239176124 91 87121183248295317307263196127 74 41 36 6713120827420 425AX 031342121431799999999999999 637 851841 3499999999999999
320339322274212157116 96110157220273304308279221152 91 51 34 47 9616824020 426AX 1 3339123731099999999999999 7 8 9619 6 3399999999999999
296329332303249192145115110137189245285300286244181116 67 40 38 6812719920 427AX 13733513 230099999999999999 7411091934 3599999999999999
264309329321284231181143123129162211256282284259211150 95 57 41 51 9115220 428AX 213330133428699999999999999 81812220 8 4199999999999999
219275311323308271223180149136146178218251268262235190137 91 61 52 6810820 429AX 257323141626899999999999999 9 51362053 5299999999999999
165225274306315300267226188160148155179209235248245223187144104 77 68 8120 430AX 35331515192499999999999999910 81482156 6899999999999999
114163216263296308300274238200170152151164188214233239229204167129 98 8120 5 1AX 5 630816542399999999999999911361492321 8099999999999999
 8410814919924928730830828725221017114413314016319622824925123520115811620 5 2AX 62931118392539999999999999913 7133999999999999999999999
 88 79 9312918123828631532130226120916012410611214218923727128427223518120 5 3AX 74432220 228499999999999999 054 79141610599999999999999
128 88 69 76112171237292326333309258195137 95 76 8813219525730131930626020 5 4AX 84433421 731999999999999999 215 681510 7699999999999999
195131 84 60 65106174247304337339305241168107 66 51 7413421128132934832920 5 5AX 93434322 234899999999999999 322 571556 5199999999999999
273199131 81 56 65115190264318344335285210135 76 39 34 7214723330435136620 5 6AX1016345225236699999999999999 417 541639 3199999999999999
338273196130 82 60 78137216284328343318254173101 49 20 28 8216725432236520 5 7AX1054343233937499999999999999 5 6 591720 1899999999999999
371333264190129 86 72102168243301332331290217137 72 28 11 3410119027233520 5 8AX1129337999999999999999999999 551 721759 1199999999999999
370366320251183129 94 92132200266311328311256180106 50 16 13 5112621228720 5 9AX 02537312 232899999999999999 633 881836  999999999999999
342367352302237177130105116163226280311314283221148 83 37 16 27 7615223220 510AX 1 9367123631799999999999999 7141041913 1599999999999999
298343357334283224171133119139187241283301292252191125 71 37 28 5010517720 511AX 153357131130299999999999999 7551191949 2799999999999999
247304338341314267214169139135158201244274282266225170115 72 49 50 7913220 512AX 237344135128299999999999999 8391332027 4699999999999999
196256303327324297254208170148148168202235256259242207162118 86 71 7810720 513AX 325329143926099999999999999 9311452112 7099999999999999
153207257295313309285248208175155153167191217234239227202168134108 9710320 514AX 41931415462399999999999999910381522210 9799999999999999
12616420825128430029827924721117815614815517319721822922721218715813311920 515AX 52330217222309999999999999912 2148232911799999999999999
11913516420324327529429527924821017414713313615418321323424223421218215220 516AX 63529719 1242999999999999991321132999999999999999999999
13112413215819623827429529828124620215912711111614218222325326826223619820 517AX 739299201326899999999999999 058124141711099999999999999
160132118124152195242281302303278234181134100 8810214219524628229728625020 518AX 83030521 529799999999999999 2131181459 8899999999999999
203157123109118153204255294311302266210151103 74 7110115622027631232129920 519AX 911312214832299999999999999 3 91081535 6899999999999999
252196146112101119165223275308316292241177117 73 53 6611318125130633633420 520AX 946316222734099999999999999 35410116 9 5399999999999999
298241182132102101133189248294317310270207140 85 50 43 7413721228133035020 521AX101731923 435099999999999999 433 971641 4199999999999999
333286224165121 99111157218273309318293237168105 59 36 46 9516824430634520 522AX1047318234135399999999999999 510 991713 3599999999999999
351321265204151114105132187247293315307265199131 76 41 33 6112420127232420 523AX1116316999999999999999999999 5461041745 3199999999999999
351343301242185139113118159217271304311286231161 98 54 32 40 8515723329620 524AX 017352114431299999999999999 6211101816 3099999999999999
337350327278220169131118137186243286306298258195127 73 40 32 5611419026120 525AX 052350121430799999999999999 6571181847 3199999999999999
314344343310256201157129127158210260292299279230165102 57 35 40 7814321820 526AX 128348124730099999999999999 7331241921 3399999999999999
282327345333293239188150131139175224266289287259207145 89 53 40 5410016720 527AX 2 7346132629199999999999999 81413020 0 4099999999999999
237295332342323280228181148135148183227262280274245195139 91 60 52 7111720 528AX 251342141628099999999999999 9 11352049 5199999999999999
181246298330335314273224180149138149180218251268265241199149105 76 68 8520 529AX 34333715232709999999999999910 11382150 6899999999999999
126184244293324329310271224180148133140166202237260266251217173129 97 8420 530AX 444330164726699999999999999111213323 6 8499999999999999
 9412717823528531732631127422617814011912114418322626027827324720415711820 531AX 5523271818279999999999999991227117999999999999999999999
 96 96122168225278315327314276223168123 97 9512016722227029830328023518120 6 1AX 659327194030499999999999999 029 931334 9399999999999999
134103 95115160221277316330315272210148 99 71 7010216122828632333230925920 6 2AX 8 0330204833399999999999999 148 951432 6799999999999999
198144107 94112160225283321332311258189122 72 46 51 9316424130534635632820 6 3AX 852332214735699999999999999 258 941522 4399999999999999
272206149110 95116170236292325329298236161 95 48 27 41 9517625732236236820 6 4AX 938331224037199999999999999 357 9516 9 2799999999999999
335274207151113102129188253302327320278207131 70 30 17 4210819327333537120 6 5AX1019328232937699999999999999 4491011653 1799999999999999
370330267203151116113148209269309324305252178106 52 19 17 5412721228834520 6 6AX1058324999999999999999999999 5361091735 1399999999999999
373363317255195147120127170230282313315286225151 86 40 17 27 7515123330220 6 7AX 015374113631899999999999999 6201181815 1699999999999999
351369349299239184143126143190247290310302263199129 72 36 24 4510217825420 6 8AX 059369121431199999999999999 7 11251853 2499999999999999
315353359330278221171138132158207257292302285240177114 66 39 40 7213220520 6 9AX 141361125430299999999999999 7421311930 3699999999999999
273324350344309256203160136140171217260286289266219161107 69 52 6310216320 610AX 220352133729199999999999999 82313420 7 5299999999999999
230288327341326287236188152137147179220256276274248205154109 80 73 9113320 611AX 259341142427899999999999999 9 71372048 7399999999999999
189248295324328307267220178148139151180216247263260237200158122100 9811820 612AX 340330152226499999999999999 9571392135 9699999999999999
15720725629531531329125321017114513714817420623525325323720717314212312120 613AX 4263171633255999999999999991055137223512099999999999999
13817121325628830530127924420216513912913816219522725025824922519416414320 614AX 52030617572589999999999999912 1129235013799999999999999
13714917521225128229729427323719415412511412314918822825927427024921618220 615AX 62029819182759999999999999913 4114999999999999999999999
155144149172208247279295292268227179136105 9510714219023927829829527123220 616AX 720296202329999999999999999 1111431358 9599999999999999
191158141144168207250283298291260212158112 82 76 9714320326030232231628420 617AX 811299211532399999999999999 2221401444 7599999999999999
237190153134139169214260292303287246189131 85 60 63 9715622328432634232720 618AX 85630322 134299999999999999 3181331525 5899999999999999
286233182144127140178229274302304276224161103 62 45 6010717624830734535220 619AX 935306224335399999999999999 4 612716 4 4599999999999999
326277220170135126148195248289308299258196131 78 44 38 6612620127232735620 620AX1012309232435999999999999999 4481251642 3699999999999999
352316261205157129130164217268302310287235167104 57 33 39 8115122829434120 621AX1047311999999999999999999999 5281251720 3199999999999999
360344299242188146127141185240286309306270209139 81 42 29 4810317825431420 622AX 0 3360112331199999999999999 6 71271757 2999999999999999
352359331279222172138129155206260298312297251183115 63 33 31 6312820727820 623AX 04236112 031299999999999999 6461281836 2899999999999999
331359353315258202158132134170224274305309285231162 98 53 31 39 8315523420 624AX 121361124131199999999999999 7261291916 3099999999999999
300345361344297238185146128140182237282306304273215147 89 50 37 5410618020 625AX 2 0361132630899999999999999 8 81281958 3799999999999999
256316352358330278220170136125144189241282303297263207144 91 58 51 7512920 626AX 241359141830499999999999999 8531252046 5099999999999999
201271324351349316262206158128122144188237277297292261210153105 76 71 9620 627AX 325354152029899999999999999 9441212141 7099999999999999
148214277323344337302249195149120115136178226267291292268225174130101 9520 628AX 41534516322959999999999999910421142245 9499999999999999
11516021827431533332529124018613911010312216221225829029928525020415912720 629AX 5113341754300999999999999991146102999999999999999999999
116128164214266305323315283233176127 95 8510214419925329431430927923418720 630AX 613323191831599999999999999 0 01161252 8599999999999999
150131134162208258297315309277224164112 77 66 8312819125430433233330625920 7 1AX 716316203333799999999999999 1221291355 6699999999999999
208165138135158204254293312305270213149 94 59 48 6812019126131735035432520 7 2AX 815313213635699999999999999 2391331453 4799999999999999
274219172140134158205257295312301260197131 77 43 35 6212119827233036436520 7 3AX 9 8312223236999999999999999 3441331545 3499999999999999
332277220171139134163214265300312295247179113 62 32 30 6513121128534137120 7 4AX 956312232237499999999999999 4391321634 2799999999999999
366327269212164135138173228277307311285230160 97 51 27 34 7715023030035020 7 5AX1040313999999999999999999999 5271321719 2699999999999999
373358312253197154133145189244289312308272211141 83 44 29 46 9917525231520 7 6AX 0 7373112231499999999999999 61013318 1 2999999999999999
357368342289230179143133157207261299314300256190123 72 42 38 6712920527720 7 7AX 04836812 231499999999999999 6491321839 3699999999999999
331360356318261204159133136172225275306311287235169108 65 46 55 9716423820 7 8AX 124363124131299999999999999 7251311913 4599999999999999
301343357337290232179142128144187241285307303270214151 98 66 58 8113220220 7 9AX 156357132230999999999999999 8 01281947 5899999999999999
269320348345313260203158130128154201251288302290252197140 97 76 8011317020 710AX 22635114 430299999999999999 8351252021 7499999999999999
235292330342326285231180142124132164210254284292276237188141108 9610914720 711AX 256343145129399999999999999 91312421 0 9699999999999999
20125730332832830225920916413312313616921225127628226623219115312712113820 712AX 330331154628399999999999999 956122214712199999999999999
17422126730131630828023819315312712113616820724326927726623920617415214720 713AX 4103161654277999999999999991047121224714699999999999999
16019022726329030029026322418214512111613016019923726728127625722819817520 714AX 5 13001816281999999999999991146115999999999999999999999
16517119222225427728727825321517313611110411815019223727329429627925121720 715AX 6 2287193629799999999999999 0 6165124910499999999999999
189172171186213244270281274248208163122 96 8910514219224428731431830026720 716AX 7 8281204131999999999999999 1341691348 8899999999999999
227191168162177207242271284276245199148104 77 73 9514019925930733433731320 717AX 8 8284213533999999999999999 2461621441 7199999999999999
272226184157152172209249280292278240186129 84 59 59 9014521327732735234820 718AX 859292222235499999999999999 3421511529 5699999999999999
316267215171146146174220264294300279230168108 65 44 52 9215823229834436320 719AX 94430123 636499999999999999 4291421615 4399999999999999
350309253199157136146185238283308307275216148 88 48 33 5010217725431735820 720AX1027311234836999999999999999 51213617 0 3399999999999999
369344293233181143131153202259301320309266199127 70 35 28 5612020127833620 721AX1110320999999999999999999999 5531311744 2799999999999999
369368331272212163132130164223279317328307254179108 56 28 30 7014522930220 722AX 029373115332899999999999999 6341261828 2599999999999999
353375360311247188145122132179242296327330300238162 94 49 28 41 9417525820 723AX 1 7375123733399999999999999 7141211910 2799999999999999
324365374344285220165128115138193257306332328290223149 88 50 38 6212520820 724AX 144375132433499999999999999 7541151952 3799999999999999
285341370364322257194144113111144203265310331322279214146 93 62 59 9215820 725AX 221372141433199999999999999 8351082036 5699999999999999
236304348364345295230171126103109148207265306325314273214155110 85 8912520 726AX 25836415 932599999999999999 9191012124 8399999999999999
187255310343348321269208154114 9610714720225729731630827522617613811712120 727AX 33935016133179999999999999910 8 96222111599999999999999
153204259304328326298249194143107 9210313919024328530930928724920717115020 728AX 42633017313129999999999999911 5 91233314699999999999999
149170208252288307305281238187138102 86 9312517322727530731830727823920220 729AX 52530919 0318999999999999991212 85999999999999999999999
175164173200236270290292273235185136 98 78 8010815721527031233333130526620 730AX 636294202433599999999999999 1 31641323 7699999999999999
224188167166187222257282288273236185133 91 67 67 9414621027332235035132420 731AX 749289213235499999999999999 2331641431 6499999999999999
280231188160155176214255283293278238182126 81 56 56 8614421528233536436320 8 1AX 854293222736899999999999999 3421541531 5299999999999999
330279224178148145173219263293301282236174115 71 47 51 8815322829634737220 8 2AX 949301231437399999999999999 4361431624 4599999999999999
363321264207162137143181233279306308281226160102 61 42 5410117324931435820 8 3AX1036311235437399999999999999 5201351710 4299999999999999
373350299238184145130150199255298318311272209141 87 53 44 6812720327633220 8 4AX1116319999999999999999999999 5571301750 4399999999999999
365364326267208160130130166223279315326306255186121 75 50 54 9416324030420 8 5AX 029369115332699999999999999 6311261824 4899999999999999
349364344294231177137121139188249299326325292231161103 67 55 7613120627720 8 6AX 058364122932999999999999999 7 11211854 5599999999999999
330358354316256195148120120154212272313330316270205140 92 68 7211017524820 8 7AX 12336113 433099999999999999 7301161923 6699999999999999
309347356332280218163125111128174234287319324299246183127 91 8110015121920 8 8AX 147357134132699999999999999 7591111953 8099999999999999
28433035134130124218313711111114119425029431731227922617112710310513619120 8 9AX 211351142031899999999999999 830107202610199999999999999
25330433433831326520815712110711815620825729330829726321717214012613717220 810AX 23834015 630899999999999999 9 410621 512699999999999999
22227130732231328123318314111510912816621325628629728725822218716315516720 811AX 3 932316 129799999999999999 944108215515599999999999999
19723627129430028625421116913411411313316821024827729028626623821119018120 812AX 348301171429199999999999999103311123 618199999999999999
18720723325827427726523820216513311411312916120024027229229628426223521120 813AX 4432781843296999999999999991136111999999999999999999999
19519120121924025726425723520216613211010411714819023527530331430728425320 814AX 6 226420 531499999999999999 046191124910499999999999999
221195182185201226250264263243209167127 98 8810013318223728632133632829920 815AX 72526621 833699999999999999 2201811358 8899999999999999
259217183165167190224257277278256214163115 81 69 8312318224730334235634120 816AX 83228022 035699999999999999 3231631459 6999999999999999
303252202165147155189235276298297267215152 97 62 51 6911919026332336136920 817AX 926301224637099999999999999 4121461554 5099999999999999
344294235182145132152200256300321313273208137 79 44 37 6412620828434337520 818AX1015322232837999999999999999 4551321645 3699999999999999
374336274211160127124159220281323339322270194119 63 32 31 7014623330836120 819AX11 1339999999999999999999999 5351211732 2799999999999999
384368315247184137113123173243305342351324259177104 53 27 36 9017526333220 820AX 0 7384114635299999999999999 6151111817 2599999999999999
375384351286215157116102128192265323355355316243161 94 50 33 5612321229420 821AX 044386123135999999999999999 6541021859 3399999999999999
352381373323251182130 98 97139211283334359351302227151 92 57 52 8916324920 822AX 118383131636199999999999999 732 931939 4999999999999999
319363376349287214152107 85 99152225292338356339287216150102 76 8312920320 823AX 15037614 435699999999999999 810 852020 7499999999999999
277332361356316251182127 91 8010616323329333234532527721616212310712116820 824AX 223363145534599999999999999 849 8021 410799999999999999
232291330344327281220159112 85 8411416923128432033131527622818515414315720 825AX 258344155533199999999999999 933 80215814399999999999999
195243286312316296253201150110 88 9011816521926830331931228625121518817520 826AX 3403181711319999999999999991026 86231117599999999999999
181204236266285288272239196153118 97 9511615420225028931331930627924721620 827AX 4392891847319999999999999991134 93999999999999999999999
195188196216240259268262240205165129103 9510613718323428131633332930526920 828AX 6 6268201833499999999999999 0581881257 9599999999999999
231198178176191218245263267252221178136104 87 9212016922828432735034832020 829AX 743267212535399999999999999 2381751419 8699999999999999
276228186159154173209246273283270234184135 96 76 7811016723329534236535720 830AX 857283221536699999999999999 3421521524 7399999999999999
320266211165137139170218263293302283238179125 85 64 7211317925131335637220 831AX 951302225637299999999999999 4271341616 6399999999999999
351301240184141122138184241288316317286229164109 72 58 7713120427633336620 9 1AX1034320233137199999999999999 5 41221659 5899999999999999
367330269207155121117151211271314333322276208142 92 63 61 9616324030535120 9 2AX1110334235936899999999999999 5371141734 5899999999999999
368348295230172129109125177244300335341313253181120 79 62 7813120627833320 9 3AX1142343999999999999999999999 6 510918 4 6199999999999999
362358317253189139108107145209276324347337292223154102 73 7210917625231420 9 4AX 024365121434899999999999999 6321031832 6899999999999999
352361333276208151112 97117172241301339347321264194133 93 79 9715122429220 9 5AX 045362124634899999999999999 658 971859 7999999999999999
339359344297231167120 95 98138202268318343337297235171123 96 9813419726620 9 6AX 1 6359131934599999999999999 724 921927 9399999999999999
320349347313253188134 99 8911116422928732533731827221316012511212917523820 9 7AX 127352135433799999999999999 750 89195811299999999999999
294330340320272211153111 91 9613218924929632332429825320316313913816421120 9 8AX 150340143332799999999999999 819 89203313699999999999999
263302321315283232177131102 9411115220625829531431028424520717816316819320 9 9AX 216322152031599999999999999 851 93211716299999999999999
23126829229828324920415912410410412516521225528730330028125222320018819120 910AX 247298162130499999999999999 931101222018799999999999999
20823325627027025622919315712811211313116420524427629630129127024622320620 911AX 3332721748301999999999999991029110999999999999999999999
20020421823324625124522720016813911911312415118823026829731231029426823720 912AX 5 1251192331399999999999999 0 3200115211399999999999999
21019218619421123124825324422018514911910310612916921826830833133431528020 913AX 653253203733599999999999999 155186132010299999999999999
238199172161171198233262277271244200150108 84 8210615321627832635335432720 914AX 814277213235799999999999999 3 21611434 8099999999999999
279224177145137156199250289308300264206142 91 62 60 8914922529634737336620 915AX 914309221837499999999999999 3491361536 5799999999999999
324263200150120120155215277321338324274201128 74 44 45 8616024531836638520 916AX10 5338225938599999999999999 4311151629 4099999999999999
364306235170123 99113166240306349361335271188113 61 34 44 9918527234038120 917AX1052362233738899999999999999 511 991717 3399999999999999
385346276200139 98 85116186267331369373334259173103 55 36 5912821930135920 918AX1137376999999999999999999999 550 8518 1 3699999999999999
386372315237164110 77 80129210290349380373323242161 99 59 52 9016825632720 919AX 012387122238299999999999999 628 731842 5099999999999999
370379345275195130 84 64 83147231307358380363305227156103 74 8013121028820 920AX 04438013 638199999999999999 7 4 641922 7199999999999999
342368358308232158102 66 60 95167248315359372346288218159117 9911817324520 921AX 115369135237299999999999999 741 5820 2 9999999999999999
306343352325267194130 84 60 6811318325631435035632927721917214013215620620 922AX 145353144135899999999999999 818 59204613199999999999999
263307328323288231169116 80 67 8312919225530433433831527523119316816418520 923AX 219330153834099999999999999 859 67214016399999999999999
222261289300289256209160118 91 8410114019124428731632431128425021919618820 924AX 3 0300165232499999999999999 949 83225818899999999999999
19721724126026826023820516813511110311314018022626830031731730127324221420 925AX 4 22681828319999999999999991058103999999999999999999999
19619019621122924324723921919015813111511513116320725329332133032029225520 926AX 551247195933099999999999999 058190123411399999999999999
21718616816718320923525225624321517814311710711614719524929833234633429920 927AX 74525721 234699999999999999 23316514 510699999999999999
251203163140142168207246273283269233187142109 9310213919625831134735733520 928AX 856283214935899999999999999 3261381511 9299999999999999
288230176134116130172225272302309285237180130 94 80 9714621327833036035720 929AX 944310222636399999999999999 4 511616 0 8099999999999999
320260197143108104136194256304330325286225162112 80 7610717024230434836320 930AX1022332225636499999999999999 4381011639 7399999999999999
342288221159113 92107159228291333347326271202140 95 73 851342062773303592010 1AX1056348232236299999999999999 5 7 911712 7299999999999999
354311245177123 90 88126193266322353351311244174119 84 781101742493113492010 2AX1127357234535999999999999999 534 841741 7699999999999999
358329269198137 94 78 98156231298344361340285214150105 84 971482212893362010 3AX1158361999999999999999999999 6 0 7818 9 8499999999999999
356341291221154104 76 79121191265323355355317253186133101 971301932643192010 4AX 0 6356123035999999999999999 625 721837 9499999999999999
348346309244174117 80 70 941532272933383553382882241671261081221702362962010 5AX 02735113 135599999999999999 650 6919 610899999999999999
333342319265197134 90 69 781201882573113423453142612031571301261552092682010 6AX 048343133434899999999999999 715 68193712499999999999999
311330320280220156106 77 72 971512182793203383282922411941591431521872372010 7AX 110330141033999999999999999 741 70201114399999999999999
282308310287240182128 92 76 851221782392883193283122762331961711631772102010 8AX 135313145132899999999999999 8 9 76205316399999999999999
248278291282254209160118 93 871031411932452863113163022732392091891821922010 9AX 2 7291154631799999999999999 847 86215418299999999999999
215241260266256232197158126105101116148192236274300310302282255227205192201010AX 25526617 431099999999999999 944101233019199999999999999
192203219235244243230206175145122111117140176218259293312314300275242211201011AX 4262451838315999999999999991110111999999999999999999999
187176178192214235249248233204168134111106119152198249294324334322290247201012AX 629250195733499999999999999 120175124810599999999999999
203168148149170206244272281268234186137101 86 94129185249305342354337294201013AX 756281205635499999999999999 2291461410 8599999999999999
236181139117123159213267305319303257193131 86 65 73116186261323361368340201014AX 859319214337099999999999999 3181161515 6499999999999999
281211149106 89108162234298340352327267190121 72 51 65120202282343375371201015AX 951352222437899999999999999 4 1 8916 9 5099999999999999
325252176115 77 69105178261328368374337263180111 65 48 73141229307359379201016AX103937623 237999999999999999 442 681658 4899999999999999
358295213138 84 53 61115202287351386382332252171107 66 58 97175261328367201017AX1125390233637499999999999999 521 511742 5699999999999999
371331255171103 57 39 64134226308365392377318238164109 77 81132213290342201018AX1211393999999999999999999999 559 391825 7399999999999999
365350293211133 75 39 36 77157247321371388362300226163116 95113171246309201019AX 0 8365125638899999999999999 636 3219 6 9599999999999999
345350318252172103 56 33 44 98180262328368375343284219166129119147204267201020AX 040352134137799999999999999 713 32194711999999999999999
313334324281214143 86 50 39 63122199271326357357324272218174147146175224201021AX 112335142936299999999999999 750 39203314399999999999999
272303311292247187128 83 58 58 88144210271317341338310268224188167168192201022AX 149311152434399999999999999 831 54212716599999999999999
227260279280261223176130 96 79 83111157211263302324324304271235204183180201023AX 234282163032699999999999999 919 78224417999999999999999
191213235250252240215182148120106107126160204248286310316306281248216190201024AX 3412531753317999999999999991025104999999999999999999999
176175187205224235236225203175148128122130154191234274304318314291256217201025AX 535237191631999999999999999 032174115912299999999999999
182158150159182211236249248231202168140124123141179226272308327323296252201026AX 726251202032899999999999999 158150133312199999999999999
204161131122139175217254276278257219176139115111132175230282320337326287201027AX 83628021 733799999999999999 251122144111099999999999999
233177130103103134186240284307304272222169127102101132186248300334342316201028AX 923310214434399999999999999 330 991531 9899999999999999
263200141 98 80 97147213274317334318271210153111 91102146210274321344335201029AX10 2334221534599999999999999 4 3 801611 9099999999999999
291226159105 72 71109175248308344348315255189134 98 89117175244301338344201030AX1037351224134599999999999999 432 671646 8899999999999999
314253182119 74 56 77134211283336360347298231167118 92100145212278324344201031AX111036023 634499999999999999 5 0 561718 9199999999999999
329278208138 84 53 55 97169247312353361331271204147109 981241832513053362011 1AX1143363233034099999999999999 528 491749 9799999999999999
335299234162101 60 46 691282062793333593503052421811341091151582222823222011 2AX1216360235333499999999999999 555 46182010799999999999999
333312259187121 73 47 52 951652413043443543292762161641291181411942553022011 3AX1248355999999999999999999999 622 45185111799999999999999
324317278214145 90 56 47 711292022713213473413052501961551311351702252762011 4AX 017325132134999999999999999 648 46192312999999999999999
307312289238172112 70 51 58 981632332923303423242822301851531411561952442011 5AX 042314135534299999999999999 714 50195914199999999999999
282299291257203142 93 63 57 781261902543023303323092672211831591541732092011 6AX 111299143633499999999999999 745 56204215399999999999999
248274281266230180129 90 69 71 971462052613023233222992612211881681651802011 7AX 149282152632699999999999999 826 67214016499999999999999
208238257261248218176134101 84 871111532052552943153162982662301971741662011 8AX 245262163431899999999999999 923 8323 216699999999999999
173193217237247243223192155123102 971131461922412833103183062782412021712011 9AX 4142471754318999999999999991044 97999999999999999999999
153152167193223246255247222186147115100104130174226276312328320290245196201110AX 6 3255191032899999999999999 0341511217 9999999999999999
155129122139175220259281282259217166121 94 90111158219278321341332295238201111AX 732285201234199999999999999 1471221341 8899999999999999
177127 96 91117169231283315320293239176121 86 76 98152223289334352336286201112AX 83932121 335299999999999999 241 901450 7599999999999999
216147 94 64 66106175251312347350315250177118 79 69 97161239305346355327201113AX 935354214635699999999999999 328 601548 6899999999999999
262182111 61 37 51107191274337372369323250175115 78 73111183261321352349201114AX1026376222535599999999999999 411 361638 7099999999999999
304227144 77 33 19 48120212296356385373319243171116 83 87135211283331350201115AX111438723 235099999999999999 452 191725 8099999999999999
331271188108 49 15 14 58140233312366388366306233167118 94110166239300335201116AX12 1388233734199999999999999 533  918 9 9499999999999999
338304235151 80 31  7 20 77163251323369381351290222164123110136194259307201117AX1247382999999999999999999999 612  6185210999999999999999
329318273199123 61 22 11 37102186266329365367331273212162130127160215270201118AX 012329133337199999999999999 651 10193612499999999999999
305314293241171104 54 26 26 62128206277329356349312258204162139143177225201119AX 049314141835799999999999999 730 22202113799999999999999
268292292265215154 98 58 41 51 91153222282324342330294246200164148155184201120AX 13029515 634299999999999999 810 40211214799999999999999
223255272268242199148104 75 65 79117172230280314326314282240199169154159201121AX 219273155932699999999999999 855 65221515399999999999999
180209235249247228195157122 99 93105137181230273302312302275238201170153201122AX 32325017 031299999999999999 951 92233515099999999999999
152165189213231237228206177147125116123146182224263291304297273238199165201123AX 45423718 93049999999999999911 6116999999999999999999999
142135144168198225241242229203172146130129145176217257288302297273233188201124AX 636244191630399999999999999 055134123512899999999999999
148121111124155195233259267256227190156132125138171215259292307299267219201125AX 755267201030799999999999999 157111135312599999999999999
167122 94 89110155208255287296279241195154125117133172223270302312294251201126AX 851296205331299999999999999 243 87145311699999999999999
193136 91 67 73110169232285316319292243189143114110135184240286313312280201127AX 936321212831699999999999999 320 66153910899999999999999
223158101 61 48 70124194263314339330290233175130105111149206263303318301201128AX101534022 031899999999999999 354 48161910499999999999999
254187120 68 38 41 81149225292337350328276214158118103123173234285314314201129AX1052351223031899999999999999 426 35165610399999999999999
279218147 85 43 27 48104181256316350349312254194143111111145203260301316201130AX1128354225931699999999999999 458 27173110799999999999999
298248178110 57 27 28 671362142833323523362892301741311121271732322813082012 1AX12 4352232731199999999999999 529 2318 611299999999999999
307272210139 79 38 23 41 951712453053413463162632061571251201482012562932012 2AX1238348235630699999999999999 6 0 23184011899999999999999
306288240172106 56 28 29 641292052723213433332932381851451241331712252712012 3AX1312344999999999999999999999 630 24191512399999999999999
296295264207140 81 42 27 43 911622352943313403182712171701381281471902402012 4AX 027299134834199999999999999 7 1 27195212899999999999999
276290278239180116 66 38 35 621181892573073343323022532021611361341582002012 5AX 1 3290142733799999999999999 737 33203513299999999999999
244272279261220163107 65 44 49 821402082693123313232902421941571361371612012 6AX 147279151233299999999999999 820 43212713499999999999999
199237261266250212162113 76 59 66 991532152703093253152822371911551341332012 7AX 24526716 732599999999999999 914 59223313199999999999999
153187222248258249219177132 97 78 811081552112643023183102812371901501252012 8AX 4 22581711319999999999999991023 77234711899999999999999
119134166205239259260241205161122 97 911091492022552953153102822361841372012 9AX 5332621819316999999999999991144 91999999999999999999999
106 95108143191237270283272239192145111 96105139192248293316313283231170201210AX 7 3283192431899999999999999 058 9513 8 9699999999999999
116 79 66 81124185245289311305270217162119 96100133189249296319314277216201211AX 818313202032199999999999999 2 0 661424 9499999999999999
147 89 50 38 60115188259311338333293232171123 96 97133194256302322310264201212AX 92034021 932299999999999999 253 381528 9299999999999999
193119 60 23 16 48116199275331359349303238174125 96101143207268309322300201213AX1016360215432299999999999999 342 151623 9399999999999999
243165 91 35  4  5 48126214291346370354302235172124 99111159225281313316201214AX11 7370223631999999999999999 429 -11713 9899999999999999
283217136 66 17 -7  5 59142230304354371347291225166122105125179242290313201215AX1155371231631499999999999999 513 -8175910599999999999999
305261190111 48  6 -8 15 78163247315357365333274211156120112142198256295201216AX1241367235630899999999999999 556 -8184311199999999999999
308290238164 92 36  4  0 35104188265324356352312253193146118121158214265201217AX1324359999999999999999999999 637 -2192511599999999999999
295298270214143 78 32 10 19 62134213281329349333288230176136118131172224201218AX 03730014 434999999999999999 716  920 611899999999999999
266287283249192127 72 37 26 45 95165236294329336311263208160129120139180201219AX 120289144233799999999999999 754 26204912099999999999999
226261275265230177121 76 51 50 77128193254299322318287240190149125123144201220AX 2 6275152132499999999999999 832 47213612199999999999999
181221249259248216170125 90 73 79108156212262296309299267223178143123123201221AX 25925916 330999999999999999 916 73223012099999999999999
142175209235246237212176140112100107133174219260287294281251211170137118201222AX 4 424616522949999999999999910 9100233311599999999999999
117133162196224239238221194163137124128147179217252275282270242203162127201223AX 5262411751282999999999999991119124999999999999999999999
106103118148186220244251241218187159141137149176210244268275264235194149201224AX 655251185427599999999999999 040102124513699999999999999
111 88 84102139184228260273266241206171146136143169206242267275261227179201225AX 810274195227599999999999999 140 8314 513599999999999999
129 89 65 66 91138194246283298289257214172141127136167208247273277256213201226AX 9 7298204027899999999999999 230 6215 712799999999999999
158104 63 44 52 89148212269307319301261211164130119134172219259281277245201227AX 954319212228399999999999999 313 43155611999999999999999
192131 76 39 28 48 98167236293327330302253198150119115141187237273287272201228AX103533222 028799999999999999 353 27163811399999999999999
228165102 50 21 21 55117192261313338329291236180135111118156208256286288201229AX1115339223629199999999999999 431 16171711099999999999999
259203136 74 29 10 23 71143219284328341319271213160122109130177232274293201230AX1153341231029399999999999999 5 8 10175410999999999999999
282239174105 48 14  7 35 96173247305337336302247190142113113147201253287201231AX1229341234529599999999999999 543  5183010999999999999999
