 16 16 16 17 17 18 18 17 15 13 10  6  4  2  2  3  5  8 11 14 16 16 16 1520 1 1B2 528 182112 1699999999999999 047 161349  299999999999999
 14 14 13 14 14 15 15 14 14 12 10  8  5  4  3  3  4  6  9 11 13 14 14 1420 1 2B2 558 152146 1499999999999999 155 131419  399999999999999
 13 12 11 10 10 11 11 11 11 10  9  8  7  6  5  5  5  7  8 10 11 13 13 1320 1 3B2 652 112214 1399999999999999 331 101439  599999999999999
 12 11  9  8  7  7  7  7  8  8  8  8  8  7  7  7  7  8  9 10 11 12 13 1320 1 4B21012  82239 1399999999999999 522  71431  799999999999999
 12 11  9  7  5  4  4  4  4  5  7  8  8  9  9  9 10 10 10 11 11 12 13 1320 1 5B223 6 13999999999999999999999 628  4999999999999999999999
 13 11  9  7  5  3  2  1  1  3  4  7  9 10 11 12 12 12 12 12 12 13 13 1420 1 6B22335 14999999999999999999999 7 9  1999999999999999999999
 14 13 11  9  6  3  1 -1 -1  0  2  5  8 11 13 14 15 15 15 15 14 14 15 1520 1 7B21725 15999999999999999999999 746 -12039 1499999999999999
 16 15 14 11  8  4  1 -1 -3 -3 -1  3  7 10 14 16 17 18 18 17 17 16 16 1720 1 8B2 0 9 161721 1899999999999999 822 -32132 1699999999999999
 17 18 17 15 11  7  3 -1 -3 -4 -3 -1  4  9 13 17 19 20 20 19 19 18 18 1820 1 9B2 049 181726 2099999999999999 9 0 -42211 1899999999999999
 19 19 19 18 15 11  6  1 -3 -5 -6 -4  0  5 11 16 19 21 22 21 20 19 19 1920 110B2 134 191745 2299999999999999 940 -62240 1999999999999999
 19 20 21 21 19 16 10  4 -1 -5 -7 -6 -4  1  7 13 18 21 22 22 21 20 19 1920 111B2 223 211811 22999999999999991022 -723 2 1999999999999999
 19 20 22 22 22 20 15  9  3 -3 -6 -8 -7 -3  2  8 14 19 21 22 21 19 18 1820 112B2 313 221841 229999999999999911 6 -82320 1899999999999999
 18 19 20 22 23 22 19 14  8  1 -4 -7 -8 -6 -2  3 10 15 19 20 20 18 17 1620 113B2 4 5 231914 20999999999999991152 -82345 1699999999999999
 16 16 18 19 21 22 21 18 12  6  0 -4 -6 -7 -5 -1  5 10 15 17 18 17 15 1420 114B2 459 221946 18999999999999991237 -7999999999999999999999
 13 13 14 15 17 19 20 19 16 11  5  0 -3 -5 -5 -2  2  6 11 14 16 15 14 1220 115B2 557 202019 1699999999999999 032 131320 -599999999999999
 11 10 10 11 12 14 16 16 16 13  9  5  1 -1 -2 -1  1  4  8 11 13 14 13 1120 116B2 7 4 162049 1499999999999999 139 1014 0 -299999999999999
  9  7  7  6  7  8 10 12 13 13 11  8  5  3  2  2  3  5  7 10 12 13 13 1120 117B2 828 132118 1399999999999999 255  61433  299999999999999
  9  6  5  3  3  3  4  6  8  9 10 10  9  7  6  6  6  7  9 10 11 12 13 1220 118B21013 102144 1399999999999999 419  31453  699999999999999
 10  7  5  2  1  0  0  0  2  5  7  9 10 10 10 10 10 11 11 12 12 13 13 1320 119B222 9 13999999999999999999999 546  0999999999999999999999
 12  9  7  4  1 -1 -3 -3 -2  0  3  6  9 11 12 13 13 14 14 14 14 14 15 1520 120B22051 15999999999999999999999 657 -3999999999999999999999
 14 12 10  7  3  0 -3 -4 -5 -4 -1  3  7 11 13 15 16 16 17 17 16 16 16 1620 121B21819 17999999999999999999999 754 -5999999999999999999999
 16 15 13 11  7  3 -1 -4 -6 -6 -4 -1  4  9 13 16 18 18 18 18 18 17 17 1720 122B21738 18999999999999999999999 842 -6999999999999999999999
 17 17 17 15 11  7  3 -1 -4 -6 -6 -3  1  6 11 15 18 19 19 19 18 18 18 1820 123B21727 19999999999999999999999 925 -62236 1899999999999999
 18 19 19 18 15 12  7  2 -2 -5 -6 -5 -2  3  9 14 18 20 20 19 18 18 17 1720 124B2 137 191741 209999999999999910 4 -62230 1799999999999999
 18 19 19 19 18 16 11  6  1 -3 -5 -6 -4  0  6 11 16 19 20 19 18 17 16 1620 125B2 233 2018 1 20999999999999991041 -62221 1699999999999999
 17 18 19 20 20 18 15 10  4  0 -4 -5 -5 -2  2  8 13 17 19 19 17 15 15 1420 126B2 321 201825 19999999999999991116 -52239 1499999999999999
 15 16 17 19 19 19 16 13  7  2 -2 -4 -5 -4  0  5 10 14 17 17 16 14 13 1220 127B2 4 3 191851 17999999999999991150 -523 9 1299999999999999
 12 13 15 16 18 18 17 14 10  5  0 -3 -4 -4 -2  2  6 11 14 15 15 13 11 1020 128B2 440 181915 15999999999999991221 -42345 1099999999999999
 10 10 11 13 15 16 15 14 11  7  2 -1 -3 -3 -2  0  4  8 11 13 13 12 10  820 129B2 517 161938 13999999999999991249 -3999999999999999999999
  7  7  8 10 11 12 13 12 10  7  4  1 -1 -2 -1  0  3  6  9 11 12 11  9  720 130B2 555 131958 1299999999999999 027  71312 -299999999999999
  5  5  5  6  7  9 10 10  9  7  5  3  1  0  0  1  3  5  8  9 10 10  9  620 131B2 642 102016 1099999999999999 116  51326  099999999999999
  5  3  3  3  4  5  6  7  7  7  6  4  3  2  3  3  4  6  8  9 10 10  9  720 2 1B2 749  72030 1099999999999999 214  31319  299999999999999
  5  3  1  1  1  2  3  4  5  5  6  5  5  5  5  6  7  8  9  9 10 10  9  820 2 2B2 943  62040 1099999999999999 321  11245  599999999999999
  6  4  2  0 -1 -1  0  1  2  4  5  6  6  7  7  8  9 10 10 11 11 11 11 1020 2 3B22040 11999999999999999999999 441 -1999999999999999999999
  8  5  3  1 -1 -2 -2 -2 -1  1  3  5  7  9 10 11 12 12 12 12 12 12 12 1120 2 4B218 6 12999999999999999999999 6 1 -2999999999999999999999
 10  8  6  3  0 -2 -3 -4 -3 -2  1  4  7 10 11 13 14 15 15 14 14 13 13 1320 2 5B21740 15999999999999999999999 7 4 -4999999999999999999999
 13 11  9  6  3  0 -3 -5 -5 -5 -2  1  5  9 12 14 16 16 16 16 15 15 14 1420 2 6B21733 16999999999999999999999 756 -5999999999999999999999
 14 14 13 10  6  2 -2 -5 -7 -7 -6 -2  2  7 11 15 17 17 17 17 16 15 15 1520 2 7B21722 18999999999999999999999 843 -72220 1599999999999999
 16 16 16 14 11  7  2 -3 -7 -9 -9 -6 -2  3  9 13 16 18 18 17 16 15 14 1420 2 8B2 117 161727 1899999999999999 930 -92230 1499999999999999
 15 17 18 17 15 12  6  0 -5 -9-10-10 -7 -2  4 10 15 17 17 16 15 14 13 1320 2 9B2 223 181743 18999999999999991015-102243 1399999999999999
 13 15 17 19 18 16 12  5 -1 -6-10-11-10 -6  0  6 11 15 16 16 14 12 10 1020 210B2 324 1918 6 169999999999999911 0-1123 4 1099999999999999
 10 12 14 17 19 19 16 11  4 -2 -7-10-10 -8 -4  2  8 12 15 15 13 10  8  720 211B2 422 191831 15999999999999991144-102337  799999999999999
  7  8 10 13 16 18 18 15  9  3 -3 -7 -8 -8 -6 -1  4  9 12 13 12  9  6  420 212B2 521 181856 13999999999999991225 -8999999999999999999999
  3  3  5  7 11 14 16 16 13  8  2 -2 -4 -5 -4 -2  2  7 10 12 12  9  6  320 213B2 622 161920 1299999999999999 023  313 2 -599999999999999
  1  0  0  2  5  8 11 13 13 11  7  3  0 -1 -1  0  3  6  9 11 11 10  7  320 214B2 728 131943 1199999999999999 116  01333 -199999999999999
  0 -2 -3 -2 -1  2  5  8 10 10  9  7  5  4  4  4  5  7  9 11 11 11  8  520 215B2 845 1020 0 1199999999999999 218 -31347  499999999999999
  2 -1 -3 -4 -4 -3 -1  2  5  7  9  9  8  8  8  8  9 10 11 11 12 11 10  820 216B21031  920 2 1299999999999999 331 -41323  899999999999999
  5  1 -1 -3 -4 -5 -4 -3  0  3  6  8  9 10 11 11 12 13 13 13 13 12 12 1020 217B21833 13999999999999999999999 459 -5999999999999999999999
  8  5  2 -1 -3 -4 -5 -5 -4 -2  2  5  8 11 12 13 14 15 15 15 14 13 13 1220 218B21746 15999999999999999999999 628 -6999999999999999999999
 11  9  6  3  0 -2 -4 -6 -6 -5 -2  2  6 10 12 14 15 16 16 16 15 14 13 1320 219B21742 16999999999999999999999 738 -6999999999999999999999
 13 12 10  8  5  1 -2 -4 -6 -6 -4 -1  4  8 12 14 16 16 16 16 15 14 14 1320 220B21713 16999999999999999999999 832 -6999999999999999999999
 13 13 13 11  9  5  1 -2 -5 -6 -6 -3  1  6 10 13 15 16 16 15 14 13 13 1320 221B21658 16999999999999999999999 916 -62235 1399999999999999
 13 14 14 14 12  9  5  0 -3 -5 -6 -5 -2  3  8 12 15 16 15 14 12 12 11 1120 222B2 152 1417 5 1699999999999999 954 -62223 1199999999999999
 12 13 14 15 14 12  8  3 -1 -4 -6 -6 -4  0  5 10 13 15 15 13 11 10  9  920 223B2 250 151721 15999999999999991028 -62217  999999999999999
 10 12 13 15 15 13 10  6  1 -3 -5 -6 -5 -2  2  7 11 13 14 12 10  8  7  720 224B2 337 151741 149999999999999911 0 -62232  799999999999999
  7  9 11 13 14 14 12  8  4 -1 -4 -6 -6 -4  0  4  8 11 12 11  9  6  4  420 225B2 418 1418 1 12999999999999991130 -62259  499999999999999
  4  6  8 11 13 13 12 10  6  1 -2 -4 -5 -4 -2  2  6  9 11 11  8  5  3  220 226B2 457 131819 11999999999999991157 -52330  199999999999999
  2  3  5  8 10 12 12 10  7  3  0 -2 -4 -3 -2  1  5  8 10 10  8  5  2  020 227B2 536 121836 10999999999999991221 -4999999999999999999999
 -1  0  1  4  7  9 10 10  8  5  2  0 -1 -1  0  2  4  7  9  9  8  5  2 -120 228B2 618 101849  999999999999999 0 5 -11238 -199999999999999
 -2 -2 -1  1  3  6  8  9  8  6  4  2  1  1  2  3  5  7  9  9  8  6  3  020 229B2 7 7  91858  999999999999999 043 -21241  199999999999999
 -2 -3 -3 -2  0  3  5  7  7  7  6  4  4  4  4  5  7  8  9  9  9  7  5  220 3 1B2 8 8  719 0  999999999999999 126 -31224  499999999999999
 -1 -3 -4 -3 -2  0  2  4  6  6  7  6  6  6  7  8  9 10 10 10 10  9  7  420 3 2B21847 10999999999999999999999 215 -4999999999999999999999
  1 -1 -3 -4 -4 -3 -1  1  3  5  6  7  8  9  9 10 11 12 12 11 11 10  8  620 3 3B21748 12999999999999999999999 317 -4999999999999999999999
  4  1 -1 -3 -4 -4 -3 -2  0  3  5  7  9 10 11 12 13 13 13 13 12 11 10  920 3 4B217 2 13999999999999999999999 440 -4999999999999999999999
  7  4  2 -1 -3 -4 -5 -4 -3 -1  2  5  8 10 12 14 14 15 14 14 13 12 11 1120 3 5B21658 15999999999999999999999 611 -5999999999999999999999
 10  8  5  3  0 -3 -5 -6 -6 -4 -2  2  6  9 12 14 15 15 15 14 13 12 12 1220 3 6B21647 15999999999999999999999 725 -6999999999999999999999
 12 11 10  7  3  0 -4 -6 -8 -7 -6 -2  2  7 11 13 15 15 14 13 12 11 11 1120 3 7B21634 15999999999999999999999 824 -82156 1199999999999999
 12 13 13 11  8  4 -1 -5 -8 -9 -9 -6 -2  3  8 12 14 14 13 11 10  9  8  920 3 8B2 125 131638 1499999999999999 915 -922 0  899999999999999
 11 13 15 15 13  9  4 -2 -6 -9-10 -9 -6 -1  5 10 12 13 12 10  7  6  5  520 3 9B2 236 151654 139999999999999910 2-102215  599999999999999
  7 10 14 16 16 14 10  4 -2 -7 -9-10 -8 -4  1  7 11 12 12  9  6  3  2  120 310B2 340 161715 13999999999999991046-102243  199999999999999
  3  5 10 14 16 17 14 10  3 -2 -6 -8 -8 -5 -1  4  9 11 12 10  5  1 -1 -220 311B2 440 171738 12999999999999991128 -82321 -299999999999999
 -2  0  4  9 13 16 16 14  9  3 -1 -4 -5 -4 -1  3  7 10 12 10  7  2 -2 -520 312B2 539 1718 0 129999999999999912 7 -5999999999999999999999
 -5 -5 -2  2  7 12 15 15 13  9  4  1  0  0  1  4  7 10 12 11  9  4 -1 -420 313B2 638 151822 1299999999999999 0 5 -51240  099999999999999
 -7 -7 -6 -3  1  6 10 13 13 12  9  6  5  4  5  6  8 10 12 12 10  7  2 -220 314B2 742 141838 1299999999999999 055 -713 4  499999999999999
 -5 -7 -8 -6 -4  0  4  8 11 12 11 10  9  8  9  9 10 12 13 13 12  9  6  220 315B2 858 121842 1399999999999999 150 -81256  899999999999999
 -2 -5 -6 -7 -6 -4 -1  3  6  9 11 11 11 11 12 12 13 14 14 13 13 11  9  620 316B21758 14999999999999999999999 254 -7999999999999999999999
  2 -1 -3 -5 -5 -5 -4 -1  2  5  8 10 12 13 14 14 15 15 15 14 13 12 11  920 317B21649 15999999999999999999999 413 -5999999999999999999999
  6  4  1 -1 -3 -4 -4 -3 -2  1  5  8 11 13 14 15 16 16 15 14 13 12 11 1020 318B21642 16999999999999999999999 549 -4999999999999999999999
  9  7  5  3  1 -1 -3 -4 -3 -1  2  5  9 12 14 15 15 15 15 14 13 12 11 1120 319B21625 15999999999999999999999 710 -4999999999999999999999
 10 10  8  7  4  2 -1 -3 -3 -3 -1  2  6 10 13 14 15 14 13 13 11 11 10 1020 320B216 0 15999999999999999999999 810 -32220 1099999999999999
 11 11 11  9  7  5  1 -1 -3 -4 -3  0  4  8 11 13 14 13 12 11  9  9  8  920 321B2 1 5 1116 0 1499999999999999 856 -422 1  899999999999999
 10 11 11 11 10  7  4  1 -2 -3 -4 -2  1  5  9 12 13 12 11  9  7  6  6  620 322B2 218 111611 1399999999999999 934 -42153  699999999999999
  8 10 11 12 11 10  6  3 -1 -3 -4 -3 -1  3  7 10 12 12 10  7  5  4  3  420 323B2 3 9 121628 129999999999999910 7 -42157  399999999999999
  5  8 10 12 12 11  9  5  1 -2 -3 -3 -2  1  5  9 11 11 10  7  4  1  1  120 324B2 352 121645 11999999999999991036 -42215  199999999999999
  2  5  8 10 12 12 10  7  3  0 -2 -3 -2  0  4  7 10 11 10  7  3  0 -2 -220 325B2 432 1217 2 119999999999999911 4 -32241 -299999999999999
 -1  2  5  9 11 12 12  9  6  3  0 -1 -1  0  3  6  9 10 10  8  4  0 -3 -420 326B2 511 121718 10999999999999991130 -12310 -499999999999999
 -3 -1  2  6  9 11 12 11  8  5  3  1  1  2  4  6  9 10 10  8  5  1 -3 -520 327B2 550 121731 11999999999999991153  12341 -599999999999999
 -5 -4 -1  3  7 10 12 12 10  8  6  4  4  4  5  7  9 11 11 10  7  2 -2 -420 328B2 632 121741 11999999999999991210  4999999999999999999999
 -5 -5 -3  0  4  8 10 12 11 10  8  7  7  7  7  9 10 11 12 11  8  5  1 -320 329B2 720 121746 1299999999999999 015 -512 6  799999999999999
 -5 -5 -4 -2  1  5  8 10 11 11 10  9  9 10 10 11 12 12 12 12 10  7  3  020 330B2 817 111743 1399999999999999 053 -51142  999999999999999
 -3 -5 -5 -4 -1  2  5  8 10 11 11 11 11 12 12 13 13 14 13 13 11  9  6  320 331B21713 14999999999999999999999 137 -5999999999999999999999
 -1 -3 -4 -4 -3 -1  2  5  7  9 11 12 12 13 14 15 15 15 14 13 12 11  8  620 4 1B216 7 15999999999999999999999 232 -4999999999999999999999
  3  0 -2 -3 -3 -3 -1  1  4  6  9 11 12 14 15 15 15 15 15 14 13 11 10  820 4 2B216 0 15999999999999999999999 345 -3999999999999999999999
  6  4  1 -1 -3 -3 -3 -2  0  3  6  9 11 13 14 15 15 15 14 13 12 11 11 1020 4 3B21554 15999999999999999999999 520 -3999999999999999999999
  9  7  5  2  0 -2 -4 -4 -3 -1  2  5  9 12 14 14 14 14 13 12 11 10 10 1120 4 4B21527 14999999999999999999999 650 -42119 1099999999999999
 11 11  9  7  3  0 -3 -4 -5 -4 -2  2  6 10 12 13 13 12 11  9  8  7  8  920 4 5B2 010 111522 1399999999999999 758 -52112  799999999999999
 11 13 13 11  8  4  0 -3 -5 -5 -4 -1  3  7 11 13 13 11  9  6  5  4  4  620 4 6B2 139 131534 1399999999999999 854 -52123  499999999999999
  8 12 14 15 13 10  5  1 -2 -4 -5 -3  0  5  9 12 13 11  8  5  2  0  0  120 4 7B2 250 151553 1399999999999999 942 -52148  099999999999999
  4  8 13 16 17 15 11  6  2 -1 -3 -2  0  3  8 11 13 12  9  5  0 -3 -4 -420 4 8B2 353 171616 13999999999999991026 -32222 -499999999999999
 -2  3  8 13 17 18 16 12  7  4  1  0  1  4  7 11 13 14 11  7  1 -3 -6 -720 4 9B2 452 181639 149999999999999911 7  023 3 -799999999999999
 -6 -3  2  9 14 18 19 17 13  9  6  5  4  6  8 11 14 15 14 10  5 -1 -5 -820 410B2 550 1917 2 15999999999999991144  42348 -899999999999999
 -8 -7 -3  3  9 14 17 18 17 14 11  9  9  9 10 12 15 16 16 13  9  3 -2 -620 411B2 648 181723 16999999999999991216  9999999999999999999999
 -8 -8 -6 -2  3  9 14 17 18 16 15 13 13 13 13 14 16 17 17 15 12  8  2 -220 412B2 751 181736 1799999999999999 037 -81232 1399999999999999
 -5 -7 -7 -5 -1  4  8 13 16 17 16 16 15 16 16 16 17 17 17 17 15 11  7  320 413B2 9 9 171728 1799999999999999 128 -712 6 1599999999999999
 -1 -3 -4 -4 -3  0  4  8 12 14 16 16 17 17 18 18 18 18 18 17 15 13 10  720 414B21611 18999999999999999999999 226 -4999999999999999999999
  4  1 -1 -2 -2 -1  1  4  8 11 14 15 17 17 18 18 18 18 17 16 15 14 12 1020 415B21535 18999999999999999999999 334 -2999999999999999999999
  8  5  3  2  0  0  1  2  4  7 11 13 15 17 17 17 17 17 16 15 14 13 12 1120 416B21513 17999999999999999999999 459  0999999999999999999999
 10  9  7  5  3  2  1  1  2  5  8 11 13 15 16 16 16 15 14 13 12 11 11 1120 417B21442 16999999999999999999999 625  1999999999999999999999
 11 10  9  8  6  4  3  2  2  3  5  8 11 14 15 15 14 13 12 11 10  9  9 1020 418B21441 15999999999999999999999 732  12129  999999999999999
 11 11 11 10  8  6  4  2  2  2  3  6  9 12 14 14 13 12 10  8  7  6  7  820 419B2 123 111451 1499999999999999 821  22116  699999999999999
  9 11 11 11 10  8  6  4  2  2  2  4  7 10 12 13 13 11  8  6  4  4  4  520 420B2 228 1215 6 1399999999999999 9 1  22117  499999999999999
  7  9 11 12 12 10  8  6  4  2  2  4  6  9 12 13 13 11  8  5  2  1  1  220 421B2 317 121523 1399999999999999 935  22130  199999999999999
  5  8 11 12 13 12 10  8  6  4  3  4  6  8 11 13 13 11  8  5  1 -1 -1  020 422B2 4 1 131540 139999999999999910 5  32152 -199999999999999
  2  6  9 12 14 14 13 11  8  6  5  5  6  8 11 13 14 13 10  6  2 -1 -3 -220 423B2 440 141556 14999999999999991034  52219 -399999999999999
  0  3  7 11 14 15 15 13 11  9  8  7  8  9 11 13 14 14 12  8  3 -1 -3 -420 424B2 519 151612 159999999999999911 2  72248 -499999999999999
 -2  1  5  9 13 16 17 16 14 12 11 10 10 11 13 14 16 15 14 10  5  1 -2 -420 425B2 558 171627 16999999999999991128 102321 -499999999999999
 -4 -2  2  7 12 15 17 17 16 15 13 13 13 13 14 16 17 17 16 13  8  3 -1 -320 426B2 640 181639 17999999999999991147 132356 -499999999999999
 -4 -3  0  4  9 13 16 18 18 17 16 15 15 15 16 17 18 18 17 15 11  7  2 -120 427B2 727 181648 18999999999999991134 15999999999999999999999
 -3 -3 -1  2  6 10 14 17 18 18 17 17 17 17 18 18 18 19 18 17 14 10  5  220 428B2 826 181646 1999999999999999 035 -311 9 1799999999999999
 -1 -2 -2  0  3  7 11 14 16 18 18 18 18 19 19 19 19 19 18 17 15 13  9  520 429B21531 19999999999999999999999 120 -2999999999999999999999
  2  0 -1 -1  1  3  7 10 13 15 17 18 18 19 19 19 19 19 18 17 16 14 12  920 430B21454 19999999999999999999999 215 -1999999999999999999999
  5  3  1  0  0  1  3  6  9 12 15 16 17 18 18 18 18 18 17 16 15 14 13 1220 5 1B21448 18999999999999999999999 321  0999999999999999999999
  9  6  4  2  1  0  1  3  5  8 11 14 16 17 17 17 16 16 15 14 13 13 13 1320 5 2B214 0 17999999999999999999999 443  0999999999999999999999
 12 10  8  5  3  2  1  1  3  5  8 11 14 16 16 15 14 13 12 11 10 10 11 1320 5 3B21352 16999999999999999999999 6 9  12015 1099999999999999
 14 14 12 10  7  4  3  2  2  3  6  9 12 14 15 15 13 11  9  7  6  6  8 1020 5 4B2 026 1414 4 1599999999999999 723  22027  699999999999999
 13 15 16 15 12  9  6  4  3  3  5  8 11 14 15 15 13 10  7  4  2  2  3  620 5 5B2 150 161424 1599999999999999 823  32052  299999999999999
 10 14 17 18 17 14 11  8  6  5  6  8 10 14 16 16 15 12  7  3  0 -2 -2  120 5 6B2 3 0 181447 1699999999999999 914  52126 -299999999999999
  5 10 15 19 20 19 17 13 11  9  9  9 11 14 17 18 17 15 10  4  0 -3 -4 -420 5 7B2 4 4 201513 1899999999999999 959  922 6 -499999999999999
  0  5 11 17 21 22 21 18 16 13 12 12 13 15 18 20 20 18 14  8  2 -2 -5 -620 5 8B2 5 3 221540 20999999999999991039 122249 -699999999999999
 -4  0  6 13 19 22 24 23 20 18 16 16 16 17 19 21 22 21 18 13  7  1 -3 -520 5 9B2 559 2416 7 22999999999999991115 162335 -599999999999999
 -5 -3  1  8 14 20 23 24 23 21 20 19 19 20 21 22 23 23 22 18 13  7  1 -220 510B2 656 241631 23999999999999991141 19999999999999999999999
 -4 -4 -1  3  9 15 20 23 24 23 22 22 22 22 22 23 24 24 23 21 17 12  7  220 511B2 757 241648 2499999999999999 023 -41149 2299999999999999
  0 -2 -1  1  6 11 16 20 23 23 23 23 23 23 23 23 24 24 23 22 20 16 11  720 512B2 911 231644 2499999999999999 113 -21143 2399999999999999
  4  2  1  2  4  7 12 16 19 21 22 23 23 23 23 23 23 23 22 22 20 18 15 1120 513B21513 23999999999999999999999 2 5  1999999999999999999999
  8  6  4  4  4  6  9 12 16 18 20 21 22 22 22 22 22 21 21 20 19 18 16 1420 514B21324 22999999999999999999999 3 2  4999999999999999999999
 12  9  7  6  6  6  7  9 12 15 18 19 20 21 20 20 20 19 18 17 17 16 15 1520 515B21255 21999999999999999999999 4 5  6999999999999999999999
 13 12 10  9  7  7  7  8 10 12 15 17 19 19 19 18 17 16 15 15 14 14 14 1420 516B213 6 19999999999999999999999 516  7999999999999999999999
 14 13 12 11  9  8  8  8  9 10 13 15 17 18 18 17 15 14 13 12 11 11 11 1220 517B21320 18999999999999999999999 626  82033 1199999999999999
 13 14 14 13 12 10  9  9  9 10 11 14 16 17 17 16 14 12 10  9  8  8  9 1020 518B2 115 141335 1799999999999999 724  92029  899999999999999
 12 14 14 14 14 12 11 10 10 10 11 13 15 17 17 16 14 12  9  7  5  5  6  820 519B2 229 141351 1799999999999999 811 102040  599999999999999
 11 13 15 16 16 15 14 12 11 11 12 13 15 17 18 17 15 12  9  6  4  3  4  620 520B2 325 1614 9 1899999999999999 851 1121 1  399999999999999
  9 12 15 17 18 17 16 15 14 13 13 14 16 18 19 19 17 14 10  6  3  2  2  320 521B2 411 181428 1999999999999999 926 132128  199999999999999
  7 11 14 18 19 20 19 18 17 16 15 16 17 19 20 20 19 17 13  8  4  1  0  220 522B2 450 201448 209999999999999910 0 152158  099999999999999
  4  9 13 17 20 22 22 21 19 18 18 18 19 20 21 22 22 20 16 11  6  2  0  020 523B2 528 2215 9 22999999999999991033 182231  099999999999999
  2  6 11 16 20 23 24 23 22 21 21 20 21 21 23 24 24 22 19 14  9  4  1  020 524B2 6 6 241531 249999999999999911 3 2023 6  099999999999999
  1  4  8 14 19 22 25 25 24 23 23 23 23 23 24 25 25 24 22 18 13  8  4  120 525B2 648 251554 25999999999999991125 232346  199999999999999
  1  2  6 10 16 20 24 25 26 25 24 24 24 24 25 25 26 26 24 21 17 11  7  320 526B2 735 261616 269999999999999911 0 24999999999999999999999
  2  2  3  7 12 17 21 24 25 25 25 25 25 25 25 25 26 26 25 23 20 15 10  620 527B21634 26999999999999999999999 029  1999999999999999999999
  3  2  3  5  8 12 17 20 23 24 24 24 24 25 25 25 25 25 24 23 21 18 14 1020 528B2 956 241635 2599999999999999 117  21523 2599999999999999
  6  4  3  4  6  9 13 16 20 22 23 23 23 23 23 23 23 23 22 22 21 20 17 1420 529B21331 23999999999999999999999 210  3999999999999999999999
 10  7  5  4  5  7  9 12 16 19 21 22 22 22 21 21 20 20 19 19 19 19 18 1720 530B21149 22999999999999999999999 3 7  4999999999999999999999
 14 11  9  7  6  7  8 10 13 16 18 20 21 20 19 18 17 16 16 15 16 17 18 1820 531B212 6 212250 1899999999999999 410  61854 1599999999999999
 17 15 13 11  9  8  9 10 11 14 16 19 20 20 19 17 15 13 12 11 11 13 15 1720 6 1B21226 20999999999999999999999 519  81920 1199999999999999
 18 19 17 15 13 12 11 11 12 13 16 18 20 20 19 17 14 11  9  7  7  8 10 1420 6 2B2 036 191249 2099999999999999 632 111953  799999999999999
 17 20 21 20 18 16 15 14 14 15 16 19 21 22 21 19 16 12  8  5  4  4  6  920 6 3B2 2 1 211314 2299999999999999 739 142031  399999999999999
 14 19 22 23 23 21 20 18 18 18 18 20 22 23 24 22 19 14 10  5  2  1  2  520 6 4B2 316 231342 2499999999999999 835 182112  199999999999999
  9 15 20 24 26 26 24 23 22 21 21 22 23 25 26 26 23 19 14  8  4  1  0  120 6 5B2 421 261414 2699999999999999 921 212155  099999999999999
  5 11 17 23 27 28 28 27 25 24 24 24 25 27 28 28 27 24 19 13  7  3  1  020 6 6B2 518 281448 2899999999999999 958 242240  099999999999999
  2  7 13 19 25 29 30 30 28 27 27 27 27 28 29 30 30 28 24 19 13  7  3  120 6 7B2 610 301523 30999999999999991025 272326  199999999999999
  2  4  9 15 21 26 30 31 30 29 28 28 28 29 30 31 31 30 28 24 18 12  8  420 6 8B2 7 0 311557 31999999999999991045 28999999999999999999999
  3  4  6 11 17 23 27 30 30 30 29 29 29 29 30 30 31 31 30 27 23 17 12  820 6 9B2 750 301628 3199999999999999 013  31110 2999999999999999
  6  5  6  9 13 19 23 27 29 29 29 28 28 28 29 29 29 30 29 28 25 21 17 1220 610B2 843 291651 3099999999999999 059  51147 2899999999999999
  9  8  7  8 11 15 20 23 26 28 28 27 27 27 27 27 27 27 27 26 25 22 19 1620 611B2 938 2817 1 2799999999999999 145  71257 2799999999999999
 13 10  9  9 11 13 16 20 23 25 26 26 26 25 25 25 25 25 24 24 23 22 20 1820 612B21029 26999999999999999999999 229  9999999999999999999999
 15 13 12 11 11 12 15 17 20 22 24 24 24 23 23 22 22 21 21 21 21 20 19 1820 613B211 6 24999999999999999999999 312 11999999999999999999999
 17 15 14 13 13 13 14 16 18 20 22 23 23 22 21 20 19 18 18 17 17 18 18 1820 614B21133 23999999999999999999999 355 13999999999999999999999
 17 17 16 15 14 14 15 16 17 19 21 22 22 22 20 19 17 15 15 14 14 15 16 1720 615B21154 22999999999999999999999 441 141924 1499999999999999
 17 18 17 17 17 16 16 17 17 19 20 22 22 22 21 18 16 14 12 11 11 12 13 1520 616B2 1 5 181212 2299999999999999 540 161939 1199999999999999
 17 18 19 19 19 19 19 18 19 19 21 22 23 23 22 20 17 14 11  9  9  9 11 1320 617B2 3 0 191232 2399999999999999 652 1820 4  999999999999999
 16 19 20 21 22 21 21 21 21 21 22 23 24 24 24 22 19 15 12  9  7  7  9 1220 618B2 411 221254 2499999999999999 755 212033  799999999999999
 15 18 21 23 24 24 24 24 23 23 23 24 25 26 26 24 21 18 13 10  7  6  7  920 619B2 449 241319 2699999999999999 846 2321 5  699999999999999
 13 17 21 24 26 27 27 26 26 25 25 26 27 28 28 27 25 21 16 12  8  6  6  720 620B2 517 271348 2899999999999999 929 252140  699999999999999
 11 16 20 25 27 29 29 29 28 28 27 28 28 29 30 30 28 25 20 15 10  7  5  620 621B2 545 291421 309999999999999910 8 272217  599999999999999
  8 13 18 23 27 30 31 31 30 29 29 29 29 30 31 32 31 29 24 19 14  9  6  520 622B2 617 311456 32999999999999991040 292258  599999999999999
  6 10 14 20 25 29 31 32 31 31 30 30 30 31 32 32 32 31 28 23 18 12  8  620 623B2 652 321535 33999999999999991055 302341  599999999999999
  5  7 11 16 21 26 30 31 31 31 30 30 30 30 31 32 33 32 30 27 22 16 11  720 624B2 732 321617 33999999999999991053 30999999999999999999999
  6  6  8 12 17 22 27 29 30 30 30 29 29 29 30 30 31 31 31 29 25 20 15 1020 625B2 814 3017 4 3199999999999999 027  51125 2999999999999999
  7  6  7  9 13 18 22 26 28 29 28 28 27 27 27 27 28 29 29 29 27 24 19 1420 626B2 857 2918 1 2999999999999999 113  61340 2799999999999999
 11  8  8  9 11 15 19 22 25 27 27 26 25 25 25 24 24 25 26 26 26 25 22 1920 627B2 936 271920 2699999999999999 2 0  81515 2499999999999999
 15 12 10 10 11 13 16 20 23 25 26 25 24 23 22 21 21 21 21 22 23 24 23 2220 628B21010 262110 2499999999999999 246 101634 2099999999999999
 19 16 14 13 13 14 16 18 21 23 25 25 24 22 20 19 17 17 16 17 18 20 22 2320 629B21040 2523 5 2399999999999999 331 131743 1699999999999999
 22 21 19 18 17 17 18 19 21 23 25 25 25 23 21 18 16 14 13 12 13 16 19 2120 630B211 8 25999999999999999999999 415 171841 1299999999999999
 23 24 23 22 21 21 21 22 23 24 25 26 27 25 23 19 16 13 11  9  9 11 14 1820 7 1B2 054 241136 2799999999999999 5 3 211931  999999999999999
 22 25 26 26 26 25 25 25 25 26 27 28 29 28 26 23 19 15 11  8  7  7 10 1420 7 2B2 237 2612 7 2999999999999999 6 9 252019  799999999999999
 19 23 27 29 29 29 28 28 28 28 29 30 31 31 30 27 23 19 14 10  7  6  7 1020 7 3B2 4 0 291244 3199999999999999 735 2821 4  699999999999999
 15 21 26 29 31 32 31 31 31 31 31 31 32 33 33 32 29 24 19 13  9  7  6  720 7 4B2 455 321328 3399999999999999 832 312150  699999999999999
 11 17 23 28 32 34 34 33 32 32 32 33 33 34 35 35 33 29 24 18 13  9  7  720 7 5B2 535 341415 3599999999999999 9 6 322234  799999999999999
  9 13 19 25 30 34 35 34 33 33 33 33 34 34 35 36 35 33 29 24 18 13  9  820 7 6B2 611 3515 2 3699999999999999 938 332318  899999999999999
  8 11 16 22 27 32 34 35 34 33 32 33 33 34 35 36 36 35 33 28 23 17 13 1020 7 7B2 646 351547 36999999999999991013 32999999999999999999999
  9 10 13 18 24 29 32 34 34 33 32 31 32 32 33 34 35 35 34 31 26 21 16 1320 7 8B2 721 341628 3599999999999999 0 0  91054 3199999999999999
 11 10 12 15 20 25 29 32 33 32 31 30 30 30 31 32 33 33 33 31 28 24 19 1520 7 9B2 756 3317 5 3399999999999999 040 101141 3099999999999999
 13 12 12 14 18 22 26 29 30 30 29 28 28 28 28 29 29 30 30 30 28 25 21 1820 710B2 831 311740 3099999999999999 117 121241 2899999999999999
 15 14 13 14 16 19 23 26 28 29 28 27 26 25 25 25 26 27 27 27 26 25 22 2020 711B2 9 3 291821 2799999999999999 151 131355 2599999999999999
 18 16 15 15 17 19 21 24 26 27 27 26 25 24 23 22 22 23 23 24 24 23 22 2120 712B2 931 271932 2499999999999999 218 151517 2299999999999999
 19 18 17 17 18 19 21 23 25 26 26 26 24 23 21 20 20 20 20 20 21 21 21 2120 713B2 956 2622 1 2199999999999999 238 171644 1999999999999999
 21 20 20 20 20 21 22 23 24 26 26 26 25 23 21 19 18 17 17 17 18 19 20 2120 714B21018 26999999999999999999999 234 201755 1799999999999999
 22 22 22 22 23 23 24 24 25 26 27 27 26 24 22 20 17 16 15 14 15 16 18 2020 715B21040 279999999999999999999991845 14999999999999999999999
 22 23 24 25 25 26 26 26 27 27 28 28 28 26 24 21 19 16 14 13 13 14 16 1920 716B211 7 289999999999999999999991926 13999999999999999999999
 22 24 26 27 28 28 28 28 28 29 29 30 30 29 27 24 21 17 14 12 11 12 14 1720 717B21140 3099999999999999999999920 5 11999999999999999999999
 21 24 27 29 30 31 31 31 30 30 31 31 32 31 30 28 24 20 16 13 11 11 12 1520 718B21220 329999999999999999999992044 10999999999999999999999
 19 23 27 30 32 33 33 33 32 32 32 32 33 34 33 31 28 24 19 15 11 10 10 1220 719B2 548 3313 6 3499999999999999 928 322125 1099999999999999
 16 21 26 30 33 34 34 34 34 33 33 33 34 35 35 34 32 28 23 18 13 10  9  920 720B2 552 341355 359999999999999910 1 3322 7  999999999999999
 12 17 23 28 32 34 35 35 34 33 33 33 34 35 36 36 35 32 28 22 16 11  9  820 721B2 6 9 351447 36999999999999991023 332250  899999999999999
  9 13 18 24 29 33 35 35 34 33 33 33 33 34 35 36 37 35 32 26 20 14 10  820 722B2 633 351539 37999999999999991038 322334  899999999999999
  8 10 14 20 25 30 33 34 33 32 31 31 31 31 33 35 36 36 34 30 25 19 13 1020 723B2 7 0 341633 369999999999999911 5 31999999999999999999999
  8  9 11 16 21 26 30 32 32 31 29 28 28 28 29 31 33 34 34 33 29 23 18 1320 724B2 729 321732 3599999999999999 018  81158 2899999999999999
 11 10 11 14 18 23 27 30 31 30 28 26 26 25 25 26 28 30 32 32 30 27 22 1820 725B2 759 311838 3299999999999999 1 1 1013 9 2599999999999999
 15 13 13 14 17 21 24 27 29 29 27 25 24 22 22 22 23 25 27 29 29 28 26 2220 726B2 827 291957 2999999999999999 141 121422 2299999999999999
 19 17 16 17 18 20 23 26 28 29 28 26 23 21 20 19 19 20 21 23 25 27 27 2520 727B2 855 292131 2799999999999999 216 161538 1999999999999999
 23 22 21 21 21 22 24 26 28 29 29 27 24 22 19 17 16 16 16 18 20 23 25 2620 728B2 921 292328 2699999999999999 241 211658 1699999999999999
 26 26 25 25 25 26 27 28 29 30 30 29 27 24 21 18 16 14 13 14 15 18 22 2520 729B2 947 30999999999999999999999 247 251814 1399999999999999
 27 28 28 29 29 29 30 30 31 31 31 31 30 28 25 21 18 15 13 12 12 14 17 2120 730B21016 319999999999999999999991918 12999999999999999999999
 25 28 30 31 32 32 32 33 33 33 33 33 33 31 29 26 22 18 14 12 11 11 14 1820 731B211 1 339999999999999999999992013 11999999999999999999999
 23 27 30 33 34 34 34 34 34 34 34 35 35 34 33 30 27 22 18 14 11 10 11 1520 8 1B212 5 3599999999999999999999921 1 10999999999999999999999
 19 25 29 33 35 35 35 35 35 35 35 35 36 36 36 34 31 27 22 17 14 11 11 1220 8 2B2 516 351312 3699999999999999 929 352146 1199999999999999
 16 21 27 31 35 36 36 35 35 34 34 35 35 36 37 37 35 32 27 22 17 13 11 1120 8 3B2 525 361412 3799999999999999 914 342227 1199999999999999
 14 18 24 29 33 35 36 35 34 33 33 34 34 35 37 37 37 35 31 26 20 16 13 1220 8 4B2 546 3615 6 3799999999999999 933 3323 6 1299999999999999
 12 16 20 26 31 34 35 35 33 32 31 32 32 33 35 36 37 36 33 29 24 19 15 1320 8 5B2 610 351552 379999999999999910 6 312342 1299999999999999
 12 14 18 23 27 31 34 34 33 31 29 29 30 31 32 34 35 35 34 31 26 21 17 1420 8 6B2 636 341635 35999999999999991044 29999999999999999999999
 13 14 16 20 24 29 31 32 32 30 28 27 27 28 29 31 32 33 33 31 28 24 20 1720 8 7B2 7 2 321715 3399999999999999 015 131126 2799999999999999
 15 15 16 18 22 26 29 31 30 29 27 25 25 25 26 27 29 30 31 30 28 25 22 1920 8 8B2 727 311757 3199999999999999 044 151212 2599999999999999
 17 16 17 18 21 24 27 29 29 28 26 24 23 22 23 24 25 27 28 28 27 26 23 2120 8 9B2 748 291846 2899999999999999 1 8 1613 5 2299999999999999
 19 19 19 20 22 24 26 28 28 28 26 24 22 21 21 21 22 23 24 25 26 25 24 2320 810B2 8 6 281955 2699999999999999 124 1914 5 2199999999999999
 22 21 21 22 23 25 26 27 28 28 27 25 23 21 19 19 19 20 21 22 23 24 24 2420 811B2 821 282143 2499999999999999 119 211512 1999999999999999
 24 23 24 24 25 26 27 28 29 29 28 26 24 22 20 18 18 18 18 20 21 22 24 2420 812B2 833 29999999999999999999999 033 231627 1899999999999999
 25 26 26 27 28 28 29 29 30 30 29 28 26 24 21 19 18 17 16 17 18 20 22 2420 813B2 845 309999999999999999999991743 16999999999999999999999
 26 27 28 29 30 30 31 31 31 31 31 30 29 27 24 21 19 17 15 15 16 18 20 2320 814B2 856 319999999999999999999991846 15999999999999999999999
 26 28 30 31 32 32 32 32 32 32 32 32 31 30 27 24 21 18 16 14 14 15 18 2120 815B2 533 339999999999999999999991938 14999999999999999999999
 25 28 31 32 33 34 34 34 33 33 33 33 33 32 31 28 24 20 17 14 13 13 15 1820 816B2 527 349999999999999999999992025 12999999999999999999999
 22 26 30 33 34 35 35 34 34 33 33 34 34 35 34 32 28 24 19 15 12 11 12 1420 817B2 520 351252 3599999999999999 939 332110 1199999999999999
 18 23 28 32 34 35 35 34 33 33 33 33 34 35 36 35 32 28 23 18 13 10 10 1120 818B2 518 351355 3699999999999999 951 332154 1099999999999999
 14 19 25 29 33 34 34 33 32 31 31 31 33 34 36 37 36 33 28 22 16 12  9  920 819B2 529 351455 379999999999999910 3 312238  999999999999999
 11 15 21 26 30 33 34 33 31 29 29 29 30 32 34 36 37 36 32 27 20 15 11  920 820B2 547 341553 37999999999999991023 292320  999999999999999
 10 12 17 22 27 31 33 32 30 27 26 26 26 27 30 33 36 37 35 31 25 19 14 1220 821B2 610 331653 37999999999999991058 26999999999999999999999
 11 12 15 19 25 29 31 31 29 26 24 22 22 23 25 28 32 34 35 34 30 24 19 1620 822B2 634 311754 3599999999999999 0 2 111147 2299999999999999
 14 14 15 18 23 27 30 31 29 26 23 21 19 19 20 22 26 29 32 33 32 28 24 2120 823B2 659 3119 0 3399999999999999 040 131244 1999999999999999
 18 18 18 20 23 26 29 30 30 28 24 21 18 17 17 18 20 23 26 29 30 30 28 2520 824B2 722 302015 3099999999999999 115 171349 1799999999999999
 23 22 22 23 24 27 29 30 30 29 26 23 20 17 16 15 16 18 20 24 26 28 29 2820 825B2 743 312148 2999999999999999 138 2215 0 1599999999999999
 27 26 26 27 28 29 30 31 31 31 29 26 23 20 17 15 14 14 16 18 21 24 27 2820 826B2 759 31999999999999999999999 132 261623 1499999999999999
 29 29 30 30 31 31 32 32 32 32 31 29 26 23 20 18 15 14 14 15 17 20 23 2720 827B2 757 329999999999999999999991752 14999999999999999999999
 29 31 32 33 33 34 34 34 33 33 33 32 30 28 25 22 19 16 14 13 14 16 20 2420 828B2 545 3499999999999999999999919 7 13999999999999999999999
 27 30 32 34 34 35 35 34 34 34 33 33 33 31 29 26 23 19 16 14 13 14 16 2020 829B2 531 3599999999999999999999920 6 13999999999999999999999
 25 29 32 34 35 35 35 34 34 33 33 34 34 34 33 30 27 23 19 16 14 13 14 1720 830B2 454 359999999999999999999992055 13999999999999999999999
 22 26 30 33 34 35 34 33 33 32 32 33 34 34 34 33 31 27 23 19 15 13 13 1520 831B2 434 351332 3599999999999999 940 322137 1399999999999999
 19 23 28 32 34 34 33 32 31 31 31 31 32 34 35 35 33 30 26 21 17 14 13 1420 9 1B2 442 341431 3599999999999999 931 302213 1399999999999999
 16 21 25 30 32 33 32 31 29 28 28 29 30 32 34 35 34 33 29 24 20 16 14 1320 9 2B2 5 0 331520 3599999999999999 936 282247 1399999999999999
 15 18 23 27 30 32 32 30 28 26 26 26 27 29 31 33 34 33 31 27 22 18 15 1420 9 3B2 521 3216 4 3499999999999999 959 262317 1499999999999999
 14 17 20 25 28 31 31 29 27 24 23 23 24 26 28 31 33 33 32 29 24 20 17 1520 9 4B2 542 311645 33999999999999991030 232344 1599999999999999
 15 16 19 23 26 29 30 29 26 23 21 21 21 23 25 28 30 31 31 29 26 22 19 1720 9 5B2 6 2 301726 319999999999999911 5 21999999999999999999999
 17 17 19 22 25 28 29 29 26 23 21 19 19 20 22 24 27 29 30 29 27 24 22 2020 9 6B2 620 2918 9 3099999999999999 0 8 171143 1999999999999999
 19 19 20 22 25 27 28 28 27 24 21 19 18 18 19 21 24 26 28 28 28 26 24 2220 9 7B2 634 281858 2899999999999999 026 191225 1799999999999999
 21 21 22 23 25 27 28 28 27 25 22 19 17 17 17 18 21 23 25 26 27 26 25 2420 9 8B2 644 281959 2799999999999999 031 211312 1799999999999999
 24 24 25 25 27 28 29 29 28 26 24 21 18 17 16 17 18 20 22 24 25 26 26 2620 9 9B2 647 29999999999999999999999 0 8 2414 7 1699999999999999
 26 26 27 28 28 29 30 30 29 28 26 23 21 18 17 16 17 18 19 21 23 25 26 2720 910B2 639 309999999999999999999991514 16999999999999999999999
 27 28 29 30 30 31 31 30 30 29 28 26 23 21 19 17 16 16 17 18 20 23 25 2720 911B2 549 319999999999999999999991637 16999999999999999999999
 28 29 30 31 32 32 32 31 31 30 29 28 26 24 21 19 17 16 15 16 17 19 22 2520 912B2 438 3299999999999999999999918 1 15999999999999999999999
 28 30 31 32 33 33 32 32 31 31 30 30 29 27 24 22 19 16 15 14 14 16 19 2220 913B2 433 339999999999999999999991910 14999999999999999999999
 26 29 31 32 33 33 32 32 31 30 30 31 31 30 28 25 22 18 15 13 12 13 15 1920 914B2 429 3399999999999999999999920 5 12999999999999999999999
 23 27 30 32 32 32 31 31 30 29 29 30 31 32 31 29 26 21 17 13 11 10 12 1520 915B2 417 3213 1 3299999999999999 919 292053 1099999999999999
 19 24 28 30 32 31 30 29 28 27 27 28 30 32 33 32 30 26 21 16 12 10 10 1120 916B2 418 3214 7 3399999999999999 923 272138  999999999999999
 15 20 25 28 30 30 29 27 25 24 24 25 27 30 33 34 34 30 25 20 15 11 10 1020 917B2 431 3115 9 3499999999999999 937 242221 1099999999999999
 12 17 22 26 29 30 28 26 23 21 20 21 23 26 30 34 35 34 31 25 19 15 12 1120 918B2 450 3016 9 359999999999999910 4 2023 2 1199999999999999
 12 15 20 24 28 29 29 26 22 19 17 17 18 21 25 30 33 35 34 30 25 20 16 1420 919B2 512 2917 9 35999999999999991043 172340 1499999999999999
 14 15 19 23 27 29 29 27 23 18 15 14 14 15 19 24 29 32 34 33 30 25 21 1920 920B2 534 2918 9 34999999999999991130 14999999999999999999999
 18 18 20 23 27 29 30 29 25 20 16 13 12 12 14 18 22 27 31 33 32 29 26 2420 921B2 557 301913 3399999999999999 016 181223 1299999999999999
 23 22 23 25 27 29 31 30 28 24 19 15 12 11 11 13 17 21 25 29 31 31 29 2820 922B2 617 312025 3199999999999999 045 221322 1199999999999999
 27 27 27 28 29 30 31 31 30 27 23 19 15 13 12 12 13 16 20 24 27 29 30 3020 923B2 631 31999999999999999999999 051 271430 1299999999999999
 29 30 30 31 31 32 32 32 31 29 27 23 20 17 14 13 13 13 15 18 22 25 28 2920 924B2 624 329999999999999999999991551 13999999999999999999999
 30 31 32 32 33 33 33 32 32 31 29 27 24 21 19 16 15 14 14 15 18 21 24 2720 925B2 438 339999999999999999999991726 14999999999999999999999
 30 31 32 33 33 33 33 32 31 31 30 29 28 26 23 20 18 16 14 14 15 17 21 2420 926B2 414 339999999999999999999991849 14999999999999999999999
 28 30 32 32 33 32 32 31 30 30 30 30 29 28 27 24 21 19 16 14 14 15 17 2120 927B2 354 339999999999999999999991952 14999999999999999999999
 25 28 30 31 31 31 30 29 28 28 28 29 29 30 29 27 25 22 18 16 14 14 15 1820 928B2 331 321252 3099999999999999 919 282040 1499999999999999
 22 26 29 30 30 29 28 27 26 26 26 27 28 30 30 29 27 24 21 17 15 14 14 1620 929B2 332 301359 3099999999999999 915 262120 1499999999999999
 20 24 27 29 29 28 26 25 23 23 23 24 26 28 30 30 29 27 23 19 16 14 14 1520 930B2 345 291450 3099999999999999 914 232153 1499999999999999
 17 21 25 27 28 28 25 23 21 20 20 21 23 26 28 30 30 28 25 21 18 15 14 142010 1B2 4 3 281534 3099999999999999 924 202222 1499999999999999
 16 19 23 26 28 27 25 22 19 18 17 18 20 23 26 29 30 29 27 24 20 17 15 152010 2B2 422 281615 3099999999999999 945 172249 1599999999999999
 16 18 22 25 27 27 25 22 19 16 15 15 17 20 23 27 29 29 28 26 22 19 17 172010 3B2 440 271655 29999999999999991013 152314 1699999999999999
 17 19 21 24 26 27 26 23 19 16 14 13 14 17 21 24 27 29 29 27 25 22 20 192010 4B2 456 271735 29999999999999991044 132335 1999999999999999
 19 20 22 24 26 27 26 24 20 16 13 12 13 14 18 21 25 27 29 28 26 24 22 212010 5B2 510 271817 29999999999999991117 122351 2199999999999999
 21 22 23 25 26 27 27 25 22 18 14 12 12 13 15 18 22 25 27 28 28 26 25 242010 6B2 520 2719 3 28999999999999991154 122348 2499999999999999
 24 24 25 26 27 28 28 27 24 20 16 14 12 12 13 16 19 23 25 27 28 27 26 262010 7B2 526 281958 28999999999999991235 122321 2699999999999999
 26 26 27 27 28 29 29 28 26 23 19 16 14 13 13 14 17 19 22 25 26 27 27 272010 8B2 525 299999999999999999999991323 13999999999999999999999
 27 28 28 29 29 29 29 28 27 25 22 18 16 14 13 13 15 17 19 22 24 26 27 272010 9B2 5 2 299999999999999999999991422 13999999999999999999999
 28 29 29 30 30 30 29 29 27 26 24 21 19 16 15 14 14 14 16 18 20 23 25 26201010B2 342 309999999999999999999991538 14999999999999999999999
 28 29 30 30 30 30 29 28 27 26 25 24 21 19 17 15 14 13 13 15 17 19 22 24201011B2 332 309999999999999999999991711 13999999999999999999999
 27 28 29 30 30 29 28 27 27 26 26 25 24 22 20 17 15 13 12 12 13 15 18 21201012B2 330 309999999999999999999991835 12999999999999999999999
 24 27 28 28 28 28 27 26 25 25 25 26 26 25 23 21 17 14 12 11 11 12 14 18201013B2 3 9 281150 2699999999999999 847 251939 1199999999999999
 22 25 27 27 27 26 24 23 22 22 23 24 26 27 27 25 21 18 14 11 10 10 12 15201014B2 3 0 271313 2799999999999999 841 222031 1099999999999999
 19 22 25 26 26 24 22 20 19 18 19 21 24 27 29 29 26 22 18 14 11 10 10 13201015B2 3 8 261420 2999999999999999 851 182117 1099999999999999
 16 20 24 26 25 23 20 17 15 14 15 17 20 25 28 30 30 27 23 18 15 12 12 12201016B2 325 261522 3199999999999999 914 142159 1299999999999999
 15 19 23 25 26 24 21 16 13 11 10 11 15 20 25 30 32 31 28 24 19 16 15 14201017B2 346 261622 3299999999999999 948 102239 1499999999999999
 16 19 23 26 27 26 23 18 13  9  7  7  9 14 20 26 30 33 32 29 25 21 19 18201018B2 410 271720 33999999999999991029  72317 1899999999999999
 18 20 23 26 28 28 26 21 16 10  7  5  6  9 14 20 26 30 33 32 29 26 24 22201019B2 434 281819 33999999999999991116  52350 2299999999999999
 22 23 24 27 29 30 29 25 20 14  9  6  5  6  9 14 20 25 30 32 31 29 27 26201020B2 458 301920 329999999999999912 7  5999999999999999999999
 26 26 27 28 30 31 30 28 24 19 14 10  7  6  7 10 14 19 24 28 30 30 30 29201021B2 518 312032 3199999999999999 012 2613 3  699999999999999
 28 29 29 30 30 31 31 30 27 24 19 15 11  9  8  9 11 15 19 23 27 29 29 30201022B2 529 31999999999999999999999 0 3 2814 6  899999999999999
 30 30 30 31 31 31 31 30 29 26 23 20 16 14 12 11 11 12 15 18 22 25 27 29201023B2 451 319999999999999999999991520 11999999999999999999999
 29 30 30 31 30 30 30 29 28 27 25 23 20 18 16 14 13 12 13 15 18 21 24 26201024B2 310 319999999999999999999991648 12999999999999999999999
 28 29 29 29 29 29 28 27 26 26 25 24 23 21 19 17 15 14 13 13 15 17 20 24201025B2 241 299999999999999999999991815 13999999999999999999999
 26 27 28 28 27 26 25 24 24 24 24 24 24 23 22 20 18 16 14 13 13 15 17 21201026B2 212 289999999999999999999991923 13999999999999999999999
 23 25 26 26 25 24 23 22 21 21 21 22 23 24 24 22 20 18 16 14 13 14 15 18201027B2 214 261311 2499999999999999 844 212014 1399999999999999
 21 24 25 25 24 22 20 19 18 17 18 20 22 23 24 24 22 20 17 15 14 13 14 16201028B2 226 251413 2499999999999999 845 172053 1399999999999999
 19 22 24 24 23 20 18 16 15 14 15 17 19 22 23 24 24 22 19 17 15 14 14 15201029B2 241 2415 3 2499999999999999 851 142126 1499999999999999
 18 21 23 23 23 20 17 14 12 11 12 14 17 20 22 24 25 24 21 19 17 15 15 16201030B2 259 231546 2599999999999999 9 6 112154 1599999999999999
 17 20 22 23 23 21 17 14 11  9  9 11 14 17 21 24 25 25 24 21 19 17 16 17201031B2 316 231626 2599999999999999 929  92221 1699999999999999
 18 20 22 24 24 22 19 14 11  8  7  8 11 15 19 23 25 26 26 24 21 20 18 182011 1B2 333 2417 5 2699999999999999 956  72246 1899999999999999
 19 21 23 24 25 23 21 16 12  8  7  7  9 12 17 21 25 27 27 26 24 22 21 202011 2B2 349 251743 27999999999999991026  723 9 2099999999999999
 21 22 23 25 26 25 23 19 14 10  7  6  7 10 14 19 23 26 28 27 26 24 23 232011 3B2 4 4 261822 28999999999999991059  62327 2399999999999999
 23 23 25 26 27 26 25 21 17 12  9  7  7  8 12 16 20 24 27 28 27 26 25 252011 4B2 418 2719 6 28999999999999991135  72321 2599999999999999
 25 25 26 27 27 27 26 24 20 15 11  8  7  8 10 13 17 21 24 27 27 27 26 262011 5B2 429 271959 27999999999999991215  72257 2699999999999999
 26 26 27 27 28 28 27 25 22 18 14 11  8  8  9 11 14 18 21 24 26 26 26 262011 6B2 433 2899999999999999999999913 0  8999999999999999999999
 26 27 27 27 27 27 27 25 23 20 17 13 11  9  8  9 11 14 17 20 23 24 25 262011 7B2 4 0 279999999999999999999991354  8999999999999999999999
 26 27 27 27 27 26 26 25 24 22 19 16 13 11  9  9  9 11 13 16 19 21 23 242011 8B2 240 279999999999999999999991459  9999999999999999999999
 25 25 26 26 25 25 24 23 23 22 20 18 16 14 11 10  9  9 10 12 15 17 20 222011 9B2 236 269999999999999999999991618  9999999999999999999999
 23 24 24 24 23 23 22 21 21 21 21 20 19 17 14 12 10  9  9 10 11 14 17 19201110B2 150 249999999999999999999991744  9999999999999999999999
 21 22 22 22 21 20 18 18 17 18 19 20 21 20 18 16 13 11 10  9 10 11 14 17201111B2 130 221159 2199999999999999 753 171859  999999999999999
 20 21 21 20 19 17 15 14 13 14 16 18 21 22 22 20 17 15 12 11 10 11 13 15201112B2 138 211323 2299999999999999 8 2 1320 0 1099999999999999
 18 21 21 20 18 15 12 10  9  9 11 14 18 22 24 24 22 19 16 14 13 12 13 15201113B2 155 211433 2499999999999999 825  92051 1299999999999999
 18 21 22 22 19 16 11  8  6  5  6  9 14 19 24 26 26 25 21 18 16 15 15 16201114B2 217 221536 2799999999999999 857  52135 1599999999999999
 18 21 23 24 22 18 13  8  4  2  2  4  8 14 20 25 28 28 26 23 21 19 18 18201115B2 243 241636 2999999999999999 936  22215 1899999999999999
 20 22 24 26 25 22 17 11  6  2  0  0  3  8 15 22 27 30 30 28 25 23 22 22201116B2 311 261732 30999999999999991020  02251 2199999999999999
 22 24 26 27 28 26 22 16 10  4  1  0  1  4 10 16 23 28 30 30 28 26 25 24201117B2 341 281828 319999999999999911 7  02319 2499999999999999
 25 25 27 28 29 29 26 22 15  9  4  2  1  2  5 11 17 23 28 30 30 28 27 26201118B2 411 291925 30999999999999991157  12336 2699999999999999
 26 27 27 29 29 30 28 25 21 15 10  6  3  3  4  7 12 18 23 27 29 29 28 27201119B2 439 302029 29999999999999991250  32344 2799999999999999
 27 27 28 28 29 29 29 27 24 20 15 11  7  5  5  6  9 13 18 22 25 27 27 27201120B2 5 1 299999999999999999999991346  5999999999999999999999
 27 27 27 27 27 27 27 26 25 22 19 15 12  9  8  7  8 11 14 18 21 24 25 25201121B2 456 272339 26999999999999991446  7999999999999999999999
 26 25 25 25 25 25 25 24 23 22 20 18 15 13 11 10  9 10 12 14 17 20 22 23201122B299999999999999999999999999991553  9999999999999999999999
 24 24 23 23 23 22 21 21 20 20 19 19 17 15 14 12 11 11 11 12 14 17 19 21201123B2 015 2499999999999999999999917 8 11999999999999999999999
 22 22 21 21 20 19 18 17 17 17 17 18 17 17 16 14 13 12 12 12 13 14 16 19201124B2 036 221120 1899999999999999 819 171824 1199999999999999
 20 20 20 19 17 16 15 14 13 13 14 16 17 17 17 16 15 14 13 12 12 13 15 17201125B2 054 201314 1799999999999999 8 9 131927 1299999999999999
 19 19 19 18 16 14 12 10 10 10 11 13 15 17 17 17 17 16 14 14 13 13 14 16201126B2 112 191429 1899999999999999 814 102015 1399999999999999
 18 19 19 18 15 12 10  8  7  7  8 10 13 16 18 19 18 18 16 15 14 14 15 16201127B2 129 191526 1999999999999999 827  72053 1499999999999999
 18 19 19 18 16 13  9  7  5  4  5  8 11 15 17 19 20 20 19 17 16 16 16 17201128B2 147 191610 2099999999999999 847  42126 1699999999999999
 18 20 20 20 18 14 10  7  4  3  3  5  9 13 17 20 22 22 21 20 19 18 17 18201129B2 2 6 201647 2299999999999999 912  32156 1799999999999999
 19 21 22 21 20 17 13  8  4  2  2  3  7 11 16 20 22 24 23 22 21 20 19 19201130B2 227 221721 2499999999999999 942  22225 1999999999999999
 20 22 23 23 22 20 16 11  6  3  1  2  4  9 14 18 22 24 25 24 23 22 21 212012 1B2 250 231754 25999999999999991014  12253 2199999999999999
 22 23 24 24 24 22 19 14  9  4  2  1  3  6 11 16 21 24 26 26 25 24 23 232012 2B2 314 241831 26999999999999991050  12316 2399999999999999
 23 23 24 25 25 24 21 17 12  7  3  2  2  4  8 13 18 22 25 26 25 24 24 242012 3B2 339 251911 26999999999999991127  12320 2499999999999999
 24 24 24 25 26 25 23 20 15 10  6  3  2  2  5  9 14 18 22 24 25 24 24 242012 4B2 4 4 261958 259999999999999912 8  223 4 2499999999999999
 24 24 24 25 25 25 24 22 18 13  8  5  3  2  3  6 10 14 18 21 23 23 23 232012 5B2 427 259999999999999999999991252  2999999999999999999999
 23 23 23 23 24 24 23 22 19 16 11  7  4  3  3  4  6 10 14 17 20 21 21 212012 6B2 448 249999999999999999999991339  3999999999999999999999
 21 21 21 21 21 21 21 21 19 17 14 10  7  5  4  4  5  7 10 13 16 18 19 202012 7B2 0 4 212258 20999999999999991430  3999999999999999999999
 19 19 19 19 18 18 18 18 18 17 15 13 10  8  6  5  5  6  8 10 13 15 17 182012 8B22328 189999999999999999999991527  5999999999999999999999
 18 17 16 16 15 14 14 14 14 15 15 15 13 11  9  8  7  7  7  9 11 13 15 172012 9B210 3 152352 1799999999999999 630 141633  799999999999999
 17 16 15 13 12 11 10  9 10 11 13 15 15 15 13 12 10  9  9  9 10 12 14 16201210B212 4 15999999999999999999999 657  91752  999999999999999
 17 17 15 13 10  8  6  5  5  6  9 12 15 17 17 16 15 13 12 12 12 13 14 16201211B2 016 171336 1799999999999999 730  51915 1299999999999999
 18 18 17 14 11  7  4  2  1  2  4  8 13 17 19 20 19 18 16 15 15 15 16 17201212B2 042 181454 2099999999999999 8 7  12022 1599999999999999
 19 20 19 17 13  9  4  1 -2 -2 -1  3  8 14 19 22 23 22 21 19 18 18 18 19201213B2 112 2016 0 2399999999999999 848 -22114 1899999999999999
 20 22 22 21 18 13  7  2 -2 -4 -4 -1  3 10 16 21 24 25 24 23 21 21 20 21201214B2 146 221656 2599999999999999 932 -42155 2099999999999999
 22 23 24 24 22 18 13  6  1 -3 -5 -4 -1  5 11 18 23 26 27 26 24 23 22 22201215B2 225 251746 27999999999999991017 -52226 2299999999999999
 23 24 26 26 26 23 19 12  6  1 -3 -4 -3  1  6 13 20 24 27 27 26 24 23 23201216B2 3 6 261832 279999999999999911 4 -42249 2399999999999999
 24 24 26 27 27 26 23 18 12  6  1 -2 -3 -1  3  8 15 21 25 26 26 25 24 23201217B2 348 271918 26999999999999991152 -32314 2399999999999999
 23 24 25 26 27 27 25 22 17 11  5  1 -1 -1  1  5 10 16 21 24 25 24 23 22201218B2 429 2720 4 25999999999999991239 -12348 2299999999999999
 22 22 23 24 25 25 25 23 20 15 10  6  3  1  1  3  7 11 16 20 22 23 22 21201219B2 5 6 252050 23999999999999991325  1999999999999999999999
 21 20 21 21 22 22 22 22 20 17 13  9  6  4  3  3  5  9 12 16 19 20 20 19201220B2 538 222136 2099999999999999 041 2014 9  399999999999999
 19 18 18 18 18 19 19 19 18 16 14 11  9  6  5  5  6  7 10 13 15 17 18 18201221B2 6 3 192218 1899999999999999 211 181449  599999999999999
 17 16 15 15 15 15 15 15 14 14 13 12 10  9  7  7  7  8  9 11 13 15 16 16201222B22252 169999999999999999999991526  7999999999999999999999
 16 14 13 12 12 11 11 11 11 11 11 11 11 10  9  9  9  9  9 10 12 13 14 15201223B21026 112319 1599999999999999 7 4 1116 0  999999999999999
 15 14 12 11  9  8  7  7  7  8  9 10 10 11 11 11 11 11 11 11 12 13 14 14201224B22341 15999999999999999999999 715  7999999999999999999999
 15 14 12 10  8  6  5  4  4  5  6  8 10 11 12 13 13 13 13 13 13 13 14 15201225B29999999999999999999999999999 733  4999999999999999999999
 15 15 13 11  8  5  3  2  1  2  4  6  9 11 13 14 15 15 15 15 14 14 15 15201226B2 0 3 151654 1599999999999999 757  12026 1499999999999999
 16 16 15 13 10  6  3  1  0  0  1  4  7 11 14 16 17 17 17 17 16 16 16 17201227B2 028 161711 1799999999999999 825 -12112 1699999999999999
 17 18 17 15 12  9  5  1 -1 -2 -1  2  6 10 14 17 19 19 19 19 18 18 17 18201228B2 058 181727 1999999999999999 856 -22149 1799999999999999
 19 19 19 18 15 12  7  3  0 -2 -2  0  3  8 13 17 19 21 21 21 20 19 19 19201229B2 132 191745 2199999999999999 930 -32222 1999999999999999
 19 20 21 20 19 15 11  6  1 -2 -3 -2  1  5 10 15 19 22 22 22 21 20 20 20201230B2 2 9 2118 7 229999999999999910 6 -32252 2099999999999999
 20 21 22 22 21 19 14  9  4 -1 -3 -4 -2  2  7 12 17 21 22 23 22 21 20 20201231B2 245 221836 23999999999999991045 -42313 2099999999999999
