 61 42 33 34 47 67 91114131139139131118105 96 92 95103114123127124114 9820 1 1D6 92714020 812799999999999999 222 3215 2 9299999999999999
 79 62 49 45 50 63 81101119132136134125113102 93 90 92 9810611311611310520 1 2D610 713721 511699999999999999 259 4516 8 9099999999999999
 93 80 68 60 59 65 77 93110124132134130121110 98 89 84 84 88 9510110510620 1 3D61049134223610699999999999999 339 591730 8399999999999999
102 95 86 79 74 74 79 89102115126132133128119106 93 81 74 72 76 83 91 9920 1 4D61139133999999999999999999999 432 731849 7299999999999999
104105102 97 91 87 86 89 97107118128133133127116101 84 69 60 58 62 72 8520 1 5D6 046105123213499999999999999 545 851949 5899999999999999
 98108113113109103 97 94 95101111121131136135127112 92 71 54 43 42 51 6620 1 6D6 231114132313699999999999999 712 942036 4299999999999999
 85103117125126120112104 98 99104114126136140137125105 80 55 35 26 29 4220 1 7D6 33512614 814099999999999999 829 982117 2699999999999999
 64 89113129137137128117106100100107119132142146139121 95 64 36 17 10 1820 1 8D6 423138145014699999999999999 928 992157 1099999999999999
 39 68 98124142148144132117105 98100110125140150150138114 82 47 18  0 -120 1 9D6 5 41481531152999999999999991016 982236 -399999999999999
 13 41 75109136152155147131114101 97102116133149157153135105 68 31  2-1220 110D6 5441551611157999999999999991057 972316-1299999999999999
 -7 14 47 86121146159157144126108 96 95105122141156161152129 94 54 17 -820 111D6 6231601653161999999999999991137 942357-1799999999999999
-17 -6 20 58 97131153161154138118100 92 95108127147160161148120 83 43  920 112D6 7 11611736162999999999999991216 91999999999999999999999
-12-14  2 32 71109139156158148129108 93 88 94110130149159157140111 74 3720 113D6 739159182116099999999999999 038-161257 8899999999999999
  8 -7 -4 16 48 85119144155152138118 99 86 85 93110129145153148130102 6820 114D6 81715619 815399999999999999 120 -81341 8499999999999999
 37 14  6 13 35 66 99128146151144127108 90 81 81 90106123137142137120 9620 115D6 85315120 114299999999999999 2 2  61430 7999999999999999
 68 43 28 25 35 56 84112134145145135118 99 83 75 75 84 9711212412912511320 116D6 92914721 412999999999999999 244 241528 7499999999999999
 94 73 56 46 47 58 77100121137143139127110 92 78 69 68 74 85 9810911611520 117D610 7143222911699999999999999 328 451639 6799999999999999
109 97 84 73 67 69 78 94111127137140134122105 87 72 62 58 61 70 83 9510520 118D61048140999999999999999999999 417 6718 1 5899999999999999
110110106 98 91 87 88 94105118129137137132119102 83 66 52 46 47 55 69 8520 119D6 029111113913899999999999999 520 861921 4599999999999999
100111117117113107102101104111121130136137132119101 79 58 41 32 33 42 5920 120D6 232118124113899999999999999 6501012027 3199999999999999
 80100117127129126118111107107112121131138140134119 98 72 48 29 19 21 3420 121D6 352129134614099999999999999 8271062121 1999999999999999
 56 82107126137139134123113106105111121133142144136119 93 64 36 16  8 1420 122D6 443140144414499999999999999 93910522 6  899999999999999
 32 59 89117137146145135122109102102110123137147147137115 85 52 24  6  220 123D6 52214715331489999999999999910291012246  199999999999999
 13 37 68101128146151145131114101 95 99111128143152149134107 73 40 13 -120 124D6 55615116171529999999999999911 7 952323 -299999999999999
  1 19 48 82115139151151139121104 92 90 99115134149154147126 95 60 28  620 125D6 6261521656154999999999999991140 902356 -299999999999999
 -2  8 31 64 98128146152144128108 92 85 88102121140153153140115 81 47 1920 126D6 6541521732154999999999999991210 84999999999999999999999
  4  4 21 49 82114138149147134114 95 82 80 89107127144152147129100 67 3720 127D6 72015018 815299999999999999 027  21240 7999999999999999
 16  8 17 39 69101127144147138120100 83 75 79 92111131144146136115 86 5620 128D6 745147184314799999999999999 057  81311 7599999999999999
 32 19 20 35 60 89117136144140126106 87 75 72 80 95114130139136123101 7520 129D6 8 9145191913999999999999999 125 181345 7299999999999999
 51 34 29 37 56 81107128140141131114 94 78 70 71 81 96113125130124110 9020 130D6 833142195913099999999999999 153 291423 6999999999999999
 69 52 43 45 57 76 99119134138133120103 86 73 68 70 80 9410711711911310120 131D6 858138204611999999999999999 221 4215 8 6799999999999999
 85 70 60 57 63 76 93112126134134125111 95 80 69 65 68 77 88 9910610810520 2 1D6 926135215010999999999999999 251 5716 5 6599999999999999
 97 87 78 73 73 80 92106119128131127118105 90 76 66 61 63 69 79 89 9710220 2 2D6 958131233710299999999999999 324 721717 6199999999999999
102 99 94 90 88 89 94102112121126127123114102 87 72 61 54 53 58 68 79 9120 2 3D61041127999999999999999999999 412 881837 5299999999999999
100105107106104101101103107114120124125122114101 85 67 52 42 40 45 57 7220 2 4D6 2 6107114912599999999999999 5471011949 4099999999999999
 89104114120120116111107106107112118124127125117102 81 59 40 27 24 32 4820 2 5D6 332120131112799999999999999 7591062047 2499999999999999
 69 92113126133131125116107103104110119128133132121102 76 48 25 11  9 2120 2 6D6 418133141913499999999999999 9211032137  899999999999999
 43 72101124139144139127114102 97100109123136143140125100 68 35  9 -5 -220 2 7D6 4561441515143999999999999991011 972222 -699999999999999
 15 45 79112137150151140123106 93 90 96111130145152146127 95 58 22 -5-1520 2 8D6 53215216 5152999999999999991051 9023 5-1599999999999999
 -8 17 52 91125148157152135114 94 83 83 95115138154160150125 88 47 11-1320 2 9D6 6 61571652160999999999999991129 812347-1999999999999999
-18 -4 26 66105137156158146124100 80 72 78 95120144160162149119 80 39  620 210D6 63915917391639999999999999912 6 72999999999999999999999
-13-12  8 43 83120147158153135109 84 67 64 74 96123147160159142111 73 3520 211D6 711159182716299999999999999 027-151244 6399999999999999
  8 -3  4 29 64102133152155143119 92 69 56 58 72 96122144155151132103 6920 212D6 741156191515599999999999999 1 6 -31324 5599999999999999
 38 18 15 28 54 87119142152147129103 77 57 49 54 71 94118136143138121 9620 213D6 8 915220 614399999999999999 143 1414 7 4999999999999999
 69 47 36 39 54 79107131145147136115 89 66 51 46 52 68 8810812312912511220 214D6 83714821 512999999999999999 219 361455 4699999999999999
 94 75 62 58 65 80101122137143138124103 81 61 48 45 50 63 80 9610911511420 215D6 9 4143222111599999999999999 253 581553 4599999999999999
107 97 87 80 81 88100115128137137129115 97 77 60 49 44 47 56 69 83 9510320 216D6 934138999999999999999999999 329 8017 7 4499999999999999
107107104101 98 99104112120128131130123111 96 79 63 50 43 41 47 57 70 8520 217D6 029108101313299999999999999 416 981840 4199999999999999
 98108114116115112111112114118122125125121112 99 82 65 49 38 33 37 47 6220 218D6 3 4116112812699999999999999 61611120 6 3399999999999999
 81 99114123127125120115111110112116121125124117104 85 64 45 30 24 28 4120 219D6 4 6127132112599999999999999 85210921 9 2499999999999999
 61 84107124134135130120110103101104112122129130123107 85 60 37 21 16 2320 220D6 440136144013099999999999999 9531012156 1699999999999999
 41 66 94118135142138127113100 92 92100113127136137127106 79 51 27 12 1120 221D6 5 81421534138999999999999991030 912235 1099999999999999
 24 48 78107131144145134118100 86 82 87101119135144141126101 69 39 17  720 222D6 5341461618144999999999999991059 8223 9  799999999999999
 12 32 61 94123141148141124103 84 74 75 87106127143149141120 90 57 28 1020 223D6 5571481655149999999999999991126 732339  799999999999999
  8 21 47 80112136147145130108 86 70 65 73 91115136149149135109 76 44 2020 224D6 6201481730151999999999999991152 65999999999999999999999
 10 17 37 68100128145147136115 90 69 58 61 76 99124143150144125 95 63 3620 225D6 64114818 415099999999999999 0 7 101219 5899999999999999
 19 18 33 58 90119140147140122 97 72 56 52 62 82107130144146134111 82 5420 226D6 7 1147183814799999999999999 034 171247 5299999999999999
 33 26 33 54 81110133145143128105 79 58 48 51 66 88113132141137122 98 7220 227D6 721146191314199999999999999 059 261317 4799999999999999
 50 38 40 53 76102126140143133113 88 64 49 45 53 71 94115130133126110 8820 228D6 741143195113499999999999999 125 371349 4599999999999999
 68 54 50 58 74 97118134140135119 97 74 55 45 46 57 75 9611312312311510020 229D6 8 1140203312499999999999999 150 501424 4499999999999999
 84 70 64 66 77 94112127136134124106 85 65 51 45 48 60 76 9310711411410720 3 1D6 822136212711599999999999999 215 6415 7 4599999999999999
 97 86 79 78 83 94107120129131125113 96 77 61 50 46 49 59 73 87 9810510720 3 2D6 844131225310799999999999999 242 7816 3 4699999999999999
104100 95 92 93 98106114122125124117106 91 76 62 51 46 46 53 64 77 89 9920 3 3D6 912126999999999999999999999 316 921722 4599999999999999
105108108107106106107111115118119118113105 93 79 64 50 41 38 42 52 66 8220 3 4D6 13710810 211999999999999999 4361061856 3899999999999999
 97109117120120117113110108109112115117116110100 84 65 47 33 26 29 40 5820 3 5D6 320121121711799999999999999 8 61082015 2699999999999999
 79101118129133130122113105100101106114121125121109 89 64 40 21 12 15 3020 3 6D6 4 013314 212599999999999999 9231002115 1199999999999999
 55 83110131142142134120105 93 88 92103118131137133117 91 60 30  8 -1  620 3 7D6 43314315 91379999999999999910 3 8822 4 -199999999999999
 28 59 93123143151146130109 90 77 76 86104125143150144123 91 54 21 -1 -720 3 8D6 5 415116 3150999999999999991038 752248 -799999999999999
  6 33 70107137154155141118 92 71 61 65 83108135154160150124 87 48 14 -420 3 9D6 5341561653160999999999999991113 612330 -799999999999999
 -4 15 48 87124149159151129100 71 52 47 58 83113142161164150121 82 43 1420 310D6 6 31591741165999999999999991148 47999999999999999999999
  2  9 33 69108139156157140111 79 51 36 37 55 84118146162162144114 77 4420 311D6 631159182916499999999999999 0 8  11224 3499999999999999
 22 17 30 58 93126149157148124 91 58 35 26 33 56 87119144156153135107 7520 312D6 657157191815799999999999999 045 1613 2 2699999999999999
 50 37 39 57 84115140153151134105 72 43 25 22 34 58 8711613614514012410120 313D6 72215420 814599999999999999 120 361342 2299999999999999
 78 62 57 65 83107131146150139118 89 59 36 24 25 38 60 8610912513112711520 314D6 74515021 513199999999999999 152 571425 2399999999999999
 99 85 77 78 88105123137144140126104 78 54 36 28 31 43 61 81 9911211711620 315D6 8 8144222011899999999999999 223 771515 2899999999999999
110102 96 94 97106117128136136128114 95 74 56 43 36 37 45 58 73 8810010720 316D6 832137999999999999999999999 253 941620 3699999999999999
111111110108108110115120125127125118107 93 78 63 51 44 42 45 53 65 79 9220 317D6 033112 85912799999999999999 3341081753 4299999999999999
104112117119118116115114115115116115112107 98 86 72 59 48 41 41 47 58 7420 318D6 3 411910 211699999999999999 7 21141935 4099999999999999
 91107119126127124117111106103104107111113112106 94 79 62 47 37 35 41 5520 319D6 344127131511399999999999999 9181032046 3599999999999999
 75 96115128134131123111100 92 91 95103113120121114100 80 59 41 31 30 4020 320D6 410134144012199999999999999 949 902135 2999999999999999
 59 83107126137138129114 98 85 78 81 91106120129130120101 77 52 34 25 2820 321D6 4331391533131999999999999991015 782213 2499999999999999
 44 69 96121137143136120100 81 69 67 76 94114130139135120 96 68 43 27 2320 322D6 4561431614139999999999999991039 672245 2399999999999999
 34 56 84113135145142127104 81 63 56 61 78102125141145136115 87 58 35 2420 323D6 51714516501459999999999999911 3 562314 2499999999999999
 28 46 73103129144146134111 84 61 47 48 62 86113136148147132106 76 49 3220 324D6 5371471724149999999999999991128 462342 2899999999999999
 29 41 65 94122142148140119 91 63 43 37 46 68 96124144150143123 95 66 4420 325D6 5561481758150999999999999991154 37999999999999999999999
 35 41 59 86114137148144127 99 69 44 31 34 51 77107132147148135111 84 6020 326D6 615148183214999999999999999 0 8 351221 3099999999999999
 46 45 58 81107131145146133109 78 50 31 26 37 59 88116137145140124100 7720 327D6 63414719 714599999999999999 033 441249 2699999999999999
 60 54 61 78101124140145137117 89 60 37 25 28 44 69 97121136139130113 9320 328D6 653146194413999999999999999 058 541319 2499999999999999
 75 66 67 78 97117134142139123100 72 47 30 25 33 52 7710112113113012010620 329D6 712142202613299999999999999 123 651351 2599999999999999
 90 80 77 83 95112127137137127108 85 60 41 30 30 40 59 8110111612312111420 330D6 732138211812399999999999999 150 771430 2899999999999999
103 94 89 90 97108120130132127115 96 75 56 41 34 35 45 61 79 9610811511520 331D6 753133223811699999999999999 219 891519 3399999999999999
112107102100102108115122125124118106 91 74 58 45 39 38 45 57 72 8710011020 4 1D6 819126999999999999999999999 2581001632 3899999999999999
115116115113111110112114116117116112104 93 80 65 52 42 37 40 49 63 79 9520 4 2D6 057116 9 111799999999999999 44811018 9 3799999999999999
109119125125122117112107106106108111112109102 90 74 57 42 32 31 38 54 7420 4 3D6 237125115411299999999999999 8171051940 3099999999999999
 96115129135134127116104 96 92 94101110118121116103 83 60 39 25 21 30 4920 4 4D6 320136135412199999999999999 9 7 922047 2199999999999999
 75102125140144138124105 89 78 76 83 98116130136131114 88 60 34 18 15 2820 4 5D6 35314415 413699999999999999 942 752139 1599999999999999
 53 84115138150149135112 87 67 58 61 76100124143150143122 91 58 30 15 1620 4 6D6 42315116 0150999999999999991016 572225 1499999999999999
 34 64 99130150156146123 93 64 44 39 50 74105134155161150125 91 56 30 1920 4 7D6 4511561651161999999999999991050 3923 7 1999999999999999
 26 49 83117145158155136104 70 40 24 25 44 75111142162165151123 89 57 3620 4 8D6 5191591741166999999999999991125 222345 3199999999999999
 31 44 71104135155160147119 82 46 20 10 19 44 79116146163163147119 88 6120 4 9D6 54516018301659999999999999912 2 10999999999999999999999
 48 50 67 94124148159154132 99 61 28  8  5 19 48 84119145157155138114 8820 410D6 611160191915899999999999999 022 461240  499999999999999
 70 64 71 90116139154156142115 80 45 18  4  7 26 55 8811813914814412911020 411D6 636157201014899999999999999 056 641319  399999999999999
 92 81 81 92110130146152146127 99 66 37 17  9 16 35 61 8911313013613212220 412D6 7 115221 713699999999999999 129 8014 0  999999999999999
109 98 94 98108122136144143132112 86 60 37 23 20 28 44 65 8810611912512420 413D6 725145221812599999999999999 2 2 941447 2099999999999999
118111106105109117126133135131119102 81 61 44 35 33 39 51 67 84 9911111720 414D6 751135999999999999999999999 2401051544 3299999999999999
120118116113112114117121123123118109 97 82 68 55 47 44 46 54 66 80 9410620 415D6 0 5120 81912499999999999999 35011217 4 4499999999999999
116121122121118114111110110111111109105 99 89 78 66 56 50 49 53 63 77 9220 416D6 1561239999999999999999999991842 49999999999999999999999
107119126128124117109102 98 96 98102106108106 99 87 74 61 52 48 52 62 7820 417D6 246128125910899999999999999 850 9620 2 4899999999999999
 96114127133131123111 98 88 83 84 90100110116115108 94 77 61 50 46 51 6520 418D6 317133142611699999999999999 919 822056 4699999999999999
 84106124135137130115 98 82 71 69 76 89105119126124114 96 76 58 46 45 5420 419D6 343138152012699999999999999 944 692138 4499999999999999
 73 96118135142137122101 80 63 56 59 74 94114130136130115 94 71 53 45 4920 420D6 4 614216 21369999999999999910 9 552212 4599999999999999
 63 86111132144143130108 82 59 45 44 56 78104126140142132113 88 65 51 4820 421D6 4281451640143999999999999991034 432243 4799999999999999
 58 78103127143147138117 88 60 39 32 39 60 88116138148145130106 81 62 5220 422D6 44814817161499999999999999911 0 322313 5299999999999999
 56 72 96121141149144126 97 66 39 24 25 41 68100128146151143123 99 76 6120 423D6 5 91491751152999999999999991127 232341 5899999999999999
 59 69 89114136149149134108 75 44 23 16 25 49 80112137150150137115 92 7420 424D6 5291501827152999999999999991155 16999999999999999999999
 66 70 86107130145150141119 88 55 27 13 15 32 60 92122142150144128107 8820 425D6 55015019 315099999999999999 0 8 661224 1299999999999999
 76 75 84102123140148144127100 68 38 18 11 20 42 7210212814214513612010220 426D6 612149194214599999999999999 036 741255 1199999999999999
 88 82 86 99116133144144133112 83 53 29 15 15 29 52 8110812813813812811420 427D6 634145202613999999999999999 1 5 821330 1399999999999999
101 92 91 98111125137141136120 97 70 45 26 18 22 38 60 8610912513213112320 428D6 658141211913299999999999999 136 911410 1899999999999999
113104100101108118128134133125109 88 65 44 30 25 30 44 64 8610511912612620 429D6 726135223312799999999999999 214 9915 0 2599999999999999
122116110107108113119124126124116102 85 67 50 38 33 36 47 63 8210011412320 430D6 8 2127999999999999999999999 31410716 8 3399999999999999
127125121116112110110112115116116111103 90 75 60 47 39 38 46 59 77 9611320 5 1D6 012127 91611799999999999999 5261101734 3899999999999999
125131132127119111104100 99102107111113110101 88 71 55 43 38 43 56 75 9620 5 2D6 133132115511399999999999999 736 9919 1 3899999999999999
116131139138129116102 90 83 83 89100112121122116101 82 61 45 38 41 55 7720 5 3D6 223139134412399999999999999 830 822011 3799999999999999
102125141146141126106 85 69 62 66 79 98118132137131114 90 66 47 39 44 6120 5 4D6 3 0146145713799999999999999 910 6221 8 3999999999999999
 86114137150151138115 88 63 46 41 51 73100126144150142123 96 69 50 44 5220 5 5D6 332152155615099999999999999 948 412157 4499999999999999
 72100128149157150129 99 66 38 23 25 42 71105135155160150127 99 73 56 5320 5 6D6 4 31571649160999999999999991025 222241 5299999999999999
 65 89118143158159143114 78 42 16  6 15 39 74112143161164151128100 77 6520 5 7D6 43216017401659999999999999911 3  62322 6499999999999999
 67 83107134155162155131 96 57 23  1 -2 13 42 80117146162162148126101 8320 5 8D6 5 11621830164999999999999991141 -3999999999999999999999
 76 83101125147160160145116 78 40 10 -5 -2 17 50 8712114615815614212210220 5 9D6 530162192015999999999999999 0 0 761220 -699999999999999
 90 88 98116137153160152131100 63 29  6 -3  5 27 59 9312314315114713511820 510D6 559160201015199999999999999 037 8813 0 -399999999999999
104 97100111127143153153140117 86 54 26 10  7 18 40 68 9712113714213812820 511D6 62915421 314299999999999999 114 971342  699999999999999
116107104108118131142146141127104 77 51 30 20 20 32 52 76 9911813013413120 512D6 7 014622 113499999999999999 1531041426 1899999999999999
124115110109113120129135135128115 96 74 54 39 32 34 45 61 8110011512512920 513D6 735136231012999999999999999 2421081517 3299999999999999
127122116112110112116120123123117107 93 77 62 51 45 47 55 68 8410011312320 514D6 821124999999999999999999999 3591101618 4599999999999999
127127123117111107105106109111112110104 95 83 72 62 56 56 61 72 8610111420 515D6 024128 95011299999999999999 6 51051733 5599999999999999
124129129124115106 98 94 93 96100105108107101 92 81 70 63 61 65 75 8910520 516D6 124130121410899999999999999 741 931851 6199999999999999
119129133131122109 96 85 79 80 85 94104111114110101 88 76 67 64 68 79 9420 517D6 2 6134135311499999999999999 829 791957 6499999999999999
112127136137130116 98 81 69 64 68 79 94109120123119108 93 79 69 66 72 8520 518D6 239138145712399999999999999 9 3 642048 6699999999999999
103122136142138124104 82 63 52 51 61 79100118130132126111 94 79 70 70 7920 519D6 3 8142154513399999999999999 933 502131 6899999999999999
 95115133144144134113 87 62 44 37 43 60 84110130140140129112 93 78 72 7620 520D6 33314516271419999999999999910 2 3722 9 7299999999999999
 89108128143149142124 96 67 41 27 27 41 65 95122141148144129110 91 79 7620 521D6 35814917 6148999999999999991031 252243 7699999999999999
 85101122140150149134108 76 46 23 15 23 45 75107133149152143126106 89 8120 522D6 42315117441539999999999999911 1 152315 8099999999999999
 83 96115135149153143121 90 56 27 10 10 26 53 87119142154152139120102 8920 523D6 4481531822155999999999999991132  82347 8599999999999999
 86 93109128145153150133105 71 38 14  4 11 33 65 99128147154148133115 9920 524D6 51415419 01549999999999999912 5  4999999999999999999999
 91 93103120138150152142120 89 55 25  7  5 18 43 7610813414815114212711120 525D6 541153194215199999999999999 020 901240  499999999999999
 99 95101113129143150146131106 74 43 19  7 10 27 54 8511413514614513612220 526D6 611150202714799999999999999 054 951318  799999999999999
109101101108120133143145138120 94 65 39 20 13 19 37 63 9111613414214013220 527D6 645146211914299999999999999 13310014 2 1399999999999999
120110105105112122132138137128111 88 62 40 26 21 28 45 69 9411713213813720 528D6 725139221813999999999999999 2221041452 2199999999999999
130120111106106111118125130128121106 87 66 48 35 31 38 53 73 9611613013720 529D6 820130232413899999999999999 3321061553 3199999999999999
136130121111105102103108114119121117107 93 76 59 47 42 46 58 77 9811713220 530D6 949121999999999999999999999 51010217 4 4299999999999999
139138131120108 97 91 89 94101110117118114103 88 72 59 52 53 64 8110212120 531D6 026139114911999999999999999 643 891819 5199999999999999
136143141131116 99 83 74 71 77 89103116124125117102 85 70 61 61 70 8810920 6 1D6 117143133212699999999999999 747 711930 5999999999999999
128143148142128107 84 65 53 52 61 79101120134137130115 96 79 69 69 79 9720 6 2D6 2 0148145013799999999999999 836 512033 6799999999999999
118138150152142121 93 65 43 32 34 49 74102127144149142125105 87 77 77 8920 6 3D6 238153155414999999999999999 921 312128 7699999999999999
108130148157154137109 77 45 23 14 21 43 74107135152157149131111 93 84 8720 6 4D6 31415716511579999999999999910 3 142217 8499999999999999
100120142157161152128 95 59 27  6  2 15 42 77113142158161152133113 97 9120 6 5D6 3491611743162999999999999991044  223 2 9199999999999999
 96112132151162161146117 80 43 13 -3 -2 16 47 8412014716116115013111310020 6 6D6 4251641832163999999999999991126 -52344 9799999999999999
 97105122142157164157136104 67 31  5 -5  1 24 57 9312614915915714412711120 6 7D6 5 016419181609999999999999912 7 -5999999999999999999999
102103113130147159160149125 91 56 24  4  0 11 36 6810113014815515013712120 6 8D6 53616120 215599999999999999 0241011247  099999999999999
109103107119135149156153138112 81 49 24 10 11 25 50 8010913214614814112920 6 9D6 613156204514999999999999999 1 41031327  899999999999999
116107105110122135145149142126101 73 47 28 20 25 40 64 9111513314214213420 610D6 652149212814399999999999999 14510414 8 2099999999999999
122112105105111121131138139131115 93 70 50 36 33 40 56 77 9911913313813620 611D6 734139221213899999999999999 2321041450 3399999999999999
128118108103103108115123128127120107 89 71 56 47 47 54 69 8710612213213620 612D6 824129225913699999999999999 3311021535 4699999999999999
132124115105100 98101107113117118113103 90 77 66 59 60 67 80 9611212513320 613D6 933118234813599999999999999 448 981627 5999999999999999
135131122111101 93 90 91 96102108111110104 96 85 76 71 71 77 8810211612820 614D61114111999999999999999999999 613 901729 7099999999999999
135135130120106 93 83 78 79 85 93103110113110104 95 86 81 80 85 9510812120 615D6 03813613 411399999999999999 721 781838 7999999999999999
132138137129115 98 81 69 64 66 75 88102114120119113104 94 88 86 9110011420 616D6 122138142712099999999999999 811 641946 8699999999999999
127137141137125107 85 66 53 50 56 70 89107122129129122111100 92 90 9610720 617D6 2 1141152813099999999999999 852 502044 9099999999999999
121134143144135118 94 69 49 37 38 50 70 94116132140137128115102 94 9410120 618D6 236145161614099999999999999 928 362134 9399999999999999
114129142148145130107 78 51 31 24 30 48 75103127143148143130115102 96 9820 619D6 31014816581489999999999999910 3 242216 9599999999999999
108123138150152142121 92 60 33 16 14 27 52 84114138152153144129113101 9720 620D6 3421521738154999999999999991038 132255 9799999999999999
102115132147155152136110 76 43 18  6 10 30 60 9412514715715414212510910020 621D6 4151551817157999999999999991114  52332 9899999999999999
 99108124141154158149128 96 61 29  7  1 12 37 7010513415315815213712010620 622D6 4491581857158999999999999991151  1999999999999999999999
 99103115132148158157143117 83 48 19  2  2 18 46 8111514115515714713111520 623D6 526159193715899999999999999 010 991231  099999999999999
103100106120137151157152134106 72 39 14  3  8 28 58 9212314515515314112520 624D6 6 5157201915599999999999999 0491001312  399999999999999
110101101109123138150153145125 97 65 36 17 10 19 40 7010112814615214713520 625D6 64815321 215299999999999999 1321001356 1099999999999999
119106 99100108122135144145137118 92 64 40 25 22 32 54 8111013214614914220 626D6 738146214614999999999999999 222 981442 2199999999999999
129114102 96 96104115127136137129113 92 69 49 38 37 48 68 9211713614614620 627D6 838137223214799999999999999 322 951533 3699999999999999
138124109 97 89 89 95105116125128124113 96 78 63 54 54 63 8110212313814520 628D6 958128231914699999999999999 435 881629 5399999999999999
144135120103 89 80 77 81 91103115122123117106 92 79 71 70 78 9311112814120 629D61139123999999999999999999999 553 771734 6999999999999999
146143132115 96 79 66 61 65 76 91107119126125118106 95 86 84 9010211813420 630D6 0 8146132412799999999999999 7 4 611845 8499999999999999
145149144130110 87 66 51 44 49 62 82103121133136131120108 99 95 9911012420 7 1D6 057149145213699999999999999 8 6 441959 9599999999999999
139149152144127103 76 51 34 28 35 52 7710312614114614213111710710210511620 7 2D6 14615216 114699999999999999 859 2821 610299999999999999
130145154155144124 95 64 37 20 15 25 48 7710813315015514913712211010510920 7 3D6 234156165715599999999999999 948 1522 410599999999999999
120136151159157143118 85 52 24  8  7 22 49 8211514115716015213712110910620 7 4D6 3201601745160999999999999991033  6225310699999999999999
112125142156163157139110 75 40 14  2  6 25 56 9112414816116014913311610620 7 5D6 4 41631828162999999999999991116  1233510599999999999999
105114130147160164154132100 64 31  9  2 11 35 6710213315316115614212511020 7 6D6 44616419 6161999999999999991156  2999999999999999999999
103105117134151162161148122 89 54 25  9  7 22 49 8211414015515714813211520 7 7D6 527163194115899999999999999 0141021234  699999999999999
103100106120138153159155138111 78 47 24 14 19 37 65 9712514515415113812120 7 8D6 6 7160201315499999999999999 051 991310 1499999999999999
106 97 98107122139150153145126 99 70 44 28 24 34 56 8311113414715014212820 7 9D6 647154204415099999999999999 127 961345 2499999999999999
112 99 94 97108122136145144134114 90 65 46 37 39 52 74 9912213914714413420 710D6 728146211414799999999999999 2 7 941418 3699999999999999
118104 94 91 96106119130136134123105 85 66 53 49 56 71 9111213114214413820 711D6 813136214514499999999999999 252 911452 4999999999999999
126111 98 89 88 92102113122126123114100 85 72 64 65 73 8710512213514114020 712D6 9 7126222114299999999999999 346 871530 6499999999999999
132120106 93 85 83 87 95104113117116110101 91 82 78 80 8710011412713714020 713D6102111723 114099999999999999 451 831614 7899999999999999
137128115101 88 79 75 78 85 95104111114112107100 94 91 93 9910912013013720 714D612 7114235013999999999999999 6 4 751712 9199999999999999
139135125111 96 81 70 65 67 75 87 9911011711911711210610210210611412313220 715D61358119999999999999999999999 711 65183210299999999999999
138139134123107 88 71 58 52 56 66 82 9911412412912812211511010811011612520 716D6 044139151512999999999999999 8 7 52195810899999999999999
134140141135121101 78 58 44 39 45 60 8110312213514013713012011210911111820 717D6 13714216 914099999999999999 855 3921 710999999999999999
129139145145135117 92 65 42 29 27 38 59 8511113314514914413312111110811120 718D6 226146165114999999999999999 938 2622 010899999999999999
121134145151148134110 80 50 27 15 18 35 61 9312214415515514613211710810620 719D6 3111521730156999999999999991019 14224310599999999999999
112126141153157150131102 68 36 13  5 13 36 6810313315316115714312611110320 720D6 35415818 71619999999999999911 0  5232210299999999999999
104115131149160162150126 92 55 23  3  0 15 43 7911514416016415413711810320 721D6 4371631844164999999999999991140 -1999999999999999999999
 98103118137155165163147118 81 44 15  0  3 22 55 9212715216416214812810820 722D6 521166192016599999999999999 0 0 981221 -199999999999999
 96 94103121141158166160141110 73 38 13  4 12 36 7010613715716315613811620 723D6 6 6166195516399999999999999 040 9313 2  499999999999999
 98 89 90103122142157162154133102 68 37 18 15 28 54 8712014615915914712720 724D6 654162202916199999999999999 121 881342 1499999999999999
105 89 82 87100119138152155145125 97 68 44 31 33 48 7410413215115815213620 725D6 74515521 315899999999999999 2 6 821424 3099999999999999
116 95 81 77 82 96113131142144136119 96 73 56 49 54 70 9311914015215414420 726D6 844145213615499999999999999 258 7715 6 4999999999999999
127106 88 75 71 76 88104119130134129117101 85 74 70 76 9111012914415114920 727D6 955134221315199999999999999 357 711551 7099999999999999
137120100 82 69 64 67 77 91106118125125119110100 92 91 9610712113514514920 728D61132126225614999999999999999 5 8 641646 9099999999999999
144133116 96 78 63 56 56 64 78 9410912012612612211510910711011712713714520 729D61332127235214799999999999999 626 5518 110799999999999999
147143132115 94 74 57 46 45 52 66 8510412113213613512912211711712012813720 730D61511136999999999999999999999 741 44194011699999999999999
144148144133115 92 69 49 36 33 41 58 8110512614014714513812812011711912620 731D6 1 2148161514799999999999999 846 3321 711799999999999999
136146151148136116 89 62 39 25 23 34 55 8211113415015515114012711711311520 8 1D6 21115117 115599999999999999 940 2322 711399999999999999
125138150156152138114 84 54 30 17 18 33 59 9012114415815915113612111010620 8 2D6 3101561738160999999999999991026 15225010699999999999999
112126142155161154136108 75 44 21 12 18 39 6910313215316215814412611010120 8 3D6 4 016118101629999999999999911 6 12232610099999999999999
101112129148161163153131 99 65 35 16 13 25 51 84117144159161151133114 9920 8 4D6 4441641840162999999999999991143 122359 9399999999999999
 93 99115135153164162148121 88 54 29 16 20 39 6810213215316115614011910020 8 5D6 52416519 6161999999999999991216 16999999999999999999999
 89 89100119140157163157138109 76 47 28 23 34 58 8811914415715714512610420 8 6D6 6 2163193115999999999999999 030 871247 2399999999999999
 88 82 88103124144156158147125 96 67 44 33 36 53 7910813415215714913311120 8 7D6 639159195415799999999999999 1 2 821316 3399999999999999
 92 80 79 89106126143152149135113 87 63 48 45 54 7410012514515415113911920 8 8D6 716152201715499999999999999 135 781344 4499999999999999
 98 82 75 78 91108126139144138123103 82 65 58 61 75 9511813714915114312720 8 9D6 757144204115299999999999999 211 751412 5899999999999999
107 89 77 73 79 91107122132134127114 98 84 74 72 80 9411213014314814513320 810D6 84313421 614899999999999999 253 731441 7299999999999999
117 99 83 74 72 78 89103115123124120111100 91 87 89 9710912413614314413720 811D6 943125213414499999999999999 344 721513 8799999999999999
125110 94 80 72 70 74 84 9610711511811711310710310110411011912913714013820 812D61114118221114099999999999999 447 70155510199999999999999
132120106 91 78 68 65 68 76 87 9910911612012011811511411511812413013413720 813D6133312023 813799999999999999 6 3 65171311499999999999999
135129119105 89 74 62 57 58 66 79 9310812012813113012612212012012312713220 814D61512131999999999999999999999 718 56192712099999999999999
136136132121105 86 67 52 45 46 56 72 9211212813914214013312612011711912520 815D6 03613616 214299999999999999 822 4421 211799999999999999
133139141137124105 81 57 39 31 34 48 70 9612114015015214513412311411211620 816D6 154141163915299999999999999 915 30215411299999999999999
125137147150144127102 73 45 25 18 25 45 7310513315216015714512911410510520 817D6 25415017121609999999999999910 1 18223310499999999999999
113128144156159150128 97 62 32 12  8 21 48 82117146162166157139119102 9520 818D6 3451601745166999999999999991044  823 9 9599999999999999
 99113133153166167153126 89 52 21  5  6 25 58 96131157169166150127104 8920 819D6 4331681816170999999999999991125  32346 8599999999999999
 85 95115140161173170152120 81 44 16  5 13 38 74113145166170160137111 8820 820D6 52017418471719999999999999912 5  5999999999999999999999
 76 78 93118144165175168147113 75 41 19 14 28 57 94130157169166148121 9420 821D6 6 7175191617099999999999999 023 751244 1499999999999999
 74 66 73 92119145164171162139107 72 44 30 32 51 8111514416316715613310520 822D6 656171194516799999999999999 1 1 661322 2999999999999999
 79 63 60 70 91118142158162152131103 75 55 49 56 7610413215416416014311820 823D6 747162201216499999999999999 143 591358 4999999999999999
 90 68 56 56 69 89113134147150141124103 84 72 71 8210112314415715915013020 824D6 843150204016099999999999999 228 551434 7099999999999999
106 81 63 54 55 67 84105122134137132121108 97 92 9410411913614915515214020 825D6 95313721 915599999999999999 321 531512 9299999999999999
121 99 78 63 55 55 63 77 9410912112712812411811211011312013014014714914420 826D61136128214514999999999999999 427 54155811099999999999999
133117 98 80 65 56 53 58 68 82 9711112212913112912712412412713213714114220 827D614 2131224714299999999999999 552 53173212499999999999999
139131119102 85 68 56 49 50 58 72 9010812313514014013713212712612713013520 828D61531141999999999999999999999 723 4920 812699999999999999
138139135124108 89 69 53 43 42 50 66 8811013014415014814013112211811812320 829D6 039139161415099999999999999 837 41212711799999999999999
131139144141131113 89 66 46 35 35 46 67 9311914115315614913712311210710920 830D6 212144164515699999999999999 931 3322 910799999999999999
119133145151148135113 86 59 38 28 32 48 75104132152160157144126110 98 9720 831D6 3141511713160999999999999991015 282241 9699999999999999
105120138153159153135108 77 50 31 26 35 58 89120145160162151132111 94 8620 9 1D6 4 11591738163999999999999991051 252310 8699999999999999
 91105126147161163152129 99 67 41 28 29 46 74107136156164157139116 94 8020 9 2D6 44216418 1164999999999999991123 262337 7799999999999999
 78 90110135155166163147119 87 57 37 31 41 64 95126150163161146122 97 7820 9 3D6 5191661822164999999999999991152 31999999999999999999999
 70 76 93118143161166158136107 76 51 39 41 58 85116143159162151130103 8020 9 4D6 554166184316399999999999999 0 5 701220 3899999999999999
 66 65 78100126149162161148124 95 69 52 48 58 80108135154162155137112 8620 9 5D6 62916319 216299999999999999 033 631246 4799999999999999
 66 59 65 83107132150158152136112 87 68 59 63 79102127148159157143121 9520 9 6D6 7 5158192216099999999999999 1 2 591311 5999999999999999
 72 59 58 69 89113134148150141124103 85 73 72 8210012114115415614712910520 9 7D6 743151194215799999999999999 134 571336 7199999999999999
 81 64 57 60 74 94115132141140131116100 89 84 8810011713414815314813411520 9 8D6 82514220 215399999999999999 2 9 5614 1 8499999999999999
 93 74 61 58 64 78 96113126132131123113104 98 9810511612914114714613812320 9 9D6 917133202314899999999999999 250 581427 9799999999999999
105 86 71 63 61 67 79 9310811812412412111611211011211812613414014113812920 910D61037125204714299999999999999 342 61145911099999999999999
116101 86 73 65 62 66 75 87 9911011912312512412312212312512913313513513120 911D613 9125212613599999999999999 454 6216 612299999999999999
125115102 88 75 65 59 59 66 77 9110511812813313513413112812612512612813020 912D615 1135233513099999999999999 626 58194612599999999999999
130127120108 93 76 61 51 49 54 67 8510512313714514614213412611911711812320 913D61540146999999999999999999999 748 4921 711799999999999999
130135136129116 96 74 53 40 36 44 61 8511113414915615314312911610810611120 914D6 137136161115699999999999999 850 36214410699999999999999
123135145148140122 96 68 43 27 25 37 61 91122147161163154137117101 93 9520 915D6 246148164016499999999999999 940 242217 9299999999999999
107126145158161149126 94 60 33 18 20 38 69104137160170165147123 99 82 7820 916D6 34116117 9170999999999999991024 172250 7899999999999999
 87107133156170170155126 89 53 27 16 24 48 84121152170172159133104 78 6420 917D6 43117217371749999999999999911 5 162325 6399999999999999
 65 82110140165178175155123 84 50 27 23 37 67104139165175168145114 81 5820 918D6 51917918 4175999999999999991144 22999999999999999999999
 49 58 81113146170180174151118 81 52 36 39 59 90125155172172156127 92 6120 919D6 6 7181183117499999999999999 0 0 491221 3599999999999999
 43 40 55 82116148169176167144113 82 60 53 62 84114144165172163140107 7420 920D6 656176185717299999999999999 038 391257 5399999999999999
 47 34 38 56 85117145162166156136111 88 75 75 87109134156168166150123 9120 921D6 747166192216999999999999999 117 341331 7399999999999999
 61 41 34 41 59 86114137151153145130112 98 93 9711012814716016315413510920 922D6 843154194616399999999999999 2 0 3414 5 9399999999999999
 81 57 42 39 46 63 8510712613714013612811811111011612613915015615314212420 923D6 955140201215699999999999999 249 39143911099999999999999
102 80 61 50 47 52 65 81 9911412513113213012712412412813414014514614213220 924D61147133204214699999999999999 351 47152712499999999999999
118102 85 70 59 54 56 63 75 9010411812813413613613413213113113313413513320 925D61415137214213599999999999999 517 54181013199999999999999
128120108 94 80 67 59 56 59 68 83 9911613114014414313813112512212112312620 926D61513144999999999999999999999 659 56204712199999999999999
129130126117104 87 71 59 52 54 64 8110112213914915014513512311310810811420 927D6 042130154415199999999999999 818 52212610799999999999999
123132137136126110 90 70 54 47 51 64 85110133149156152141125109 97 94 9920 928D6 218137161015699999999999999 912 472155 9499999999999999
111126140147144132111 87 64 49 44 52 71 97123145158158148129108 91 82 8320 929D6 315147163316099999999999999 953 442221 8199999999999999
 95115135150155149132106 79 57 45 45 60 84113139157162155136112 89 73 7020 930D6 3591551655162999999999999991027 432246 6999999999999999
 79 99123146159161149126 98 71 52 45 53 74102131153164160144118 91 69 592010 1D6 4361621715164999999999999991057 452312 5999999999999999
 64 81107135156165161144117 88 64 51 53 68 93122148163164151126 97 70 532010 2D6 5121661735165999999999999991125 502338 5099999999999999
 51 64 89118145163167156135107 80 62 57 67 87115141159165156135105 75 522010 3D6 5461671754165999999999999991151 57999999999999999999999
 43 50 70 99129153165163148124 98 77 66 69 85108134154164160142115 84 572010 4D6 621166181316499999999999999 0 4 431216 6699999999999999
 41 41 55 80110138156162154137114 93 79 76 86105127148161161148125 95 662010 5D6 656162183216299999999999999 032 391241 7699999999999999
 46 38 45 64 91119141154154144127107 92 86 90103122141155159151133107 792010 6D6 732156185115999999999999999 1 2 3813 6 8699999999999999
 55 41 41 52 73 99123140148145134120106 98 98105119135148154151138117 922010 7D6 813148191015499999999999999 134 391332 9799999999999999
 68 51 44 47 61 811031231351401371281181101071101191301411481481401241052010 8D6 9 3140193014999999999999999 210 43135910799999999999999
 84 65 53 49 54 66 841021181281321311271221181181211271341401411381291152010 9D61016132195114199999999999999 256 49143511799999999999999
 99 83 68 58 55 58 67 81 96110121128131131129128127127129131133132129123201010D61227131202013399999999999999 4 2 55161012799999999999999
113101 88 75 64 58 57 63 74 88104118129137139139135130126123122122124124201011D6141414023 312499999999999999 535 57201012299999999999999
123119110 97 82 68 57 52 55 65 82101120136146149146137127117110108112118201012D61456149999999999999999999999 7 8 52205110899999999999999
126131130123108 89 68 52 44 46 59 80105129147157156147131114100 93 94103201013D6 127131152715899999999999999 818 432122 9299999999999999
118133144145136117 92 66 46 37 41 58 85115142160165158140117 95 79 74 81201014D6 240146155616599999999999999 912 372153 7499999999999999
 99123144158160148124 93 63 42 35 43 66 97130156170168152126 96 70 56 57201015D6 337161162417199999999999999 958 352227 5499999999999999
 73100130157171171154126 92 62 42 39 54 81115147169175164138104 71 46 37201016D6 4281731651175999999999999991040 3823 1 3799999999999999
 45 70104139166180176156125 91 64 49 52 72102135162176172152119 81 47 26201017D6 5171801718177999999999999991120 482338 2299999999999999
 24 40 71109145171181175153123 92 70 63 71 94124153172176163135 97 59 29201018D6 6 61811745177999999999999991157 63999999999999999999999
 14 19 41 75114147170177168147120 96 81 80 93116143164175170149117 78 43201019D6 656177181117599999999999999 015 141233 7999999999999999
 20 12 22 47 81116145163167158140119103 95 99114134154168169157133100 66201020D6 748167183817099999999999999 055 1213 8 9599999999999999
 37 20 18 31 55 85115139153155148135121111109116129144157163158143118 89201021D6 84515619 416399999999999999 137 17134410999999999999999
 61 40 29 30 42 63 88111130141144141133125120121127136146152152145130109201022D6 954144193215399999999999999 224 28142412099999999999999
 86 65 49 42 43 53 68 87106121132137137134130128128130134139141139132121201023D6113213820 314199999999999999 321 41153412799999999999999
106 90 74 62 55 54 60 71 85101115127135138138135131128126125126126126123201024D61322139211412799999999999999 437 54184812599999999999999
118109 98 86 74 66 62 63 71 83 98114128138143142137129121114111111114118201025D61420143999999999999999999999 613 62202811199999999999999
121121117109 96 83 71 64 64 70 83100119134145148143133120107 98 95 98106201026D6 034122145414899999999999999 736 6321 0 9599999999999999
116125129127118103 87 73 64 63 71 87108128144152150140123105 90 81 81 90201027D6 210129152015399999999999999 835 622128 8099999999999999
105121134139136124106 86 70 62 64 77 97120140154156148130107 85 70 66 73201028D6 3 7139154415799999999999999 918 622154 6699999999999999
 89111131145148141125103 83 68 63 70 87111135152160155138113 86 64 54 56201029D6 35114916 616099999999999999 954 632219 5399999999999999
 71 95121143155155143122 98 78 67 68 81102127149161160146121 91 64 46 42201030D6 4291561627162999999999999991026 662245 4199999999999999
 53 76106134154162156139116 93 76 71 78 96120143160164154131100 68 43 32201031D6 5 51621648164999999999999991056 712312 3299999999999999
 37 57 87119145161164153133109 89 78 79 92113137156165159140111 77 47 292011 1D6 54016517 9165999999999999991124 772339 2599999999999999
 26 40 67 99131154164161146125103 88 83 91108130150163162148122 89 57 322011 2D6 6151651730164999999999999991151 83999999999999999999999
 22 28 49 79112140158162154137117100 91 93105124144158162154133103 70 412011 3D6 650162175116299999999999999 0 8 211218 9099999999999999
 24 22 35 60 92122145157156145129112100 98105119136151159155140115 85 562011 4D6 727158181315999999999999999 038 211246 9899999999999999
 34 24 28 46 72102127145152148137123111105107116130143152153144125100 722011 5D6 8 8152183515499999999999999 111 24131510599999999999999
 48 33 29 38 56 81107128141145141132122114112116125135144148144131112 892011 6D6 85714519 014899999999999999 148 29135011299999999999999
 67 48 38 37 47 64 861071251361391371311241201191221281341381381331211052011 7D610 3139193013999999999999999 233 36144211999999999999999
 86 68 54 45 45 53 67 861051211321371371341301251231221241261281281241162011 8D61134138202212899999999999999 332 44164012299999999999999
105 91 76 63 54 51 56 67 831011181311391421401341271201151131131161191202011 9D613 114223 112099999999999999 453 51191611399999999999999
118112101 87 73 61 54 55 64 80100119135146149145135122109100 96 97104114201110D61354149999999999999999999999 622 542012 9599999999999999
122127125115100 82 66 56 54 63 81103126144154155145129109 91 78 75 82 96201111D6 113127143215699999999999999 738 542050 7599999999999999
114130140140130112 90 69 57 55 66 86112137155162157140115 89 67 54 55 69201112D6 23214115 516299999999999999 838 542126 5399999999999999
 92118141154155142121 95 73 60 60 74 98126150165167153128 95 64 41 32 40201113D6 333156153616899999999999999 929 5822 3 3299999999999999
 62 93126152166166151126 99 76 66 70 87113141163172166144110 72 39 18 15201114D6 42716816 6172999999999999991015 652240 1499999999999999
 30 60 98134161174171154128101 82 75 83104131156172174159129 90 50 18  3201115D6 5181751636175999999999999991057 752319  299999999999999
  6 28 64104140166176171153128104 89 88 99121146167176169147112 70 32  5201116D6 6 917617 6176999999999999991137 872358 -499999999999999
 -4  6 33 70110144166173166148126107 98101115136157171173159132 95 55 22201117D6 6591731737174999999999999991216 97999999999999999999999
  2 -1 14 42 78114143161165157141124111107113127145161168164146117 82 47201118D6 74916518 816899999999999999 039 -2125410799999999999999
 21  7 10 26 54 86117140154156148135123115114121134148158160151132105 74201119D6 841156184116099999999999999 121  6133411399999999999999
 47 27 19 24 41 65 92117135145147141131123118119125134143148147137119 97201120D6 938147191714999999999999999 2 6 19142211899999999999999
 73 52 39 34 40 54 74 96116131139140137130123119119123128133135132124111201121D6104314120 013599999999999999 255 34153311999999999999999
 94 77 62 52 49 54 66 81 99115128136138135130123118115114116119121120116201122D61155138211712199999999999999 352 49173511499999999999999
108 97 85 74 65 62 65 73 86101116129136139136129120111105101102105109113201123D61257139234711499999999999999 5 3 62192410199999999999999
114111104 95 85 76 71 72 79 90105120133140142137126113100 90 86 87 93102201124D61343142999999999999999999999 622 712016 8599999999999999
111117118114105 93 83 77 77 83 95111127139146144134118100 84 73 70 75 87201125D6 141118141814699999999999999 734 762052 7099999999999999
102116125128123112 99 87 80 80 88102119136147150143127105 83 65 55 57 68201126D6 250128144815099999999999999 830 792122 5599999999999999
 87107125136137130117101 88 82 84 95111130145153150136114 87 62 45 41 49201127D6 340138151515499999999999999 916 812151 4199999999999999
 68 93118137146145134118101 88 84 90104123142154156146124 95 65 41 29 32201128D6 422147154015799999999999999 955 842220 2899999999999999
 48 74104130148154149134115 99 89 89 99116136152159154135107 74 44 24 19201129D6 5 015416 6159999999999999991030 882249 1899999999999999
 30 54 85117142156158148130111 97 91 96110129147159159146120 87 53 26 12201130D6 53615916311619999999999999911 2 912319 1199999999999999
 15 34 64 98130151160157143124107 96 96105122141156161154133102 67 35 132012 1D6 6121611657161999999999999991133 942350  799999999999999
  8 19 44 77111139156160152136118104 98102115133150159158144117 84 50 222012 2D6 64716017231609999999999999912 3 98999999999999999999999
  8 10 27 56 90122145156155144128113103102110125141154157150130101 68 382012 3D6 725157175115899999999999999 023  7123510199999999999999
 17  9 17 39 69101128147153149137123110105108117131145152151139117 88 582012 4D6 8 5153182215399999999999999 058  9131010599999999999999
 32 17 16 27 50 79108131145149143132120111108112121133142146141127105 792012 5D6 851149185714699999999999999 137 15135310899999999999999
 54 34 24 25 39 61 87112132143144139129119112110113120129135136131118 992012 6D6 943145194313799999999999999 221 23145211099999999999999
 77 56 41 33 36 49 69 921141311411421371291191121081091131191241251221132012 7D61043142205312599999999999999 314 33162110899999999999999
 99 82 65 52 45 47 58 75 96116132141143138129118107100 97 991041111161182012 8D61145143225211899999999999999 417 4518 6 9799999999999999
114106 93 78 65 58 57 65 80100119134144145139127112 97 86 80 81 88 991102012 9D61241145999999999999999999999 532 561921 7999999999999999
118121117107 93 79 69 66 72 86105124140149148139122101 81 66 58 61 73 90201210D6 055121132915099999999999999 649 662014 5899999999999999
109124132131122107 91 79 74 79 93112132148155151136113 86 60 43 36 43 61201211D6 225133141015599999999999999 759 742059 3699999999999999
 86112133145145136119101 87 82 87102122142156160151130100 67 38 20 17 29201212D6 333147144816099999999999999 9 0 822142 1699999999999999
 54 86118143156157145127107 93 89 96112133153164163148120 84 47 18  2  4201213D6 431158152616599999999999999 953 892225  199999999999999
 22 54 91125151164163150130110 97 95105123144162169162141107 68 30  2 -9201214D6 52416516 3169999999999999991041 9523 7 -999999999999999
 -2 22 58 98133157168164149129110100101113133153167170157131 94 53 17 -6201215D6 6131681641170999999999999991125 992348-1299999999999999
-12  1 29 67106138159166160143124109102107121140158168165148118 80 42 11201216D6 65916617181699999999999999912 6102999999999999999999999
 -7 -6 11 41 78114142158161152136119107104112127144159164157136106 70 36201217D6 743161175716499999999999999 029 -9124510499999999999999
 11  0  6 26 56 90120143154153142127113105106115129144154155145123 94 62201218D6 824155183515699999999999999 110  0132610499999999999999
 35 17 13 22 43 71100125142148144133119108103106115127139145143131111 85201219D6 9 5148191614599999999999999 149 12141010399999999999999
 60 39 28 29 40 60 85109128140142136126114105102104112121129133129118101201220D6 94514220 113399999999999999 228 2715 410299999999999999
 81 62 48 43 46 58 76 97116130137137131121110102 98 99104111117119117109201221D6102813821 111999999999999999 3 8 421615 9899999999999999
 97 83 69 60 58 62 73 88105120131136134127117106 97 91 90 93 99104108108201222D61115136223610999999999999999 353 581745 9099999999999999
105 98 89 80 74 72 76 85 97111123132135133125114101 89 81 78 80 86 93101201223D612 5136999999999999999999999 449 7219 6 7899999999999999
106107104 99 92 86 84 86 93103115126134137133123109 93 78 67 63 66 75 87201224D6 048107125613799999999999999 6 2 8420 3 6399999999999999
 99109114114110103 96 92 93 98108119130138139133119100 80 62 51 49 55 69201225D6 229115134113999999999999999 723 922046 4899999999999999
 87104118125125120111102 96 96102112124136142141130112 88 64 45 35 37 49201226D6 333126142114399999999999999 832 962122 3499999999999999
 69 92113129136135126115104 98 98105117131142146140124100 72 46 28 22 29201227D6 419136145714699999999999999 927 972156 2299999999999999
 48 74102125140145140128115103 98101110125139149149137115 85 53 27 13 13201228D6 4581451531150999999999999991010 982230 1199999999999999
 27 53 84114137149150141126111100 98104117134147153148130102 68 35 12  2201229D6 53315116 4153999999999999991047 9823 4  299999999999999
 10 31 63 97127147155151137121106 98 99109126142154155144119 86 50 19  1201230D6 6 81551637156999999999999991121 972339 -399999999999999
 -2 12 40 75109137153155147131114101 97103117134150157153136106 70 35  8201231D6 6431561710158999999999999991154 97999999999999999999999
