 61 68 73 73 66 54 38 23 16 17 27 45 68 91111124129125111 91 71 56 46 4420 1 1EI 227 7316 212999999999999999 821 152251 4499999999999999
 49 57 66 72 73 68 58 44 33 27 29 38 55 75 96113123124116 99 79 60 45 3820 1 2EI 344 73163912599999999999999 916 272330 3799999999999999
 38 44 54 65 73 76 74 66 55 46 41 42 49 63 80 97110117115103 85 65 47 3420 1 3EI 5 6 761716117999999999999991021 40999999999999999999999
 29 32 41 53 66 76 82 83 78 69 61 55 53 58 68 81 94104107102 90 72 52 3520 1 4EI 634 83175710799999999999999 010 291145 5399999999999999
 25 22 27 38 53 69 83 92 95 92 85 75 67 62 63 68 77 87 94 96 90 77 59 4020 1 5EI 8 1 951841 9699999999999999 051 221325 6299999999999999
 24 16 16 23 38 57 76 92104109107 98 86 75 67 64 66 73 80 85 85 78 64 4620 1 6EI 9121091926 8699999999999999 130 1415 5 6499999999999999
 27 13  7 10 22 41 63 85104116122118107 93 79 69 64 64 69 75 78 76 67 5220 1 7EI10 712220 5 7899999999999999 2 6  71627 6499999999999999
 32 13  1  0  8 24 47 73 96115126130124110 94 80 70 65 64 68 73 73 68 5720 1 8EI10541302034 7499999999999999 238 -11733 6499999999999999
 39 18  0 -8 -4 10 30 57 84107123132133124108 93 81 72 67 67 70 72 69 6020 1 9EI11371342056 7299999999999999 3 8 -81830 6699999999999999
 46 26  4-11-13 -3 15 39 68 94114127133131120104 90 81 74 70 71 74 73 6520 110EI12201342120 7499999999999999 339-141920 7099999999999999
 53 36 14 -7-19-15  0 22 49 78102118128132127114 99 88 81 76 73 75 77 7220 111EI13 21322153 7799999999999999 414-1920 3 7399999999999999
 62 48 29  5-15-21-12  6 30 58 86108120128130122107 93 84 79 75 74 77 7820 112EI13441302240 7899999999999999 453-212038 7499999999999999
 72 60 45 25  1-16-18 -7 13 37 66 93112122128127116 99 85 77 73 70 72 7720 113EI14251292340 7999999999999999 538-2021 6 7099999999999999
 78 72 61 46 26  2-12-12  1 20 44 73 98115125129124109 89 75 67 62 62 6820 114EI15 2129999999999999999999999 628-142133 6299999999999999
 75 78 74 66 52 31 10 -3 -2 10 28 52 79102117126127117 98 77 62 53 50 5320 115EI 053 78153812899999999999999 724 -422 4 5099999999999999
 62 72 78 78 73 61 42 23 12 12 21 37 59 83104117124121107 85 63 47 38 3620 116EI 231 79161512499999999999999 828 102242 3699999999999999
 43 55 69 79 83 82 73 57 40 30 28 34 46 65 85102113117110 94 70 48 32 2420 117EI 419 84165311799999999999999 944 282326 2399999999999999
 24 33 48 65 80 90 92 87 75 61 51 46 47 55 68 83 97105105 96 79 56 34 1920 118EI 553 921733106999999999999991115 46999999999999999999999
 12 14 25 43 63 82 96104103 95 83 71 62 59 61 68 78 88 93 91 82 65 44 2320 119EI 7261041816 9399999999999999 014 1213 6 5999999999999999
  8  3  7 20 39 63 86104115118113101 86 75 67 64 66 72 79 81 78 69 53 3320 120EI 85211819 1 8199999999999999 1 3  315 5 6499999999999999
 13 -1 -4  2 17 39 66 91111125130125112 96 81 71 65 63 67 72 73 69 59 4420 121EI10 21301945 7399999999999999 151 -41642 6399999999999999
 23  4 -7 -8  1 18 43 71 97117131136130115 98 83 72 65 62 65 68 68 62 5220 122EI10591362023 6999999999999999 233 -91753 6299999999999999
 35 15 -4-12 -8  4 24 50 79103121132135127112 95 82 72 65 64 67 68 65 5820 123EI11481362056 6899999999999999 311-121845 6499999999999999
 45 27  6-10-13 -5 11 33 60 87107121130130119103 89 79 71 67 67 70 70 6420 124EI12301312129 7199999999999999 346-131924 6699999999999999
 54 40 20 -1-12-10  2 21 44 71 94110120124120108 93 82 75 70 69 71 74 7220 125EI13 712422 7 7499999999999999 420-131952 6999999999999999
 63 51 35 14 -5-11 -4 11 31 56 81100111118118110 96 83 75 70 68 70 74 7620 126EI13361192251 7699999999999999 457-112011 6899999999999999
 72 62 49 31 10 -5 -6  4 21 43 68 90105113116112 99 84 72 67 64 65 69 7520 127EI13581162342 7799999999999999 536 -72023 6499999999999999
 76 71 62 48 28  9 -1  1 13 32 55 79 98110115114104 88 72 62 57 56 60 6820 128EI1420115999999999999999999999 617 -12039 5699999999999999
 75 76 72 63 48 28 12  6 11 24 43 66 89105114115109 93 74 59 50 47 49 5720 129EI 042 76144411699999999999999 7 2  621 6 4799999999999999
 67 74 76 73 64 49 32 19 16 22 35 54 76 96109115112 99 80 60 45 38 37 4320 130EI 155 76151211599999999999999 749 162136 3799999999999999
 54 66 74 78 76 68 53 38 29 28 33 46 64 84 99109110103 86 64 45 33 28 3020 131EI 312 78154111199999999999999 841 272210 2899999999999999
 40 53 66 76 81 81 73 61 49 42 41 45 56 71 86 98103100 89 70 49 32 22 2020 2 1EI 425 82161210399999999999999 942 402246 2099999999999999
 25 37 53 67 79 86 87 82 73 63 56 53 55 62 73 83 91 92 87 74 55 36 21 1420 2 2EI 540 881646 939999999999999911 5 532328 1399999999999999
 14 22 35 53 70 84 93 97 94 86 77 69 64 62 64 70 76 81 80 73 61 43 26 1320 2 3EI 7 3 971726 81999999999999991259 62999999999999999999999
  7  8 18 34 53 73 90102108107100 90 79 70 63 62 64 68 71 70 63 51 35 1820 2 4EI 8231081816 7199999999999999 017  61454 6299999999999999
  5  0  3 14 33 55 78 97112119119111 98 84 71 63 58 59 62 65 63 57 45 2820 2 5EI 9271201914 6599999999999999 1 9  01621 5899999999999999
 11 -3 -8 -2 12 33 59 84105120127126116100 84 71 62 57 58 61 64 61 53 4020 2 6EI102112820 4 6499999999999999 159 -81722 5799999999999999
 22  3-11-14 -5 13 37 65 91112125130127115 97 81 70 63 59 61 65 66 61 5120 2 7EI11 91302042 6799999999999999 243-1418 8 5999999999999999
 35 15 -6-18-17 -4 17 44 73 98116126129123108 91 78 71 66 65 68 72 70 6220 2 8EI11551292116 7299999999999999 323-201845 6599999999999999
 49 31  7-14-22-15  2 24 52 81103116123124115 98 83 75 71 69 71 76 79 7420 2 9EI12381242153 7999999999999999 4 2-221912 6999999999999999
 62 47 27  2-17-20 -9 10 34 62 88106114119117104 87 75 71 70 71 75 82 8320 210EI13171192238 8499999999999999 441-211921 7099999999999999
 76 63 48 26  1-14-13  1 20 44 71 94107113115108 92 74 65 64 65 68 76 8520 211EI13511152333 8699999999999999 524-161849 6499999999999999
 85 78 67 52 29  6 -6 -1 12 30 54 79 98107111110 98 78 61 53 52 55 62 7420 212EI1420112999999999999999999999 611 -61938 5299999999999999
 84 86 82 74 59 37 17  8 13 24 40 62 84100107109103 86 64 46 39 38 43 5420 213EI 046 87144810999999999999999 7 6  82036 3899999999999999
 69 82 88 89 84 70 50 33 26 28 36 50 69 87 99105103 93 72 49 32 24 24 3120 214EI 240 89152110599999999999999 814 252131 2399999999999999
 45 63 79 90 96 94 83 66 52 44 43 47 57 72 86 95 98 93 80 58 35 19 11 1220 215EI 418 961557 9899999999999999 944 422225 1099999999999999
 21 38 58 78 93103104 97 84 71 62 56 56 61 71 80 87 87 81 66 46 26 10  320 216EI 5411051638 88999999999999991132 562320  299999999999999
  4 14 32 54 76 95109114111101 89 76 67 62 62 66 72 76 75 68 55 38 20  520 217EI 7 71141724 76999999999999991332 62999999999999999999999
 -2  0 10 28 51 75 97113122122114101 86 73 64 60 60 63 65 65 60 49 34 1820 218EI 8311231823 6699999999999999 019 -21528 5999999999999999
  4 -4 -2  9 27 50 76 99117127129122107 90 75 63 56 54 56 59 60 55 47 3320 219EI 9421301934 6099999999999999 119 -41652 5499999999999999
 17  3 -4 -2 10 28 52 79102119129131122106 87 72 60 53 52 55 59 59 55 4720 220EI10391312035 6099999999999999 213 -51745 5299999999999999
 33 15  1 -4  1 13 33 58 83104119127126115 98 81 68 59 54 55 60 63 62 5720 221EI11271282116 6399999999999999 259 -41821 5399999999999999
 47 31 12 -1 -3  5 20 41 66 89106116121117103 86 73 65 59 57 62 67 69 6520 222EI12 71212147 6999999999999999 337 -41846 5799999999999999
 58 45 26  7 -2  2 13 30 52 76 94106112113104 89 75 66 62 60 63 70 75 7420 223EI12371132218 7599999999999999 412 -219 0 6099999999999999
 68 58 42 21  5  1  9 23 41 64 85 98105107103 90 75 64 61 60 62 69 77 8020 224EI12571072254 8099999999999999 446  11850 6099999999999999
 76 69 56 38 17  6  8 18 34 54 76 93101104102 92 75 62 56 55 58 64 74 8120 225EI13 91042336 8399999999999999 521  51832 5599999999999999
 82 78 69 54 34 17 12 17 29 46 67 86 98103102 94 79 61 50 47 49 55 66 7720 226EI1322103999999999999999999999 558 121856 4799999999999999
 83 84 79 70 53 34 21 20 27 39 58 78 93101103 97 83 64 47 39 39 44 54 6720 227EI 030 84134310399999999999999 637 191930 3899999999999999
 79 85 86 82 71 53 37 29 30 37 50 68 85 97101 99 88 69 48 33 28 31 39 5420 228EI 138 8614 910199999999999999 722 2820 6 2899999999999999
 69 82 88 90 85 73 57 44 38 40 46 59 75 88 96 97 90 74 52 32 21 19 25 3720 229EI 249 901437 9799999999999999 816 382043 1999999999999999
 55 72 85 93 95 90 78 64 53 48 49 54 65 77 87 91 88 77 59 37 20 12 13 2120 3 1EI 351 9515 7 9199999999999999 924 482123 1199999999999999
 37 56 74 89 98101 97 86 74 64 58 57 59 66 74 80 81 76 63 45 26 11  6  920 3 2EI 4551011540 81999999999999991055 5722 9  699999999999999
 19 36 56 76 92103108105 96 85 75 67 62 61 63 68 71 70 64 52 36 20  7  320 3 3EI 6 71081621 71999999999999991248 6123 6  399999999999999
  6 17 34 55 76 95108115114107 96 84 72 63 59 58 60 62 62 57 47 33 18  620 3 4EI 7261151721 63999999999999991437 58999999999999999999999
  0  2 13 30 53 76 97113122123116104 88 74 62 55 54 55 58 59 56 47 34 1920 3 5EI 8381231845 5999999999999999 015  01555 5499999999999999
  5 -3 -2  9 27 51 77100117127128120106 88 72 60 54 53 56 61 63 59 50 3720 3 6EI 9381281955 6399999999999999 124 -41645 5399999999999999
 19  2 -8 -6  7 27 52 80103120127127119101 82 68 59 56 57 62 69 70 65 5420 3 7EI10311282041 7099999999999999 221 -91719 5699999999999999
 38 18 -2-11 -6  9 30 57 85106119124122110 91 74 64 61 61 65 73 80 78 7020 3 8EI11171242118 8099999999999999 3 8-111735 6099999999999999
 57 39 15 -5-10 -1 16 38 65 90107114116112 97 77 64 61 63 66 74 85 89 8420 3 9EI11551162155 8999999999999999 348-101657 6199999999999999
 74 60 38 13 -3 -3  9 27 49 74 95105108107 98 80 62 55 58 63 70 82 93 9520 310EI12191082239 9599999999999999 427 -517 6 5599999999999999
 88 78 63 40 16  5  9 22 39 60 83 97102101 97 83 62 47 45 51 59 71 86 9720 311EI12171022335 9999999999999999 5 8  41739 4599999999999999
 98 93 84 69 45 24 18 24 35 50 70 88 97 98 95 86 67 45 33 34 41 52 68 8620 312EI1238 98999999999999999999999 555 181824 3399999999999999
 98101 99 93 77 55 38 34 38 46 59 76 90 95 94 89 75 52 31 21 22 30 43 6320 313EI 1 31011319 9599999999999999 653 341920 2099999999999999
 83 97105107102 88 68 54 49 50 54 64 78 88 91 89 80 63 39 19 10 11 20 3520 314EI 25810714 7 9199999999999999 823 492023 1099999999999999
 57 79 97109115112 99 83 70 62 58 59 66 75 82 85 81 70 51 30 12  4  4 1320 315EI 4121151457 85999999999999991017 582126  399999999999999
 30 53 76 97113121120110 96 83 71 64 61 64 70 74 76 71 60 43 25 10  2  220 316EI 5231221547 76999999999999991157 612227  199999999999999
 11 28 50 74 97114124126119106 91 77 67 60 59 62 65 66 62 53 40 26 13  520 317EI 6381261645 66999999999999991345 592333  499999999999999
  4 12 28 49 72 95114125129124112 96 80 66 57 53 54 57 58 57 52 42 31 1820 318EI 75412918 8 59999999999999991519 53999999999999999999999
 10  8 14 28 48 71 94112124129125113 95 77 63 53 48 49 53 57 58 55 48 3720 319EI 9 31291948 5899999999999999 043  81623 4899999999999999
 24 14 11 17 30 48 71 93111122126122108 89 71 58 49 46 48 55 61 63 62 5520 320EI10 012621 6 6399999999999999 150 1117 4 4699999999999999
 43 27 16 14 20 32 51 73 95110119121114 98 79 64 54 48 48 54 63 69 71 6920 321EI10471212156 7199999999999999 245 131732 4799999999999999
 60 44 27 17 16 24 38 57 79 97108114112102 84 67 57 51 50 54 64 74 79 7920 322EI11231142228 7999999999999999 330 151748 5099999999999999
 74 61 42 25 18 21 31 46 67 86 99105107101 86 69 57 52 51 55 64 76 84 8620 323EI11471072254 8699999999999999 4 7 181742 5199999999999999
 84 75 58 38 25 23 29 40 57 77 92 99101 98 87 69 54 49 49 53 62 75 86 9120 324EI11571012323 9199999999999999 440 221718 4999999999999999
 90 86 73 54 36 28 31 39 52 70 86 95 98 95 87 70 53 43 43 48 57 70 84 9220 325EI1159 98999999999999999999999 512 281727 4399999999999999
 95 93 86 70 51 38 35 40 49 63 80 92 96 94 87 73 53 39 35 40 48 61 77 9020 326EI 0 0 9512 8 9699999999999999 545 351750 3599999999999999
 96 97 95 85 67 51 43 44 49 59 73 87 94 93 88 76 57 37 27 28 36 49 66 8320 327EI 050 981227 9499999999999999 622 431820 2699999999999999
 95100101 97 84 67 54 50 51 56 66 79 89 92 88 79 62 40 23 18 23 34 51 7120 328EI 1461021254 9299999999999999 710 501856 1899999999999999
 89100106107100 86 70 60 56 56 61 70 81 87 87 81 68 47 25 12 11 19 33 5420 329EI 2381071327 8899999999999999 822 561937 1099999999999999
 76 94106113112104 89 75 65 61 60 63 71 79 82 80 71 55 34 15  5  6 17 3420 330EI 32911414 7 8299999999999999 946 592023  499999999999999
 56 79 99112119118109 95 81 71 64 61 62 68 73 75 71 61 45 26 10  3  5 1620 331EI 4251201452 75999999999999991110 612115  299999999999999
 34 57 81101116124124116102 88 75 66 60 59 62 66 67 64 55 41 25 11  4  620 4 1EI 5291251548 67999999999999991240 592218  499999999999999
 16 33 55 79101117127128122109 94 78 66 58 55 57 60 62 60 54 43 29 16  820 4 2EI 64012917 7 629999999999999914 3 552337  799999999999999
  7 15 30 52 76 99117129132126113 96 78 64 55 51 53 58 62 63 59 50 37 2320 4 3EI 7501321842 639999999999999915 4 51999999999999999999999
 12  7 13 27 48 73 97117129132126113 93 74 59 52 51 54 62 69 72 68 60 4620 4 4EI 8511321956 7299999999999999 057  71546 5099999999999999
 29 13  7 12 27 47 72 97116126128121106 84 66 55 52 53 60 72 81 83 79 6920 4 5EI 9431282048 8399999999999999 2 2  716 8 5199999999999999
 53 32 14  9 16 30 51 75 99114120119110 92 70 55 51 53 59 71 85 93 93 8820 4 6EI10231202128 9499999999999999 254  916 3 5199999999999999
 77 57 34 17 16 25 39 58 82101109110106 94 73 53 46 49 56 66 82 9710410120 4 7EI104011122 710499999999999999 336 1516 7 4699999999999999
 95 82 60 37 25 27 37 50 69 89101103 99 91 75 52 37 37 46 57 73 9210711020 4 8EI1041103225511099999999999999 416 241629 3699999999999999
108101 87 64 43 37 42 50 62 79 93 98 95 88 76 55 33 24 30 42 57 77 9811120 4 9EI1057 98999999999999999999999 457 3717 3 2499999999999999
115114108 92 70 54 51 55 61 71 85 94 94 88 78 61 37 18 14 22 36 54 77 9920 410EI 0101151127 9599999999999999 547 511746 1499999999999999
113119121116100 80 67 64 64 67 76 86 91 88 81 69 49 25  9  7 15 30 51 7620 411EI 15312112 7 9199999999999999 712 641838  699999999999999
 99115124128123108 90 78 72 68 69 75 82 85 83 75 61 39 17  4  3 11 26 4920 412EI 25912813 1 8599999999999999 922 681937  299999999999999
 75 98117130134129115 99 85 75 68 67 71 76 79 77 69 54 34 15  4  3 10 2620 413EI 35913414 7 79999999999999991043 672039  299999999999999
 48 74 98119133138133120104 88 75 66 63 65 69 71 70 63 50 33 18  9  7 1420 414EI 4591381515 729999999999999912 3 632142  799999999999999
 29 50 74 98119133137133121105 87 72 62 57 58 61 65 64 59 50 38 26 17 1520 415EI 6 21371629 65999999999999991321 572249 1599999999999999
 20 33 52 74 97117130135131120103 84 68 57 51 52 55 60 62 60 55 47 37 2820 416EI 7 513518 7 62999999999999991428 51999999999999999999999
 24 27 37 54 74 95113125130127115 98 79 62 51 47 47 53 60 65 67 65 58 4820 417EI 8 51301959 6799999999999999 0 6 241522 4699999999999999
 38 31 32 40 55 73 93110121124120108 90 70 55 46 44 47 55 65 73 77 76 7020 418EI 8591242122 7899999999999999 122 3116 0 4499999999999999
 57 43 35 36 43 56 74 93108116118112 98 78 60 48 43 44 51 63 76 85 89 8720 419EI 9441182216 8999999999999999 228 351625 4399999999999999
 78 61 46 38 39 46 59 77 95107112110101 83 64 49 43 43 48 60 76 89 97 9920 420EI10181122256 9999999999999999 324 381636 4299999999999999
 95 80 61 47 42 43 51 66 83 97104105100 86 66 49 41 41 46 56 73 8910010620 421EI1040105233210799999999999999 411 411634 4099999999999999
106 97 79 60 49 47 50 60 74 89 98100 96 86 68 49 38 37 42 52 68 8610010820 422EI1051100999999999999999999999 452 471636 3699999999999999
111108 94 75 61 55 54 59 69 83 93 95 93 85 69 49 34 31 36 46 61 80 9710720 423EI 0 61111056 9599999999999999 530 541648 3199999999999999
112113106 90 73 64 61 62 68 78 88 92 90 84 71 51 32 24 27 38 52 71 9110520 424EI 04111411 4 9299999999999999 610 6117 8 2499999999999999
112116114103 87 74 69 67 69 74 84 90 89 83 73 56 34 19 18 26 40 59 8110020 425EI 1171161122 9099999999999999 7 6 671737 1799999999999999
111118120115101 86 76 72 71 72 78 85 87 83 75 61 41 20 10 14 26 43 66 8920 426EI 1541201150 8799999999999999 812 701813 1099999999999999
107118124124116101 87 78 73 70 72 78 83 83 78 67 50 29 11  5 11 26 47 7120 427EI 2331251231 8399999999999999 913 701857  599999999999999
 96114125131129119103 89 79 72 68 69 74 78 78 72 60 42 22  7  4 11 27 4920 428EI 3181311324 79999999999999991013 681947  399999999999999
 75100119132137134122105 90 77 68 64 65 70 74 73 68 56 39 21  8  5 13 2820 429EI 4 81371428 74999999999999991116 642046  599999999999999
 51 77102122135141137125108 90 75 65 60 60 65 69 70 66 56 41 25 14 10 1620 430EI 5 51411543 71999999999999991220 592154 1099999999999999
 30 51 76101122136142138126108 89 72 60 55 56 61 67 70 69 61 50 36 24 1820 5 1EI 6 71421710 70999999999999991319 552314 1799999999999999
 20 31 50 73 97119134140137125106 85 67 55 51 53 60 69 75 76 72 62 49 3520 5 2EI 7 91401843 779999999999999914 7 51999999999999999999999
 25 24 33 49 70 94115130135132119 99 77 59 50 48 53 63 75 85 88 86 77 6320 5 3EI 8 613520 3 8899999999999999 037 231444 4899999999999999
 45 32 29 36 50 69 92112124127122108 87 64 49 44 47 55 70 86 97101 99 9120 5 4EI 85212721 910199999999999999 147 2915 6 4499999999999999
 74 54 39 37 43 55 72 93110117116109 92 69 48 39 40 48 61 80 9911011311120 5 5EI 92311722 711399999999999999 245 361519 3899999999999999
101 82 60 48 47 52 63 79 96106108103 92 72 48 32 30 38 51 70 9211112012320 5 6EI 93710823 512399999999999999 334 461537 2999999999999999
120108 87 67 58 59 64 72 86 98102 97 88 74 51 28 19 24 37 55 7810312012720 5 7EI 949102999999999999999999999 419 5816 4 1999999999999999
130127113 91 75 70 71 74 81 92 98 95 87 75 56 31 13 10 20 37 58 8510912520 5 8EI 0 51301010 9899999999999999 5 9 701639  999999999999999
132136131116 97 84 80 80 81 86 93 95 88 78 63 41 17  4  5 18 37 61 8911220 5 9EI 1 41361040 9599999999999999 712 791721  299999999999999
128137140135119102 91 86 82 82 86 91 90 83 72 55 32 10  0  4 18 38 63 9120 510EI 1591401121 9199999999999999 836 811811  099999999999999
114130141144137122106 94 86 80 79 82 85 84 78 67 50 28  9  2  6 19 40 6620 511EI 2511441218 8599999999999999 943 7819 6  299999999999999
 93116134145147139123107 92 81 74 72 75 79 80 75 64 48 29 13  7 11 24 4420 512EI 3421471336 80999999999999991043 7220 6  799999999999999
 69 96119136146146137121103 86 73 66 65 69 74 76 72 63 49 34 21 16 19 3120 513EI 4321481457 76999999999999991138 6521 8 1699999999999999
 50 74 98121137145143133116 96 78 65 59 59 63 69 73 72 65 55 43 32 27 2920 514EI 5211451618 73999999999999991231 582213 2799999999999999
 40 56 77100120134140137126108 88 70 58 53 53 59 66 72 74 71 64 55 46 4020 515EI 6101401754 74999999999999991321 522327 3999999999999999
 40 48 62 80100117129133129117 99 79 62 51 47 50 57 67 75 80 81 77 69 5920 516EI 6591331939 819999999999999914 6 47999999999999999999999
 51 49 54 65 80 98114124126120108 89 69 54 45 43 48 58 71 83 91 94 91 8220 517EI 74812621 2 9499999999999999 048 491444 4399999999999999
 70 59 55 57 66 80 96110118118111 97 77 58 45 39 41 50 64 81 9510510810420 518EI 83211922 110899999999999999 2 6 551514 3999999999999999
 92 77 64 59 60 68 81 96107112110100 83 63 45 37 36 42 56 74 9310811712020 519EI 910112224612099999999999999 316 591535 3599999999999999
112 97 80 68 62 63 71 83 96104105 99 86 67 47 34 32 37 48 66 8810611912720 520EI 939105232612899999999999999 421 621549 3299999999999999
126115 97 81 71 67 68 76 87 96 99 96 87 70 49 33 27 31 41 58 8010111712720 521EI 958 99999999999999999999999 518 6716 1 2799999999999999
132127113 95 83 76 72 74 82 90 94 92 85 72 51 32 22 25 34 50 71 9311212420 522EI 0 313210 6 9499999999999999 612 721617 2299999999999999
132133124109 94 86 80 78 80 87 91 90 84 73 55 34 19 17 26 40 60 8410512020 523EI 0391331015 9199999999999999 7 4 781639 1699999999999999
129134131120105 94 88 83 81 84 89 89 84 75 61 40 20 11 16 29 47 70 9511420 524EI 1151341032 9099999999999999 756 8117 9 1199999999999999
126133136130116103 94 88 83 82 85 88 85 78 67 50 29 12  7 16 32 54 7910320 525EI 15113611 4 8899999999999999 846 821747  799999999999999
121132139138129115101 92 85 80 80 83 85 82 74 61 42 22  8  7 17 35 59 8520 526EI 2291401153 8599999999999999 932 801834  599999999999999
110128139144141130113 99 88 79 75 76 80 83 80 72 59 39 20  8  8 19 38 6220 527EI 3111451259 83999999999999991017 751929  799999999999999
 90115134145149144129111 94 81 72 69 72 77 81 80 73 60 42 24 13 13 23 4120 528EI 3571491417 819999999999999911 0 692030 1199999999999999
 65 93118137148151143127107 88 73 64 63 67 75 80 81 76 65 49 33 22 21 2920 529EI 4461511540 82999999999999991145 622139 2099999999999999
 45 68 93118137148149140122100 80 65 57 57 63 73 82 86 84 75 62 47 35 3120 530EI 5381501710 86999999999999991230 562257 3199999999999999
 36 49 69 93115133143143133114 91 70 56 50 52 61 73 85 93 94 89 79 64 5120 531EI 6301441844 95999999999999991313 50999999999999999999999
 44 45 55 71 91111127135133122103 80 59 46 43 48 60 76 92103108106 97 8220 6 1EI 719135201210899999999999999 020 431351 4399999999999999
 66 56 54 61 73 89107120124121109 89 65 45 36 37 46 62 8210211612212211320 6 2EI 8 1124212912399999999999999 139 541422 3599999999999999
 96 78 67 64 67 76 90104113113106 93 71 47 30 27 33 47 67 9211312713513520 6 3EI 832114223413699999999999999 254 641448 2799999999999999
125107 88 77 74 75 81 92102105101 92 75 51 29 18 21 32 50 7510212313714420 6 4EI 852105232914599999999999999 414 741515 1799999999999999
143132112 95 87 83 83 87 95101 98 90 77 58 33 14  9 18 34 57 8511213114220 6 5EI 911101999999999999999999999 541 831547  999999999999999
149147133115101 94 90 89 92 97 98 91 80 65 42 18  4  6 19 39 64 9311813520 6 6EI 019149 935 9999999999999999 653 891623  399999999999999
146151146132116104 98 94 92 94 97 94 85 73 55 32 10  1  7 23 44 71 9912320 6 7EI 1 715110 7 9799999999999999 755 9217 4  199999999999999
138148151145130115104 97 92 90 93 95 91 81 68 49 26  8  3 11 27 50 7710420 6 8EI 1541511052 9599999999999999 850 901752  399999999999999
126141149151142127112100 92 86 86 89 91 88 79 66 47 26 12  9 17 34 56 8320 6 9EI 2381511156 9199999999999999 935 851844  899999999999999
109130144151149138121105 92 83 78 79 84 87 86 79 67 49 31 18 16 25 41 6420 610EI 3201511314 88999999999999991015 781940 1699999999999999
 90114134146151146132113 95 81 72 70 73 80 85 85 80 69 54 38 28 26 34 5020 611EI 3591511436 86999999999999991053 702038 2699999999999999
 72 96119137147148139123102 84 70 63 63 68 77 84 86 83 74 61 48 39 38 4520 612EI 4361491557 86999999999999991131 622139 3899999999999999
 60 79102122137144141130111 91 73 60 55 57 65 75 84 89 88 82 72 61 53 5120 613EI 5151441724 89999999999999991211 552248 5199999999999999
 57 68 85104121133137132118100 80 63 52 49 54 63 75 86 94 96 93 86 76 6820 614EI 5551371857 96999999999999991252 49999999999999999999999
 64 66 75 88104118126128121106 88 68 53 45 44 51 63 78 92103108107101 9120 615EI 639128202410899999999999999 0 9 641332 4499999999999999
 80 74 73 78 88100112118118109 94 76 57 43 38 41 51 66 8410111412212211520 616EI 724119213112399999999999999 137 7214 9 3899999999999999
102 89 80 76 79 86 97106110108 98 82 62 45 34 33 40 53 73 9411312713513320 617EI 8 7110222313599999999999999 3 5 761440 3299999999999999
123108 94 83 78 79 85 94101103 98 86 68 48 33 27 31 42 61 8310612513814420 618EI 84410323 614499999999999999 423 7815 6 2799999999999999
140127110 96 85 80 80 86 93 97 95 87 73 53 34 23 23 33 49 71 9611813414520 619EI 910 97234614899999999999999 527 791528 2299999999999999
147140125109 97 88 83 84 89 93 92 87 76 58 37 22 17 24 38 59 8410812714020 620EI 925 93999999999999999999999 623 821551 1799999999999999
147147136121107 98 90 86 87 91 92 87 78 64 44 24 13 16 28 47 70 9611813320 621EI 025148 938 9299999999999999 715 861618 1399999999999999
143147143131117106 98 92 89 91 93 90 82 71 54 32 15 10 18 34 55 8110612620 622EI 1 414710 0 9399999999999999 8 4 891651  999999999999999
138145147139126113104 97 92 90 92 93 88 78 65 46 25 10  9 21 39 63 9011420 623EI 1421471038 9399999999999999 847 901732  899999999999999
132142148147136121108100 93 89 89 93 93 87 77 62 42 22 10 12 25 45 69 9720 624EI 2221481132 9399999999999999 922 881820  999999999999999
121137147151146132115101 92 86 83 87 92 93 88 79 64 43 24 13 16 30 50 7520 625EI 3 11511241 9399999999999999 953 831915 1399999999999999
103126142152153144127107 92 82 76 77 83 91 94 91 83 69 49 31 22 24 36 5520 626EI 34115414 3 94999999999999991024 762016 2199999999999999
 81107130145153151139118 97 80 70 66 70 80 90 96 97 91 78 60 43 34 35 4520 627EI 4211541535 97999999999999991059 662124 3499999999999999
 62 85110131144150145129107 84 68 58 57 64 76 90100104101 91 76 61 51 5020 628EI 5 315017 9104999999999999991138 572241 4999999999999999
 56 70 89109127139141134117 94 71 55 47 49 58 73 90104112114108 96 81 7020 629EI 5461411842114999999999999991221 47999999999999999999999
 65 67 76 90106121129129120103 80 58 43 37 41 53 71 9211012312812611610120 630EI 630130201312899999999999999 010 6513 4 3799999999999999
 87 79 77 81 90102113118116106 89 66 45 31 28 35 50 72 9711813314214213320 7 1EI 712118213114399999999999999 148 771345 2899999999999999
117101 90 85 85 90 98106108103 93 75 52 32 21 22 32 51 7610312714315315320 7 2EI 748108223515499999999999999 335 841423 2099999999999999
143126110 98 91 88 90 97101100 93 80 61 38 20 13 19 34 55 8311213415015820 7 3EI 818101232916099999999999999 5 6 881459 1399999999999999
158147129113103 96 92 93 97 98 94 84 70 49 26 11 10 21 39 63 9211913915220 7 4EI 845 99999999999999999999999 616 911535  999999999999999
159157144127114105 98 95 96 99 97 89 77 61 39 18  7 11 26 46 7310112514220 7 5EI 018160 914 9999999999999999 713 951612  799999999999999
152157152138123112105 99 97 99100 96 86 73 55 32 14  8 17 33 55 8210913020 7 6EI 1 2157 95210099999999999999 759 971652  899999999999999
143151152145130116107101 97 96100100 95 85 70 51 30 15 13 24 42 65 9111620 7 7EI 143153104010199999999999999 834 961736 1299999999999999
133144150148137121108100 94 92 94 99100 95 85 70 51 31 19 21 32 51 7410020 7 8EI 218150114010099999999999999 9 1 921823 1899999999999999
123138146149142128111 98 90 85 86 91 97 99 95 86 72 53 36 27 30 42 60 8420 7 9EI 2491491250 9999999999999999 926 851914 2799999999999999
109129142148146135117 99 86 78 76 79 88 95 99 97 89 75 58 43 37 40 52 7120 710EI 31814914 9 9999999999999999 954 7620 8 3799999999999999
 94116134145147141125105 86 73 67 68 75 85 94100100 93 81 66 54 49 53 6420 711EI 3481481530101999999999999991025 6621 4 4999999999999999
 81102122136144142130112 91 73 62 58 62 72 84 95102104 99 89 77 67 63 6620 712EI 41914416471049999999999999911 0 5822 8 6399999999999999
 75 90107123134137131117 97 77 62 53 52 58 70 84 97106110108100 91 82 7720 713EI 45313718 7110999999999999991138 512327 7799999999999999
 78 84 95107119126126118102 83 65 52 45 47 56 69 85101113119120114106 9720 714EI 5301271932120999999999999991218 45999999999999999999999
 89 86 88 95104112116114105 89 72 55 43 39 43 54 70 8910712213113312811920 715EI 612116204913399999999999999 1 6 8613 1 3999999999999999
108 97 91 89 92 98104106103 93 79 61 45 35 33 40 54 74 9511613214214513920 716EI 658106214914599999999999999 251 891343 3399999999999999
128114101 92 87 88 93 97 98 94 84 69 51 36 28 29 39 57 8010412614215215320 717EI 746 98223715399999999999999 419 871421 2799999999999999
145131115101 91 86 87 90 94 93 88 76 59 40 26 22 27 42 63 8911413514915720 718EI 826 94232115799999999999999 525 861456 2299999999999999
155145129113101 92 87 88 92 94 90 82 68 49 30 18 18 29 48 72 9912314115320 719EI 854 94999999999999999999999 619 871528 1799999999999999
157153140124111101 94 91 93 96 94 88 77 60 39 21 13 19 34 56 8210913014420 720EI 0 3157 918 9699999999999999 7 4 9116 2 1399999999999999
153154147133118109102 97 95 98100 95 85 72 53 31 15 12 23 42 65 9211813520 721EI 045155 94710099999999999999 743 951638 1199999999999999
146151151140125113106101 98 99103103 95 84 69 48 26 13 16 30 50 7410112520 722EI 125152102710499999999999999 815 981719 1299999999999999
139147150146132116106101 98 97101106105 97 85 69 47 26 16 22 37 57 8310920 723EI 2 3150111910699999999999999 839 9718 5 1699999999999999
130142149149140123106 97 92 91 93101107106100 89 73 51 31 25 31 46 66 9120 724EI 237150122410899999999999999 858 911857 2599999999999999
116135145149146132111 94 84 80 81 88 99107109106 97 81 60 43 37 43 55 7420 725EI 3 9150134910999999999999999 922 801957 3799999999999999
 98121137146147139120 98 79 69 66 70 81 95107113114107 93 74 59 53 56 6620 726EI 342148153611499999999999999 958 6621 7 5399999999999999
 82103122136142140128106 83 65 55 53 60 74 92107118123120108 92 79 71 7120 727EI 41814217 7123999999999999991040 532234 7099999999999999
 77 89104119130133128114 92 69 51 42 43 52 68 88108123132133125113100 9020 728EI 4561331836133999999999999991128 41999999999999999999999
 85 86 92102113120121114100 79 58 41 33 34 45 63 8610912814114614213211820 729EI 53712220 514699999999999999 019 851220 3299999999999999
105 96 92 93 98105110109102 88 69 49 33 26 29 41 61 8611113314915715614620 730EI 623110212315899999999999999 220 921312 2699999999999999
130115103 95 92 93 98101 99 92 80 62 42 27 21 26 40 61 8811513815516416320 731EI 713101222716599999999999999 4 8 9214 2 2199999999999999
152136119105 96 91 91 94 96 94 87 74 56 36 22 19 26 42 65 9312114215716520 8 1EI 8 0 96232116699999999999999 527 901446 1899999999999999
163151134118105 96 91 92 95 96 92 83 70 51 31 19 20 31 49 7310112614415620 8 2EI 840 96999999999999999999999 623 911526 1899999999999999
162158144127114104 97 94 96100 98 91 81 66 45 26 19 24 38 58 8310913014420 8 3EI 0 8162 91610099999999999999 7 3 9416 3 1999999999999999
152155147133118109103 98 98102104100 91 79 62 41 25 22 32 48 69 9411813420 8 4EI 048155 95410499999999999999 733 981640 2299999999999999
143148146136120109103100 98102107107102 92 78 59 38 27 29 41 59 8110512520 8 5EI 121148103710899999999999999 751 981719 2699999999999999
137142144137123108 99 96 95 97104109109103 93 78 58 40 33 38 51 70 9311520 8 6EI 144144112711099999999999999 758 9518 1 3399999999999999
131140143139127110 96 89 87 89 95104110110105 95 79 59 45 41 48 62 8110420 8 7EI 2 3143122811199999999999999 8 7 871847 4199999999999999
124137142142132115 97 84 78 78 83 93103110111108 98 81 64 53 52 59 73 9220 8 8EI 225143134511199999999999999 834 771936 5199999999999999
113130140142136122101 83 71 67 70 78 91103111114112102 86 72 64 63 70 8320 8 9EI 25114215 411499999999999999 9 8 672031 6399999999999999
101119132138137126107 86 69 60 58 64 76 91105114119116107 94 82 76 76 8120 810EI 320139161211999999999999999 942 582134 7599999999999999
 92107121130132126111 91 71 57 50 52 61 76 92107118124123115104 95 89 8720 811EI 3491321720124999999999999991017 502255 8799999999999999
 90 98108117122121112 96 76 59 48 44 48 60 76 9411012313013112611710810020 812EI 4201221835132999999999999991057 44999999999999999999999
 96 95 98104109111108 98 83 66 51 41 40 45 58 76 9611412913814113712911920 813EI 456111195414199999999999999 041 941145 3999999999999999
108100 95 95 97100101 97 88 75 59 45 37 35 42 56 76 9811913614715114813820 814EI 54210121 215199999999999999 237 941240 3599999999999999
125112100 93 90 91 93 94 91 83 71 55 41 32 31 39 55 7710212514315515815420 815EI 649 94215815899999999999999 4 9 901336 3099999999999999
142126111 98 90 87 88 91 93 90 81 68 51 35 26 26 37 56 8110713114915916120 816EI 753 93224716299999999999999 5 9 871426 2599999999999999
155141123108 97 90 88 91 95 96 91 81 65 46 29 20 25 39 61 8711413715115920 817EI 838 96233216099999999999999 551 8815 8 2099999999999999
159150134117105 97 93 94 98102100 92 79 61 40 23 18 28 45 68 9512214015120 818EI 911102999999999999999999999 625 931547 1899999999999999
155153141124110103 99 98102108109103 92 78 57 34 20 21 35 54 7810512814120 819EI 014156 94311099999999999999 650 981624 1999999999999999
148150144129112103101101103109115114106 93 77 55 32 23 29 45 64 8911413220 820EI 052150102211699999999999999 64510117 3 2399999999999999
141144143133115100 95 96 99105114120117108 97 79 56 36 32 41 56 75 9912120 821EI 122144111112099999999999999 6 7 951746 3199999999999999
135140141135120100 87 85 88 93103115122120114104 86 63 47 45 53 67 8510720 822EI 145141121412299999999999999 645 851837 4499999999999999
126135138136126105 85 73 72 76 84 99114123125122113 96 75 62 60 66 77 9320 823EI 2 8138135412599999999999999 740 711939 6099999999999999
112127134135129113 90 70 59 57 63 75 93110123130132125109 91 80 76 78 8520 824EI 241135154313299999999999999 841 5721 5 7699999999999999
 98113124130128119100 76 56 46 45 51 66 86107125136141137125110 98 91 8820 825EI 31913017 314199999999999999 939 442255 8899999999999999
 92100110118121118106 87 65 47 37 36 43 59 8110512614114914914012711310320 826EI 4 11211824150999999999999991037 35999999999999999999999
 96 95 98104109111106 95 78 59 42 32 31 39 55 7710212614415615815214012520 827EI 448111194715899999999999999 049 951138 3099999999999999
111101 94 93 96 99100 97 87 74 57 41 31 29 37 53 7510112614615916416014820 828EI 54610021 316499999999999999 246 931242 2999999999999999
131114101 92 88 89 92 94 92 85 74 58 43 32 30 37 53 7510112714716116616220 829EI 7 1 9422 616699999999999999 418 881342 2999999999999999
149130113 99 89 85 86 90 93 92 86 76 60 43 32 31 40 56 7810412914715916320 830EI 812 93225916399999999999999 517 851435 3099999999999999
158143124108 96 88 85 89 94 97 95 89 77 60 42 33 35 45 62 8511013114515420 831EI 9 2 97234315699999999999999 557 851518 3299999999999999
156147131114102 94 89 90 96102102 98 91 77 57 40 35 41 53 71 9411713314220 9 1EI 936103999999999999999999999 625 891555 3599999999999999
147145133116103 97 93 93 97105109107101 91 74 53 40 40 49 64 8310612413420 9 2EI 01714810 710999999999999999 641 921629 3999999999999999
139140132117102 94 92 93 97105113114110103 90 70 52 44 48 60 75 9611612920 9 3EI 039140104211599999999999999 620 9217 4 4499999999999999
135135131118101 90 87 88 92100111117117112104 88 68 54 51 58 71 8810812420 9 4EI 046136112511899999999999999 559 871741 5199999999999999
132134131121103 87 79 79 83 91103114120119115105 87 69 60 61 68 81 9911720 9 5EI 052134122112099999999999999 626 781822 5999999999999999
129133132124108 88 73 69 72 79 91105117122122118106 88 74 68 70 78 9110820 9 6EI 114133133612399999999999999 7 2 691910 6899999999999999
122130132126113 92 72 61 60 65 76 92108119125127121108 92 81 77 79 86 9820 9 7EI 142132144512799999999999999 741 5920 8 7799999999999999
113124128126116 98 76 58 51 52 61 75 94111123130132125112 99 90 86 87 9220 9 8EI 212128154213299999999999999 819 502122 8699999999999999
102113120122116102 82 61 47 43 47 59 77 97115128136137131119107 98 93 9220 9 9EI 243122163913899999999999999 859 432248 9299999999999999
 95102109113112103 88 69 51 40 38 45 59 78 99118132141143137127116106 9920 910EI 315113174414399999999999999 942 38999999999999999999999
 95 95 98102103100 92 78 61 46 38 37 44 58 77 9911913514614914513612411220 911EI 354103185714999999999999999 029 941035 3699999999999999
102 94 91 92 94 95 92 85 73 59 46 37 36 42 56 75 9812013815015515314313020 912EI 449 9520 815599999999999999 215 911144 3699999999999999
115101 91 86 86 88 90 89 84 74 61 48 38 34 39 52 73 9712114115416015714720 913EI 620 9021 916099999999999999 334 861258 3499999999999999
130113 97 88 83 84 88 92 93 88 79 65 49 36 30 36 50 72 9712314415616115720 914EI 741 9322 216199999999999999 423 8314 1 3099999999999999
144125107 93 86 84 87 94100100 94 84 68 48 32 28 36 52 7510112714515415620 915EI 834101224815799999999999999 456 841450 2899999999999999
151135115 99 91 88 89 96105110107100 87 67 45 30 30 41 59 8210813114414920 916EI 910110232514999999999999999 514 881531 2899999999999999
148139121102 91 90 91 97107117119113103 88 66 43 33 37 51 69 9211613313920 917EI 944119234214099999999999999 447 9016 9 3299999999999999
140136123103 87 84 88 94104117126125117107 90 66 46 41 50 64 8110312313220 918EI1022127233613499999999999999 447 841647 4199999999999999
133131122104 84 74 77 85 95109124131129122112 94 70 55 55 64 76 9211212620 919EI1112131235513099999999999999 512 741729 5399999999999999
130127121108 86 67 62 68 78 91109126133133129120101 80 69 70 77 8610011620 920EI1225134999999999999999999999 552 621821 6899999999999999
125125121111 93 69 53 50 57 69 86107125135139139130112 93 84 83 86 9210420 921EI 031126142814099999999999999 642 501940 8399999999999999
116121120114101 79 56 42 39 46 59 79102123137146148140124108 98 93 91 9520 922EI 118122154514899999999999999 741 392151 9199999999999999
103111115114106 91 69 47 34 32 38 52 74 98121139152156150136121109 99 9420 923EI 214115165315699999999999999 846 322328 9399999999999999
 94 99104107106 98 82 63 44 32 29 35 49 70 9512014115516115714513011510220 924EI 31210718 516199999999999999 951 29999999999999999999999
 94 90 92 95 98 97 90 78 62 46 35 31 35 48 68 9211814015516316115113511820 925EI 415 98191816399999999999999 1 8 901059 3199999999999999
102 91 85 84 87 90 90 86 78 66 52 41 36 38 49 67 9111513715316216115213520 926EI 536 91202716299999999999999 238 841211 3699999999999999
116 99 86 79 78 81 86 89 88 83 73 61 48 41 42 51 68 9011313515015815814820 927EI 717 89212715999999999999999 345 781322 4099999999999999
130110 93 82 75 75 80 88 93 94 90 82 67 53 45 46 54 70 9111413414615215120 928EI 846 94221815399999999999999 433 741423 4499999999999999
139120101 87 78 74 77 86 95101102 98 87 70 55 47 50 59 75 9611713314214520 929EI 948102225814599999999999999 5 6 741512 4799999999999999
140125106 90 81 77 77 84 96105109109103 89 70 55 51 56 66 8310412113213620 930EI1030110232413699999999999999 527 761552 5199999999999999
135126108 90 80 77 78 83 95107115116114105 87 67 57 57 64 76 941121241292010 1EI11 0116233113099999999999999 522 771627 5699999999999999
129123109 90 77 73 75 81 92106117121121116103 83 67 62 66 74 871051191252010 2EI1130122232812599999999999999 5 0 731659 6299999999999999
125120109 90 74 67 69 75 86100115123125124116 99 81 71 70 75 84 981131222010 3EI12 8125233812399999999999999 510 671733 6999999999999999
123119109 92 72 61 60 66 77 91108121126128125114 97 82 77 78 83 931061172010 4EI1257128235912199999999999999 533 591813 7799999999999999
121118110 96 75 57 51 55 65 79 97114125130131126113 97 86 83 85 89 991102010 5EI1346131999999999999999999999 6 2 5119 7 8399999999999999
117117111 99 80 59 45 44 51 64 82103120130135135127113 99 91 88 88 931022010 6EI 027118143313699999999999999 637 432028 8899999999999999
110113110102 86 65 45 36 38 49 65 87108125136141140130115103 95 90 89 932010 7EI 1 1113152014199999999999999 716 362143 8999999999999999
100106107102 91 73 52 36 31 35 48 68 91113130142147144133119107 97 91 882010 8EI 14010716 914799999999999999 8 0 312258 8899999999999999
 91 96100 99 94 81 63 45 32 29 35 49 69 93116134146151148138124110 98 902010 9EI 22610017 715199999999999999 850 29999999999999999999999
 85 86 90 92 92 86 75 59 44 33 30 36 50 69 93116135149154152142128112 98201010EI 323 93181215599999999999999 020 85 949 3099999999999999
 87 81 80 83 86 87 83 74 62 48 38 34 37 49 67 90114134149156155145130112201011EI 439 87191915799999999999999 137 8011 4 3499999999999999
 95 83 76 76 79 84 87 86 80 69 57 44 37 37 47 64 87111133149156155145128201012EI 617 87202015799999999999999 237 751228 3699999999999999
108 90 78 73 74 79 87 93 94 89 79 65 50 38 37 46 63 85110132147153151140201013EI 739 94211215499999999999999 319 721338 3699999999999999
120 99 82 73 72 76 85 96104105100 89 72 53 40 39 48 65 87111132143146141201014EI 837105215214699999999999999 346 721434 3899999999999999
128106 85 73 70 74 82 96109116115109 96 76 54 43 45 56 71 93115131136135201015EI 921117221313699999999999999 351 701518 4299999999999999
127110 87 70 65 69 78 91109122126124116101 78 58 51 56 67 82101119127126201016EI 959126221812899999999999999 353 651558 5199999999999999
121109 88 66 55 59 69 82101120132133130122104 81 65 63 70 79 93109120121201017EI1042134223112299999999999999 411 551637 6299999999999999
115106 89 66 47 44 53 68 85108127137138136128109 87 76 77 82 89101113118201018EI1147139225611899999999999999 440 431722 7699999999999999
113104 91 71 47 33 35 48 64 86111130140144143134115 97 89 89 91 95104112201019EI1327144233111399999999999999 519 321830 8999999999999999
112106 95 79 56 33 24 28 42 60 84110130142149150141123108 99 95 93 96102201020EI1436151999999999999999999999 6 7 2321 2 9399999999999999
107106 99 88 70 46 27 19 24 37 56 82108130145155156147131116105 96 91 92201021EI 018107153715799999999999999 7 3 192224 9199999999999999
 96100 99 94 82 64 42 26 19 23 35 55 80107130148159160151136120105 93 86201022EI 122100163716199999999999999 8 7 192340 8599999999999999
 85 88 92 93 88 78 62 44 30 23 25 37 55 80106130149160161153137119101 88201023EI 242 93173716299999999999999 914 23999999999999999999999
 79 77 80 84 87 84 77 65 50 38 31 32 41 58 80105128147157158150134115 96201024EI 4 4 87183815999999999999999 051 771023 3199999999999999
 81 72 70 73 78 82 83 80 72 61 50 42 41 47 61 81103125142152153144129108201025EI 541 83193615399999999999999 154 701140 4099999999999999
 89 74 66 64 68 75 82 87 87 82 73 62 52 48 53 64 81102122137145145137120201026EI 732 87203014699999999999999 248 641258 4899999999999999
 99 80 67 61 60 67 77 88 95 97 95 85 72 59 54 57 66 82101120132138136126201027EI 9 2 97211713899999999999999 331 6014 8 5499999999999999
108 87 70 60 57 60 71 85 97106109106 94 77 64 58 61 70 84103119128130126201028EI10 3109215313099999999999999 4 1 5715 9 5899999999999999
112 92 73 60 56 57 65 80 96109117119113 97 79 66 63 66 75 90106118122121201029EI1049119221512399999999999999 417 5516 1 6399999999999999
112 95 74 59 53 54 60 74 92109120126125115 96 79 70 68 72 82 97110116115201030EI1127127222611699999999999999 420 521647 6899999999999999
109 96 76 57 48 49 56 68 86105119128131127112 93 80 75 75 80 90103110111201031EI12 2131223311199999999999999 424 481730 7499999999999999
106 95 77 56 44 42 49 61 78 98115126132133124108 92 84 81 82 88 971061072011 1EI1236133224410899999999999999 436 421818 8199999999999999
103 94 79 58 41 35 40 52 68 89109122130134132120104 93 88 86 87 931011042011 2EI131113523 110499999999999999 456 351914 8699999999999999
102 94 81 62 41 29 31 41 56 77 99117128134136130116103 94 90 88 90 951002011 3EI1347136232610199999999999999 523 282012 8899999999999999
100 94 84 68 47 29 23 29 43 62 85107124134139138129114102 95 90 87 89 942011 4EI1424140999999999999999999999 556 2321 8 8799999999999999
 96 94 87 75 56 35 21 19 29 45 67 92114130140144140129114102 93 86 83 852011 5EI 0 3 9715 414499999999999999 637 1822 4 8399999999999999
 90 91 88 81 67 47 28 17 18 29 48 72 97120136146149143129114100 89 81 782011 6EI 054 91155014999999999999999 724 1623 0 7899999999999999
 80 84 86 84 76 61 43 27 18 20 31 50 74100123140150152145130113 96 83 752011 7EI 158 86164115399999999999999 819 182358 7299999999999999
 72 74 79 82 81 73 61 45 31 23 24 34 52 75101124142152153145130111 92 772011 8EI 313 82173815499999999999999 922 22999999999999999999999
 68 66 69 75 80 81 76 66 53 40 31 30 37 53 74 99122140150151143127106 862011 9EI 439 81183715299999999999999 053 661038 2999999999999999
 71 62 61 66 74 81 85 84 77 65 52 41 36 41 53 73 95118136146146137120 98201110EI 614 85193314799999999999999 141 6012 2 3699999999999999
 77 62 56 57 65 76 87 95 96 91 80 65 51 43 45 55 72 93115131139138128109201111EI 740 96202014099999999999999 219 551318 4299999999999999
 85 64 53 51 56 67 83 98107110106 94 76 59 49 50 59 74 93113126130125113201112EI 851110205513099999999999999 246 501422 4999999999999999
 92 67 49 44 47 57 74 94111120123118105 84 66 58 59 67 79 97112119117109201113EI 952123211411999999999999999 3 3 441515 5799999999999999
 94 70 47 35 36 46 62 83107124131133128112 90 73 68 70 76 87101110110103201114EI1049133212811299999999999999 320 3416 3 6899999999999999
 92 72 47 27 23 32 47 68 94118132139140133116 95 82 80 81 85 94104107100201115EI1146140214710799999999999999 346 221653 8099999999999999
 90 74 51 26 12 15 29 49 74102125138144145137119101 92 90 89 91 98103101201116EI1242145221310399999999999999 418 111852 8999999999999999
 91 78 59 34 12  4 12 28 51 78106128140148148139122106 99 95 92 93 97 99201117EI13381492248 9999999999999999 458  42020 9299999999999999
 94 83 69 49 24  5  1 11 29 52 81108129143151151141124110101 94 89 89 92201118EI14321522338 9399999999999999 544  12128 8899999999999999
 93 88 78 64 43 20  5  3 12 30 54 82109131146154153141125109 97 87 82 82201119EI1524155999999999999999999999 638  22227 8199999999999999
 85 86 83 75 62 42 23 10  8 17 33 57 84111132148155152139122104 89 78 72201120EI 052 86161415599999999999999 739  72320 7299999999999999
 73 77 81 80 74 62 46 30 18 16 24 39 61 87112133148153148134115 95 79 67201121EI 224 8117 215399999999999999 843 16999999999999999999999
 63 65 71 76 78 75 66 54 40 30 28 33 46 66 90113132144148141126105 85 68201122EI 354 78175014899999999999999 0 9 63 949 2799999999999999
 58 55 58 66 73 78 78 74 65 53 44 40 44 54 71 91112129138139131115 95 74201123EI 532 79183714099999999999999 056 5511 3 4099999999999999
 59 50 49 54 63 73 82 85 84 78 68 58 52 53 60 74 91109123131130120104 83201124EI 717 86192313199999999999999 142 481225 5299999999999999
 63 49 43 44 51 64 77 89 96 98 93 82 70 62 60 65 75 90105117122119109 91201125EI 845 9820 712299999999999999 222 421346 6099999999999999
 70 51 40 37 41 52 69 86100109112106 93 78 68 64 67 76 89103111113108 95201126EI 949112204511399999999999999 255 3715 3 6499999999999999
 76 55 39 32 34 42 58 79 98113122123114 98 82 72 67 69 77 89100105104 95201127EI1038124211610699999999999999 319 321613 6799999999999999
 79 58 39 29 28 34 48 69 91110124131129117 99 84 74 70 72 80 91 98 98 93201128EI11181322137 9999999999999999 337 271713 7099999999999999
 81 62 40 26 22 27 39 59 82104121132136130114 98 85 78 74 77 84 91 93 90201129EI11551362151 9399999999999999 353 2218 7 7499999999999999
 80 64 43 25 17 20 31 49 72 95114127135135125110 96 87 81 78 81 87 90 87201130EI123113722 1 9099999999999999 4 9 171858 7899999999999999
 80 67 47 26 13 13 23 39 60 85106121131136132119105 95 88 83 81 84 87 862012 1EI13 61362216 8899999999999999 430 121948 8199999999999999
 80 69 53 31 13  7 13 28 48 72 96114126134135127114102 94 87 82 82 84 852012 2EI13401352242 8599999999999999 457  72037 8199999999999999
 81 72 59 40 19  6  5 16 34 56 82105121131136134124110 98 90 83 79 80 822012 3EI14161372324 8299999999999999 532  42122 7999999999999999
 82 76 66 52 31 12  2  6 19 39 64 90112128137140134121106 93 84 77 74 762012 4EI1454140999999999999999999999 614  222 3 7499999999999999
 79 78 73 63 47 27 10  3  8 22 44 70 96119134142143134118101 86 75 69 672012 5EI 025 79153514499999999999999 7 4  32242 6799999999999999
 71 75 76 72 62 46 28 12  6 12 26 48 74101123138145144132114 94 77 66 602012 6EI 139 77162014699999999999999 8 0  62322 6099999999999999
 61 67 73 76 73 65 51 34 20 14 18 32 52 77103124139145141127107 85 68 562012 7EI 3 2 7617 714599999999999999 9 3 14999999999999999999999
 52 55 63 72 77 78 72 60 45 32 25 27 38 56 78102122136140134119 97 74 572012 8EI 433 78175614099999999999999 0 4 521016 2599999999999999
 46 44 50 60 72 81 85 83 75 62 48 39 38 45 59 78 99117129131124107 85 622012 9EI 6 8 85184413199999999999999 046 441138 3799999999999999
 44 36 37 45 59 75 89 97 98 92 80 65 53 49 52 62 77 95111119119110 93 69201210EI 739 98192812099999999999999 124 3513 2 4999999999999999
 46 31 26 31 43 61 82 99110113110 98 81 66 59 60 66 77 92104109105 95 76201211EI 9 111320 310999999999999999 158 261424 5999999999999999
 51 29 17 17 27 44 67 92111123128124111 92 76 69 67 71 79 91 98 98 91 78201212EI10 81282028 9999999999999999 228 161548 6799999999999999
 57 31 11  5 11 26 48 75102122133138134118 99 84 78 75 76 82 90 93 88 77201213EI11 51382049 9399999999999999 257  51717 7599999999999999
 61 38 12 -3 -3  9 29 55 85111129139143137120102 90 85 81 81 86 90 88 78201214EI11571432112 9099999999999999 328 -51832 8199999999999999
 65 46 21 -2-12 -5 11 34 63 93117133142144136119104 94 89 85 84 88 89 82201215EI12471452142 8999999999999999 4 4-121937 8499999999999999
 71 55 34  9-11-15 -4 15 40 70 99121134142143133117103 95 89 84 84 86 85201216EI13351442222 8799999999999999 444-152033 8499999999999999
 78 65 49 27  3-12-12  1 21 47 76103123135142140129113 99 90 83 79 80 83201217EI14211432319 8399999999999999 529-142120 7999999999999999
 81 74 63 46 25  4 -8 -6  7 27 53 82107125137142137123106 92 81 74 71 74201218EI15 4142999999999999999999999 620 -92159 7199999999999999
 78 78 73 63 47 27  9  0  3 15 34 60 87111128138140132116 97 81 69 62 62201219EI 033 78154314099999999999999 715 -12235 6199999999999999
 67 73 75 73 65 51 33 18 10 13 24 43 67 92114130137136124105 85 68 57 52201220EI 2 1 75162113899999999999999 814 102313 5199999999999999
 53 61 69 74 74 68 57 43 30 23 25 35 52 74 97116129133128113 92 72 55 45201221EI 333 74165713399999999999999 915 232352 4299999999999999
 42 47 56 66 74 77 74 66 55 44 38 39 47 61 80 99115124125116100 79 59 44201222EI 5 5 771735125999999999999991023 37999999999999999999999
 35 35 42 53 65 76 82 83 78 69 60 53 52 57 67 82 97109115113103 86 66 47201223EI 638 83181511699999999999999 032 341144 5199999999999999
 33 27 30 38 52 67 81 91 95 93 85 75 66 62 63 70 80 92101105101 89 72 53201224EI 8 9 95185810599999999999999 113 271317 6299999999999999
 35 24 21 26 37 54 73 90102108107 99 87 75 68 66 69 77 86 93 94 89 76 59201225EI 9211091941 9599999999999999 152 211453 6699999999999999
 39 23 15 16 24 40 60 82101115121119108 94 80 70 66 67 74 81 86 85 78 64201226EI10151212022 8699999999999999 226 141616 6699999999999999
 45 26 12  8 13 27 47 70 94113125130125112 95 81 71 66 67 72 78 80 76 66201227EI10591302054 8099999999999999 256  81721 6599999999999999
 50 30 12  3  5 15 33 57 82105122132133125109 93 80 71 67 68 73 76 75 68201228EI11381342116 7699999999999999 321  31816 6699999999999999
 55 36 15  1 -1  6 21 44 69 94113127134131120104 91 80 72 69 71 74 74 69201229EI12161342131 7499999999999999 345 -219 6 6999999999999999
 59 43 22  3 -5 -2 11 31 56 82103119129132126113 99 88 79 73 71 73 75 71201230EI12521322149 7599999999999999 411 -61952 7199999999999999
 63 49 31  9 -6 -9  0 18 41 67 92110122129129120106 94 85 78 73 73 75 74201231EI13291302221 7699999999999999 442-102033 7399999999999999
