 19 19 20 20 20 20 19 18 17 15 12 10  7  6  5  5  6  8 11 14 17 18 18 1820 1 1F3 324 202144 1899999999999999 0 2 191414  599999999999999
 17 17 17 17 17 17 16 16 15 14 12 10  9  7  6  6  7  8 10 12 14 16 17 1620 1 2F32217 179999999999999999999991439  6999999999999999999999
 16 15 14 14 14 14 13 13 13 12 11 11  9  9  8  8  8  9 10 11 13 15 16 1620 1 3F32241 169999999999999999999991441  8999999999999999999999
 15 14 13 12 11 11 10 10 10 10 10 10 10 10 10 10 10 11 11 12 13 14 15 1620 1 4F323 3 169999999999999999999991045 10999999999999999999999
 15 14 13 11 10  8  8  7  7  7  8  9 10 11 12 12 13 13 13 14 14 15 15 1620 1 5F32326 16999999999999999999999 736  7999999999999999999999
 16 15 13 11  9  7  6  5  4  5  6  8 10 12 13 14 15 16 16 16 16 16 16 1720 1 6F32353 17999999999999999999999 755  4999999999999999999999
 17 17 15 13 10  7  5  3  2  3  4  6  9 12 15 16 18 18 19 19 18 18 18 1820 1 7F31834 19999999999999999999999 823  22149 1899999999999999
 19 18 17 15 12  8  5  3  1  1  1  4  7 11 15 18 20 21 21 21 21 20 20 1920 1 8F3 026 191850 2199999999999999 856  12250 1999999999999999
 20 20 20 18 15 11  7  3  1 -1 -1  1  4  9 14 18 21 22 23 23 23 22 22 2120 1 9F3 1 7 201848 2399999999999999 933 -12339 2199999999999999
 21 21 22 21 19 15 10  5  1 -1 -2 -2  1  5 11 16 20 23 24 24 24 24 23 2220 110F3 155 221839 24999999999999991014 -2999999999999999999999
 22 22 23 23 22 19 14  9  3 -1 -3 -4 -3  1  6 12 18 22 24 24 24 24 23 2320 111F3 248 231855 2499999999999999 020 221058 -499999999999999
 22 22 23 23 24 22 19 13  7  2 -2 -4 -4 -3  1  7 13 19 22 23 23 23 22 2220 112F3 341 241922 2499999999999999 058 221145 -499999999999999
 22 21 21 22 23 24 22 18 12  6  1 -3 -4 -4 -2  2  8 14 18 21 22 21 20 2020 113F3 435 241953 2299999999999999 134 211233 -499999999999999
 20 20 20 20 21 22 22 20 16 10  5  0 -2 -3 -3 -1  3  9 14 18 19 19 18 1820 114F3 531 232025 2099999999999999 030 201322 -499999999999999
 17 18 17 17 18 19 20 20 18 14  9  4  1 -1 -1 -1  1  5 10 14 16 17 17 1520 115F3 631 202057 1799999999999999 114 1714 7 -199999999999999
 15 14 14 14 14 14 16 17 17 16 13  9  5  3  2  2  3  4  8 11 14 15 15 1420 116F3 739 172127 1599999999999999 348 141445  299999999999999
 13 12 11 11 10 10 10 12 14 14 14 12  9  7  6  6  6  7  8 10 12 14 15 1420 117F3 9 3 142155 1599999999999999 449 101445  699999999999999
 12 10  9  8  7  6  6  7  8 10 12 12 11 10 10 10 10 11 11 12 13 14 14 1420 118F31047 122220 1599999999999999 554  61417 1099999999999999
 13 11  9  7  6  4  3  2  3  5  8 10 12 13 13 13 14 15 15 15 15 15 15 1520 119F32024 15999999999999999999999 657  2999999999999999999999
 15 13 11  8  6  4  2  0  0  1  3  7 10 13 15 16 17 18 19 19 18 17 17 1720 120F31835 19999999999999999999999 752  0999999999999999999999
 17 16 14 11  8  5  2  0 -2 -2  0  3  7 11 15 17 18 20 21 21 21 20 19 1820 121F31913 21999999999999999999999 840 -2999999999999999999999
 18 18 17 14 11  7  4  1 -1 -3 -2  0  4  9 14 17 19 21 22 22 22 22 21 2020 122F31955 22999999999999999999999 923 -3999999999999999999999
 20 19 19 18 15 11  7  3  0 -2 -3 -2  1  6 11 16 19 21 22 22 22 22 22 2120 123F32046 2399999999999999999999910 3 -3999999999999999999999
 21 20 21 20 18 15 11  6  2 -1 -3 -3 -1  3  8 14 18 21 22 22 22 22 22 2220 124F32012 229999999999999999999991040 -3999999999999999999999
 21 21 21 21 21 18 15 10  5  1 -1 -3 -2  0  5 10 16 19 21 21 21 20 20 2020 125F31832 219999999999999999999991116 -32318 2099999999999999
 20 20 20 21 21 20 18 13  8  4  0 -2 -2 -1  2  7 12 17 20 20 20 18 18 1820 126F3 348 211853 20999999999999991150 -222 2 1899999999999999
 19 19 19 20 20 20 19 16 11  6  2 -1 -2 -2  0  4  9 13 17 19 18 17 16 1620 127F3 428 201919 19999999999999991223 -22242 1699999999999999
 16 17 17 18 18 19 18 16 13  8  4  1 -1 -1  0  2  6 10 14 16 17 16 14 1320 128F3 5 3 191944 17999999999999991254 -12323 1399999999999999
 13 14 15 15 16 16 16 15 13 10  6  3  1  0  0  2  4  8 11 14 15 15 13 1220 129F3 535 1620 9 15999999999999991321  0999999999999999999999
 11 11 12 12 13 14 14 14 13 10  7  5  3  2  2  2  4  7 10 12 14 14 12 1120 130F3 611 142030 1499999999999999 011 111341  299999999999999
  9  9  9  9 10 10 11 11 11 10  8  6  5  4  4  4  5  7  9 11 13 13 12 1020 131F3 7 0 112048 1399999999999999 118  91337  499999999999999
  9  8  7  7  7  7  8  9  9  9  8  7  6  6  6  7  8  9 10 11 12 13 12 1120 2 1F3 820  921 2 1399999999999999 3 5  71257  699999999999999
  9  7  6  5  5  5  5  6  7  7  8  8  8  8  9  9 10 11 12 12 13 13 13 1220 2 2F32113 13999999999999999999999 432  5999999999999999999999
 10  8  6  5  4  3  3  3  4  5  7  8  9 10 11 12 13 14 14 14 14 14 14 1320 2 3F32113 14999999999999999999999 550  3999999999999999999999
 12 10  7  5  4  2  1  1  2  3  5  7  9 11 13 14 15 16 17 16 16 16 15 1520 2 4F318 2 17999999999999999999999 654  1999999999999999999999
 14 12 10  7  4  2  1  0 -1  0  2  5  8 11 14 16 17 18 19 19 18 17 17 1620 2 5F31817 19999999999999999999999 745 -1999999999999999999999
 16 15 13 10  7  4  1 -1 -2 -2 -1  2  6 10 14 17 18 20 20 20 20 19 18 1720 2 6F31834 20999999999999999999999 833 -2999999999999999999999
 17 17 16 14 10  6  3 -1 -3 -4 -4 -2  2  7 12 16 19 20 21 21 20 20 19 1820 2 7F31835 21999999999999999999999 920 -4999999999999999999999
 18 18 18 17 14 10  6  1 -3 -5 -6 -5 -3  2  8 13 17 20 21 20 20 19 19 1820 2 8F31817 2199999999999999999999910 7 -62359 1799999999999999
 17 18 19 19 18 15 10  5 -1 -4 -7 -7 -6 -3  3  9 15 18 20 19 19 18 17 1720 2 9F3 252 191823 20999999999999991056 -7999999999999999999999
 16 16 18 20 20 19 15 10  3 -2 -6 -7 -8 -6 -2  4 10 15 18 18 17 15 15 1420 210F3 353 201841 1899999999999999 021 161145 -899999999999999
 14 14 15 17 19 20 19 14  9  2 -3 -5 -7 -7 -5  0  6 11 15 16 15 14 12 1120 211F3 452 2019 5 1699999999999999 046 141233 -799999999999999
 11 11 11 13 16 18 19 17 13  7  2 -2 -4 -5 -4 -2  2  8 12 14 14 12 10  920 212F3 550 191930 1599999999999999 115 111320 -599999999999999
  8  8  8  8 11 14 16 17 16 12  7  3  0 -1 -1 -1  2  6 10 12 13 12 10  720 213F3 652 171954 1399999999999999 155  814 1 -199999999999999
  6  5  5  5  5  8 11 14 15 13 11  7  5  4  4  4  4  6  9 11 13 12 10  720 214F3 759 152016 1399999999999999 245  41429  499999999999999
  5  4  3  2  2  3  5  8 11 12 12 10  9  8  8  9  9 10 11 12 13 13 11  920 215F3 919 122031 1399999999999999 346  21311  899999999999999
  6  4  2  1  0  0  0  2  5  8 10 11 11 11 12 13 14 14 14 14 14 14 13 1120 216F31836 14999999999999999999999 456  0999999999999999999999
  9  6  4  2  0 -1 -2 -1  0  3  6  9 11 12 14 15 17 17 17 17 16 15 14 1320 217F31728 18999999999999999999999 614 -2999999999999999999999
 11  9  7  4  2  0 -1 -2 -2 -1  2  6  9 12 14 16 18 19 20 19 18 17 16 1520 218F318 2 20999999999999999999999 724 -3999999999999999999999
 14 12 10  8  5  2  0 -2 -3 -3 -1  3  7 11 14 16 18 19 20 20 20 18 17 1620 219F31837 21999999999999999999999 822 -3999999999999999999999
 15 14 13 11  8  5  2  0 -2 -3 -3  0  4  8 12 16 18 19 20 20 20 19 18 1620 220F319 8 20999999999999999999999 911 -3999999999999999999999
 16 16 15 14 12  9  5  2 -1 -3 -3 -2  1  5 10 14 17 18 18 18 18 18 17 1620 221F31815 18999999999999999999999 953 -3999999999999999999999
 16 16 16 16 15 12  8  4  1 -2 -3 -3 -1  2  7 12 15 17 17 17 16 16 16 1520 222F31737 179999999999999999999991030 -3999999999999999999999
 15 15 16 17 16 14 11  7  3 -1 -3 -3 -3  0  4  9 13 16 16 15 14 13 13 1320 223F3 319 171746 1699999999999999 017 1511 3 -32138 139999999
 13 14 14 16 16 16 13 10  5  1 -2 -3 -3 -2  2  6 11 14 15 15 13 11 10 1120 224F3 4 5 1618 5 15999999999999991135 -322 9 1099999999999999
 11 11 12 14 15 16 14 12  7  3  0 -2 -3 -2  0  4  8 12 14 14 12 10  8  820 225F3 446 161827 149999999999999912 6 -32245  899999999999999
  8  9 10 12 13 14 14 12  9  5  2 -1 -2 -2 -1  2  6 10 12 13 11  9  7  620 226F3 525 141847 13999999999999991236 -22324  699999999999999
  6  6  7  9 11 12 13 12 10  7  4  2  0  0  1  2  5  8 11 12 11  9  6  420 227F3 6 5 1319 5 129999999999999913 2  0999999999999999999999
  4  4  5  6  8 10 11 12 11  9  6  4  3  3  3  4  6  8 10 11 11  9  6  420 228F3 649 121918 1199999999999999 0 7  41316  399999999999999
  3  2  3  3  5  7  9 10 10  9  8  6  5  5  6  6  7  9 10 11 11 10  7  520 229F3 741 101926 1299999999999999 058  21226  599999999999999
  2  1  1  2  3  4  6  8  9  9  9  8  8  8  9  9 10 11 12 12 12 11  9  620 3 1F3 849  91926 1299999999999999 155  11154  899999999999999
  3  2  1  1  1  2  4  6  7  9  9  9 10 10 11 12 13 13 13 13 13 12 11  820 3 2F31840 13999999999999999999999 256  1999999999999999999999
  5  3  1  1  0  0  1  3  5  7  8 10 11 12 13 14 15 16 15 15 14 13 12 1020 3 3F31654 16999999999999999999999 4 4  0999999999999999999999
  8  5  3  1  0  0  0  0  2  4  6  9 11 13 14 16 17 18 17 16 15 14 13 1220 3 4F31710 18999999999999999999999 529  0999999999999999999999
 10  8  6  3  1  0 -1 -2 -1  1  3  6 10 12 15 16 18 19 19 18 16 15 14 1320 3 5F31731 19999999999999999999999 658 -2999999999999999999999
 13 11  9  6  3  1 -1 -3 -3 -3 -1  2  6 10 14 16 18 18 18 18 17 15 14 1420 3 6F31744 19999999999999999999999 8 6 -3999999999999999999999
 14 14 13 10  7  3  0 -3 -4 -5 -5 -2  2  7 11 15 17 17 17 17 16 15 14 1320 3 7F31726 18999999999999999999999 9 4 -523 6 1399999999999999
 14 15 15 14 12  8  3 -1 -4 -6 -7 -6 -3  2  8 12 15 16 16 15 14 13 12 1220 3 8F3 156 151715 1699999999999999 958 -72316 1299999999999999
 12 13 16 17 16 13  8  3 -2 -5 -7 -7 -6 -2  3  9 13 15 15 13 11 10  9  920 3 9F3 3 5 171726 15999999999999991049 -72331  999999999999999
  9 10 13 16 18 17 13  8  2 -2 -5 -6 -7 -5 -1  5 10 13 14 12 10  7  6  620 310F3 4 6 181745 14999999999999991140 -72350  699999999999999
  6  6  9 13 17 18 17 13  8  2 -1 -3 -4 -4 -2  2  7 11 13 12  9  6  3  320 311F3 5 5 1818 8 13999999999999991229 -5999999999999999999999
  2  2  4  8 12 16 18 17 13  8  4  1  0 -1  0  2  6 10 12 12 10  6  3  020 312F3 6 5 181831 1399999999999999 019  21316 -199999999999999
  0 -1  0  2  6 11 15 17 16 12  9  6  5  4  4  5  7 10 12 13 11  8  4  020 313F3 7 7 171851 1399999999999999 1 5 -114 1  499999999999999
 -1 -2 -2 -2  1  5 10 13 15 14 12 10  9  9  9  9 10 11 12 13 12 10  6  220 314F3 814 1519 5 1399999999999999 158 -21348  999999999999999
  0 -2 -3 -3 -2  0  4  8 11 13 13 13 13 13 14 14 14 14 14 14 14 12  9  620 315F3 939 141657 1499999999999999 256 -31151 1399999999999999
  2  0 -1 -2 -3 -2  0  3  6 10 12 13 14 15 16 17 18 17 17 16 15 13 11  920 316F316 2 18999999999999999999999 4 3 -3999999999999999999999
  6  4  1  0 -1 -2 -2 -1  2  5  9 11 13 15 17 18 19 20 19 17 16 14 13 1120 317F31642 20999999999999999999999 524 -2999999999999999999999
  9  7  5  3  1  0 -1 -1  0  2  5  8 12 14 16 18 19 20 20 19 17 15 14 1220 318F31717 20999999999999999999999 649 -1999999999999999999999
 11 10  8  6  4  2  1 -1 -1  0  2  5  9 12 15 17 18 19 19 18 17 15 14 1320 319F31745 19999999999999999999999 757 -1999999999999999999999
 12 12 11  9  7  5  3  1 -1 -1  0  3  6 10 13 15 16 17 17 16 16 14 13 1220 320F31731 17999999999999999999999 850 -1999999999999999999999
 12 12 13 12 10  8  5  2  0 -1 -1  0  3  7 11 14 15 15 14 14 13 12 12 1120 321F31631 15999999999999999999999 933 -12326 1199999999999999
 11 12 13 13 12 10  7  4  1  0 -1 -1  1  5  9 12 14 14 13 11 10 10  9  920 322F3 243 131633 14999999999999991010 -123 6  999999999999999
  9 11 12 13 13 12  9  6  3  0 -1 -1  0  3  6 10 13 13 12 10  8  7  7  720 323F3 333 131648 13999999999999991043 -12157  799999999999999
  7  9 10 12 13 13 11  8  4  2  0 -1 -1  1  5  8 11 12 12  9  7  5  4  420 324F3 417 1417 7 13999999999999991115 -12214  499999999999999
  5  6  8 11 13 14 13 10  7  4  2  0  0  1  4  7 10 12 12 10  6  4  2  220 325F3 459 141726 12999999999999991148  02244  299999999999999
  2  4  6  9 11 13 13 12  9  6  4  3  2  2  4  6  9 11 12 10  7  4  1  020 326F3 540 131742 12999999999999991221  22317  099999999999999
  0  1  3  6  9 12 13 13 11  9  7  6  5  5  5  7  9 11 12 11  8  4  1 -120 327F3 622 131755 12999999999999991254  52353 -199999999999999
 -1  0  1  4  7 10 13 13 13 11  9  8  8  8  8  9 10 12 13 12 10  6  2  020 328F3 7 7 1318 3 13999999999999991327  8999999999999999999999
 -1 -1 -1  1  5  8 11 13 13 13 12 11 11 11 11 11 12 13 13 13 11  8  4  120 329F3 757 1318 4 1399999999999999 030 -11241 1199999999999999
 -1 -1 -1  0  2  5  9 11 13 13 13 13 13 14 14 14 14 14 14 14 13 10  7  320 330F31611 15999999999999999999999 111 -1999999999999999999999
  1 -1 -1 -1  1  3  6  9 11 13 14 14 14 15 16 17 17 16 16 15 14 12  9  620 331F31512 17999999999999999999999 159 -1999999999999999999999
  3  1  0 -1  0  1  3  5  8 11 12 14 15 16 17 18 18 18 17 16 14 13 11  920 4 1F31544 18999999999999999999999 258 -1999999999999999999999
  6  3  1  0  0  0  1  2  4  7 10 12 14 16 17 18 19 19 18 16 15 13 12 1120 4 2F31614 19999999999999999999999 417  0999999999999999999999
  9  7  4  2  0  0 -1  0  1  3  6  9 12 15 16 17 18 18 17 16 14 13 12 1220 4 3F31634 18999999999999999999999 6 4 -1999999999999999999999
 11 10  8  5  3  1 -1 -2 -2 -1  2  5  9 12 15 16 17 17 16 15 13 12 11 1220 4 4F31619 17999999999999999999999 736 -22213 1199999999999999
 12 13 12  9  6  3  0 -2 -3 -3 -2  1  5  9 13 15 15 15 14 12 11 10  9 1020 4 5F3 047 131556 1599999999999999 844 -32215  999999999999999
 11 13 14 14 11  7  4  0 -2 -3 -3 -2  1  6 10 13 14 13 12 10  8  7  6  620 4 6F3 2 8 1416 3 1499999999999999 943 -32226  699999999999999
  8 11 14 16 15 13  9  4  1 -1 -2 -2 -1  3  7 11 13 13 11  8  5  4  3  320 4 7F3 315 161621 13999999999999991039 -22241  399999999999999
  4  7 12 16 18 17 14 10  6  3  1  0  0  2  6 10 13 13 11  8  4  1  0 -120 4 8F3 417 181644 13999999999999991132  023 6 -199999999999999
  0  2  6 12 17 19 18 15 11  8  5  4  3  4  6  9 12 14 13 10  5  1 -2 -320 4 9F3 517 1917 7 14999999999999991224  32345 -399999999999999
 -3 -2  1  6 12 17 20 19 16 13 10  9  8  8  8 10 13 15 15 12  8  3 -1 -420 410F3 617 201730 15999999999999991316  8999999999999999999999
 -4 -4 -3  1  7 13 17 19 19 17 15 14 13 13 12 13 14 15 16 15 11  6  1 -220 411F3 719 201748 1699999999999999 033 -51412 1299999999999999
 -4 -5 -4 -3  1  7 12 17 19 19 18 17 17 17 17 17 17 17 17 16 14 10  6  220 412F3 827 19999999999999999999999 124 -5999999999999999999999
 -1 -3 -3 -3 -1  2  7 12 16 18 18 18 19 20 20 20 19 19 18 17 16 13  9  620 413F31419 20999999999999999999999 218 -3999999999999999999999
  3  1 -1 -1 -1  0  3  7 11 15 17 18 19 20 21 22 22 21 19 18 16 14 12  920 414F31514 22999999999999999999999 316 -1999999999999999999999
  7  4  3  1  1  1  2  4  7 11 14 16 18 19 20 21 22 21 20 18 16 15 13 1220 415F31556 22999999999999999999999 428  1999999999999999999999
 10  8  6  5  3  3  2  3  4  7 10 13 16 17 19 20 20 20 19 18 16 14 13 1220 416F31627 20999999999999999999999 558  2999999999999999999999
 11 10  9  7  6  5  4  3  3  5  7 10 13 15 17 18 18 18 17 16 14 13 12 1220 417F31625 18999999999999999999999 716  3999999999999999999999
 12 12 11 10  8  7  5  4  3  4  5  8 11 13 15 16 16 15 14 13 12 11 10 1020 418F31513 16999999999999999999999 814  32239 1099999999999999
 11 12 12 11 10  8  7  5  4  3  4  6  8 11 14 15 14 13 12 11 10  9  8  820 419F3 155 121511 1599999999999999 9 0  32222  899999999999999
  9 11 12 12 12 10  8  6  5  4  4  5  7 10 12 14 14 12 10  8  7  6  6  620 420F3 254 121524 1499999999999999 938  42154  699999999999999
  7  9 11 13 13 12 10  8  6  5  4  4  6  8 11 13 14 12 10  7  5  4  3  420 421F3 343 131542 14999999999999991013  42146  399999999999999
  5  8 10 13 14 14 13 10  8  7  6  5  6  8 11 13 14 13 10  7  4  2  1  220 422F3 428 1416 0 14999999999999991050  522 5  199999999999999
  3  5  9 12 14 15 15 13 11  9  8  7  7  9 11 13 14 14 12  8  4  1  0  020 423F3 510 151617 14999999999999991129  72233  099999999999999
  1  3  7 11 14 16 17 16 14 12 11 10 10 10 12 14 15 15 13 10  6  2  0 -120 424F3 551 171632 15999999999999991210 1023 3 -199999999999999
 -1  1  4  9 13 16 18 18 17 15 14 13 13 13 13 15 16 16 15 12  8  3  0 -120 425F3 632 181645 16999999999999991255 132336 -199999999999999
 -1  0  2  6 11 15 18 19 19 17 16 16 16 16 16 16 17 18 17 14 11  6  2  020 426F3 716 191655 18999999999999991347 16999999999999999999999
 -1 -1  1  4  8 13 16 19 19 19 18 18 19 19 18 18 18 19 18 16 13  9  5  120 427F3 8 6 191654 1999999999999999 011 -11040 1899999999999999
  0 -1  0  2  5  9 14 17 19 20 19 19 20 21 21 20 20 19 19 17 15 12  8  420 428F31329 21999999999999999999999 051 -1999999999999999999999
  2  0  0  1  3  6 10 14 16 18 19 20 20 21 22 22 21 20 19 18 16 14 11  720 429F31415 22999999999999999999999 138  0999999999999999999999
  4  2  1  1  2  4  6  9 13 16 18 19 20 21 21 22 21 20 19 18 16 15 13 1020 430F31455 22999999999999999999999 235  1999999999999999999999
  7  5  3  2  2  2  4  6  8 12 14 17 18 19 20 21 20 20 18 17 15 15 14 1320 5 1F31522 21999999999999999999999 345  2999999999999999999999
 11  8  6  4  3  2  2  3  5  7 10 14 16 18 18 19 18 18 17 15 14 13 13 1320 5 2F315 7 19999999999999999999999 519  2999999999999999999999
 13 12 10  7  5  4  3  2  3  4  7 10 13 16 17 17 16 15 14 13 11 10 11 1220 5 3F31426 17999999999999999999999 7 1  22113 1099999999999999
 14 14 14 11  9  6  5  4  3  3  5  7 11 14 16 16 15 13 11  9  8  7  7  920 5 4F3 059 141433 1699999999999999 820  32125  799999999999999
 12 15 16 16 14 11  8  6  5  5  5  6  9 12 15 16 15 12  9  7  5  4  4  520 5 5F3 216 161453 1699999999999999 927  52142  499999999999999
  8 12 16 18 18 16 13 11  9  8  7  7  9 12 15 16 16 13  9  5  3  1  0  120 5 6F3 324 191516 16999999999999991029  722 8  099999999999999
  3  8 13 18 21 21 19 16 13 12 11 11 11 12 15 17 18 16 12  7  2  0 -2 -220 5 7F3 428 211543 18999999999999991127 112243 -299999999999999
 -1  3  9 15 20 23 23 21 18 17 16 15 15 15 16 18 19 19 15 10  5  1 -2 -320 5 8F3 529 2316 9 19999999999999991224 142326 -399999999999999
 -3 -1  3 10 16 22 24 24 22 21 20 20 19 18 19 20 21 21 19 15  9  4  0 -220 5 9F3 628 241633 21999999999999991323 18999999999999999999999
 -3 -3  0  5 11 18 22 25 25 24 23 23 23 22 22 22 22 22 21 19 14  9  4  120 510F3 728 251646 2299999999999999 013 -31435 2299999999999999
 -1 -2 -1  2  7 13 18 22 24 25 24 24 25 25 25 24 23 23 23 21 18 13  9  520 511F31254 25999999999999999999999 1 2 -2999999999999999999999
  2  1  1  1  4  8 14 18 22 24 24 24 25 26 26 26 25 24 23 21 19 17 13  920 512F31353 26999999999999999999999 151  0999999999999999999999
  6  4  3  3  4  6 10 14 18 21 22 23 24 25 25 26 25 24 22 21 20 18 15 1220 513F31443 26999999999999999999999 241  3999999999999999999999
 10  8  6  5  5  6  8 11 14 17 20 21 22 23 23 24 24 23 21 20 18 17 16 1420 514F31520 24999999999999999999999 337  5999999999999999999999
 12 11  9  8  7  7  8  9 11 14 17 19 20 21 21 21 21 21 20 18 17 16 15 1420 515F31529 21999999999999999999999 445  7999999999999999999999
 14 13 11 10  9  9  8  9 10 12 14 16 18 19 19 19 18 18 17 16 15 14 13 1320 516F31347 19999999999999999999999 6 5  8999999999999999999999
 14 13 13 12 11 10  9  9  9 10 12 14 16 18 18 17 16 15 14 13 12 11 11 1220 517F31344 18999999999999999999999 713  92139 1199999999999999
 13 14 14 13 13 12 11 10 10 10 11 13 15 17 17 17 15 13 12 10  9  9  9 1020 518F3 156 141356 1799999999999999 8 6 102118  999999999999999
 11 13 14 15 15 14 13 12 11 11 11 13 15 16 17 17 15 13 10  8  7  6  7  820 519F3 3 4 151412 1799999999999999 852 112111  699999999999999
 10 12 15 16 16 16 15 14 13 13 13 13 15 16 18 18 16 13 10  7  5  4  4  620 520F3 358 161430 1899999999999999 937 122124  499999999999999
  8 11 14 17 18 18 18 17 16 15 15 15 16 17 19 19 18 15 12  8  5  3  3  420 521F3 444 181448 19999999999999991023 152148  399999999999999
  6 10 14 17 19 21 21 20 19 18 17 17 17 18 20 20 20 18 14 10  6  3  2  220 522F3 524 2115 7 20999999999999991112 172218  299999999999999
  4  7 12 16 20 22 23 22 22 21 20 20 20 20 21 22 22 20 17 12  8  4  2  220 523F3 6 2 231527 229999999999999912 2 202251  299999999999999
  3  5 10 15 19 23 24 25 24 23 23 23 22 22 22 23 24 23 20 16 11  6  3  220 524F3 641 251548 24999999999999991256 222327  299999999999999
  2  4  7 12 17 21 24 26 26 25 25 25 25 24 24 24 25 24 22 19 14  9  5  320 525F3 724 2616 8 25999999999999991357 24999999999999999999999
  2  3  5  9 14 19 23 25 26 26 26 26 26 26 25 25 25 25 24 22 18 13  8  520 526F31012 26999999999999999999999 0 7  2999999999999999999999
  3  3  4  6 10 15 19 23 25 26 26 26 26 27 26 26 25 25 24 23 20 16 12  820 527F313 2 27999999999999999999999 051  3999999999999999999999
  5  4  4  5  7 11 15 19 22 24 25 25 25 26 26 26 25 24 23 23 21 19 15 1120 528F31346 26999999999999999999999 140  4999999999999999999999
  8  6  5  5  6  8 11 14 18 21 23 23 24 24 25 25 24 23 22 21 20 19 18 1520 529F31420 25999999999999999999999 233  5999999999999999999999
 11  9  7  6  6  7  8 11 14 17 20 21 22 22 22 22 22 21 19 18 18 18 18 1720 530F31413 22999999999999999999999 333  6999999999999999999999
 15 12 10  8  8  8  8  9 11 14 17 19 20 21 20 20 19 18 17 15 15 15 16 1720 531F31246 212329 1899999999999999 443  820 1 1599999999999999
 17 16 14 12 11 10 10 10 11 12 15 17 19 20 19 18 16 15 14 12 11 12 13 1520 6 1F313 0 20999999999999999999999 615 102021 1199999999999999
 18 19 18 16 15 14 13 13 12 13 14 16 19 20 20 18 16 13 11  9  8  8  9 1220 6 2F3 1 6 191322 2099999999999999 754 122046  899999999999999
 16 19 21 21 19 18 17 16 16 16 16 17 19 21 21 20 17 13 10  7  6  5  5  720 6 3F3 229 211347 2199999999999999 918 162116  599999999999999
 11 16 21 23 24 23 21 20 20 20 19 19 20 22 23 22 20 16 12  7  5  3  2  420 6 4F3 343 241416 23999999999999991030 192152  299999999999999
  7 12 18 23 26 26 26 24 24 23 23 23 23 23 25 25 24 20 15 10  6  3  2  120 6 5F3 448 261447 25999999999999991134 232233  199999999999999
  3  8 14 20 25 28 29 28 27 27 27 26 26 26 26 27 27 25 20 15  9  5  3  120 6 6F3 546 291518 27999999999999991235 262316  199999999999999
  2  4  9 16 23 27 30 30 29 29 29 29 29 28 28 29 29 28 25 20 14  9  5  320 6 7F3 639 301547 29999999999999991339 28999999999999999999999
  2  3  6 12 18 24 29 30 31 30 30 30 30 30 30 29 30 29 28 24 19 14  9  620 6 8F3 731 31999999999999999999999 0 2  2999999999999999999999
  5  4  5  9 14 20 25 29 30 30 30 30 31 31 31 30 30 29 28 26 23 18 14 1020 6 9F31256 31999999999999999999999 047  4999999999999999999999
  8  6  6  8 11 16 21 25 28 29 29 29 29 30 30 30 29 28 28 27 24 21 17 1420 610F31349 30999999999999999999999 132  6999999999999999999999
 11  9  8  9 10 13 17 21 24 26 27 27 27 28 28 28 28 27 26 25 24 22 19 1620 611F31431 28999999999999999999999 215  8999999999999999999999
 14 12 11 10 11 12 15 18 21 24 25 25 25 26 26 26 26 25 24 23 22 21 20 1820 612F31458 26999999999999999999999 255 10999999999999999999999
 16 14 13 12 12 13 14 16 18 21 23 24 24 24 23 23 23 22 21 20 20 19 19 1820 613F31147 24999999999999999999999 334 12999999999999999999999
 17 16 15 14 14 14 14 15 17 19 21 22 23 22 22 21 20 19 19 18 17 17 17 1720 614F312 1 23999999999999999999999 410 14999999999999999999999
 17 17 16 16 16 16 16 16 17 18 20 21 22 22 21 19 18 17 16 15 14 14 15 1620 615F31217 22999999999999999999999 452 162032 1499999999999999
 17 18 18 18 18 18 18 18 18 19 20 21 22 22 21 19 17 15 14 13 12 12 13 1420 616F31234 229999999999999999999992024 12999999999999999999999
 16 18 19 20 20 20 20 20 20 20 21 22 23 23 22 21 18 15 13 11 10 10 11 1320 617F31252 239999999999999999999992036 10999999999999999999999
 15 18 20 22 22 23 23 22 22 22 22 23 24 25 24 23 20 17 13 11  9  8  9 1120 618F3 520 231313 2599999999999999 9 6 2221 0  899999999999999
 14 18 21 23 25 25 25 25 25 25 24 25 25 26 26 25 23 19 15 11  9  8  8  920 619F3 545 251338 269999999999999910 6 242131  799999999999999
 12 16 20 24 26 28 28 28 28 27 27 27 27 28 28 28 26 22 18 14 10  8  7  720 620F3 6 5 2814 7 289999999999999911 3 2722 6  799999999999999
 10 14 19 23 27 29 30 30 30 30 29 29 29 29 30 30 29 26 22 17 12  9  7  620 621F3 628 301440 30999999999999991158 292244  699999999999999
  8 11 16 21 26 29 31 32 31 31 31 31 30 30 30 31 31 29 25 21 15 11  8  620 622F3 656 321517 31999999999999991252 302326  699999999999999
  7  8 12 18 23 28 31 32 32 32 32 32 32 31 31 31 32 31 29 24 19 14 10  720 623F3 915 321557 32999999999999991346 31999999999999999999999
  6  7  9 13 19 24 28 31 32 31 31 31 32 31 31 31 31 31 30 27 23 18 13  920 624F310 5 32999999999999999999999 011  6999999999999999999999
  7  7  7 10 14 19 24 28 30 30 30 30 30 31 30 30 30 30 30 29 26 22 17 1220 625F31250 31999999999999999999999 058  7999999999999999999999
  9  8  8  9 11 15 20 24 27 28 28 28 28 29 29 28 27 27 28 28 27 24 20 1620 626F31133 29999999999999999999999 147  8999999999999999999999
 13 10  9  9 10 13 16 20 24 26 27 26 26 26 26 26 25 24 24 25 25 25 23 2020 627F31159 2720 4 2599999999999999 234  91730 2499999999999999
 17 14 12 12 12 13 15 18 21 23 25 25 25 24 23 23 22 21 21 21 22 23 23 2220 628F31047 252150 2399999999999999 318 121818 2099999999999999
 20 18 16 15 15 15 16 17 19 22 24 25 24 23 22 21 20 18 17 17 17 19 21 2220 629F31115 252340 2399999999999999 351 1519 1 1799999999999999
 23 22 20 19 19 19 19 20 20 22 23 25 25 24 22 20 18 16 15 13 13 14 17 2020 630F31143 25999999999999999999999 4 2 191942 1399999999999999
 23 24 24 23 23 23 23 23 23 24 24 26 26 26 24 21 18 15 13 11 10 10 12 1620 7 1F3 132 241211 2699999999999999 6 8 232022 1099999999999999
 20 24 26 27 27 27 27 27 27 27 27 27 28 28 27 24 21 17 14 11  9  8  9 1220 7 2F3 7 9 271243 2899999999999999 945 2721 3  899999999999999
 17 22 26 29 30 30 30 31 31 30 30 30 30 30 30 28 25 21 16 12  9  8  7  920 7 3F3 756 311319 309999999999999911 1 302145  799999999999999
 13 18 24 29 31 33 33 33 33 33 33 32 32 32 32 32 30 26 21 16 12  9  7  720 7 4F3 727 339999999999999999999992228  7999999999999999999999
 10 14 20 26 31 34 34 34 34 34 35 34 34 34 34 34 33 30 26 21 15 11  9  820 7 5F3 8 7 359999999999999999999992311  8999999999999999999999
  8 11 16 22 28 33 35 35 35 34 35 35 35 34 34 35 35 33 30 25 20 15 11  920 7 6F311 8 359999999999999999999992353  9999999999999999999999
  9 10 13 18 25 30 33 35 34 34 34 34 35 35 34 34 35 34 33 29 24 19 15 1220 7 7F3 714 351411 3599999999999999 930 34999999999999999999999
 10 10 12 15 21 26 31 33 34 33 32 33 33 34 34 33 34 34 33 31 27 23 18 1520 7 8F3 748 341457 3499999999999999 035 101011 3299999999999999
 12 12 12 14 18 22 27 30 32 32 31 31 31 32 32 32 32 32 32 30 28 25 21 1720 7 9F3 823 321525 3299999999999999 113 121053 3199999999999999
 15 13 13 14 16 20 24 27 29 30 30 29 29 29 30 30 29 29 29 29 27 25 23 1920 710F3 857 301447 3099999999999999 148 131141 2999999999999999
 17 16 15 15 16 18 21 24 27 28 28 27 27 27 27 27 27 27 26 26 26 25 23 2120 711F3 928 28999999999999999999999 217 15999999999999999999999
 19 18 17 17 18 19 21 23 25 27 27 27 26 25 24 24 24 24 23 23 23 23 22 2120 712F3 956 27999999999999999999999 235 17999999999999999999999
 20 20 19 19 20 20 21 23 24 26 27 26 25 24 23 22 22 21 21 21 21 21 21 2120 713F31018 27999999999999999999999 231 191911 2199999999999999
 21 21 21 22 22 22 23 24 25 26 27 27 26 25 23 21 20 19 18 18 18 19 20 2120 714F31038 279999999999999999999991911 18999999999999999999999
 22 23 23 24 25 25 25 26 26 27 27 28 27 26 24 22 20 18 17 16 16 17 18 2020 715F31057 289999999999999999999991932 16999999999999999999999
 22 24 25 26 27 28 28 28 28 28 29 29 29 28 26 24 21 18 16 15 14 15 17 1920 716F31120 2999999999999999999999920 3 14999999999999999999999
 22 24 27 28 29 30 31 31 30 30 30 31 31 30 29 26 23 20 17 15 13 13 14 1720 717F3 632 311152 3199999999999999 919 302037 1399999999999999
 20 24 27 30 31 32 33 33 33 32 32 32 32 32 31 29 26 22 19 15 13 12 12 1520 718F3 648 339999999999999999999992115 12999999999999999999999
 18 22 27 30 33 34 35 35 35 34 34 33 34 34 34 33 30 26 21 17 14 12 11 1220 719F3 7 4 359999999999999999999992156 11999999999999999999999
 15 19 24 29 33 35 36 36 36 35 35 35 34 35 35 35 33 30 25 20 16 12 10 1020 720F3 656 361420 35999999999999991153 342239 1099999999999999
 12 15 21 26 31 34 36 36 36 36 35 35 35 35 35 36 36 33 29 24 19 14 11 1020 721F3 652 361516 36999999999999991231 352325  999999999999999
 10 12 16 22 27 32 35 35 35 35 35 35 34 34 34 35 36 36 33 29 23 17 13 1020 722F3 7 9 351611 36999999999999991126 34999999999999999999999
  9 10 12 17 23 28 32 34 34 33 33 33 33 33 33 33 35 36 35 32 27 21 16 1320 723F3 734 3417 6 3699999999999999 012  912 0 3399999999999999
 11 10 11 14 18 24 29 31 32 32 31 30 31 31 30 30 32 33 34 33 30 26 20 1620 724F3 8 2 3218 6 3499999999999999 1 0 101243 3099999999999999
 14 12 12 13 16 20 25 29 30 30 29 28 28 28 28 27 28 29 31 32 31 29 25 2120 725F3 831 311912 3299999999999999 146 121337 2799999999999999
 17 16 15 15 16 19 23 26 28 29 29 27 26 25 25 24 24 24 26 28 29 29 27 2520 726F3 859 292032 2999999999999999 227 1516 9 2499999999999999
 22 20 19 19 20 21 23 25 27 29 29 27 25 24 23 22 21 21 21 22 25 26 27 2720 727F3 927 2922 7 2799999999999999 247 191711 2199999999999999
 25 24 24 24 24 24 25 26 27 29 29 28 26 24 22 21 19 18 17 18 19 22 25 2720 728F3 952 29999999999999999999999 211 241815 1799999999999999
 27 27 27 28 28 29 29 29 29 30 30 30 29 27 24 21 19 17 16 15 15 17 21 2420 729F31015 309999999999999999999991914 15999999999999999999999
 27 29 30 31 32 33 33 33 32 32 32 32 31 30 27 24 21 18 16 14 13 14 16 2020 730F3 611 3399999999999999999999920 7 13999999999999999999999
 25 28 31 33 34 35 36 36 36 35 34 34 34 33 31 28 25 21 18 15 13 12 13 1720 731F3 649 369999999999999999999992056 12999999999999999999999
 21 26 31 33 35 36 37 38 38 37 36 35 35 35 34 32 29 25 21 17 14 13 12 1420 8 1F3 732 389999999999999999999992141 12999999999999999999999
 18 23 28 33 35 37 37 38 38 38 37 37 36 36 36 36 33 30 25 21 17 14 13 1320 8 2F3 828 389999999999999999999992223 12999999999999999999999
 15 19 25 31 34 37 37 37 37 37 37 37 37 36 37 37 36 34 29 24 20 16 14 1320 8 3F3 8 0 371448 37999999999999991232 3623 4 1399999999999999
 14 17 22 27 32 35 37 36 36 35 36 36 36 36 36 37 37 36 33 28 23 19 15 1420 8 4F3 613 371540 3799999999999999 849 352342 1399999999999999
 14 15 18 24 29 33 35 36 35 34 34 34 35 35 35 36 37 36 35 31 26 21 18 1520 8 5F3 634 361625 3799999999999999 934 33999999999999999999999
 14 15 17 21 26 30 33 34 34 32 31 32 32 33 33 34 35 35 35 32 29 24 20 1720 8 6F3 659 3417 5 3599999999999999 017 141016 3199999999999999
 16 15 16 19 23 27 31 33 33 31 30 29 30 30 31 31 32 33 33 32 30 26 22 1920 8 7F3 726 331743 3399999999999999 049 151058 2999999999999999
 18 17 17 19 21 25 28 31 31 30 29 27 27 28 28 29 29 30 31 30 29 27 24 2220 8 8F3 751 311823 3199999999999999 116 171146 2799999999999999
 20 19 19 20 22 24 27 29 30 30 28 27 26 25 26 26 26 27 28 28 28 27 25 2420 8 9F3 813 301915 2899999999999999 135 191250 2599999999999999
 22 22 22 22 23 25 27 29 30 30 28 27 25 24 24 24 24 24 25 26 26 26 26 2520 810F3 831 302034 2699999999999999 127 221447 2499999999999999
 24 24 25 25 26 27 28 29 30 30 29 27 26 24 23 22 22 22 23 23 24 25 26 2620 811F3 843 30999999999999999999999 035 241613 2299999999999999
 26 26 27 28 28 29 30 30 31 31 30 29 27 25 23 22 21 20 20 21 22 23 25 2620 812F3 850 319999999999999999999991727 20999999999999999999999
 27 28 29 30 31 32 32 32 32 32 32 31 29 27 25 23 21 20 19 19 20 21 23 2620 813F3 839 329999999999999999999991832 19999999999999999999999
 27 29 31 32 33 34 34 34 33 33 33 32 31 29 27 24 22 20 19 18 18 19 21 2420 814F3 540 349999999999999999999991925 18999999999999999999999
 27 30 32 34 35 36 36 36 35 34 34 34 33 32 30 27 24 21 19 17 16 17 18 2120 815F3 554 369999999999999999999992013 16999999999999999999999
 25 29 32 34 36 37 37 37 37 36 35 35 35 34 33 30 27 23 20 17 15 15 15 1820 816F3 612 379999999999999999999992059 15999999999999999999999
 22 26 31 34 36 37 38 38 37 36 36 35 35 36 35 34 31 27 22 18 15 14 13 1420 817F3 622 389999999999999999999992145 13999999999999999999999
 18 22 28 32 35 37 37 37 37 36 36 35 35 36 37 37 35 31 26 21 17 14 12 1220 818F3 6 7 371426 37999999999999991128 352232 1299999999999999
 14 18 23 29 33 36 36 36 35 35 34 34 34 35 36 37 37 35 31 25 20 15 12 1120 819F3 6 5 361527 38999999999999991149 342319 1199999999999999
 12 14 19 24 30 33 35 35 34 32 32 32 32 32 34 36 38 37 35 30 24 18 15 1320 820F3 619 351624 38999999999999991210 32999999999999999999999
 12 12 15 20 26 31 33 34 32 30 29 29 29 29 30 32 35 37 37 34 29 23 18 1620 821F3 640 341723 3799999999999999 0 7 121138 2999999999999999
 14 14 15 18 23 28 31 32 32 29 27 26 26 26 26 28 31 34 36 35 33 28 23 2020 822F3 7 4 321824 3699999999999999 054 141225 2699999999999999
 18 17 17 19 22 26 29 31 31 29 26 24 24 23 23 23 25 28 31 34 34 31 28 2520 823F3 728 321931 3499999999999999 139 171412 2399999999999999
 23 22 22 22 23 26 29 31 31 30 27 24 23 22 21 21 21 23 26 29 31 32 31 2920 824F3 751 312049 3299999999999999 219 221513 2199999999999999
 27 27 27 27 27 28 29 31 32 31 29 26 24 22 20 19 19 19 20 23 26 29 30 3120 825F3 810 32999999999999999999999 1 0 271620 1999999999999999
 30 30 31 32 32 32 32 32 33 32 31 29 26 24 22 20 18 17 17 19 21 25 28 3020 826F3 811 339999999999999999999991736 17999999999999999999999
 31 32 34 35 36 36 36 35 34 34 33 32 30 27 24 22 20 18 17 16 17 20 24 2720 827F3 454 369999999999999999999991850 16999999999999999999999
 30 33 35 36 38 38 38 38 36 35 35 34 33 31 28 25 23 20 18 16 16 17 20 2420 828F3 530 399999999999999999999991953 16999999999999999999999
 28 32 34 36 38 39 39 39 38 37 36 35 35 34 32 29 26 23 20 18 16 16 17 2020 829F3 6 8 399999999999999999999992047 15999999999999999999999
 24 29 33 36 37 38 39 39 38 37 36 35 35 35 35 33 30 27 23 20 17 16 16 1720 830F3 642 399999999999999999999992134 16999999999999999999999
 21 26 31 34 36 37 37 37 37 36 36 35 35 35 36 35 34 30 26 22 19 17 16 1620 831F3 6 9 3714 7 36999999999999991140 352214 1699999999999999
 19 23 28 32 35 36 36 35 35 34 34 34 34 34 36 36 35 33 29 25 21 18 16 1620 9 1F3 513 3615 3 36999999999999991142 342251 1699999999999999
 17 20 25 30 33 35 35 33 32 32 32 32 32 33 34 35 36 35 32 28 23 20 17 1620 9 2F3 523 351550 3699999999999999 9 5 322323 1699999999999999
 16 18 22 27 31 33 34 32 30 29 29 29 30 31 32 34 35 35 33 30 26 22 19 1720 9 3F3 542 341634 3599999999999999 940 292353 1799999999999999
 17 18 20 24 28 32 33 32 30 28 26 27 27 28 29 31 33 34 33 31 28 24 21 1920 9 4F3 6 5 331716 34999999999999991017 26999999999999999999999
 18 19 20 23 27 30 32 32 30 27 25 24 25 25 27 28 30 32 32 32 29 26 23 2120 9 5F3 626 321758 3299999999999999 021 181057 2499999999999999
 21 20 21 23 26 29 31 31 30 27 24 23 23 23 24 26 28 29 31 31 30 28 26 2420 9 6F3 645 311844 3199999999999999 044 201142 2399999999999999
 23 23 23 24 26 29 30 31 30 28 25 23 22 22 22 23 25 27 29 30 30 29 27 2620 9 7F3 658 311937 3099999999999999 052 231234 222358 269999999
 26 26 26 27 28 29 31 31 31 29 26 23 22 21 21 21 23 24 26 28 29 29 29 2820 9 8F3 7 4 312047 29999999999999991341 212324 2899999999999999
 28 29 29 30 30 31 32 32 32 30 28 25 23 21 21 20 21 22 24 26 27 28 29 2920 9 9F3 658 329999999999999999999991450 20999999999999999999999
 30 31 32 32 33 33 33 33 32 31 30 27 25 23 21 20 20 20 21 23 25 27 28 3020 910F3 6 3 3399999999999999999999916 0 20999999999999999999999
 31 32 33 35 35 35 35 34 33 33 31 29 27 25 23 21 20 20 20 21 22 24 27 2920 911F3 426 359999999999999999999991721 20999999999999999999999
 31 33 34 36 37 37 36 35 34 33 32 31 29 27 25 23 21 19 19 18 19 21 24 2720 912F3 442 379999999999999999999991842 18999999999999999999999
 30 32 34 36 37 37 37 36 35 34 33 33 32 30 28 25 22 20 18 17 17 18 20 2320 913F3 5 4 379999999999999999999991947 17999999999999999999999
 27 30 33 35 36 37 37 36 35 34 33 33 33 32 31 28 25 22 19 16 15 15 16 1920 914F3 520 379999999999999999999992041 15999999999999999999999
 23 27 31 34 35 36 36 35 34 33 32 32 33 34 34 32 29 25 21 17 15 13 13 1520 915F3 511 361329 34999999999999991036 322131 1399999999999999
 19 23 28 32 34 35 34 33 32 31 31 30 31 33 35 35 33 29 25 20 16 14 12 1320 916F3 456 351436 35999999999999991045 302220 1299999999999999
 15 19 24 29 32 33 33 31 29 29 28 28 28 30 33 36 36 34 29 24 19 16 14 1320 917F3 5 2 331537 36999999999999991055 2823 9 1399999999999999
 13 16 21 26 30 32 32 30 27 25 25 25 25 26 30 34 36 36 34 29 24 19 17 1520 918F3 519 321636 37999999999999991059 252358 1599999999999999
 15 16 19 24 28 31 31 30 26 23 22 21 21 22 25 29 33 36 36 34 29 25 21 1920 919F3 540 321736 37999999999999991117 21999999999999999999999
 19 18 19 23 27 30 31 30 27 23 20 19 19 19 20 23 28 32 35 36 34 30 26 2420 920F3 6 3 311838 3699999999999999 046 181220 1999999999999999
 23 23 23 24 27 30 32 31 29 25 21 18 17 17 17 18 22 27 31 34 35 33 31 2920 921F3 625 321945 3599999999999999 135 231326 1799999999999999
 28 28 28 28 29 31 32 32 31 28 24 20 18 16 16 16 17 21 25 29 32 33 33 3220 922F3 642 3221 5 3399999999999999 227 281430 162339 329999999
 32 32 33 33 33 33 33 33 33 30 27 23 20 18 17 16 16 17 20 24 27 30 32 3320 923F3 641 339999999999999999999991538 16999999999999999999999
 34 35 36 36 36 36 35 34 34 32 30 27 24 21 19 18 17 16 17 19 22 26 29 3220 924F3 325 369999999999999999999991658 16999999999999999999999
 33 35 37 38 38 38 37 36 34 33 32 30 28 25 23 21 19 18 17 17 18 21 25 2920 925F3 4 9 389999999999999999999991823 17999999999999999999999
 32 34 36 37 38 39 38 37 35 33 33 32 30 29 27 24 22 20 18 17 17 18 21 2520 926F3 448 399999999999999999999991935 17999999999999999999999
 29 32 34 36 37 37 37 36 35 33 32 32 32 31 30 28 25 23 20 18 17 17 18 2220 927F3 519 379999999999999999999992032 17999999999999999999999
 26 29 32 34 35 35 35 34 33 32 31 31 31 32 32 30 28 25 22 20 18 17 17 1920 928F3 518 351321 32999999999999991052 312119 1799999999999999
 23 27 30 32 33 33 32 31 31 30 29 29 30 31 32 32 30 28 24 21 19 17 17 1820 929F3 4 9 331424 32999999999999991050 292157 1799999999999999
 20 24 28 31 32 31 30 29 28 27 27 27 28 29 31 32 31 30 26 23 20 18 17 1720 930F3 4 9 321514 32999999999999991037 272229 1799999999999999
 19 22 26 29 31 30 29 27 25 24 24 25 25 27 29 31 32 31 28 25 22 19 18 182010 1F3 424 3116 0 3299999999999999 925 242259 1899999999999999
 18 20 24 27 30 30 29 26 23 22 21 22 23 24 27 29 31 31 30 27 24 21 20 192010 2F3 444 301643 3299999999999999 945 212327 1999999999999999
 19 20 23 26 29 30 29 26 23 20 19 19 20 22 24 27 30 31 31 29 26 24 22 212010 3F3 5 4 301726 31999999999999991017 192355 2199999999999999
 21 21 23 26 28 30 29 27 24 20 18 18 18 19 22 25 28 30 31 31 29 26 24 242010 4F3 521 301810 31999999999999991053 18999999999999999999999
 23 23 24 26 28 30 30 28 25 21 18 17 17 18 19 22 26 28 30 31 30 28 27 262010 5F3 534 301855 3199999999999999 023 231131 1799999999999999
 26 26 26 28 29 30 30 29 27 23 19 17 16 17 18 20 23 26 29 30 31 30 29 292010 6F3 540 311946 3199999999999999 042 261213 1623 0 299999999
 29 29 29 30 30 31 31 30 28 25 21 18 17 16 17 18 21 24 27 29 30 31 30 302010 7F3 539 3199999999999999999999913 0 16999999999999999999999
 31 31 32 32 32 32 32 31 30 27 24 20 18 17 17 17 19 21 24 26 28 30 30 312010 8F3 518 329999999999999999999991354 17999999999999999999999
 32 33 34 34 34 33 33 32 31 29 26 23 20 18 17 17 17 19 21 23 26 28 29 312010 9F3 254 349999999999999999999991456 17999999999999999999999
 32 33 34 35 35 34 33 32 31 30 28 25 22 20 19 17 17 17 18 20 22 25 27 29201010F3 323 359999999999999999999991613 17999999999999999999999
 31 32 34 35 35 35 33 32 31 30 29 27 25 23 20 19 17 16 16 17 18 20 23 26201011F3 352 359999999999999999999991750 16999999999999999999999
 29 31 33 34 34 34 33 32 30 29 29 28 27 26 23 21 18 17 15 15 15 17 19 23201012F3 414 349999999999999999999991914 15999999999999999999999
 26 29 31 32 32 32 31 30 29 28 27 28 28 28 27 24 21 18 16 14 13 14 15 18201013F3 410 321216 2899999999999999 950 272018 1399999999999999
 22 26 29 30 30 30 29 28 27 26 25 26 28 29 29 28 25 21 18 15 14 13 13 15201014F3 340 311338 2999999999999999 949 252113 1399999999999999
 19 23 27 29 29 28 26 25 23 23 22 23 25 28 30 31 29 26 22 18 16 14 13 14201015F3 340 291444 3199999999999999 957 2222 6 1399999999999999
 16 20 25 28 29 27 25 22 20 19 19 19 21 25 29 32 33 31 27 23 19 17 16 15201016F3 355 291546 339999999999999910 9 192258 1599999999999999
 16 19 23 27 28 28 25 22 18 16 15 15 16 19 24 30 33 34 32 28 24 21 20 19201017F3 416 291647 34999999999999991030 152351 1999999999999999
 19 20 23 26 29 29 27 23 18 15 13 12 13 14 19 25 30 34 35 33 30 26 24 24201018F3 440 291748 359999999999999911 9 12999999999999999999999
 23 23 24 27 29 30 29 26 21 16 12 11 10 11 14 18 25 30 34 35 33 31 29 28201019F3 5 4 301850 3599999999999999 044 2312 1 1099999999999999
 28 28 27 28 30 31 31 29 25 19 15 12 10 10 11 14 19 25 30 33 34 33 32 31201020F3 525 311957 3499999999999999 141 271259 1099999999999999
 32 32 32 31 32 32 32 31 28 24 19 15 13 11 11 12 14 19 24 29 32 33 33 33201021F3 536 33999999999999999999999 057 311358 1199999999999999
 34 34 35 34 34 34 33 32 30 27 23 19 16 14 13 12 13 15 19 23 27 30 32 33201022F3 154 3599999999999999999999915 3 12999999999999999999999
 34 35 36 36 36 35 34 32 31 29 27 23 20 18 16 15 14 14 16 19 22 26 29 31201023F3 248 369999999999999999999991618 14999999999999999999999
 32 34 35 36 36 35 34 32 31 29 28 26 24 22 20 18 17 16 15 16 18 22 25 28201024F3 333 369999999999999999999991746 15999999999999999999999
 30 32 33 34 34 34 33 31 29 28 27 27 26 24 23 21 19 18 17 16 16 18 21 24201025F3 4 7 3499999999999999999999919 4 16999999999999999999999
 27 29 30 31 31 31 31 29 28 26 26 26 26 26 25 23 21 20 18 17 16 17 19 21201026F3 420 3199999999999999999999920 5 16999999999999999999999
 24 27 28 29 29 28 27 26 25 24 24 24 25 26 26 25 23 21 19 18 17 16 17 19201027F3 3 0 291334 269999999999999910 5 242052 1699999999999999
 22 25 27 27 27 25 24 23 22 22 21 22 23 25 26 26 25 23 21 19 18 17 17 18201028F3 251 271435 269999999999999910 0 212130 1799999999999999
 20 23 26 26 26 24 22 20 19 19 19 19 21 23 25 26 26 25 23 20 19 18 17 18201029F3 3 3 261526 2699999999999999 942 1822 2 1799999999999999
 19 22 25 26 26 24 21 18 17 16 16 17 18 21 23 26 27 26 25 22 21 19 19 19201030F3 321 261613 2799999999999999 928 162232 1999999999999999
 20 22 24 26 26 25 22 18 15 14 13 14 16 18 22 25 27 28 27 25 23 21 21 20201031F3 339 261656 2899999999999999 945 1323 5 2099999999999999
 21 22 24 26 27 26 23 19 15 13 12 12 14 16 20 24 27 28 29 27 26 24 23 232011 1F3 357 271738 29999999999999991014 122341 2399999999999999
 23 23 25 27 27 27 25 21 17 13 11 11 12 14 17 22 25 28 30 29 28 27 26 252011 2F3 412 281820 30999999999999991046 11999999999999999999999
 25 25 26 27 28 28 27 23 19 15 12 11 11 12 15 19 24 27 29 30 30 29 28 282011 3F3 424 2919 2 3099999999999999 022 251122 1199999999999999
 28 28 28 29 29 29 28 25 21 17 13 11 11 11 13 17 21 25 28 30 30 30 29 292011 4F3 434 291950 3099999999999999 111 281159 1199999999999999
 30 30 30 30 30 30 29 27 24 20 15 13 11 11 12 14 18 22 26 28 30 30 30 302011 5F3 437 30999999999999999999999 018 291241 1199999999999999
 31 31 31 31 31 30 30 28 26 22 18 15 13 12 12 13 15 18 22 25 27 29 29 302011 6F3 122 319999999999999999999991327 12999999999999999999999
 31 31 32 32 31 30 30 28 27 24 21 17 14 13 12 12 13 15 18 21 24 26 28 292011 7F3 2 4 329999999999999999999991422 12999999999999999999999
 30 31 31 31 31 30 29 28 26 25 22 20 17 14 13 12 12 13 15 17 20 22 25 272011 8F3 241 319999999999999999999991527 12999999999999999999999
 28 29 30 30 30 29 27 26 25 24 23 22 19 17 15 13 12 12 13 14 16 18 21 242011 9F3 311 309999999999999999999991651 12999999999999999999999
 26 27 27 28 28 27 26 24 23 23 23 23 22 20 18 15 14 13 12 12 13 15 18 21201110F3 315 289999999999999999999991828 12999999999999999999999
 23 25 26 25 25 24 23 22 20 20 21 22 23 23 21 19 16 14 13 12 12 13 15 18201111F3 215 261223 2399999999999999 853 201947 1299999999999999
 21 23 24 24 23 21 20 18 17 16 17 19 22 24 24 23 21 18 16 15 14 13 14 16201112F3 211 241344 2499999999999999 9 3 162054 1399999999999999
 19 22 24 24 22 20 17 15 14 13 13 15 18 23 25 26 25 23 20 18 17 16 16 16201113F3 227 241455 2699999999999999 920 132156 1699999999999999
 18 21 24 24 23 20 16 13 11  9  9 10 14 19 24 27 29 28 25 23 21 20 19 19201114F3 250 2416 0 2999999999999999 944  92256 1999999999999999
 20 22 24 26 25 22 18 13  9  7  6  7  9 13 19 25 29 31 30 27 25 24 23 23201115F3 316 2617 2 31999999999999991018  62353 2299999999999999
 22 23 25 27 27 26 22 16 11  7  5  4  5  8 14 20 27 31 32 31 29 28 27 27201116F3 344 2818 2 329999999999999911 2  4999999999999999999999
 26 26 27 28 29 29 26 21 15 10  6  4  4  5  9 15 22 28 32 33 32 31 30 30201117F3 412 2919 1 3399999999999999 051 261151  499999999999999
 30 29 29 30 30 30 29 25 20 14 10  7  5  5  6 10 16 22 28 31 32 32 31 31201118F3 436 3020 4 3299999999999999 155 291244  52221 319999999
 32 32 31 31 31 31 30 28 24 19 14 10  8  7  6  8 12 17 22 27 30 31 31 31201119F3 035 329999999999999999999991338  6999999999999999999999
 32 32 32 32 31 31 30 29 27 23 19 15 12 10  9  9 10 13 17 22 26 28 29 30201120F3 135 339999999999999999999991434  8999999999999999999999
 30 31 32 32 31 30 29 28 27 25 22 18 15 13 12 11 11 12 14 17 21 24 26 27201121F3 226 329999999999999999999991535 11999999999999999999999
 28 29 30 30 30 29 27 26 25 24 22 20 18 16 14 13 13 12 13 15 17 20 23 25201122F3 3 6 309999999999999999999991646 12999999999999999999999
 26 26 27 27 27 26 25 24 22 22 21 21 19 18 17 15 14 14 14 14 15 17 20 22201123F3 330 2799999999999999999999918 5 14999999999999999999999
 23 24 24 24 24 23 22 21 20 19 19 19 19 19 18 17 16 15 15 14 15 16 18 20201124F3 134 249999999999999999999991914 14999999999999999999999
 21 22 22 22 21 20 19 18 17 16 16 17 18 19 19 18 18 17 16 16 15 15 17 18201125F3 124 221343 1999999999999999 922 1620 9 1599999999999999
 20 21 22 21 19 17 16 15 14 13 13 15 16 18 19 20 19 18 18 17 16 16 17 18201126F3 135 221459 2099999999999999 914 132053 1699999999999999
 20 21 22 21 19 16 14 12 11 11 11 12 14 17 19 20 21 20 20 19 18 18 18 18201127F3 152 221557 2199999999999999 9 7 112132 1899999999999999
 20 21 22 22 20 17 13 11  9  8  9 10 12 15 19 21 22 22 22 21 20 20 19 20201128F3 210 221643 2299999999999999 914  82211 1999999999999999
 20 22 23 23 21 18 15 11  8  7  7  8 10 14 18 21 23 24 24 23 23 22 21 21201129F3 229 231722 2499999999999999 937  72253 2199999999999999
 22 23 24 24 23 21 17 12  9  6  6  6  8 12 16 20 24 26 26 26 25 24 24 23201130F3 248 241758 269999999999999910 7  62338 2399999999999999
 23 24 25 26 25 23 20 15 10  7  5  5  6  9 14 19 23 26 27 28 27 26 26 262012 1F3 3 9 261834 28999999999999991040  5999999999999999999999
 25 25 26 27 27 25 22 18 13  9  6  5  5  7 11 16 21 25 27 28 28 27 27 272012 2F3 331 271912 2899999999999999 027 251117  599999999999999
 27 27 27 27 27 27 25 21 16 11  8  6  5  6  8 12 17 22 26 28 28 28 28 282012 3F3 353 272155 2899999999999999 121 271156  599999999999999
 28 28 27 27 28 27 26 23 19 14 10  7  5  5  6  9 14 18 22 25 27 27 27 272012 4F399999999999999999999999999991237  5999999999999999999999
 28 28 28 27 27 27 26 24 21 17 12  9  6  5  6  7 10 14 18 22 24 25 26 262012 5F3 050 289999999999999999999991321  5999999999999999999999
 26 27 27 26 26 25 25 24 22 19 15 11  8  6  6  6  8 10 14 17 21 23 24 242012 6F3 135 2799999999999999999999914 7  6999999999999999999999
 24 25 25 25 24 23 23 22 21 20 17 14 11  8  7  6  7  8 10 13 16 19 21 222012 7F3 212 259999999999999999999991457  6999999999999999999999
 22 22 23 23 22 21 20 19 19 19 18 16 14 11  9  8  8  8  9 11 13 16 18 202012 8F3 230 239999999999999999999991550  8999999999999999999999
 20 20 20 20 19 18 17 16 16 16 17 17 16 14 12 11 10 10 10 11 12 14 16 182012 9F3 013 201038 1799999999999999 742 161655 1099999999999999
 19 19 18 17 16 15 14 12 12 13 14 16 17 17 16 15 13 13 12 12 13 13 15 17201210F3 028 191228 1899999999999999 8 0 121854 1299999999999999
 19 19 18 17 14 12 11  9  8  8 10 13 16 19 19 19 18 17 16 16 15 15 16 17201211F3 050 191359 1999999999999999 826  82048 1599999999999999
 19 20 20 18 15 12  9  6  5  4  5  8 13 17 21 22 22 21 20 19 19 19 18 19201212F3 117 201520 2299999999999999 856  422 6 1899999999999999
 20 21 22 20 17 13  9  6  3  2  2  4  8 13 19 23 25 25 24 23 23 22 22 21201213F3 147 221629 2599999999999999 933  22312 2199999999999999
 22 23 24 23 21 17 12  7  3  1  0  0  3  8 15 21 25 27 27 26 26 25 25 25201214F3 221 241727 28999999999999991014  0999999999999999999999
 24 24 25 26 25 22 17 11  6  2  0 -1  0  4 10 17 23 27 29 29 28 27 27 27201215F3 257 261819 2999999999999999 011 241059 -199999999999999
 27 26 26 27 27 26 22 17 11  5  2  0 -1  1  5 11 18 24 28 29 29 28 28 28201216F3 335 2719 8 2999999999999999 1 6 261147 -199999999999999
 28 28 27 28 28 28 26 21 16 10  5  2  1  1  2  7 13 19 24 27 28 28 27 27201217F3 412 281955 2899999999999999 2 2 271235  022 9 279999999
 28 28 28 27 27 27 27 24 20 15 10  6  3  2  2  4  9 14 20 24 26 26 26 26201218F3 032 289999999999999999999991323  2999999999999999999999
 26 27 27 26 26 26 26 24 22 18 14  9  6  5  4  5  7 10 15 19 22 24 24 24201219F3 129 2799999999999999999999914 8  4999999999999999999999
 24 24 25 25 24 24 23 23 21 19 16 12  9  7  6  6  7  9 12 15 19 21 22 21201220F3 217 259999999999999999999991448  6999999999999999999999
 21 21 22 22 22 21 20 20 19 18 16 14 12 10  9  8  8  9 10 13 16 18 19 19201221F3 252 222253 19999999999999991521  8999999999999999999999
 19 19 19 19 19 18 17 16 16 15 15 14 13 11 10 10 10 10 11 12 14 16 17 18201222F32320 189999999999999999999991536 10999999999999999999999
 18 17 16 16 15 15 14 13 13 12 13 13 13 12 12 12 12 12 12 13 13 15 16 17201223F32342 179999999999999999999991516 12999999999999999999999
 17 17 15 14 13 12 11 10 10 10 10 11 12 13 13 13 14 14 14 14 14 15 16 17201224F39999999999999999999999999999 831 10999999999999999999999
 17 17 15 14 12 10  9  8  7  7  8  9 11 13 14 15 16 16 16 16 16 16 17 17201225F3 0 2 17999999999999999999999 826  7999999999999999999999
 18 18 17 15 12  9  7  6  5  5  6  8 10 13 15 16 17 18 18 18 18 18 18 18201226F3 021 181823 1899999999999999 833  52120 1899999999999999
 19 19 18 16 14 10  7  5  3  3  4  6  9 12 15 18 19 20 20 20 20 20 19 20201227F3 042 191827 2199999999999999 854  32214 1999999999999999
 20 20 20 19 16 13  9  5  3  2  2  4  7 11 15 18 20 22 22 22 22 22 21 21201228F3 110 201833 2399999999999999 924  223 2 2199999999999999
 21 22 22 21 19 15 11  7  4  2  1  2  4  8 13 17 21 23 24 24 24 23 23 22201229F3 143 221841 2499999999999999 958  12347 2299999999999999
 22 23 23 23 21 19 14 10  5  2  0  0  2  5 10 15 20 23 24 25 25 24 24 23201230F3 222 231856 25999999999999991036  0999999999999999999999
 23 23 24 24 24 21 18 13  8  4  1  0  0  2  7 12 17 21 24 25 25 24 24 24201231F3 3 0 241923 2599999999999999 012 231116  099999999999999
