198174141103 72 53 53 7110414318020521521019316814112010911112715017318820 1 1FE1210215234419299999999999999 531 51181810899999999999999
191181159131103 80 70 75 9512415618320020519718115913611811011412714516320 1 2FE1252205999999999999999999999 610 70191211099999999999999
175177169152131110 95 90 9711413816218319519718917415313211610710911913520 1 3FE 042177134219799999999999999 656 90202010799999999999999
151163168165154139124112107112125144163180191193186171150128109 98 9810720 1 4FE 2 6168144419399999999999999 7591072134 9799999999999999
122141157167170165153139126119120129144162179190193186170146119 97 83 8120 1 5FE 348170154919499999999999999 9231192239 8099999999999999
 91111136159176183180168152135124121127142162182195199189168137105 77 6220 1 6FE 51118316461999999999999999910491212330 6099999999999999
 62 78106139171192202197181159137121116124142167190205206192163124 84 5320 1 7FE 6102021735208999999999999991154116999999999999999999999
 39 44 69107151189213221212189159132113109121145176203218214192153105 5920 1 8FE 656221181921999999999999999 014 38124510999999999999999
 27 16 30 66117169211235237221190153121103103121153190219230219187138 8220 1 9FE 73923919 123099999999999999 056 16133010199999999999999
 32  2 -1 23 71132190233252248223184141108 93 9912616620723524022017812020 110FE 819254194224199999999999999 137 -41413 9399999999999999
 57  8-17-11 24 83152212251264252218172127 96 8610013518122324724421616520 111FE 9 0264202524999999999999999 219-191454 8699999999999999
100 36-10-27-12 34102173230263268247206156112 85 8310414619523525224220620 112FE 94126921 825299999999999999 3 1-271536 8199999999999999
150 83 21-18-26 -1 53123192243266263235190139 99 78 8311115720523924923320 113FE1022268215224999999999999999 345-271619 7799999999999999
193135 71 17-14-13 20 77145207247261250217171124 89 76 8611916420823523920 114FE11 2261223924099999999999999 428-1717 3 7699999999999999
219179124 67 23  2 11 47103165215244249233198153111 83 76 9012316520222220 115FE1143250233122599999999999999 513  21750 7699999999999999
223203167120 73 40 28 41 77127177216235233214180139103 81 77 9212215818820 116FE1226237999999999999999999999 558 281841 7699999999999999
205205190161124 89 65 59 73104144183210222217197166131 99 80 77 9011514420 117FE 032207131122299999999999999 648 581941 7699999999999999
170187191183163137111 93 88100123153182202210204186158126 97 78 72 8110120 118FE 15019114 521099999999999999 746 882052 7299999999999999
127153173183183173155135119112117133154176194201197182156125 95 72 63 6720 119FE 330185151120299999999999999 9 31122211 6299999999999999
 84110139166184192188175155137125124133150170189199198183157123 89 62 4820 120FE 51019216232009999999999999910381232322 4799999999999999
 50 68 98134168194207206192169145127121127144168190204203187158119 78 4720 121FE 62520817292059999999999999912 1121999999999999999999999
 31 34 57 94139180210223220201172142120112120141171198213211191155108 6320 122FE 718224182321499999999999999 019 3013 111299999999999999
 29 15 24 54101152198227237228201165130107102116145180210224217189145 9220 123FE 8 1237191022499999999999999 1 7 14134610299999999999999
 43 11  4 21 62117173217242244226190149113 94 9611815519522423221718112920 124FE 837246195023399999999999999 148  31425 9299999999999999
 72 25 -1  1 30 80141197235250242213171128 96 85 9712817221223523420916420 125FE 9 9250202723899999999999999 226 -315 0 8599999999999999
107 51 10 -4  9 49107168218245249229192147107 84 8310514519022523922719320 126FE 93825021 223999999999999999 3 1 -41532 8099999999999999
141 84 34  5  3 29 78138194232247237208166122 90 78 8812016420623223421220 127FE10 5247213523699999999999999 333  016 2 7899999999999999
170117 64 25 10 21 58112168214238238218182140102 80 7910013718021422922020 128FE103124122 722999999999999999 4 4 101632 7799999999999999
190146 96 53 27 26 49 92144192224233222194156117 88 77 8711415319021421720 129FE1056233224121899999999999999 433 2317 3 7799999999999999
201168126 84 52 40 51 81125171206223221201170133102 82 81 9712716219120420 130FE1122225231720599999999999999 5 3 401736 7999999999999999
201181149113 82 63 62 80113152187209214204181150118 94 82 8710613416318320 131FE1150215999999999999999999999 533 601813 8299999999999999
190183165138111 90 81 88108137168191203201187164136110 92 85 9211013315620 2 1FE 0 0190122220499999999999999 6 6 8119 0 8599999999999999
171176171156138119106103111129151172187193188175154130108 92 86 9210612520 2 2FE 05817613 319399999999999999 64710320 2 8699999999999999
144159166166159147135125123128140154169179184180169152130108 91 82 83 9420 2 3FE 22616714 418499999999999999 7501232122 8199999999999999
112132151165171170163153143136135140149161173180180172156132107 84 70 6720 2 4FE 423172153318199999999999999 9391352243 6699999999999999
 77 97123150173186189183169153140132132140155171184189182163134100 69 4920 2 5FE 54918916561899999999999999911301312346 4499999999999999
 45 57 85121159189207211201180155133120119131153177197204195169131 87 4820 2 6FE 6442111758204999999999999991234118999999999999999999999
 24 21 41 79128176213231231212181147118104106126157192216223208172122 6720 2 7FE 728233184822399999999999999 037 19132110399999999999999
 22 -2  1 30 82143199238253244215173130 98 86 9612617021123824021617010820 2 8FE 8 8253193524299999999999999 124 -514 3 8699999999999999
 45 -3-23-11 30 94165225260267248207155107 77 71 9113318623225625121816120 2 9FE 846268201925899999999999999 2 8-241443 7099999999999999
 91 24-21-34-11 43117191247274271240189131 83 58 61 9314620424926625321220 210FE 92327621 426699999999999999 251-341523 5699999999999999
148 74 10-27-30  4 67145216262277263222164105 62 46 5910016021825626624620 211FE10 0277214926699999999999999 334-3316 3 4699999999999999
199133 63  7-19-10 32 99173233266269244196136 82 48 41 6411117122325225420 212FE1035271223425799999999999999 416-201643 4099999999999999
230183121 61 18  4 22 68132195240258250217167112 67 43 45 7412217521723820 213FE1110259232323999999999999999 457  41725 4099999999999999
235210168116 70 41 38 61106160207236241224189143 96 61 46 54 8412717020220 214FE1143242999999999999999999999 537 3618 9 4699999999999999
216212192158121 89 72 76 99136176207222219199166127 90 64 55 65 9012415620 215FE 017217121922399999999999999 620 711859 5599999999999999
181193192179158134114105111128154179197204197180153123 94 73 65 71 8911320 216FE 12619413 020499999999999999 7 810520 3 6599999999999999
138159173179177167153140133134143157171182187183171152127102 82 71 70 8020 217FE 31117914 318799999999999999 8221332133 6999999999999999
 98120143163178184182173161150144143148158169177179173159137111 86 68 6120 218FE 516185155017999999999999999103514223 7 6199999999999999
 66 82107137165187199199189172153138131134145161177186184171146114 82 5720 219FE 6322011722187999999999999991213131999999999999999999999
 46 51 71104143178204216213195169142122114120139164188201198180148108 6820 220FE 717217182220299999999999999 012 4613 311499999999999999
 40 30 41 70113159199223230218190154122102 99114143177205217209183141 9220 221FE 75023019 621799999999999999 1 0 301340 9899999999999999
 49 23 19 40 80133184221239235211173131 98 84 9111715719722423021217512420 222FE 819240194423099999999999999 138 181411 8499999999999999
 70 29 10 18 51103161211240246229193146104 77 73 9313117921923923420515720 223FE 845246201724099999999999999 212 101440 7299999999999999
100 48 15  8 29 75134192233249241211165116 79 63 7310515320223624422718820 224FE 9 9250204924599999999999999 244  715 8 6399999999999999
133 76 31 11 19 54108169219246247224183133 88 61 59 8212617822224423921120 225FE 932249212024599999999999999 313 101535 5799999999999999
164107 56 24 19 42 87146200236247232198150102 66 53 6510014919923224122520 226FE 954247215024199999999999999 341 1816 2 5399999999999999
188138 86 47 30 40 74125180222241235209166118 77 54 54 7912117121123222920 227FE1016242222223399999999999999 4 8 301629 5199999999999999
204164117 75 50 48 70111160204230233215180136 93 63 53 65 9714118421322220 228FE1038234225522299999999999999 435 461658 5399999999999999
210182144105 76 65 74103144185214225215190153112 79 60 60 8011415418720520 229FE11 1225233220899999999999999 5 2 651729 5799999999999999
206191164132104 87 87103133167196211210194166132 99 75 65 71 9312515718020 3 1FE1126213999999999999999999999 531 8518 6 6499999999999999
192189175154132114107112129153177194199192175150122 96 79 73 8110012514920 3 2FE 018192115619999999999999999 6 61071855 7399999999999999
168177177169156142132128133145161175183185178164144123102 86 79 83 9611420 3 3FE 128178123918599999999999999 65512820 9 7999999999999999
135153166173173168160152146145149156163170173172164151132111 91 78 74 8020 3 4FE 331174141417499999999999999 8391452153 7499999999999999
 96118143165181189188180168155145140141148160171178177166146118 89 66 5520 3 5FE 52519016251799999999999999911171402318 5499999999999999
 58 76105140174199212210197175151131121123136157180196199186158120 79 4520 3 6FE 6242131742200999999999999991222120999999999999999999999
 29 33 58100149193224236229205170134108 97104129164199222224205166114 6120 3 7FE 7 7237183722699999999999999 018 2813 5 9799999999999999
 20  3 14 50106168220251257239201153108 79 73 9113018022424924621816610220 3 8FE 744258192525199999999999999 1 7  31344 7299999999999999
 39 -3-15  6 56125195248272268236184125 76 51 55 8614020225027126122215920 3 9FE 820274201027199999999999999 152-151423 4999999999999999
 86 21-17-20 13 75153224270283265219156 92 46 29 45 9115722326828226421620 310FE 855283205528299999999999999 235-2315 1 2999999999999999
147 72 12-16 -8 35106184248280279248191122 60 23 18 4610317423827528125520 311FE 928284214028299999999999999 317-181540 1699999999999999
203133 64 16 -1 18 70142212260277262220158 91 38 12 18 5711918724226926720 312FE10 1277222627199999999999999 358 -11618 1099999999999999
237186123 67 33 29 56110174228258260234187126 68 28 14 31 7413419223325120 313FE1033262231325199999999999999 438 271657 1499999999999999
244215171121 80 61 67 97145195230244233203156104 59 31 28 50 9114118621520 314FE11 3244999999999999999999999 516 601737 2799999999999999
226218195162127102 94105132168201220221205175136 95 63 46 49 6910314017120 315FE 0 4226113422299999999999999 556 941822 4599999999999999
192200196182162142128125135154176193200196181157128100 77 66 68 8210513020 316FE 11020012 820099999999999999 6431251920 6599999999999999
153170180184180171160151148151159168176179177168153134113 95 83 80 85 9820 317FE 25718413 417999999999999999 8 01482053 8099999999999999
115135155171183187185177166157151149152158164168168161148130110 92 80 7820 318FE 5 718715281699999999999999910511492247 7799999999999999
 85101125151175193201198186169150137131133144159172180177164142115 89 7120 319FE 61520117171809999999999999912111302356 6599999999999999
 65 73 94125160190210215206185158132115111120140166188198194176145109 7620 320FE 6532151814199999999999999991249110999999999999999999999
 55 52 66 97139180211226224204172136107 93 96117149184209217206178137 9320 321FE 722227185621799999999999999 042 511319 9299999999999999
 58 40 45 70113162205231237222190147107 81 76 9112516920722923020816911920 322FE 747238193023299999999999999 118 391346 7599999999999999
 72 41 32 49 87140192229245237208164116 78 61 68 9814519423024423320015120 323FE 81024520 224499999999999999 150 321413 6199999999999999
 97 53 31 35 65115172220246247224182130 83 54 51 7311717222024724922518220 324FE 832250203325199999999999999 220 301439 4999999999999999
127 75 41 32 51 94151205241252237200148 95 56 40 52 8914319923925424320820 325FE 85425221 325499999999999999 249 3215 4 4099999999999999
158104 61 40 46 78130186230250244214167112 64 37 37 6411317122124925022820 326FE 916251213425399999999999999 316 391531 3499999999999999
186135 87 57 51 71112166214242245224184131 80 44 32 46 8514019423324723720 327FE 93724722 524799999999999999 344 501557 3199999999999999
207163116 80 64 72102147195229241229197151100 58 36 38 6411016320823323620 328FE 959241223723799999999999999 411 641625 3399999999999999
218185145108 85 82 99134175211230227205168123 80 50 40 53 8613217721022420 329FE1022231231422499999999999999 439 801656 4099999999999999
219199168135110 99105127159192213219206180143105 72 53 53 7110414417920220 330FE1047219235820999999999999999 5 9 991731 5099999999999999
209202184160137122119128149173194204201185160130 99 76 64 67 8511314417020 331FE1116205999999999999999999999 5441181817 6399999999999999
187194189178163148139138146159174185189184171152129106 87 77 77 8910913320 4 1FE 1 4194115818999999999999999 6371371926 7699999999999999
155173184187184175165156151151156162169174174169158141121101 85 78 81 9420 4 2FE 257187133617499999999999999 8271502111 7899999999999999
115140165184197200194181166152142139143152165175180176162138111 85 67 6320 4 3FE 44920016 51809999999999999910571392247 6399999999999999
 74 98131166197216221212191164139121115122140166189203202185153114 76 4920 4 4FE 55022117262059999999999999911571152352 4199999999999999
 41 54 87132180219240241223189149112 90 87104137178213233230205162109 6020 4 5FE 6322431822234999999999999991239 86999999999999999999999
 28 22 42 87145203245262254222173120 78 57 63 93143198242261252218163 9920 4 6FE 7 9263191126199999999999999 044 211318 5699999999999999
 44 12 12 43100169231268276254208146 85 43 29 47 9315722226728226622115720 4 7FE 745277195828299999999999999 130  81356 2999999999999999
 87 33  7 16 58125198255283277241182111 49 13 11 4210217624328329126721620 4 8FE 819284204429299999999999999 214  61435  899999999999999
147 79 31 16 35 86156225271283264216148 77 21 -4  6 4911819425528728725720 4 9FE 853284213029199999999999999 257 161514 -599999999999999
203137 77 41 37 65120187243273271240184115 50  6 -6 15 6713720625627827120 410FE 926276221627999999999999999 338 351552 -799999999999999
240188131 85 62 67100153209248261247209152 90 36  6  6 35 8815220824525820 411FE 95826123 425899999999999999 419 601631  299999999999999
249219176132100 88101134178217240240218178127 76 37 20 28 6010815920122720 412FE1029243235523499999999999999 459 881711 2099999999999999
234225201169139120116131158189213222214190155115 77 51 43 55 8312015718720 413FE11 2222999999999999999999999 5411151755 4399999999999999
205211205190170151140139150168186197199190170144115 89 72 68 77 9712314920 414FE 058211113920099999999999999 6311381848 6899999999999999
171186194194188176164155152156163172178179174162146127108 94 88 9010111820 415FE 231195124017999999999999999 7541522011 8799999999999999
138158175188194193185173161152148149154161167169167158143126109 97 92 9620 416FE 42119515 216999999999999999102114822 3 9299999999999999
109129152175193203202192175156140130129137151166177181174159138114 95 8620 417FE 52820416531819999999999999911351292319 8599999999999999
 88102127157186206215210192166139118108112128152176194199190169140109 8520 418FE 6 82151752199999999999999991213108999999999999999999999
 75 81103136172204222224210182147114 93 89103130165196214215199169132 9620 419FE 637226183421799999999999999 0 8 751244 8999999999999999
 72 67 81112154195224235226200160118 86 71 7710414418721923222520016011620 420FE 7 323519 923399999999999999 046 661312 7199999999999999
 80 62 66 91133180220241240217178130 86 60 56 7611716721224024522719114420 421FE 727243194224699999999999999 120 611339 5599999999999999
 99 68 60 75112161208240248233197147 95 56 41 52 8713919423625424821917520 422FE 751249201425599999999999999 151 5914 6 4199999999999999
125 84 63 66 94140192232251245215167111 62 34 33 5910816822025326024220420 423FE 814252204626099999999999999 221 611433 3099999999999999
155108 76 67 83121172219247251229187132 77 37 23 37 7713519524026025522820 424FE 838252211826199999999999999 251 6715 1 2399999999999999
185136 96 76 80107151200236250239205155 99 51 24 24 5210216321624925724320 425FE 9 2250215125899999999999999 321 751529 2099999999999999
209165123 94 86101135179219242241218177124 73 36 23 36 7412818422724724620 426FE 928244222624999999999999999 351 8616 0 2399999999999999
225191151118101103125160198226235223193149101 59 35 33 55 9714819522623820 427FE 95423523 523899999999999999 423 991634 3199999999999999
230208177145122114123147178206222220202170130 89 58 43 49 7511515919521820 428FE1024223235422499999999999999 4581141713 4399999999999999
224215196171148133131141161184202209203184155122 90 67 58 66 8912315818720 429FE11 1209999999999999999999999 54113018 2 5899999999999999
205211206192174157146144150164179190194188174152126101 81 72 77 9412014920 430FE 1 0211115619499999999999999 6441431910 7299999999999999
175195205206198184168155148148154164174181183176162141117 95 81 79 8810920 5 1FE 233207134118399999999999999 8301472043 7899999999999999
137166192209215210196176155139132134144160176188191182162135106 83 72 7720 5 2FE 4 421515451919999999999999910181312213 7299999999999999
 96127164198222231224204174143118106108125152182205215208184149110 78 6020 5 3FE 5 423117 52159999999999999911191052321 5999999999999999
 64 87126172214241248234203161118 87 74 83111153196229242232203158109 6920 5 4FE 55024818 42429999999999999912 5 74999999999999999999999
 50 56 86134189235260260235191137 85 52 45 6410616221725426625221416010420 5 5FE 629263185626699999999999999 016 491247 4499999999999999
 61 44 56 94151211256274263226169105 51 21 22 5311017823827528326221715720 5 6FE 7 7274194628499999999999999 1 5 441328 1899999999999999
 98 59 48 67113175234271278255206140 72 21 -1 11 5512219625528728926321320 5 7FE 743279203429299999999999999 152 4714 9 -199999999999999
151 96 63 60 86137199251276271237180110 44  1-10 13 6713921126428828425420 5 8FE 819278212129099999999999999 237 571449-1099999999999999
203145 98 75 79111163219258270254212152 84 27 -4 -4 28 8615722026327927020 5 9FE 85527022 827999999999999999 321 731530 -999999999999999
239191142106 92103137185229255255231186127 68 23  4 13 5110817022225326320 510FE 931258225626399999999999999 4 4 921610  399999999999999
251221181142117111127159198229242233205162111 63 31 22 38 7612617721623820 511FE10 6242234524399999999999999 4461111651 2299999999999999
243230205174146130130145172200219223211183145105 70 49 47 65 9913917720620 512FE1044224999999999999999999999 5311281735 4599999999999999
221224214195172152142143156175193204203191168139109 84 71 72 8811414417320 513FE 040224112820599999999999999 6221411824 6999999999999999
195207210204190174158149149156167179187187179163143121102 91 9210212114420 514FE 148210123118899999999999999 7331481929 9099999999999999
16718619920520219117616114914414615416417317817616815313511810610310812220 515FE 3 8205141517899999999999999 912144205510299999999999999
14116418520020720519417615614013013013815216717918317916714912911310510720 516FE 41620816 3183999999999999991033129221810499999999999999
12014116619020821521019316914312211111312614717018919719418015713211210120 517FE 5 42151713198999999999999991122110231810199999999999999
104120146176203220223211186154122 99 91 9912215218320621420718715812810520 518FE 54122418 22149999999999999912 0 91999999999999999999999
 96103125157192219232227204170130 95 75 75 9312716720322522921618815311920 519FE 612232184323099999999999999 0 4 961232 7299999999999999
 98 93108137176212235239223189145100 67 55 66 9714219022624324021718214220 520FE 641240191924499999999999999 044 9313 2 5599999999999999
109 92 96119157199232246238209165114 69 44 43 6711116521424625524321117020 521FE 7 9246195425599999999999999 120 911332 4099999999999999
129100 92105137180221246249228188135 82 43 28 40 7813319123726026023820020 522FE 737251202926399999999999999 154 9114 3 2899999999999999
155117 96 97120159204239253243211161104 54 24 22 48 9715821525326625722720 523FE 8 525321 426699999999999999 228 941435 2099999999999999
185142110 99109140182223248250229187133 77 35 17 27 6412118223226026424720 524FE 835252214126599999999999999 3 2 9915 8 1699999999999999
212170132110107126161202235248239209163108 58 26 19 40 8514320024025925520 525FE 9 6249222026099999999999999 3371061544 1899999999999999
233198159129115120143178214237240224189142 91 50 28 31 5910616020924025120 526FE 94024223 425199999999999999 4141141623 2699999999999999
243220187155132124134158189217231227206171128 84 52 38 47 7712217021023420 527FE1018232235424199999999999999 45612417 7 3899999999999999
241232210182155137133144165190211219213193161124 88 62 53 63 9213117220620 528FE11 5219999999999999999999999 5461331758 5399999999999999
226232224206182158143138146163183199207203187161130 99 76 68 7610013316920 529FE 054232121020799999999999999 65113819 1 6899999999999999
200221228223207184161143135138151168186197199190171144115 92 80 8410213220 530FE 2 4228134220099999999999999 8121352016 8099999999999999
166197220230227211186158135121121132152175194205203188163133105 88 8610120 531FE 315231152220699999999999999 9341192136 8599999999999999
129165200226238234214183148117 99 96110137169199219222209183148114 91 8620 6 1FE 4142391643223999999999999991038 952246 8599999999999999
100129169208238249240214174130 92 71 70 90127171212238244230199158118 9220 6 2FE 5 42491748244999999999999991131 682348 8599999999999999
 85101134178222251258243207158105 63 42 47 7712418022825726324621016312020 6 3FE 5492591844263999999999999991218 41999999999999999999999
 92 87105144193237263263239194136 77 35 19 32 7113019324527327625521416420 6 4FE 631266193727899999999999999 042 8613 3 1999999999999999
119 93 92115158209251270262229176111 52 14  5 27 7614220825828328125621120 6 5FE 712270202728599999999999999 133 891347  499999999999999
160118 97100129175224260270254213154 89 33  2  2 32 8915822126628527824920 6 6FE 753270211428599999999999999 221 951431 -299999999999999
203155118103113145191235262264240194133 71 23  2 10 4810717423126727926720 6 7FE 83326622 027999999999999999 3 71031513  199999999999999
236192149120112127161204241258251221173115 61 23 12 29 7112818823526226620 6 8FE 913258224426799999999999999 3511121554 1299999999999999
251219180145124123142175212239247234201155103 59 33 30 53 9614819823425120 6 9FE 952247232725399999999999999 4331211635 2899999999999999
251233203170143129134154184213231232215183141 99 65 49 54 8011916420322920 610FE1032234999999999999999999999 5161291716 4899999999999999
239234216190163143135142161185207218215197169135102 78 70 7910413817420320 611FE 010239111721999999999999999 6 21351758 7099999999999999
222227221204182160144139145161180197204200185162136111 94 9110112215017820 612FE 056227121020499999999999999 6551391846 9099999999999999
20121521921219717715714313814215517018419219118116414312411110811613415720 613FE 149219132219399999999999999 8 1138194510899999999999999
18020021221520919417415313713013314315917518618918417215513712512012513920 614FE 248215145518999999999999999 914130205812099999999999999
16018220121421620919116814412611611913115017118819619518416714813312612920 615FE 3462171621197999999999999991018116221212599999999999999
142162186207219220209187158129108 9910412214817619820920819617615313512620 616FE 43522217252109999999999999911 9 99231512599999999999999
129144168194216228224206177141109 87 81 9211915418821422622220517915313220 617FE 5172281815226999999999999991150 81999999999999999999999
123129149177207228235225199160119 84 65 66 8712416820723324123220917714720 618FE 555235185724199999999999999 0 61231227 6399999999999999
126121132158191222240240221185138 93 59 46 57 9013818822825125323720617020 619FE 630243193725599999999999999 04912013 2 4699999999999999
138120120139171208237250241211165113 66 38 34 5610115721024826425923519820 620FE 7 5250201526599999999999999 1301181338 3299999999999999
159129117124150187225250254235196143 87 43 23 30 6311717823026327225922820 621FE 740255205327299999999999999 2 81161415 2299999999999999
186148122117131164205240258252224178120 65 27 16 33 7713719924627127325320 622FE 816259213327599999999999999 2471161454 1699999999999999
216174138119120142179219249259245210159100 50 20 18 44 9515721525627326720 623FE 855259221427499999999999999 3271171534 1599999999999999
242204163132119127153191229252254234195142 87 43 22 28 6111417422625926920 624FE 935256225826999999999999999 4 81191617 2199999999999999
258230192155129122134162199231248244221181131 82 46 32 45 8113318823225720 625FE1020249234426299999999999999 45312217 2 3299999999999999
261247218182149128124138166199226239233210173128 86 57 49 6510014819623220 626FE1111239999999999999999999999 5421241751 4999999999999999
251252237209175145127124138164193216227222203172134 98 75 70 8511715920020 627FE 033254121222799999999999999 6381231845 6999999999999999
230246245229202169140122119131154181204217217203178146116 95 9010313016620 628FE 127247133021899999999999999 7421181947 9099999999999999
20122824224022419716413411310811713916619221121721019116413611510711613820 629FE 224243145921799999999999999 851108205810799999999999999
169201227241239222193157123 99 91 9912115318521122522420918315413011912320 630FE 32324216262269999999999999910 0 91221411999999999999999
142171203230244241221188148109 81 70 7910614318421823724022620016814012520 7 1FE 42024517392419999999999999911 2 70232512399999999999999
126144173207236249244221182135 91 60 50 62 9514118922925325624121217514320 7 2FE 5142501841257999999999999991157 50999999999999999999999
126126145177214244256247218173120 71 40 33 51 9114520024426726925021617520 7 3FE 6 5256193527199999999999999 0281241247 3299999999999999
141123126148184224253262248212160103 53 24 23 48 9615721525727827525121220 7 4FE 653262202327999999999999999 1231221334 2099999999999999
169135120127154195235262265244202145 85 38 15 21 5511017423026828227324420 7 5FE 73726621 628399999999999999 2111201418 1499999999999999
201158128118131164207246266262234187128 70 30 15 30 7113019324427328026420 7 6FE 820268214628099999999999999 25611815 0 1599999999999999
229186146123120140177219253265253219169111 60 29 24 48 9415421125327227020 7 7FE 9 0265222327499999999999999 3361181539 2399999999999999
247210169136120126151190229254257239201150 98 57 37 43 7312217822625626520 7 8FE 939259225726599999999999999 4151201616 3699999999999999
254227190154129122135164200232249244220181135 91 61 53 6810315019823425220 7 9FE1017249232925599999999999999 4521221652 5399999999999999
252236207173144127127144174206229237227201165126 92 74 75 9613117321123620 710FE1056237999999999999999999999 5291251727 7299999999999999
244237218189160137127132151178204220223210186156125102 9210012315518921720 711FE 0 2244113922399999999999999 61012718 4 9299999999999999
23223422320317715213412813515317619620820919817915513211711312314417119720 712FE 038235123321099999999999999 657128184611399999999999999
21722722521319316914713212713314916818619720019317916214513413214115817920 713FE 121227134620099999999999999 755127193913199999999999999
19921422121920718816514312712112613915817719119819718817415914914615116320 714FE 215222151919999999999999999 9 2121205314699999999999999
18019821221921720518516013511710911312815017319320520820118817215915215420 715FE 3172201645208999999999999991010109221915299999999999999
164180198214222220206182152124102 93 9911814617720321922321519917916215120 716FE 41922217502239999999999999911 7 93233115099999999999999
151162180202220229225206176140106 83 75 8611315018821923623922720517915820 717FE 5122291839240999999999999991154 75999999999999999999999
146146160184210231239230204166122 84 61 58 7711416020523925525223420517320 718FE 559239192225699999999999999 0261441237 5799999999999999
148137142163193224245249233198151101 60 40 45 7412217722625927026123419720 719FE 64225020 227099999999999999 1121371319 3999999999999999
162137129141169206241260257232188132 78 38 24 39 7913619824827628026322820 720FE 723262204128299999999999999 15312914 0 2499999999999999
185147125124143180222257271261227174112 57 22 16 40 9115622026628828425720 721FE 8 5271212028999999999999999 2341221442 1499999999999999
215169133116121149192238269277258217158 94 42 14 17 5111017924027929227920 722FE 847277215929299999999999999 3151151524 1299999999999999
246199152120109123157205249275275250204144 82 36 17 30 7113320025428428820 723FE 931278223928999999999999999 35610916 7 1799999999999999
268229181137110107127166213253272267239191133 79 42 32 52 9715821826228120 724FE1017273231828399999999999999 4391051650 3299999999999999
277251210164125105107131172216249262254226182131 85 58 56 8012518023026220 725FE11 7262235927299999999999999 5241031735 5499999999999999
272262233192150117102108134172210237248240215178136101 83 8611015019523320 726FE12 4248999999999999999999999 6131021822 8199999999999999
25525924521717914111310210913216519822223222821018215112411111513616820220 727FE 042260131323399999999999999 7 7101191611099999999999999
23024624623220517113711110010512415218220622022221319417014913713915317620 728FE 131248144222399999999999999 811100202413699999999999999
202224237237224200168135109 95 9611113616619421522522321019117115615216020 729FE 231238162122599999999999999 926 94215115299999999999999
176197218231234224201169134104 85 82 9512115518921723423822820818516515520 730FE 3422351745238999999999999991041 82232015599999999999999
157171192215232238229205170130 94 71 66 8011015119322824925324221818916320 731FE 4532381847254999999999999991146 66999999999999999999999
149149164190218240247236208167121 80 55 51 7010815720624426526624921818220 8 1FE 554247193426899999999999999 0281471239 5099999999999999
153138141161194228252257242207159107 63 40 42 6911517122426127727224720820 8 2FE 645258201527899999999999999 1201371326 3899999999999999
168138127136165204242265265242200145 89 48 31 42 7813219324427528326823420 8 3FE 730268205028399999999999999 2 312714 7 3199999999999999
190149124120138175220257273265234185126 72 38 31 52 9715821826228227925520 8 4FE 810274212228499999999999999 2401181445 3099999999999999
214168131113119147191236267275257218164106 60 37 41 7312618724027328126620 8 5FE 847275215128199999999999999 3151131520 3599999999999999
233188145117110126162208249271268242197143 91 56 46 6310415921525627427020 8 6FE 922273221727599999999999999 3481091552 4699999999999999
245207163127109113139179223255265253221175125 84 62 65 9313819023626226720 8 7FE 956265224326899999999999999 4191081623 6199999999999999
252220180142116109122154194231252253233199156115 87 79 9312617121524625920 8 8FE103125523 825999999999999999 4511081653 7999999999999999
25222919615912811211413416720323024223521418114611610010212315719522824620 8 9FE11 8242233624999999999999999 5241101723 9999999999999999
24823420817614512211312114417420322222721919917214612612012815018020923020 810FE1152227999999999999999999999 6 1113175612099999999999999
23923421719116313812111812814817319621021320619117215414314215217019221220 811FE 0 7239124921499999999999999 646117183714199999999999999
22522822020418215813712312012914616618519820420219418116916116016718019420 812FE 046228141320499999999999999 744120193716099999999999999
20821621821219918015813812311812213615517519220320720419618617617217317920 813FE 14521816 520799999999999999 9 1118211917299999999999999
18920021021421220218316013611710710912214316919321122122121219918417416920 814FE 312214173022299999999999999102210723 916999999999999999
171181195209219220210188159129103 89 9110713617020322824023922520518316620 815FE 4362211824241999999999999991126 88999999999999999999999
158161175196217232234220191153114 82 67 72 9613518022124926025323220217220 816FE 53723519 626099999999999999 0131571216 6699999999999999
151143152174205233251249228190141 93 58 44 57 9214319924527327826223019020 817FE 627252194427899999999999999 05814313 1 4499999999999999
154132129146179220254271263232183123 69 34 27 49 9716022327029228826121820 818FE 711271202029399999999999999 1381281344 2699999999999999
170131113118146191240276287271230170104 48 18 19 5311318524929130428925120 819FE 755287205730499999999999999 2171121426 1499999999999999
198145109 97112152206259292296271222155 86 34 13 25 7013821227230330527920 820FE 838298213230899999999999999 256 9715 8 1299999999999999
231172121 90 87113162222273299295264209141 76 33 22 44 9716823728630529420 821FE 92230122 830599999999999999 336 851550 2199999999999999
259205146100 78 85119174233277295285250195132 77 46 45 7513019725528929520 822FE10 8295224329699999999999999 416 771632 4199999999999999
275233179125 87 75 89128182235270281268234185132 90 70 7711116321926128020 823FE1057281231828199999999999999 458 741714 6999999999999999
276250207157112 84 79 9813718522725426124922018114111210211414618822925620 824FE1151261235526499999999999999 542 78175810299999999999999
264253226187145109 88 8810714017821223324023221318615914013514717120122720 825FE1259240999999999999999999999 632 85184813599999999999999
242244232209177143114 97 9611113616519221222322321419918116716216818220020 826FE 038245143422499999999999999 733 95195716299999999999999
21622722822020217714912310610010712414817319721422422421520118717817518020 827FE 139229163022599999999999999 856100215117599999999999999
190202214220218206186159131109 97 9710913216119221723423923221619617916820 828FE 3162201754239999999999999991030 95233516799999999999999
167176192209222226218197167133104 85 82 9512316019823024925324221919116720 829FE 4502261845254999999999999991142 81999999999999999999999
152152165188214234241231205168126 90 69 68 8712417021524926526324321017520 830FE 555241192326799999999999999 0321501233 6699999999999999
147134139161195229251256240206159111 73 55 61 9013719023826827626423319120 831FE 643256195427699999999999999 1131331315 5499999999999999
151125119134168210248268265240196142 91 57 47 6410516021726028127825321220 9 1FE 722270202228399999999999999 1471181351 4799999999999999
164126107112139183231267279265230178121 73 48 50 8013119124527728526823120 9 2FE 758279204828599999999999999 2181061425 4599999999999999
183136105 97115154205252279280256211155100 62 50 6610716522326628427624720 9 3FE 831283211228499999999999999 248 971455 5099999999999999
202151111 91 97128176228267282271237187132 86 61 64 9314220024927727925720 9 4FE 9 3282213428199999999999999 316 911525 5999999999999999
218169123 94 88107147199245273275253214164115 82 73 8912717922926427526220 9 5FE 935277215727599999999999999 344 871553 7299999999999999
231186139103 86 94123169217253268259232191146109 90 9412016221024726626220 9 6FE10 7268221926799999999999999 412 861620 8999999999999999
239201157118 93 8910714318722725125524021017313811410812215319222925225620 9 7FE1041256224225799999999999999 441 88164810899999999999999
242213175137107 94 9912315919722724023822119416414012813215017921123524420 9 8FE111924123 724499999999999999 513 93171712899999999999999
23921919015712710710111213616819721822522120718716715214815517319521622920 9 9FE12 7225233723199999999999999 551101175214899999999999999
23022020117615012711311112214216618820421121020219017816916817418519921020 910FE1319212999999999999999999999 640111184316799999999999999
21621520719217315313412111712313715617519120320820720219418618218218519120 911FE 020216152220899999999999999 753117203118199999999999999
19820320520319418016214212511511412314016218420421722221921019818617717420 912FE 15820517 822299999999999999 93411323 117499999999999999
177185196206211207194172145120102 9510312415418721623624323722119917716220 913FE 4 821118 2243999999999999991057 95999999999999999999999
156162177198218229227209179141105 80 72 8411415620023826026324922218815720 914FE 521230184126499999999999999 0 01561154 7199999999999999
138135149177211240254248222179129 83 54 49 7011316822426528327825221116520 915FE 613254191628499999999999999 0401341241 4899999999999999
129112117143185232266279265228173111 60 32 35 6812419225229030028324218820 916FE 659279195030099999999999999 1171111325 3099999999999999
135 98 87104145201256292298275227161 93 41 20 34 7914722127930830627422120 917FE 743299202431199999999999999 154 8714 7 2099999999999999
157102 71 70100155221278309307275218146 79 34 23 4710317725029831429825420 918FE 827312205831499999999999999 231 661449 2299999999999999
191124 73 51 62104169239292314305267206135 74 40 40 7413620927130530627720 919FE 911315213230999999999999999 310 511530 3699999999999999
225158 95 54 43 65116184250293307292251193130 82 60 7011017023428029728620 920FE 95830722 529799999999999999 350 431611 6099999999999999
249193130 77 47 47 77131194249282289272234184134100 9010714619924627427820 921FE1047289223827999999999999999 430 441653 9099999999999999
258219166113 72 54 62 9414319623826126425022018214812712514217621424425820 922FE1141265231225899999999999999 513 53173612399999999999999
252230194151110 81 70 8110914818821823624023221318916715515516919121523120 923FE1249240235223699999999999999 6 0 70182715399999999999999
236228208180148118 97 90 9711714517319721422222221420118717817518119120320 924FE1430223999999999999999999999 659 90194617599999999999999
21221521019918015813511610610611613415617819921522422421620319018117717920 925FE 055215163022599999999999999 828105221117799999999999999
18519320120520219117415112911210410712014216919722023423622721018917216120 926FE 3 72051742237999999999999991017104233815999999999999999
160168182199212215208189162133108 94 9410913717220723424824623020417515120 927FE 4512151824249999999999999991130 92999999999999999999999
139141157182209228233223198163125 95 80 8410714418722625226025022318615020 928FE 551233185626099999999999999 0211381218 7999999999999999
126119130158194228248249231197152109 79 69 8211516221124926826524220315820 929FE 634251192226999999999999999 0531181256 6999999999999999
121102105130170215250265258229185134 90 66 67 9113619023926927525822217320 930FE 710265194627699999999999999 1221011329 6399999999999999
126 95 87103141191239269275256217165113 75 62 751131662222622792702391912010 1FE 74327620 927999999999999999 150 8614 0 6299999999999999
139 96 76 81112162218261281274244196142 95 69 69 961442002492762772532102010 2FE 814281203128099999999999999 217 751429 6699999999999999
156105 73 67 88132189242275282263224173122 86 74 881261792312672772622252010 3FE 845283205327899999999999999 244 661457 7499999999999999
174121 79 61 70105158215259279273245201151110 87 891151602112522722662382010 4FE 916280211527399999999999999 310 611525 8599999999999999
192140 93 64 61 84128184234265272257223179137108 991131471922342602632442010 5FE 947273213826599999999999999 338 591553 9999999999999999
208160112 76 62 721041532042432612582362021641321161191411762152442552452010 6FE102026222 125599999999999999 4 6 62162111599999999999999
218179135 96 73 71 901271722132402482392171871581381321421661972252402392010 7FE1057248222524299999999999999 437 69165113299999999999999
222193157120 93 80 861091441812122292312222031811611511511641842062222272010 8FE1142232225322799999999999999 512 80172615099999999999999
219201175146118100 931011221501792012142172111991851731671691771902022102010 9FE1247217233221199999999999999 557 93181916799999999999999
210203188169147127112105110125145167187201209210206197188181177179183189201010FE1440211999999999999999999999 7 4105201217799999999999999
194196194188176159140123111109115131152175197212221221213200186174167166201011FE 1 8196162922299999999999999 847108223916599999999999999
171180191199200193177153128107 96 97113139171203227240239225203178156143201012FE 3422011726241999999999999991022 95233414199999999999999
142153174197216224216195162125 93 75 77 97134178220250262254230194156127201013FE 5 222418 6262999999999999991126 74999999999999999999999
114119142177214242251240208163114 74 54 60 91140196246275280260221171124201014FE 557252184128199999999999999 0131131216 5399999999999999
 92 84101139190239271278258215157 98 55 40 54 96158223272295288254200139201015FE 644279191529699999999999999 050 8413 1 4099999999999999
 86 58 60 90145210266296296267214147 85 44 36 61114184251294304283235169201016FE 730300194930599999999999999 127 551345 3599999999999999
101 51 31 45 91159231287312304267207137 77 45 46 80141213273304300266207201017FE 815313202330699999999999999 2 5 311428 4199999999999999
134 68 25 17 43100176248297314300258196130 79 57 68109172238285300283239201018FE 9 2314205830099999999999999 244 151511 5799999999999999
174103 44 13 16 53116191256295304286243186130 91 80 98142200252283284257201019FE 949305213228799999999999999 325 101553 8099999999999999
208145 81 35 16 29 71134200253281285265227179137111108130170217253268259201020FE103928622 626899999999999999 4 6 16163610699999999999999
228180125 74 41 32 51 92147200239259260244214179149134136157188221242245201021FE1133262224224699999999999999 448 32172213299999999999999
231202161118 80 58 56 75110152192220236237227207184165155158172193212222201022FE1239238232422399999999999999 535 54181715599999999999999
221208185155123 97 82 81 95120150178201215221219208193179170168174184194201023FE1410221999999999999999999999 632 79194016899999999999999
201201193180160138118104100106121141164186204216219214202187174165163167201024FE 031201155421999999999999999 753100215216399999999999999
174183190191186174156136119108107115132156181204220226221206185165150143201025FE 24519117 222699999999999999 93910623 914399999999999999
147159175190200200190171147123106101108127156187214231235224201172145127201026FE 4332021744235999999999999991057101235112299999999999999
122131152178202216217204179147117 97 92104131167203231244240219186149118201027FE 5342191815245999999999999991148 92999999999999999999999
102105124156192221235231210177138105 87 88108144186225248252236203160118201028FE 617236184125399999999999999 0231011227 8599999999999999
 90 82 96129172214242250238207165123 92 80 91122166212246259250221176127201029FE 65325019 626099999999999999 052 8213 1 8099999999999999
 87 67 71 99145196238260258235196148107 83 81103144194237261261237195142201030FE 726262193026499999999999999 119 661333 7999999999999999
 93 60 53 72114169222258270257224178130 95 81 92125173221255266251214162201031FE 758270195426699999999999999 147 5214 3 8199999999999999
106 63 42 50 84138197245271271247207158115 90 891111532022442642592301822011 1FE 830274201826599999999999999 214 421433 8699999999999999
126 74 42 36 59106165222260274262231186141107 941051371822262552602412022011 2FE 9 1274204226199999999999999 242 3515 3 9499999999999999
149 94 52 33 42 781321912392652672472111671291081071271632062402552462172011 3FE 93426921 725599999999999999 311 33153310499999999999999
171119 71 42 37 581021572102462602532281921541271161241501862212422442252011 4FE10 8260213424699999999999999 341 3616 411699999999999999
190144 98 61 44 51 801251762182422472352101781501321301441702002242342262011 5FE104624822 223499999999999999 414 44163812999999999999999
202167126 88 63 56 691001421842162322322201981731531431461601812032172182011 6FE1131234223621999999999999999 451 55171814399999999999999
206183152119 90 73 71 861141491822072192202101941771621551571671811952032011 7FE1232221232420399999999999999 536 70181715499999999999999
202191173149123101 87 85 961181461741962102142101991851711621591621701792011 8FE14 0214999999999999999999999 639 84195615999999999999999
187190186175158137116 99 92 971131361631892082192192101941751581481451502011 9FE 058190153222099999999999999 8 6 92214914599999999999999
162175187193190177155129106 91 89101125157189216232233220197169142124119201110FE 310193163623499999999999999 939 88225311999999999999999
127146172196211213200173139106 83 77 89118158200233249247226191150114 92201111FE 4372141721251999999999999991050 762339 8899999999999999
 89105137177214237239222187143100 72 65 82119169218253266255222173121 79201112FE 53824118 1266999999999999991147 65999999999999999999999
 57 61 90137192238263263239195142 93 63 60 83130187240272277253207146 86201113FE 630267183827899999999999999 020 561237 5899999999999999
 42 26 41 84146211261285280249197137 86 60 63 94148210261284277242183114201114FE 719287191628699999999999999 1 1 261324 5799999999999999
 51 12  5 32 87160230279298287249192131 84 64 74113171231274286267221155201115FE 8 7298195328699999999999999 142  31410 6499999999999999
 83 23 -8 -4 34 99176244287300284242185128 89 76 93136193246277277249196201116FE 856300203128199999999999999 223-101456 7699999999999999
127 58  8-12  1 47116190250284291271230177128 98 94115159210252269260225201117FE 94429221 827099999999999999 3 6-131540 9299999999999999
170105 45  6 -3 18 68133198247273274253215170132112113137177218247253237201118FE1033276214725499999999999999 348 -4162510999999999999999
200148 92 44 17 17 43 90147200237255253234202167139126132154186216233232201119FE1124256222723599999999999999 432 14171212699999999999999
213179135 90 55 38 43 69109155195223235233217193167147139144162185204214201120FE1220236231321499999999999999 517 3718 513999999999999999
210193165131 98 73 62 69 91122157187208218218207189169153146149160174188201121FE1325219999999999999999999999 6 7 62191314699999999999999
194192180161136112 94 86 90106129155179198208210203189171155145143148159201122FE 014195144221199999999999999 7 9 86204514399999999999999
171179182177165148129112103103112130152175194206210204189169149135129132201123FE 151182155221099999999999999 83010222 912899999999999999
142157172181183176162143124111107113129152176198212214205185160135116109201124FE 344183164421599999999999999 95510723 410999999999999999
114130152174190196190174152129112105112130156185208221219203175142112 93201125FE 5 019617222229999999999999911 01052344 8999999999999999
 89101126157186206211202181153125107102112136168200222229219193156117 86201126FE 5522111755229999999999999991149101999999999999999999999
 70 74 97132172205224225209181147117100100117148185217234233212175130 87201127FE 633227182523699999999999999 018 691230 9899999999999999
 59 52 68102148194226240233209174136107 95103129166205233241228195148 98201128FE 710240185324299999999999999 049 5213 7 9599999999999999
 58 37 42 71118172217245250234202161123 99 95112146188224244241215171117201129FE 744251192224599999999999999 119 361341 9499999999999999
 67 33 24 43 85141197238257252227188146112 96102128168209239247231194142201130FE 818258195024799999999999999 149 241415 9699999999999999
 86 40 17 22 54106167220252261247214172132105 991141471902262452412141682012 1FE 852261201924799999999999999 220 151448 9999999999999999
112 59 23 12 30 731311912362582572341971561221041081311682072362432281922012 2FE 926260205024399999999999999 253 12152110399999999999999
142 87 41 15 17 46 961552082432552462191811441181091201481852182362332092012 3FE10 3255212223799999999999999 327 13155610999999999999999
169119 69 33 19 30 661181732172422462322031681381201181341621952192282172012 4FE1042247215722899999999999999 4 3 19163411799999999999999
190149103 61 35 30 48 861361832182352342181911611371251281441701962132152012 5FE1126237223821699999999999999 443 29171912499999999999999
201174137 97 64 45 45 661031461862142272242081851591391301331471681882012012 6FE1218227233220299999999999999 528 43181512999999999999999
201189165134101 74 59 61 811121501842082202182051841601401301301411571752012 7FE1321220999999999999999999999 623 58192812899999999999999
187191184167142114 89 75 74 891161491802052172182061851601371211171241402012 8FE 050191143121999999999999999 731 73205111799999999999999
159177188188178158131106 87 82 92115146179206221223210186155125103 951012012 9FE 234189153622499999999999999 851 8222 4 9599999999999999
120146173193202197178150120 96 85 91113145181212230231214183143105 77 67201210FE 4 720216322339999999999999910 9 8523 2 6799999999999999
 76101138176207222219199167130100 85 89112148189224241238214174124 78 47201211FE 5202231720243999999999999991117 842353 3899999999999999
 38 52 88137187225244240217178135100 83 88114156202237252242209159100 49201212FE 62024518 5252999999999999991216 82999999999999999999999
 17 13 36 83143202244263257228183135 98 82 90121168216250258240198139 75201213FE 715263184925999999999999999 039 1113 9 8299999999999999
 22 -7 -4 29 86155217260275265231182132 96 83 96132182230258259233183118201214FE 8 5275193226299999999999999 125 -91359 8399999999999999
 51  1-21-10 32 97169231269279264226175126 95 88106146197239260253219164201215FE 854280201426199999999999999 210-211447 8799999999999999
 97 33-10-23 -3 46114184239270275254214164121 96 95119161208243255240202201216FE 941276205625599999999999999 254-231532 9299999999999999
144 80 24-10-13 14 66133196242264262238198153117100105132173214240243222201217FE1025266213724599999999999999 337-161616 9999999999999999
181127 69 23  1  6 38 91151204238252244218181143115106116144181213230226201218FE11 7252221823199999999999999 419 -1165910699999999999999
202162113 66 32 20 33 67115165206230236224199167136116113126152182205214201219FE114923623 121499999999999999 5 0 20174211299999999999999
206182147107 71 48 45 61 94135174204219219206183156132118118131153176192201220FE1231221234919799999999999999 540 44183111699999999999999
196187167139108 83 69 71 87115148178199208206193173150130119119129146164201221FE1317208999999999999999999999 623 68192911799999999999999
177180174159139117 99 90 93108130155177193200197185167145127115113121135201222FE 052180141120099999999999999 714 90204111399999999999999
151164170169160146130116108109120137157176190196194182163140120106102108201223FE 221171151219799999999999999 821107215410299999999999999
121139157169173170159144129120118124138157176191198195180158131107 90 85201224FE 4 2173161119899999999999999 9441172253 8599999999999999
 93111135158176185183172155137124119124138159180197203197177149116 88 70201225FE 51918617 12039999999999999911 11192339 6799999999999999
 68 81106138169191201198183161138121115122140164189206209197170134 95 65201226FE 6132021743210999999999999991159115999999999999999999999
 49 53 75110151187210217209187159132115111122145175202216213193157112 70201227FE 656217182121799999999999999 019 48124511099999999999999
 41 31 45 78123170207228229213184151122107108126157190216225213182137 87201228FE 734231185722599999999999999 055 31132510599999999999999
 44 19 19 44 89143193228242235210174138111101110136172207228229207166113201229FE 810242193223199999999999999 130 1614 210199999999999999
 60 20  4 16 53107166215244249233201160124101 99116150190222236227195146201230FE 84525020 723699999999999999 2 5  41438 9799999999999999
 87 36  3 -2 21 69130189232252249224186144112 97103128167206233237218178201231FE 921254204223999999999999999 241 -41513 9699999999999999
