 16 16 17 19 20 21 21 19 16 13  9  6  3  2  2  4  7 10 13 15 16 16 15 1520 1 1FK 513 212038 16999999999999991322  2999999999999999999999
 14 14 15 15 17 18 18 17 16 13 10  7  5  4  3  4  6  8 11 13 14 15 15 1420 1 2FK 550 182112 1599999999999999 044 141354  399999999999999
 13 13 12 12 13 14 14 14 14 13 11  9  7  6  5  5  6  8 10 12 14 15 15 1420 1 3FK 642 142137 1599999999999999 225 121418  599999999999999
 13 12 11 10 10 10 10 11 11 11 11 10  9  8  7  7  8  9 11 12 14 15 15 1520 1 4FK 819 1122 0 1599999999999999 4 4 101431  799999999999999
 14 12 10  9  8  7  7  8  8  9 10 10 10 10 10 10 10 11 12 13 15 16 16 1620 1 5FK1116 102222 1699999999999999 527  71420 1099999999999999
 15 14 11  9  7  5  4  4  5  7  8 10 11 12 12 12 12 13 13 14 16 17 18 1820 1 6FK2247 18999999999999999999999 622  4999999999999999999999
 17 16 13 10  7  5  3  2  2  4  6  9 11 13 14 14 15 15 15 16 17 18 19 2020 1 7FK2319 20999999999999999999999 7 6  2999999999999999999999
 20 19 16 13  9  5  2  0  0  1  3  7 10 13 15 16 16 17 17 17 18 19 20 2220 1 8FK2359 22999999999999999999999 747  0999999999999999999999
 22 21 19 16 12  7  3  0 -2 -2  0  3  8 12 15 17 18 18 18 18 18 19 21 2220 1 9FK9999999999999999999999999999 828 -3999999999999999999999
 24 24 23 20 16 11  5  1 -3 -5 -4 -1  4  9 13 16 18 19 19 18 18 19 20 2220 110FK 046 2417 9 1999999999999999 910 -51943 1899999999999999
 24 25 25 24 20 15  9  3 -2 -5 -6 -5 -1  5 10 14 17 19 19 18 18 18 18 2020 111FK 135 251736 1999999999999999 954 -62030 1899999999999999
 22 25 26 26 24 20 14  7  1 -4 -7 -8 -5  0  5 11 15 17 18 18 17 16 16 1720 112FK 225 2618 6 18999999999999991039 -82117 1699999999999999
 19 22 25 26 26 23 19 12  5 -1 -6 -8 -8 -5  1  6 11 15 16 17 16 15 14 1420 113FK 316 261837 17999999999999991124 -822 8 1499999999999999
 16 18 21 24 25 24 21 17 10  3 -2 -6 -8 -7 -3  2  7 12 14 15 15 13 12 1220 114FK 4 8 2519 9 159999999999999912 8 -823 8 1299999999999999
 12 13 16 19 22 23 22 19 14  8  2 -2 -5 -6 -4 -1  4  9 12 14 14 13 11 1020 115FK 5 2 231938 14999999999999991251 -6999999999999999999999
  9  9 10 13 16 18 19 18 16 12  7  2 -1 -3 -3 -1  3  7 10 13 13 13 11  920 116FK 6 3 1920 6 1499999999999999 020  91331 -399999999999999
  8  7  6  7  9 12 14 15 15 13 10  7  4  2  1  1  3  7 10 12 14 14 12 1020 117FK 716 152033 1499999999999999 140  614 6  199999999999999
  8  6  4  4  4  6  8 10 11 11 11  9  7  6  5  5  6  8 10 13 14 15 14 1320 118FK 855 1121 2 1599999999999999 3 6  41435  599999999999999
 10  7  5  3  1  1  2  4  6  8  9 10 10  9  9  9  9 10 12 14 15 16 16 1520 119FK1121 102136 1799999999999999 438  11444  999999999999999
 13 10  7  4  1 -1 -2 -1  1  3  6  8 10 11 11 12 12 13 14 15 16 17 18 1820 120FK2219 18999999999999999999999 6 3 -2999999999999999999999
 17 14 11  7  3  0 -3 -4 -3 -1  2  5  9 11 13 14 14 15 15 16 17 18 19 2020 121FK2312 20999999999999999999999 710 -4999999999999999999999
 20 18 15 11  7  3 -1 -4 -5 -4 -2  2  6 10 13 14 15 16 16 16 17 18 19 2120 122FK9999999999999999999999999999 8 3 -5999999999999999999999
 21 21 19 16 12  7  2 -2 -5 -6 -4 -1  3  8 12 14 16 16 16 16 16 17 18 2020 123FK 0 9 21999999999999999999999 850 -6999999999999999999999
 22 22 22 19 16 11  6  0 -4 -6 -6 -4  0  5 10 13 15 16 16 16 15 16 17 1820 124FK 1 4 221720 1699999999999999 932 -61953 1599999999999999
 20 22 23 22 19 15  9  4 -1 -5 -6 -6 -2  2  7 11 14 15 15 15 14 14 15 1620 125FK 154 231733 15999999999999991010 -62039 1499999999999999
 18 20 22 22 21 18 13  7  1 -3 -6 -6 -5 -1  4  9 12 14 14 14 13 12 12 1320 126FK 238 231751 14999999999999991046 -62121 1299999999999999
 15 17 20 21 21 19 15 10  4 -1 -4 -6 -6 -3  1  6 10 12 13 13 12 11 10 1020 127FK 319 211811 13999999999999991119 -622 3 1099999999999999
 12 14 17 19 20 19 16 12  6  1 -3 -5 -6 -4 -1  3  7 10 12 12 11  9  8  820 128FK 357 201834 12999999999999991149 -62247  899999999999999
  9 10 13 15 17 17 15 12  8  3 -1 -4 -5 -4 -2  1  5  8 10 11 10  9  7  620 129FK 433 171856 11999999999999991216 -52336  699999999999999
  6  7  9 11 13 14 14 12  9  5  1 -2 -3 -3 -2  1  4  7  9 10 10  9  7  520 130FK 511 141917 10999999999999991238 -3999999999999999999999
  5  5  5  7  9 11 11 10  9  6  3  1 -1 -1 -1  1  4  7  9 10 10  9  7  520 131FK 552 111935 1099999999999999 032  41254 -199999999999999
  4  3  3  4  5  7  8  8  7  6  4  2  1  1  1  3  5  7  9 10 10 10  8  620 2 1FK 646  81951 1199999999999999 135  31257  199999999999999
  4  3  2  2  2  3  5  5  6  6  5  4  3  3  4  5  6  8 10 11 11 11 10  820 2 2FK 813  620 7 1199999999999999 247  21242  399999999999999
  6  4  2  1  0  0  1  2  4  4  5  5  5  5  6  7  8  9 11 12 13 13 12 1020 2 3FK2028 13999999999999999999999 4 8  0999999999999999999999
  8  6  3  1 -1 -1 -1 -1  1  2  4  5  6  7  8  9 10 11 12 13 14 14 14 1320 2 4FK21 5 14999999999999999999999 527 -2999999999999999999999
 11  8  6  3  0 -2 -3 -3 -2  0  2  5  7  8 10 11 11 12 13 14 15 15 16 1520 2 5FK22 4 16999999999999999999999 631 -4999999999999999999999
 14 12  9  5  2 -2 -4 -6 -5 -4 -1  2  6  8 10 12 12 13 13 14 15 15 16 1720 2 6FK2318 17999999999999999999999 724 -6999999999999999999999
 17 16 13  9  5  1 -4 -7 -8 -7 -5 -1  3  7 10 12 13 13 13 13 14 15 16 1720 2 7FK9999999999999999999999999999 813 -8999999999999999999999
 19 18 17 14  9  4 -1 -6 -9-10 -9 -6 -1  4  8 11 13 13 13 12 12 12 14 1620 2 8FK 029 191653 1399999999999999 859-101942 1299999999999999
 18 20 20 18 14  9  3 -3 -8-11-12-10 -6  0  5  9 11 12 12 11 10 10 11 1320 2 9FK 132 2017 4 1299999999999999 944-122038 1099999999999999
 15 19 20 20 18 14  8  1 -5-10-13-13-10 -4  1  6 10 11 11 10  8  7  7  820 210FK 229 211724 11999999999999991028-132131  799999999999999
 11 15 18 20 20 18 13  6 -1 -7-11-13-12 -8 -2  3  8 10 10  9  7  5  4  420 211FK 325 201746 119999999999999911 9-132225  499999999999999
  5  9 13 17 19 18 16 11  5 -2 -7-10-11 -9 -4  1  6  9 10  9  7  4  2  120 212FK 421 1918 9 10999999999999991148-112323  099999999999999
  1  3  6 11 14 16 16 13  9  3 -2 -6 -8 -7 -5  0  4  8 10 10  8  5  2 -120 213FK 520 161832 10999999999999991224 -8999999999999999999999
 -2 -2  0  4  8 11 12 12 10  7  3 -1 -3 -4 -3  0  4  8 10 11 10  7  4  020 214FK 625 131855 1199999999999999 024 -21254 -499999999999999
 -2 -4 -4 -2  1  4  7  9  9  8  6  3  1  1  1  3  5  8 11 12 11 10  7  320 215FK 742  91920 1299999999999999 130 -41316  199999999999999
  0 -3 -5 -5 -4 -2  1  3  5  6  6  5  5  4  5  6  7  9 11 13 13 12 10  720 216FK 927  61947 1399999999999999 244 -513 9  499999999999999
  3  0 -3 -5 -6 -5 -4 -2  1  3  4  6  6  7  8  8  9 11 12 13 14 14 13 1120 217FK2022 14999999999999999999999 412 -6999999999999999999999
  8  4  1 -2 -5 -6 -7 -6 -4 -1  2  4  6  8  9 10 11 12 13 13 14 15 14 1320 218FK2116 15999999999999999999999 546 -7999999999999999999999
 11  9  6  2 -2 -5 -7 -7 -7 -5 -2  2  5  8  9 11 12 12 13 13 14 14 15 1520 219FK2238 15999999999999999999999 7 1 -7999999999999999999999
 14 12 10  6  2 -1 -5 -7 -8 -7 -4 -1  3  6  9 11 12 12 12 12 12 13 14 1520 220FK9999999999999999999999999999 756 -8999999999999999999999
 15 15 13 10  7  2 -2 -6 -8 -8 -7 -3  1  5  8 10 11 11 11 10 10 11 12 1420 221FK 0 0 151641 1199999999999999 841 -81927 1099999999999999
 15 16 15 13 10  6  1 -4 -7 -8 -8 -6 -2  3  6  9 10 10 10  9  8  9 10 1120 222FK 1 4 161636 1099999999999999 920 -92013  899999999999999
 13 15 16 15 13  9  4 -1 -5 -8 -9 -7 -4  0  5  8  9 10  9  7  6  6  7  820 223FK 155 161643 1099999999999999 953 -92052  699999999999999
 11 13 15 15 14 11  6  1 -3 -7 -9 -9 -6 -2  2  6  8  9  8  6  5  4  4  520 224FK 239 161656  9999999999999991023 -92130  499999999999999
  7 10 13 14 14 12  8  4 -1 -5 -8 -9 -7 -4  1  4  7  8  8  6  4  2  1  220 225FK 319 151712  8999999999999991051 -922 8  199999999999999
  4  6 10 12 13 12  9  6  1 -3 -6 -8 -7 -5 -1  3  6  8  8  6  4  1  0 -120 226FK 358 131730  8999999999999991115 -82248 -199999999999999
  0  3  6  9 11 11 10  7  3 -1 -4 -6 -6 -4 -1  2  5  7  8  6  4  1 -1 -220 227FK 438 111746  8999999999999991136 -62328 -299999999999999
 -2 -1  2  5  8  9  9  7  4  1 -2 -4 -4 -3 -1  2  5  7  8  7  5  2 -1 -320 228FK 521  91759  8999999999999991152 -4999999999999999999999
 -4 -3 -1  1  4  6  7  7  5  3  0 -1 -2 -1  1  3  6  8  8  8  6  4  1 -220 229FK 6 9  71810  999999999999999 012 -41159 -299999999999999
 -4 -4 -4 -2  1  3  5  5  5  4  2  1  1  1  2  4  7  9  9  9  8  6  3  020 3 1FK 7 9  51819  999999999999999 059 -41153  199999999999999
 -3 -4 -5 -4 -2  0  2  3  4  4  4  3  3  4  5  6  8  9 10 10 10  8  5  220 3 2FK 833  41833 1199999999999999 152 -51134  399999999999999
 -1 -3 -4 -5 -4 -3 -1  1  2  3  4  4  5  5  6  8  9 10 11 12 11 10  8  520 3 3FK1856 12999999999999999999999 258 -5999999999999999999999
  2 -1 -3 -5 -5 -5 -4 -3 -1  1  3  4  6  7  8  9 10 11 12 12 12 12 10  820 3 4FK1934 12999999999999999999999 422 -5999999999999999999999
  6  3  0 -3 -5 -6 -7 -6 -4 -2  1  3  5  7  8  9 10 11 11 12 12 12 12 1120 3 5FK2058 12999999999999999999999 547 -7999999999999999999999
  9  7  3  0 -3 -6 -8 -9 -8 -6 -2  1  4  7  8  9 10 10 10 11 11 12 13 1320 3 6FK2259 13999999999999999999999 656 -9999999999999999999999
 12 11  8  4  0 -4 -8-10-11 -9 -6 -2  2  5  8  9  9  9  9  8  9 10 11 1320 3 7FK16 3  9999999999999999999999 751-1119 3  899999999999999
 14 14 12  9  5  0 -5 -9-12-12-10 -6 -2  3  6  8  9  8  7  6  5  6  8 1020 3 8FK 027 141556  999999999999999 840-121958  599999999999999
 13 15 15 14 10  5 -1 -7-11-13-13-10 -5  0  4  7  8  8  6  4  2  2  3  520 3 9FK 136 1516 6  899999999999999 925-132047  299999999999999
  9 13 16 16 14 10  4 -2 -7-11-13-12 -8 -2  3  6  8  8  6  3  0 -2 -2  020 310FK 238 161623  89999999999999910 6-132137 -299999999999999
  3  8 13 15 16 14  9  4 -2 -7-10-11 -9 -4  1  6  8  8  7  3  0 -4 -5 -520 311FK 338 161642  9999999999999991044-112228 -699999999999999
 -3  1  7 12 14 14 13  8  3 -2 -6 -8 -7 -4  1  5  8 10  9  6  1 -3 -7 -820 312FK 439 1517 3 10999999999999991119 -82321 -899999999999999
 -8 -5  0  5  9 12 12 11  7  3 -1 -3 -4 -2  1  5  9 11 11  8  4 -1 -5 -820 313FK 543 131726 11999999999999991150 -4999999999999999999999
-10 -9 -6 -2  3  7  9 10  9  6  4  2  1  1  3  6  9 12 12 11  8  3 -1 -620 314FK 651 101749 1299999999999999 015-101213  199999999999999
 -9-10 -9 -7 -3  1  4  7  8  7  6  5  4  5  6  8 10 12 13 13 11  7  3 -120 315FK 810  81813 1399999999999999 114-101218  499999999999999
 -5 -8 -9 -9 -7 -4 -1  2  4  6  6  7  7  7  8  9 11 12 13 14 13 11  7  420 316FK1839 14999999999999999999999 220 -9999999999999999999999
  0 -4 -6 -8 -8 -7 -5 -2  0  3  5  6  8  9 10 10 11 12 13 13 13 12 10  820 317FK19 9 13999999999999999999999 340 -8999999999999999999999
  5  1 -2 -4 -6 -7 -7 -5 -3  0  2  5  7  9 10 11 11 12 12 12 12 12 12 1020 318FK20 4 12999999999999999999999 515 -7999999999999999999999
  8  6  3  0 -3 -5 -7 -7 -6 -3  0  3  6  8  9 10 11 11 11 11 11 11 11 1120 319FK2215 11999999999999999999999 634 -7999999999999999999999
 10  9  7  4  0 -3 -5 -7 -7 -5 -3  1  4  7  9  9 10  9  9  8  8  9 10 1120 320FK1542 102359 1199999999999999 732 -71928  899999999999999
 11 11  9  7  4  0 -3 -6 -7 -7 -5 -1  2  5  8  9  9  8  7  6  6  6  7  920 321FK1531  9999999999999999999999 817 -71957  699999999999999
 11 11 11  9  6  3 -1 -4 -6 -7 -6 -3  1  4  7  8  8  7  5  4  3  3  4  620 322FK 1 7 111532  899999999999999 852 -72025  399999999999999
  9 11 11 11  9  5  1 -2 -5 -7 -7 -4 -1  3  6  7  8  7  5  2  1  1  1  320 323FK 159 111540  899999999999999 923 -72056  199999999999999
  6  9 11 11 10  7  4  0 -4 -6 -6 -5 -2  2  5  7  8  7  5  2 -1 -2 -2  020 324FK 244 111552  899999999999999 949 -62128 -299999999999999
  3  6  9 11 11  9  6  2 -2 -4 -5 -5 -2  1  5  7  8  7  5  2 -1 -3 -4 -320 325FK 327 1116 6  8999999999999991013 -522 2 -499999999999999
 -1  3  7  9 10 10  8  4  1 -2 -3 -4 -2  1  5  7  9  8  6  3 -1 -4 -6 -620 326FK 410 101620  9999999999999991034 -42237 -699999999999999
 -4 -1  3  7  9 10  9  6  3  1 -1 -2 -1  2  5  8  9  9  8  5  1 -3 -6 -720 327FK 454 101632 10999999999999991052 -22312 -799999999999999
 -6 -4  0  4  7  9  9  8  6  3  1  1  1  3  6  8 10 11  9  7  3 -1 -5 -720 328FK 541  91643 119999999999999911 4  12350 -799999999999999
 -7 -6 -3  1  4  7  8  8  7  5  4  3  4  5  7  9 11 12 11  9  5  1 -3 -620 329FK 633  81655 129999999999999911 6  3999999999999999999999
 -7 -7 -6 -2  1  4  6  7  8  7  6  5  6  7  8 10 12 13 12 11  8  4  0 -320 330FK 734  817 9 1399999999999999 030 -711 0  599999999999999
 -6 -7 -7 -5 -2  1  4  6  7  7  7  7  7  8 10 11 12 13 13 12 10  7  3  020 331FK1728 13999999999999999999999 117 -7999999999999999999999
 -3 -6 -6 -6 -5 -2  0  3  5  6  7  8  8  9 10 11 12 13 13 13 12  9  6  320 4 1FK1752 13999999999999999999999 215 -6999999999999999999999
  0 -3 -5 -6 -6 -5 -3 -1  2  4  6  7  8 10 11 11 12 13 13 13 12 11  9  720 4 2FK1830 13999999999999999999999 331 -6999999999999999999999
  4  1 -2 -4 -6 -7 -6 -4 -2  1  4  6  8  9 10 11 11 11 11 11 12 12 11 1020 4 3FK2034 12999999999999999999999 5 0 -7999999999999999999999
  8  5  2 -1 -4 -6 -7 -7 -5 -3  1  4  7  8  9 10  9  9  9  9  9 10 11 1220 4 4FK15 0 1023 0 1299999999999999 618 -71825  999999999999999
 11  9  7  3 -1 -4 -7 -8 -8 -6 -2  2  5  7  9  9  8  7  6  5  6  7  9 1120 4 5FK1438  9999999999999999999999 719 -81914  599999999999999
 13 13 11  8  4  0 -4 -7 -8 -8 -5 -1  3  7  9  9  8  6  3  2  1  2  4  820 4 6FK 033 131442  999999999999999 8 9 -81959  199999999999999
 11 14 14 13 10  5  0 -4 -6 -7 -6 -2  2  6  9 10  9  6  3 -1 -3 -3 -1  220 4 7FK 146 141455 1099999999999999 853 -72045 -399999999999999
  7 11 14 15 14 10  6  1 -3 -5 -5 -3  1  6 10 11 10  8  4 -1 -4 -7 -7 -420 4 8FK 252 151513 1199999999999999 933 -52133 -799999999999999
  0  6 11 14 15 14 11  7  2 -1 -2 -1  2  6 10 13 13 11  7  2 -4 -8-10 -920 4 9FK 357 151535 13999999999999991010 -22222-1099999999999999
 -6 -1  6 11 14 15 14 11  7  4  2  2  4  7 11 14 15 14 11  6  0 -6 -9-1120 410FK 5 1 1516 0 15999999999999991042  22311-1199999999999999
-10 -7 -1  5 10 13 14 13 11  8  7  6  6  8 12 15 17 17 14 10  5 -1 -6-1020 411FK 6 5 141626 179999999999999911 9  6999999999999999999999
-11-10 -6 -1  4  9 12 13 13 11 10  9  9 10 13 15 17 18 17 14 10  4 -1 -620 412FK 713 131654 1899999999999999 0 2-111126  999999999999999
 -9-10 -9 -5 -1  4  7 10 12 12 12 11 12 12 13 15 17 18 18 16 13  9  4 -120 413FK1721 18999999999999999999999 056-10999999999999999999999
 -4 -7 -8 -7 -4 -1  3  6  9 11 11 12 13 13 14 15 16 17 17 17 15 12  8  420 414FK1747 17999999999999999999999 156 -8999999999999999999999
  1 -2 -4 -5 -5 -3  0  3  6  8 10 11 13 13 14 15 15 16 16 16 15 13 11  820 415FK18 9 16999999999999999999999 3 6 -5999999999999999999999
  5  2  0 -2 -3 -3 -2  0  3  5  8 10 12 13 13 14 14 14 14 13 13 13 12 1020 416FK1556 14999999999999999999999 427 -4999999999999999999999
  8  6  4  1 -1 -2 -2 -2  0  3  6  8 10 12 12 12 12 11 11 11 11 11 11 1120 417FK1428 12999999999999999999999 545 -2999999999999999999999
 10  9  7  4  2  0 -2 -2 -1  1  4  7  9 11 11 11 11  9  9  8  8  9 10 1020 418FK1416 122355 1199999999999999 645 -21927  899999999999999
 11 10  9  7  5  2  0 -1 -1  0  3  6  8 10 11 11 10  8  6  5  5  6  7  920 419FK1415 11999999999999999999999 731 -11950  599999999999999
 10 11 10  9  7  4  2  0 -1  0  2  5  8 10 11 11  9  7  5  3  2  3  4  620 420FK 1 9 111419 1199999999999999 8 6 -12016  299999999999999
  9 11 11 11  9  7  4  2  1  1  2  4  7 10 11 11 10  7  4  2  0  0  1  320 421FK 2 5 111429 1299999999999999 835  02044  099999999999999
  7  9 11 12 11  9  7  4  2  2  3  5  8 10 12 12 11  8  5  1 -1 -2 -2  020 422FK 254 121442 1299999999999999 9 0  22115 -299999999999999
  4  8 11 12 12 11  9  7  5  4  4  5  8 11 13 14 13 10  7  2 -1 -4 -4 -320 423FK 340 121456 1499999999999999 923  42146 -499999999999999
  1  5  9 12 13 13 12  9  7  6  6  7  9 12 14 15 15 13  9  4  0 -3 -5 -520 424FK 426 131510 1599999999999999 943  62219 -599999999999999
 -2  2  7 10 13 14 14 12 10  9  8  9 10 13 15 17 17 15 12  7  2 -2 -5 -620 425FK 512 141525 179999999999999910 0  82254 -699999999999999
 -4 -1  4  8 12 14 14 14 12 11 10 11 12 14 16 18 18 17 14 10  5  0 -3 -520 426FK 559 141542 18999999999999991011 102331 -699999999999999
 -5 -3  1  5  9 12 14 15 14 13 12 12 13 15 17 18 19 19 16 13  8  3 -1 -420 427FK 651 1516 2 19999999999999991016 12999999999999999999999
 -5 -5 -2  2  6 10 12 14 14 14 14 14 14 16 17 19 20 19 18 15 12  7  2 -120 428FK 753 141625 2099999999999999 012 -51015 1499999999999999
 -4 -5 -4 -1  2  6  9 12 13 14 14 14 15 16 17 18 19 19 19 17 14 10  6  220 429FK1653 19999999999999999999999 059 -5999999999999999999999
 -1 -3 -4 -3 -1  2  6  9 11 13 14 14 15 16 16 17 18 18 18 18 16 13 10  620 430FK1729 18999999999999999999999 155 -4999999999999999999999
  3  0 -2 -3 -2 -1  2  5  8 10 12 13 14 15 15 16 16 16 17 17 16 15 13 1020 5 1FK1836 17999999999999999999999 3 3 -3999999999999999999999
  7  4  1 -1 -2 -2 -1  2  5  8 10 12 13 14 14 14 14 13 14 14 14 15 14 1320 5 2FK1338 142059 1599999999999999 419 -217 5 1399999999999999
 11  8  5  2  0 -1 -1  0  2  6  9 11 13 13 13 12 11 10 10 10 11 12 14 1520 5 3FK13 9 1323 9 1599999999999999 532 -21815 1099999999999999
 14 13 10  7  4  1  0  0  1  4  7 11 13 14 13 12 10  8  6  6  6  8 11 1320 5 4FK1312 14999999999999999999999 634  019 3  699999999999999
 15 16 14 12  9  6  3  2  2  4  7 10 13 15 15 13 10  7  4  2  1  3  6 1020 5 5FK 044 161324 1599999999999999 725  21950  199999999999999
 14 16 17 16 14 11  8  5  4  5  7 11 14 17 17 16 13  8  4  0 -2 -2  0  420 5 6FK 2 2 171344 1799999999999999 810  42037 -399999999999999
  9 14 17 19 18 16 13 10  8  8  9 12 15 19 20 19 16 12  6  1 -3 -5 -5 -220 5 7FK 313 1914 9 2099999999999999 850  82124 -599999999999999
  3  9 15 18 20 19 17 15 13 11 12 13 16 20 22 22 21 17 11  5 -1 -5 -7 -620 5 8FK 419 201437 2399999999999999 925 112212 -799999999999999
 -2  4 10 15 19 20 20 18 16 15 15 15 18 21 23 25 24 21 16 10  4 -2 -6 -720 5 9FK 522 2115 9 2599999999999999 955 1523 1 -799999999999999
 -6 -1  4 10 15 19 20 20 19 18 17 17 19 21 24 26 26 24 21 16  9  3 -2 -520 510FK 624 211543 26999999999999991019 172350 -699999999999999
 -6 -4  0  6 11 15 19 20 20 20 19 19 20 21 23 25 26 26 24 20 15  9  4 -120 511FK 732 201616 26999999999999991030 19999999999999999999999
 -3 -4 -2  2  7 11 15 18 19 20 20 20 20 21 22 24 25 25 24 22 18 14  9  420 512FK1650 25999999999999999999999 041 -4999999999999999999999
  1 -1 -1  1  4  8 11 15 17 18 19 20 20 20 21 22 23 23 23 22 20 17 13  920 513FK1723 23999999999999999999999 134 -1999999999999999999999
  5  3  1  1  3  5  8 12 14 16 18 19 19 19 20 20 20 21 21 21 20 18 15 1220 514FK1756 21999999999999999999999 231  1999999999999999999999
  9  7  5  3  3  4  6  9 12 14 16 17 18 18 18 18 18 18 18 18 18 17 16 1420 515FK13 7 18999999999999999999999 333  3999999999999999999999
 12 10  8  6  5  5  6  8 10 12 15 16 17 18 17 16 16 15 15 15 15 15 15 1520 516FK1253 18999999999999999999999 435  5999999999999999999999
 13 12 10  9  7  6  6  7  9 11 14 16 17 17 17 15 14 13 12 11 12 13 13 1420 517FK1251 172338 1499999999999999 531  61858 1199999999999999
 14 14 13 11 10  8  8  8  9 11 13 15 17 17 17 15 13 11 10  9  9 10 11 1320 518FK1255 17999999999999999999999 617  81926  999999999999999
 14 15 14 13 12 11 10  9 10 11 14 16 18 18 18 16 14 11  8  7  6  7  9 1120 519FK 1 8 1513 4 1899999999999999 654  91953  699999999999999
 13 15 16 15 15 13 12 11 11 13 14 17 19 20 19 18 15 11  8  5  4  4  6  920 520FK 215 161317 2099999999999999 725 112023  499999999999999
 12 15 17 17 17 16 15 14 13 14 16 18 20 21 21 20 17 13  9  5  3  2  3  620 521FK 3 9 171332 2299999999999999 752 132054  299999999999999
 10 14 17 18 19 19 17 16 16 16 17 19 21 23 24 23 20 16 11  7  3  1  1  420 522FK 358 191350 2499999999999999 817 162127  199999999999999
  8 12 16 19 20 21 20 19 18 18 19 20 22 25 26 25 23 19 15  9  5  2  0  120 523FK 442 211411 2699999999999999 840 1822 2  099999999999999
  5  9 14 18 21 22 22 21 20 20 20 21 23 25 27 27 26 23 18 13  7  3  1  020 524FK 526 221435 2799999999999999 9 1 202239  099999999999999
  2  6 11 16 20 22 23 23 22 21 21 22 24 26 28 28 28 25 22 17 11  6  2  020 525FK 613 2315 4 2899999999999999 919 212320  099999999999999
  1  3  8 13 17 20 22 23 23 22 22 23 24 25 27 29 29 27 24 20 15  9  5  220 526FK 7 4 231536 2999999999999999 935 22999999999999999999999
  0  1  4  9 13 17 20 22 23 23 22 23 23 25 26 28 28 28 26 23 19 13  8  420 527FK1613 28999999999999999999999 0 4  0999999999999999999999
  2  1  2  5  9 14 17 20 21 22 22 22 23 23 24 26 27 27 27 25 21 17 12  820 528FK1657 27999999999999999999999 052  1999999999999999999999
  5  2  2  3  6 10 14 17 19 21 21 21 22 22 22 23 24 25 25 24 23 20 16 1220 529FK1755 25999999999999999999999 145  2999999999999999999999
  9  6  4  3  5  7 11 14 17 19 20 21 21 20 20 20 20 21 22 22 22 21 19 1620 530FK1119 211922 2299999999999999 242  31438 2099999999999999
 13 10  7  6  5  7  9 12 15 18 20 20 20 20 19 18 17 17 17 19 20 20 20 1920 531FK1123 202123 2099999999999999 341  51639 1799999999999999
 17 15 12 10  8  8  9 11 14 17 19 21 21 20 18 16 14 13 13 14 15 17 19 2020 6 1FK1135 212323 2099999999999999 440  81751 1399999999999999
 20 19 17 14 13 11 11 12 15 17 20 22 23 22 20 17 14 11  9  9 10 12 16 1920 6 2FK1153 23999999999999999999999 536 111848  999999999999999
 21 21 21 19 17 16 15 15 16 19 21 24 25 25 23 19 15 11  8  6  5  7 11 1520 6 3FK 1 4 211216 2599999999999999 626 151939  599999999999999
 19 22 23 23 22 20 19 18 19 20 23 26 28 28 27 24 19 14  9  5  3  3  5 1020 6 4FK 229 231245 2899999999999999 711 182029  399999999999999
 15 20 23 25 25 24 23 22 22 22 24 27 29 31 31 28 24 19 13  7  3  1  2  520 6 5FK 342 251319 3199999999999999 750 222117  199999999999999
 10 16 21 25 27 27 26 25 25 25 26 28 30 33 34 32 29 24 18 12  6  2  1  220 6 6FK 445 271357 3499999999999999 825 2422 5  199999999999999
  6 12 17 22 26 28 28 27 27 26 27 28 30 33 35 35 33 29 24 18 11  6  2  220 6 7FK 542 281437 3599999999999999 857 262252  199999999999999
  3  8 13 19 23 27 28 28 28 27 27 28 30 32 34 35 35 33 29 23 17 11  6  320 6 8FK 636 281519 3599999999999999 925 272339  399999999999999
  3  5 10 15 20 24 27 28 28 28 27 28 29 30 32 34 35 34 31 27 22 16 11  720 6 9FK1559 359999999999999999999999999999999999999999999999999
  5  5  8 12 16 21 24 26 27 27 27 27 27 28 30 31 33 33 32 29 25 20 15 1120 610FK1639 33999999999999999999999 026  5999999999999999999999
  8  7  7 10 14 18 21 24 25 26 26 26 26 27 27 28 29 30 30 29 26 22 18 1520 611FK1718 30999999999999999999999 112  7999999999999999999999
 12  9  9 10 12 15 18 21 23 25 25 25 25 25 25 25 26 27 27 27 25 23 20 1720 612FK1759 27999999999999999999999 156  9999999999999999999999
 15 12 11 11 12 14 17 19 22 23 24 24 24 24 23 23 23 23 24 24 23 23 21 1920 613FK1052 241856 2499999999999999 239 111524 2399999999999999
 17 15 14 13 13 14 16 18 21 23 24 24 24 23 22 21 20 20 20 20 21 21 21 2020 614FK11 4 242046 2199999999999999 319 1317 8 2099999999999999
 19 17 16 15 15 16 17 18 20 22 24 24 24 23 22 20 19 17 17 17 18 19 19 2020 615FK1116 242317 2099999999999999 355 1518 9 1799999999999999
 20 19 19 18 18 18 18 19 21 23 24 25 25 24 23 20 18 16 15 14 15 16 18 1920 616FK1130 26999999999999999999999 428 171848 1499999999999999
 20 21 21 20 20 20 20 21 22 24 26 27 27 26 24 22 19 16 14 12 13 14 16 1820 617FK 121 211147 2799999999999999 5 0 201923 1299999999999999
 21 22 23 23 23 23 23 23 24 26 27 29 29 29 27 24 21 17 14 11 11 12 14 1720 618FK12 6 299999999999999999999991957 11999999999999999999999
 20 23 24 25 25 25 25 25 26 27 29 30 31 31 30 27 23 19 15 12 10 10 11 1520 619FK1229 329999999999999999999992032  9999999999999999999999
 18 22 25 27 27 27 27 27 27 28 30 32 33 34 33 31 27 22 17 13 10  8  9 1220 620FK1257 3499999999999999999999921 8  8999999999999999999999
 16 21 24 27 29 29 29 29 29 29 30 32 34 35 35 34 31 26 21 16 11  8  8  920 621FK1330 369999999999999999999992148  7999999999999999999999
 13 18 22 26 29 30 30 30 30 30 31 32 34 36 37 36 34 30 25 19 14  9  7  720 622FK 539 3014 8 3799999999999999 8 8 302229  799999999999999
 10 14 19 24 27 30 31 31 30 30 30 32 33 35 37 38 36 34 29 23 17 12  8  620 623FK 618 311450 3899999999999999 844 302313  699999999999999
  7 10 15 20 25 28 30 30 30 30 30 30 32 33 36 37 37 36 32 28 22 16 11  820 624FK 7 0 301535 3799999999999999 921 302359  699999999999999
  6  8 11 16 21 25 28 29 29 29 29 29 30 31 33 35 36 36 34 31 26 20 15 1020 625FK 742 301624 369999999999999910 8 29999999999999999999999
  8  7  9 13 17 22 25 27 28 28 28 27 28 28 29 31 33 34 34 32 29 24 19 1520 626FK 822 281719 3499999999999999 045  71116 2799999999999999
 11  9  9 11 15 19 23 25 27 28 27 26 26 26 26 27 28 30 31 31 30 27 23 1920 627FK 857 281825 3199999999999999 131  913 1 2699999999999999
 15 13 12 12 14 17 21 24 26 27 27 26 25 24 23 23 24 25 27 28 28 28 26 2320 628FK 925 271954 2899999999999999 217 111443 2399999999999999
 20 17 16 15 16 18 21 24 26 28 28 27 26 24 22 21 20 20 21 23 25 26 26 2620 629FK 950 282147 2699999999999999 3 1 151613 2099999999999999
 24 22 20 19 19 20 22 24 27 29 30 29 28 25 23 20 18 17 17 18 20 22 25 2620 630FK1015 302353 2699999999999999 343 191731 1699999999999999
 26 26 25 24 23 23 24 26 28 30 32 32 31 29 25 22 18 15 14 14 15 18 21 2420 7 1FK1044 32999999999999999999999 423 231836 1399999999999999
 27 28 28 28 27 27 27 28 30 32 34 35 35 33 30 26 21 17 13 11 11 13 17 2120 7 2FK 152 281120 3599999999999999 5 3 271932 1199999999999999
 25 28 30 30 30 30 30 30 31 33 35 37 38 37 35 31 26 21 16 12 10 10 13 1720 7 3FK12 2 389999999999999999999992024 10999999999999999999999
 22 26 30 32 33 33 32 32 33 34 36 38 40 40 39 36 31 26 20 15 11  9 10 1320 7 4FK1248 409999999999999999999992113  9999999999999999999999
 18 23 28 31 33 34 34 33 33 34 35 37 40 41 42 40 36 31 25 19 14 11  9 1120 7 5FK1337 429999999999999999999992159  9999999999999999999999
 15 20 25 29 33 34 34 34 34 34 35 36 38 41 42 42 40 36 31 24 18 14 11 1020 7 6FK 546 341424 4299999999999999 815 342244 1099999999999999
 12 16 22 27 31 33 34 34 33 33 33 34 36 38 41 42 41 39 35 29 23 18 13 1120 7 7FK 619 341510 4299999999999999 859 332326 1199999999999999
 11 14 19 24 28 31 33 33 33 32 32 33 34 36 38 40 40 39 37 32 27 21 17 1420 7 8FK 651 331553 4099999999999999 944 32999999999999999999999
 12 13 16 21 25 29 31 32 32 31 31 31 31 33 34 36 38 38 37 34 29 25 20 1620 7 9FK 723 321633 3899999999999999 0 6 121034 3199999999999999
 14 14 15 19 23 26 29 31 31 31 30 29 29 30 31 33 34 35 35 33 30 27 23 1920 710FK 755 311713 3599999999999999 043 141138 2999999999999999
 17 16 16 18 21 24 27 29 30 30 29 29 28 28 28 29 30 32 32 31 30 27 25 2220 711FK 824 301757 3299999999999999 116 161258 2899999999999999
 19 18 18 19 21 24 26 28 30 30 29 28 27 26 26 26 27 28 29 29 28 27 26 2420 712FK 850 301855 2999999999999999 145 181421 2699999999999999
 22 21 20 21 22 24 26 28 30 30 30 29 28 26 25 24 24 24 25 26 26 26 26 2520 713FK 914 302032 2699999999999999 2 6 201545 2499999999999999
 24 23 23 23 24 25 27 29 30 31 31 30 29 27 25 23 22 22 22 23 24 25 25 2620 714FK 935 31999999999999999999999 215 2317 2 2299999999999999
 26 25 25 26 26 27 28 30 31 32 33 32 31 29 26 24 22 20 20 20 21 23 25 2620 715FK 957 3399999999999999999999918 0 20999999999999999999999
 27 27 28 28 29 29 30 31 33 34 35 34 33 31 29 26 23 20 18 18 19 21 23 2520 716FK1022 359999999999999999999991847 18999999999999999999999
 27 29 30 30 31 31 32 33 34 35 36 37 36 34 32 28 25 21 18 17 17 18 21 2420 717FK1055 379999999999999999999991929 17999999999999999999999
 27 29 31 32 33 33 33 34 35 36 38 39 39 38 35 32 28 23 19 17 15 16 18 2220 718FK1135 399999999999999999999992010 15999999999999999999999
 26 29 32 33 34 34 35 35 35 37 38 40 40 40 39 36 32 27 22 18 15 14 15 1920 719FK1221 419999999999999999999992052 14999999999999999999999
 23 27 31 33 35 35 35 35 35 36 38 39 41 42 42 39 36 31 25 20 16 13 13 1520 720FK1311 429999999999999999999992136 13999999999999999999999
 19 24 29 32 34 35 35 35 35 35 36 38 40 42 43 42 40 35 30 23 18 14 12 1220 721FK 529 3514 1 4399999999999999 750 352219 1299999999999999
 15 20 25 30 33 35 35 35 34 34 34 36 38 40 43 43 42 39 34 28 21 16 12 1120 722FK 553 351452 4399999999999999 843 3423 3 1199999999999999
 12 16 21 26 30 33 34 34 33 32 32 33 34 37 40 42 43 41 38 32 26 20 15 1220 723FK 620 341544 4399999999999999 939 322346 1199999999999999
 11 13 18 23 28 31 33 33 33 31 30 30 31 33 35 38 40 41 39 36 31 25 19 1520 724FK 648 331638 41999999999999991041 30999999999999999999999
 13 13 16 20 25 29 32 33 32 31 29 28 28 28 30 33 36 38 38 37 34 29 24 2020 725FK 715 331739 3899999999999999 028 131154 2899999999999999
 17 16 17 19 24 28 31 32 33 31 29 27 26 25 26 27 30 33 34 35 34 32 28 2520 726FK 741 331853 3599999999999999 1 7 161311 2599999999999999
 22 20 20 21 24 27 30 33 33 33 31 29 26 24 23 23 24 27 29 31 32 32 31 2920 727FK 8 6 332025 3299999999999999 144 201429 2399999999999999
 26 25 24 24 26 28 31 33 35 35 34 31 28 25 23 21 21 22 23 26 28 30 31 3020 728FK 833 352225 3199999999999999 214 241551 2199999999999999
 30 29 28 28 29 31 33 35 36 37 36 35 32 28 25 22 20 19 19 21 23 26 28 3020 729FK 9 6 37999999999999999999999 235 281715 1999999999999999
 31 32 32 32 32 33 34 36 38 39 39 38 36 33 29 25 21 19 17 17 19 22 25 2820 730FK 947 399999999999999999999991828 17999999999999999999999
 31 33 34 34 35 35 36 37 38 40 41 41 40 38 34 30 25 21 18 16 16 18 21 2520 731FK1039 419999999999999999999991929 16999999999999999999999
 29 32 35 36 36 37 37 37 38 40 41 43 43 42 39 35 30 25 21 17 16 16 18 2220 8 1FK1139 439999999999999999999992021 15999999999999999999999
 27 31 34 36 37 37 37 37 38 39 41 42 44 44 43 40 35 30 25 20 17 15 16 1920 8 2FK1238 4499999999999999999999921 8 15999999999999999999999
 24 28 32 35 37 37 37 37 37 37 39 41 43 44 45 43 40 35 29 24 19 16 16 1720 8 3FK1333 459999999999999999999992151 16999999999999999999999
 21 26 30 34 36 37 36 36 35 36 36 38 41 43 45 44 42 38 33 28 22 18 16 1620 8 4FK 511 371422 4599999999999999 813 352230 1699999999999999
 19 23 28 32 35 36 36 35 34 34 34 35 37 40 43 44 43 40 36 31 26 21 18 1620 8 5FK 530 3615 6 4499999999999999 9 1 3423 6 1699999999999999
 17 21 25 29 33 35 35 34 33 32 32 32 34 36 39 41 42 41 38 34 28 24 20 1820 8 6FK 552 351548 4299999999999999 949 322338 1799999999999999
 18 19 23 27 31 33 34 34 33 31 30 30 31 33 35 38 39 39 38 35 31 26 22 2020 8 7FK 615 341629 40999999999999991038 30999999999999999999999
 19 20 22 26 29 32 33 34 33 31 29 29 29 29 31 34 36 37 36 35 32 28 25 2220 8 8FK 638 341711 3799999999999999 0 7 191131 2899999999999999
 21 21 23 25 28 31 33 33 33 31 29 28 27 27 28 30 32 34 34 34 32 29 27 2520 8 9FK 659 331759 3499999999999999 031 211229 2799999999999999
 24 23 24 26 29 31 33 34 33 32 30 28 27 26 26 27 28 30 31 32 31 30 28 2720 810FK 719 3419 3 3299999999999999 048 231331 2699999999999999
 26 26 26 28 30 32 33 34 34 33 32 29 27 26 25 25 25 27 28 29 30 30 29 2920 811FK 736 342036 3099999999999999 052 261437 2599999999999999
 28 28 29 30 31 33 34 35 36 35 34 31 29 27 25 24 24 24 25 27 28 29 30 3020 812FK 753 36999999999999999999999 031 281550 2499999999999999
 30 30 31 32 33 34 35 36 37 37 36 34 32 29 27 24 23 22 23 24 26 27 29 3020 813FK 816 3799999999999999999999917 4 22999999999999999999999
 31 32 33 34 35 35 36 37 38 38 38 37 35 32 29 26 24 22 21 22 23 25 28 3020 814FK 852 3899999999999999999999918 7 21999999999999999999999
 32 33 34 35 36 36 37 38 39 40 40 39 38 35 32 29 25 22 20 20 20 22 25 2820 815FK 948 4099999999999999999999919 1 20999999999999999999999
 31 33 35 36 37 37 37 38 39 40 41 41 41 39 36 32 28 24 21 19 18 19 22 2620 816FK1057 419999999999999999999991949 18999999999999999999999
 29 32 35 36 37 37 37 37 38 39 40 42 42 42 40 37 32 27 23 19 17 16 18 2220 817FK12 5 429999999999999999999992035 16999999999999999999999
 26 30 34 36 37 37 36 36 36 37 39 41 43 44 43 41 37 31 26 21 17 15 15 1820 818FK 433 3713 6 4499999999999999 7 5 362120 1599999999999999
 22 27 32 34 36 36 35 35 34 35 36 38 41 43 44 44 41 36 30 24 19 15 14 1520 819FK 441 3614 3 4499999999999999 8 3 3422 3 1499999999999999
 19 24 29 33 35 36 35 33 32 32 32 34 37 41 43 44 43 40 35 29 23 18 15 1420 820FK 458 361458 4499999999999999 858 322244 1499999999999999
 16 21 26 30 34 35 35 33 31 29 29 29 32 35 40 43 43 42 39 34 28 22 18 1620 821FK 519 351555 4399999999999999 954 292324 1599999999999999
 16 19 24 29 32 34 35 33 31 28 26 26 27 29 33 38 41 41 40 37 32 27 22 1920 822FK 542 351656 41999999999999991054 26999999999999999999999
 18 20 23 28 32 34 35 34 32 29 26 24 23 24 27 31 35 38 39 38 35 31 27 2420 823FK 6 4 3518 4 3999999999999999 0 1 181156 2399999999999999
 23 22 24 28 32 35 36 36 34 31 27 24 22 21 22 25 29 32 34 36 36 34 31 2920 824FK 628 361922 3699999999999999 035 2213 1 2199999999999999
 27 27 27 29 32 35 37 38 37 34 31 27 24 21 20 21 23 26 29 31 33 34 33 3220 825FK 654 382058 3499999999999999 1 2 271411 2099999999999999
 31 31 31 32 34 36 38 39 39 37 35 31 27 24 21 20 20 21 23 26 29 31 33 3320 826FK 725 39999999999999999999999 116 311531 2099999999999999
 34 34 34 35 36 37 39 40 40 40 38 36 32 28 25 22 20 19 20 22 24 28 30 3320 827FK 8 4 4099999999999999999999917 0 19999999999999999999999
 34 35 36 37 37 38 39 40 41 41 41 39 37 33 30 26 23 20 19 19 21 24 27 3020 828FK 9 1 419999999999999999999991819 19999999999999999999999
 33 35 37 37 38 38 39 39 40 41 42 41 40 38 35 31 27 23 20 18 19 21 24 2820 829FK1018 429999999999999999999991922 18999999999999999999999
 31 34 36 37 38 38 38 38 39 40 41 42 42 41 39 35 31 27 23 20 18 19 21 2520 830FK1137 429999999999999999999992013 18999999999999999999999
 29 33 35 37 37 37 36 36 36 37 39 41 42 43 41 39 35 31 26 22 19 18 19 2320 831FK 4 0 371243 4399999999999999 650 362056 1899999999999999
 27 31 34 36 36 36 35 34 34 35 36 38 41 42 43 41 38 34 29 24 21 19 19 2120 9 1FK 4 2 361336 4399999999999999 741 342133 1899999999999999
 24 29 32 35 36 35 34 33 32 32 33 35 38 41 42 42 40 37 32 27 23 20 19 2020 9 2FK 413 361423 4299999999999999 825 3222 6 1999999999999999
 23 27 31 33 35 35 33 32 30 29 30 31 34 37 40 41 40 38 34 30 25 22 20 2020 9 3FK 428 3515 6 4199999999999999 9 7 292235 1999999999999999
 21 25 29 32 34 34 33 31 29 28 27 28 30 34 37 39 39 38 36 32 27 24 21 2120 9 4FK 445 351548 4099999999999999 948 2723 1 2199999999999999
 21 24 28 31 33 34 34 32 29 27 26 26 27 30 33 36 38 38 36 33 30 26 24 2220 9 5FK 5 4 341631 38999999999999991031 252323 2299999999999999
 23 24 27 31 33 34 34 32 30 27 25 24 24 26 29 32 35 36 35 34 31 28 26 2520 9 6FK 521 341718 36999999999999991114 242340 2499999999999999
 24 26 28 31 33 34 35 33 31 28 25 24 23 24 26 29 31 33 34 34 32 30 28 2720 9 7FK 536 351811 34999999999999991159 232347 2799999999999999
 27 28 29 31 34 35 35 35 33 30 27 24 23 22 23 25 28 30 32 32 32 31 30 2920 9 8FK 548 351916 32999999999999991248 222338 2999999999999999
 29 30 31 33 34 36 36 36 34 32 29 26 24 23 22 23 25 27 29 31 31 32 31 3120 9 9FK 559 362044 32999999999999991343 222311 3199999999999999
 31 32 33 34 35 37 37 37 36 34 31 28 26 24 22 22 23 24 26 28 30 31 32 3220 910FK 614 379999999999999999999991448 22999999999999999999999
 32 33 34 35 36 37 38 38 37 36 34 31 29 26 24 22 22 22 23 25 27 29 31 3220 911FK 640 3899999999999999999999916 6 22999999999999999999999
 33 34 35 36 37 37 38 38 38 38 36 34 32 29 26 24 22 21 21 22 24 26 29 3120 912FK 725 389999999999999999999991724 21999999999999999999999
 33 34 35 36 37 37 37 38 38 38 38 37 35 32 29 26 23 21 19 19 21 23 26 2920 913FK 853 389999999999999999999991830 19999999999999999999999
 32 34 35 36 36 36 36 36 37 38 39 39 38 36 33 29 26 22 19 17 18 19 23 2620 914FK1040 399999999999999999999991925 17999999999999999999999
 30 33 34 35 35 35 34 34 35 36 38 39 40 39 37 34 29 25 20 17 16 16 19 2320 915FK 329 3512 3 4099999999999999 628 342013 1699999999999999
 27 31 33 34 34 33 32 32 32 33 35 37 40 41 40 38 34 29 23 19 16 15 16 2020 916FK 324 3413 9 4199999999999999 722 312057 1599999999999999
 24 29 32 34 34 32 31 29 28 28 30 33 37 40 42 41 38 34 28 23 18 16 15 1820 917FK 334 3414 9 4299999999999999 812 282138 1599999999999999
 22 27 31 33 34 33 30 27 25 24 25 28 32 37 40 42 41 38 33 28 22 19 17 1720 918FK 350 3415 9 4299999999999999 9 3 242217 1799999999999999
 21 25 30 33 34 34 31 28 24 22 21 22 25 30 36 39 41 40 37 33 28 23 20 2020 919FK 4 9 341611 4199999999999999 955 212253 2099999999999999
 21 25 29 33 35 35 33 30 25 21 19 18 20 23 29 34 38 39 39 36 32 28 25 2320 920FK 430 351717 39999999999999991050 182326 2399999999999999
 24 26 30 33 36 37 36 33 28 23 19 17 16 18 22 27 32 35 37 37 35 32 30 2820 921FK 454 371827 37999999999999991146 162355 2799999999999999
 27 28 31 34 37 38 38 36 32 27 23 19 16 16 18 21 25 30 33 35 35 34 33 3220 922FK 521 381946 35999999999999991246 16999999999999999999999
 31 31 33 35 37 39 39 39 36 32 27 23 19 17 16 18 20 24 27 30 33 34 34 3420 923FK 550 39999999999999999999999 013 311352 1699999999999999
 34 34 35 36 37 39 40 40 38 36 32 28 24 21 18 17 18 20 22 25 29 31 33 3420 924FK 625 409999999999999999999991510 17999999999999999999999
 35 35 36 36 37 38 39 40 39 38 36 33 29 26 23 20 18 18 19 21 24 27 30 3220 925FK 712 409999999999999999999991640 18999999999999999999999
 34 35 36 36 37 37 38 38 39 39 38 36 34 31 27 24 21 19 18 19 21 24 27 3020 926FK 828 3999999999999999999999918 1 18999999999999999999999
 33 34 35 36 36 36 36 36 37 37 38 38 36 34 32 28 25 22 19 18 19 21 25 2820 927FK1013 3899999999999999999999919 4 18999999999999999999999
 31 33 34 35 34 34 33 33 34 35 36 37 37 37 35 32 28 24 21 19 19 20 22 2620 928FK 254 351144 3799999999999999 636 331952 1999999999999999
 29 32 33 34 33 32 31 30 31 32 33 35 37 37 36 34 31 27 24 21 19 19 21 2420 929FK 252 341250 3799999999999999 718 302031 1999999999999999
 27 30 32 33 32 31 29 28 28 28 30 32 35 37 37 36 33 30 26 22 20 19 20 2220 930FK 257 331342 3799999999999999 753 2821 3 1999999999999999
 26 29 32 32 32 30 28 26 25 25 26 29 32 35 36 36 35 32 28 24 22 20 20 222010 1FK 3 7 321427 3699999999999999 828 252131 2099999999999999
 25 28 31 32 32 30 28 25 23 22 23 25 28 32 35 36 35 33 30 27 24 22 21 222010 2FK 320 321511 3699999999999999 9 4 222155 2199999999999999
 24 28 31 32 33 31 28 25 22 21 20 22 25 29 32 34 35 34 32 29 26 24 23 232010 3FK 335 331556 3599999999999999 939 202216 2399999999999999
 25 28 31 33 33 32 30 26 23 20 19 19 21 25 29 32 34 34 33 31 28 26 25 252010 4FK 351 331642 34999999999999991016 192234 2499999999999999
 26 28 31 33 34 33 31 28 24 21 18 18 19 22 26 29 32 33 33 32 30 28 27 272010 5FK 4 5 341731 34999999999999991053 182246 2799999999999999
 27 29 32 34 35 35 33 30 26 22 19 18 17 19 22 26 29 32 33 33 31 30 29 292010 6FK 418 351824 33999999999999991133 172248 2999999999999999
 29 30 32 34 36 36 34 32 29 25 21 18 17 18 20 23 26 29 31 32 32 31 30 302010 7FK 431 361925 32999999999999991215 172240 3099999999999999
 31 32 33 35 36 36 35 34 31 27 23 20 18 18 18 20 23 26 28 30 31 31 31 312010 8FK 447 3699999999999999999999913 4 18999999999999999999999
 32 33 34 35 36 36 36 35 33 30 26 23 20 19 18 19 20 23 25 27 29 30 31 312010 9FK 5 7 3699999999999999999999914 3 18999999999999999999999
 32 33 34 35 35 36 36 35 34 32 29 26 23 21 19 18 18 20 21 24 26 28 30 31201010FK 534 369999999999999999999991517 18999999999999999999999
 32 33 33 34 35 35 35 35 35 33 32 29 26 23 21 19 18 17 18 20 23 25 28 30201011FK 622 359999999999999999999991640 17999999999999999999999
 31 32 33 33 33 33 33 34 34 34 33 32 30 27 24 21 18 17 16 17 19 22 25 28201012FK 828 349999999999999999999991753 16999999999999999999999
 30 31 31 31 31 31 31 31 32 33 34 34 33 31 28 24 21 18 16 15 16 19 22 25201013FK 226 311036 3499999999999999 548 311851 1599999999999999
 28 30 31 30 29 28 27 27 28 30 32 34 35 34 32 29 25 20 17 15 15 16 20 23201014FK 2 6 3112 5 3599999999999999 639 271941 1599999999999999
 27 29 30 30 28 26 24 23 24 25 28 31 34 36 35 33 29 25 21 17 16 16 18 22201015FK 2 9 301316 3699999999999999 724 232024 1599999999999999
 26 29 31 30 29 26 23 20 19 20 22 26 31 35 36 36 34 30 25 21 18 17 18 21201016FK 221 311421 3699999999999999 811 1921 4 1799999999999999
 25 29 32 32 30 27 23 19 16 15 16 20 25 30 35 37 36 34 30 26 23 20 20 22201017FK 239 321526 3799999999999999 859 152141 2099999999999999
 25 30 33 34 33 30 25 20 16 13 12 14 18 24 30 34 36 36 34 31 27 25 23 24201018FK 3 2 341631 3799999999999999 950 122215 2399999999999999
 26 30 34 36 36 33 29 24 18 13 11 10 12 17 23 29 33 35 36 34 31 29 27 27201019FK 328 361737 36999999999999991041 102246 2799999999999999
 28 31 34 37 38 37 34 29 23 17 13 10 10 12 17 23 28 32 34 34 33 32 30 30201020FK 358 381845 35999999999999991135 1023 9 3099999999999999
 30 32 34 37 39 39 37 33 28 22 17 13 11 11 13 17 22 26 30 32 33 33 32 32201021FK 430 3920 6 33999999999999991232 102314 3299999999999999
 32 33 34 36 38 39 38 36 32 28 23 18 14 12 12 14 17 21 25 28 31 32 32 32201022FK 5 6 399999999999999999999991334 12999999999999999999999
 33 33 34 35 36 37 38 37 35 32 28 23 20 16 14 14 15 18 21 24 27 29 31 32201023FK 545 389999999999999999999991446 14999999999999999999999
 32 33 33 34 34 35 36 36 35 33 31 28 24 21 18 16 15 16 18 20 23 26 28 30201024FK 637 3699999999999999999999916 7 15999999999999999999999
 31 32 32 32 32 32 33 33 33 33 32 30 28 25 22 20 17 16 16 18 20 23 26 28201025FK 8 4 339999999999999999999991725 16999999999999999999999
 30 31 31 30 30 29 29 30 30 31 31 31 30 28 26 23 20 18 17 17 18 21 24 26201026FK 143 3110 4 3199999999999999 551 291827 1799999999999999
 28 29 29 29 28 27 26 26 27 28 29 30 30 29 28 25 23 20 18 17 18 19 22 25201027FK 140 301145 3099999999999999 641 261914 1799999999999999
 27 28 29 28 26 25 23 23 23 24 26 28 29 30 29 27 25 22 20 18 18 19 21 24201028FK 143 291255 3099999999999999 717 231950 1899999999999999
 26 28 29 28 26 24 21 20 20 20 22 25 28 29 30 29 27 24 22 20 19 19 21 23201029FK 150 291350 3099999999999999 749 202019 1999999999999999
 26 28 29 28 26 23 20 18 17 17 19 22 25 28 29 30 28 26 24 22 21 20 21 23201030FK 2 1 291439 3099999999999999 821 172044 2099999999999999
 26 28 30 29 27 24 21 17 15 15 16 19 22 26 29 30 30 28 26 24 22 22 22 24201031FK 214 301525 3099999999999999 853 1521 5 2299999999999999
 27 29 30 30 29 26 22 18 15 13 13 15 19 23 27 29 30 30 28 26 25 24 24 252011 1FK 230 311610 3099999999999999 926 132125 2499999999999999
 27 30 31 32 31 28 24 20 16 13 12 13 16 20 25 28 30 31 30 28 27 26 25 262011 2FK 246 321655 319999999999999910 0 122141 2599999999999999
 28 30 32 33 32 30 27 22 17 14 12 11 13 17 22 26 29 30 31 30 28 27 27 272011 3FK 3 3 331742 31999999999999991035 112153 2799999999999999
 29 31 33 34 34 32 29 25 20 16 12 11 12 14 18 23 26 29 30 30 29 28 28 282011 4FK 322 341831 30999999999999991113 112159 2899999999999999
 29 31 33 34 34 33 31 27 23 18 14 12 11 12 15 19 23 26 28 29 29 29 29 292011 5FK 343 341929 29999999999999991155 1122 1 2999999999999999
 30 31 32 34 34 34 32 29 26 21 17 14 12 12 13 16 19 23 25 27 28 28 28 292011 6FK 4 8 349999999999999999999991242 12999999999999999999999
 29 30 31 33 33 34 33 31 28 24 20 16 14 12 12 13 16 19 22 24 26 27 28 282011 7FK 438 349999999999999999999991337 12999999999999999999999
 29 29 30 31 32 32 32 31 29 26 23 19 16 14 12 12 13 15 18 21 23 25 26 272011 8FK 516 329999999999999999999991442 12999999999999999999999
 28 28 28 29 29 30 30 30 29 28 25 23 19 17 14 13 12 13 15 17 20 22 24 262011 9FK 623 309999999999999999999991554 12999999999999999999999
 26 27 27 26 26 26 27 27 28 28 27 25 23 20 17 15 13 12 13 15 17 20 23 24201110FK 829 2899999999999999999999917 4 12999999999999999999999
 25 26 25 24 23 23 23 23 25 26 27 27 26 24 21 18 16 14 13 13 15 18 21 24201111FK 042 261035 2799999999999999 537 2318 5 1399999999999999
 25 25 25 23 21 20 19 19 20 22 25 27 28 27 25 23 20 17 15 14 15 17 21 24201112FK 043 251212 2899999999999999 629 181857 1499999999999999
 26 26 25 23 20 17 15 14 14 16 20 24 27 29 29 27 24 21 19 17 17 18 21 24201113FK 054 261330 2999999999999999 717 141942 1799999999999999
 27 28 28 25 22 18 14 11 10 11 14 18 23 27 30 30 29 26 23 21 20 20 22 25201114FK 113 281441 3099999999999999 8 5 102022 1999999999999999
 28 30 31 29 25 20 15 10  7  6  8 12 18 24 28 31 31 30 27 25 23 22 23 26201115FK 139 311548 3199999999999999 854  62059 2299999999999999
 29 32 33 33 30 25 19 13  8  5  4  7 11 18 24 28 31 32 31 28 27 25 25 27201116FK 2 9 331652 3299999999999999 944  42131 2599999999999999
 29 33 35 35 34 30 25 18 12  7  4  4  6 12 18 24 28 31 31 31 29 28 27 28201117FK 244 351754 31999999999999991035  322 0 2799999999999999
 30 32 35 37 36 34 30 24 17 11  7  4  4  7 12 18 23 27 30 31 30 29 28 29201118FK 322 371857 31999999999999991127  42222 2899999999999999
 29 31 34 36 37 36 33 29 23 17 11  7  5  6  9 13 18 23 26 28 29 29 29 29201119FK 4 2 379999999999999999999991220  5999999999999999999999
 29 30 32 34 35 35 34 31 27 22 17 12  9  7  8 10 14 18 22 25 27 28 28 28201120FK 444 359999999999999999999991317  7999999999999999999999
 28 29 29 31 32 33 33 32 29 25 21 17 13 11  9 10 12 15 18 21 24 25 26 27201121FK 529 339999999999999999999991416  9999999999999999999999
 27 27 27 28 28 29 30 30 29 26 24 20 17 14 12 11 11 13 15 18 21 23 24 25201122FK 620 309999999999999999999991519 11999999999999999999999
 25 25 25 25 25 25 26 26 26 25 24 22 20 17 15 13 13 13 14 16 18 21 23 24201123FK 019 26 731 2699999999999999 328 251622 1299999999999999
 24 24 24 23 22 22 22 22 23 23 23 22 21 20 18 16 15 14 14 15 17 19 21 23201124FK 018 24 926 2399999999999999 525 221720 1499999999999999
 24 23 23 21 20 19 18 18 19 20 21 21 21 21 20 18 17 15 15 15 17 18 21 22201125FK 023 241132 2299999999999999 625 1818 8 1599999999999999
 23 23 22 21 19 17 15 15 15 16 18 20 21 21 21 20 19 17 17 16 17 19 21 23201126FK 030 2313 3 2199999999999999 7 4 151845 1699999999999999
 24 24 23 21 18 16 13 12 12 13 15 18 20 21 22 22 21 20 19 18 18 19 21 23201127FK 041 241410 2299999999999999 736 121915 1899999999999999
 25 25 24 22 19 16 13 10  9 10 12 15 18 21 22 23 23 22 21 20 20 20 22 24201128FK 056 2515 4 2399999999999999 8 7  91941 2099999999999999
 26 27 26 24 21 17 13 10  8  8  9 12 16 20 22 24 24 24 23 22 21 22 23 25201129FK 113 271549 2499999999999999 839  820 5 2199999999999999
 27 28 28 27 24 20 15 11  8  6  7 10 14 18 21 24 25 25 24 23 23 23 24 25201130FK 133 281631 2599999999999999 912  62028 2399999999999999
 27 29 30 29 26 23 18 13  9  6  5  7 11 15 19 23 25 26 26 25 24 24 24 262012 1FK 156 301711 2699999999999999 947  52050 2499999999999999
 28 30 31 31 29 26 21 16 11  7  5  5  8 12 17 21 24 26 26 26 25 24 25 262012 2FK 222 311752 26999999999999991024  521 9 2499999999999999
 27 29 31 31 30 28 24 19 13  9  5  4  5  8 13 18 21 24 26 26 25 25 25 252012 3FK 251 311837 269999999999999911 4  42127 2599999999999999
 26 28 30 31 31 29 26 22 16 11  7  5  4  6  9 14 18 21 24 25 25 24 24 252012 4FK 324 311928 25999999999999991146  42146 2499999999999999
 25 27 28 30 30 30 28 24 19 14 10  6  4  4  6 10 14 18 21 22 23 23 23 232012 5FK 4 0 309999999999999999999991232  4999999999999999999999
 24 25 26 27 29 29 28 25 22 17 13  9  6  4  5  7 10 14 17 20 21 22 22 222012 6FK 442 299999999999999999999991321  4999999999999999999999
 22 23 23 24 25 26 26 25 23 20 16 12  8  6  5  5  7 10 14 17 19 20 21 212012 7FK 533 269999999999999999999991413  5999999999999999999999
 21 20 21 21 22 22 23 23 23 21 18 15 12  9  7  6  7  9 11 14 17 19 20 202012 8FK 646 232244 209999999999999915 7  6999999999999999999999
 20 19 18 18 18 18 19 20 21 21 20 18 16 13 11  9  8  9 11 13 16 18 20 202012 9FK 833 2123 0 2099999999999999 342 1716 3  899999999999999
 20 18 17 15 14 14 14 15 17 18 19 19 19 17 15 13 12 11 12 13 16 18 20 21201210FK1039 192319 2199999999999999 512 1317 0 1199999999999999
 21 19 17 15 12 10  9 10 11 14 17 19 20 20 19 17 16 14 14 15 16 19 21 23201211FK1230 202344 2399999999999999 616  91754 1499999999999999
 23 22 20 16 12  9  6  5  6  8 12 16 19 21 22 21 20 18 17 17 18 20 22 25201212FK14 1 22999999999999999999999 711  51844 1799999999999999
 26 25 23 20 15 10  6  3  2  3  6 11 16 20 22 24 23 22 21 20 20 21 23 26201213FK 016 261516 2499999999999999 8 3  21928 2099999999999999
 28 29 28 25 20 14  8  4  0 -1  1  5 11 16 21 24 25 25 24 23 22 23 24 26201214FK 053 291620 2599999999999999 853 -120 8 2299999999999999
 29 31 31 29 25 20 13  7  2 -1 -2  1  5 11 17 22 25 26 25 24 24 23 24 26201215FK 135 311714 2699999999999999 943 -22045 2399999999999999
 28 31 32 32 30 25 19 12  6  1 -2 -2  1  6 12 18 22 25 26 25 24 24 24 25201216FK 220 3318 4 26999999999999991032 -22120 2499999999999999
 27 29 32 33 32 29 24 18 11  5  1 -1 -1  2  7 13 18 22 24 25 24 23 23 23201217FK 3 6 331851 25999999999999991121 -12155 2399999999999999
 25 27 29 31 32 31 28 23 17 10  5  1  0  1  4  9 14 18 21 23 23 22 22 22201218FK 352 321938 239999999999999912 9  02233 2299999999999999
 22 24 26 28 29 30 28 25 20 15  9  5  2  1  3  6 10 14 18 20 21 21 21 20201219FK 437 302026 21999999999999991255  12323 2099999999999999
 20 21 22 24 25 26 26 25 21 17 13  9  6  4  3  5  8 11 15 17 19 19 19 19201220FK 520 262113 19999999999999991339  3999999999999999999999
 19 19 19 20 21 22 23 22 21 18 15 12  9  6  5  6  7 10 12 15 17 18 18 18201221FK 6 4 232152 1899999999999999 047 181421  599999999999999
 17 17 16 16 17 18 18 19 18 17 15 13 11  9  8  7  8  9 11 14 15 17 18 17201222FK 657 192220 1899999999999999 233 161458  799999999999999
 17 16 15 14 14 14 14 15 15 15 14 13 12 11 10  9  9 10 11 13 15 16 17 17201223FK 828 152242 1899999999999999 421 131531  999999999999999
 17 16 14 13 11 10 10 11 11 12 13 13 13 12 12 12 11 12 12 14 15 17 18 18201224FK11 9 1323 1 1899999999999999 547 101556 1199999999999999
 18 16 15 12 10  9  8  7  8  9 11 12 13 14 14 14 14 14 14 15 16 17 19 19201225FK2322 19999999999999999999999 639  7999999999999999999999
 19 18 16 13 10  8  6  5  5  6  8 11 13 14 15 16 16 16 16 16 17 18 20 21201226FK2346 21999999999999999999999 716  5999999999999999999999
 21 20 18 15 12  8  5  3  3  4  6  9 12 14 16 17 17 17 17 18 18 19 21 22201227FK9999999999999999999999999999 751  3999999999999999999999
 23 22 21 18 14 10  6  3  1  2  3  7 10 14 16 18 19 19 19 19 19 20 21 23201228FK 014 23999999999999999999999 825  1999999999999999999999
 24 24 23 21 17 13  8  4  1  0  1  4  8 12 16 18 20 20 20 20 20 20 21 23201229FK 047 24999999999999999999999 9 1  0999999999999999999999
 25 26 25 24 21 16 11  6  2 -1 -1  1  5  9 14 17 19 20 20 20 20 20 21 22201230FK 123 261728 2199999999999999 938 -12011 2099999999999999
 24 26 27 26 24 20 14  9  3  0 -2 -2  1  5 10 15 18 20 20 20 20 19 20 21201231FK 2 0 2718 0 20999999999999991018 -22041 1999999999999999
