103 72 49 41 48 7010113416418318817916013611510310211112814616216816414820 1 1G4 95018921 616899999999999999 3 1 41153410199999999999999
124 97 74 60 58 69 9011714416717917916815113111410410311012313714915415020 1 2G4103118022 515499999999999999 338 57163510399999999999999
138119100 83 75 76 87105128150166174172162146128112102 9810211112513714320 1 3G41117174232814499999999999999 422 7418 1 9899999999999999
143136123109 97 91 92100115134152165171169160144126109 95 87 88 9711212720 1 4G41216171999999999999999999999 523 901924 8699999999999999
139144142134123112104102107120136152165172170160143122 99 81 70 71 8310220 1 5G4 116144132117299999999999999 6481022025 6999999999999999
123141153155149137124112107110121138155169176174162140112 84 61 51 55 7220 1 6G4 246155141917799999999999999 8101072114 5099999999999999
 98126151168172164149130114106109122141160177184179161131 97 63 39 31 4120 1 7G4 34917215 818499999999999999 9151062157 3199999999999999
 66100137167185188175154130111102107124147170188193182156118 77 40 17 1420 1 8G4 43818915521939999999999999910 81022239 1399999999999999
 32 66109152186203200181153125104 97107129157183200201182146102 55 18 -220 1 9G4 5202041633203999999999999991054 972320 -399999999999999
  2 29 72123170203215205180146115 95 93109138169196210204177133 83 34 -220 110G4 6 12151714211999999999999991136 92999999999999999999999
-16 -3 34 85140188217222204172135104 87 92115148182207216202167118 65 1720 111G4 641223175521699999999999999 0 1-161216 8799999999999999
-15-21  1 45101157202224221196159121 92 83 95123159191213216195155103 5020 112G4 721226183721799999999999999 042-221256 8399999999999999
  5-20-16 14 63119173211224212182144107 84 82100131166195212209183141 9020 113G4 8 0224192121499999999999999 123-221337 8099999999999999
 40  2-14 -2 34 84138185214218199166128 96 79 8310513516719220419716912920 114G4 83921920 820599999999999999 2 4-141418 7899999999999999
 82 38  9  3 21 58105153192210206184150115 89 78 8610713416218319118215620 115G4 919211205919199999999999999 245  215 4 7899999999999999
120 80 46 26 27 48 83125164193202193168137107 85 78 8610412715016817516720 116G4 959202215817599999999999999 327 241557 7899999999999999
147118 87 62 50 55 75105139170189192180157128102 84 77 82 9511413415115920 117G41041193231516099999999999999 413 4917 6 7799999999999999
157143123101 83 76 80 96121148170183183171150125101 83 73 72 81 9711713620 118G41130185999999999999999999999 5 8 761833 7199999999999999
148153148135120106 99100111129150167177178167149125100 79 64 59 65 8110220 119G4 057153123117999999999999999 622 981957 5999999999999999
125144157159152140125115111117131148164175177169151126 97 71 51 43 49 6620 120G4 244159134417799999999999999 75211121 5 4399999999999999
 92121149168174169155137121114117129146164177181174154124 90 59 36 27 3520 121G4 4 2174145418299999999999999 91411322 1 2799999999999999
 57 90127160183190182163139119109112126146168184189178153118 79 44 20 1420 122G4 45619015511899999999999999910171092249 1499999999999999
 27 56 96139176198201187161133110101107126152176193195180148107 64 28  720 123G4 53820216381979999999999999911 61012331  499999999999999
  7 27 65111157193210205182151120 98 93106132162188202198175136 91 47 1320 124G4 6152101719203999999999999991145 93999999999999999999999
 -1  7 37 82132177207214199169134103 87 90111143174199207194163119 72 3020 125G4 648214175520799999999999999 0 8 -21220 8699999999999999
  3 -2 18 56105154194213208185150114 88 80 93122156187205205183145 99 5320 126G4 718214182920899999999999999 041 -31251 8099999999999999
 17  1  8 38 82131175204211195164128 95 77 80102135169195205195166124 7920 127G4 74721119 120599999999999999 112  01321 7699999999999999
 38 13  9 28 64110155190206200176142107 81 74 8611414717719619717914510320 128G4 813206193419999999999999999 140  71352 7499999999999999
 62 31 18 27 54 94136173196200184155120 91 74 76 9512415417919018316012520 129G4 83920120 919099999999999999 2 6 181423 7399999999999999
 87 54 34 33 51 83120157183194187165135104 82 74 8310313015517317716614220 130G4 9 5194204717899999999999999 232 311457 7499999999999999
110 79 56 47 56 78109141169185185171147119 94 79 77 8810712915016216315020 131G4 932187213116499999999999999 3 0 471538 7699999999999999
129103 81 67 67 80102128154172179174157134110 91 80 80 8910412314015014920 2 1G410 2179222915199999999999999 330 661632 7999999999999999
140124106 92 85 89101119139158169171163147127107 91 81 78 83 9611212813820 2 2G41040171235614199999999999999 4 7 851750 7899999999999999
141137128117109105107115128143156163163157143126107 90 77 70 72 83 9911720 2 3G41133164999999999999999999999 5 71051918 7099999999999999
131141144141134127121118121129140151159161157146129108 86 67 56 56 67 8720 2 4G4 157144125516199999999999999 7 11182030 5499999999999999
110132149158159152141129120118124135148159166164153132105 76 51 37 37 5220 2 5G4 333160142116699999999999999 8461182129 3599999999999999
 78109140164177177166148129115110116131149166177176161133 98 61 31 15 1820 2 6G4 429179152717899999999999999 9551102221 1499999999999999
 40 74115155184197192173146121103 99109131156179192189167131 86 43  9 -520 2 7G4 5121971620193999999999999991046 9823 7 -599999999999999
  4 34 79129174204212199171137106 88 88106136168195208199169123 71 23-1120 2 8G4 55121217 7208999999999999991129 852351-2099999999999999
-20 -2 39 92148195221220196160120 88 73 81108145182210219203164112 55  620 2 9G4 62822317522209999999999999912 9 73999999999999999999999
-24-25  3 53112170213229218185142100 69 62 79114156195221224200155 99 4220 210G4 7 4229183722699999999999999 032-281247 6199999999999999
 -4-26-16 21 76136190224228206166120 79 55 57 83122165202223219189142 8620 211G4 739230192122499999999999999 112-271325 5399999999999999
 33 -5-15  5 49104160205225218187143 98 62 48 58 8912816920121520617412820 212G4 81322620 621699999999999999 150-1514 4 4899999999999999
 77 33  8  9 37 81132179210217200164121 80 53 48 64 9413116619220018715720 213G4 846218205320099999999999999 226  51444 4799999999999999
117 76 44 31 42 72112154189206202178142103 70 52 53 69 9612715717618116920 214G4 918207214518199999999999999 3 2 311528 5099999999999999
144113 84 65 62 76103135167189195184159126 94 69 57 59 72 9311814115716120 215G4 951195225116199999999999999 339 611622 5699999999999999
154138118100 91 93105125148169181180167145119 94 75 64 63 70 8510512413920 216G41028182999999999999999999999 421 901738 6299999999999999
147147141131122116116123135150162168167157141121100 82 69 62 63 73 8910820 217G4 033148111916999999999999999 5291151919 6199999999999999
126141150152149142134129128134142151158160156145129109 87 68 55 52 59 7520 218G4 252152125216099999999999999 7341282049 5299999999999999
 97122145162169166156142129123124131142153161163155138114 86 61 44 38 4620 219G4 412169144216399999999999999 9221222154 3899999999999999
 67 96129159179185177159138119110111122139157170174165143112 78 48 29 2620 220G4 45518515501759999999999999910231092242 2599999999999999
 39 68105144177195195178152124103 95101120144168184186171141103 64 33 1620 221G4 52819816371879999999999999911 3 952321 1599999999999999
 19 42 79123166196206195169135104 85 83 99126157184198193168130 87 46 1820 222G4 5582061715198999999999999991135 822354  899999999999999
  8 22 55 99147187209207185150113 83 71 79106140175199206190157113 67 2920 223G4 62521117492069999999999999912 5 71999999999999999999999
  8 10 36 77126172204213198166125 88 65 64 85119158191209205179138 91 4820 224G4 651213182021099999999999999 024  61233 6299999999999999
 17  8 24 60107155194212206179140 99 67 55 66 97137175203211195161116 7120 225G4 715213185121199999999999999 051  813 0 5599999999999999
 33 15 21 49 91138180206209189154112 75 53 53 76113153187206203178139 9520 226G4 737211192220899999999999999 116 141328 5099999999999999
 55 29 25 44 80123165196207196166127 88 58 48 61 9012816519220018815811920 227G4 759207195520099999999999999 140 241356 4899999999999999
 79 49 37 46 74112151183200197175141103 70 51 52 7210413916918818816913920 228G4 821202203019099999999999999 2 3 371426 4999999999999999
103 72 54 55 74104138169190194180153118 85 61 52 61 8411314316717817215220 229G4 84319521 917899999999999999 228 521458 5299999999999999
125 97 76 70 79101128156177186180161133102 76 61 59 70 9111614015816415720 3 1G4 9 7186215616499999999999999 254 701537 5899999999999999
140119101 90 91103122143162174175164144120 95 76 66 66 75 9111113114515120 3 2G4 93417623 415199999999999999 324 891631 6599999999999999
147137124114110112121134148159165162152136116 97 81 71 67 71 8310011813320 3 3G41012165999999999999999999999 4 511018 0 6799999999999999
143146143138132128127129135142150154153148137123105 87 72 62 60 68 8410420 3 4G4 1 1146112615499999999999999 5531271941 6099999999999999
125142154159157151141132127126131139147153155149135115 90 66 49 42 49 6820 3 5G4 313159134415599999999999999 8351262059 4299999999999999
 94124151171179176163145127114111117131148163171167150121 87 54 30 21 3020 3 6G4 412179151417199999999999999 94911122 0 2199999999999999
 56 92132168192199188165137111 95 93107130157180192186161123 78 37  9  220 3 7G4 4521991612192999999999999991036 922249  199999999999999
 18 53100149190213213191157120 89 73 78101136172201213201167118 66 20 -820 3 8G4 52821617 1213999999999999991116 722334-1399999999999999
-10 16 62118172213228216183139 95 63 53 68103147190220228208164109 52  620 3 9G4 6 22281747229999999999999991153 53999999999999999999999
-17 -8 28 83143197230233208164114 68 40 40 67111160205233233205156 98 4120 310G4 636235183123799999999999999 014-181230 3799999999999999
  1-12  8 53111170216236225189138 86 44 25 37 72121172214235227193143 8720 311G4 7 8236191423699999999999999 052-1213 7 2599999999999999
 37  7  8 38 86142193226230206163110 61 28 21 42 8213017821322621217713020 312G4 739232195822699999999999999 128  41344 2099999999999999
 81 42 27 39 74121168206223214181135 86 45 23 27 53 9213617620320819216020 313G4 8 8224204420999999999999999 2 3 271421 2299999999999999
120 83 58 56 75109148184207210191155112 71 41 30 40 65 9913616718618717220 314G4 837212213418999999999999999 236 5415 1 3099999999999999
147118 93 83 88108136165187197190167134 98 67 48 44 54 7410112915216616720 315G4 9 4197223516899999999999999 3 9 821547 4399999999999999
157141124112109116131150167179180169149123 96 75 62 59 64 78 9711713514820 316G4 935181999999999999999999999 3471081652 5899999999999999
153151145137132130133140150158163162154140123105 89 77 69 68 75 8810412120 317G4 013153101716399999999999999 4541301836 6899999999999999
137149155157154148141137136138143147149148142133119103 86 72 65 66 76 9220 318G4 247157121214999999999999999 7441362022 6599999999999999
113136155168172167155141128122122127136146153154147132110 87 68 56 55 6620 319G4 356172144015499999999999999 9301212134 5499999999999999
 87115145170184184172151129111103106118135153166169160138110 80 56 44 4620 320G4 43218615461709999999999999910141032222 4399999999999999
 63 92128162188197189166137109 90 86 97118145169183183166136100 67 42 3320 321G4 5 11971628185999999999999991046 852258 3399999999999999
 43 70107148184204203182150114 85 71 76 97129162188199189163125 85 51 3020 322G4 52720617 3199999999999999991115 702330 2899999999999999
 31 51 87131173203212197166126 88 63 58 75108147182205207187151108 67 3720 323G4 5522121735209999999999999991142 572358 2699999999999999
 26 38 70113159196214208181140 97 62 46 55 84125168201215206175133 89 5120 324G4 61521518 62159999999999999912 9 46999999999999999999999
 30 33 58 98144185212215194156111 69 42 39 62101146187213216195158114 7120 325G4 637217183721899999999999999 023 281236 3799999999999999
 42 34 51 86129172204216203170126 81 46 31 43 76121165201217208179138 9520 326G4 65821619 921799999999999999 048 3413 2 3199999999999999
 60 43 50 78117159194212208182142 97 57 32 32 56 9513918020621119315911920 327G4 719213194121299999999999999 112 431330 2999999999999999
 83 59 56 75108146181204207189156114 72 42 31 43 7311215318620219817514120 328G4 740208201620399999999999999 137 541358 3199999999999999
106 79 68 78103136167192201192166129 91 57 38 38 57 8912516018419218115820 329G4 8 1201205419299999999999999 2 2 681429 3699999999999999
129102 86 86102127155178191189172143109 77 53 44 51 71 9913115817517816720 330G4 824192213917999999999999999 229 8415 4 4499999999999999
147125108101108123144163176180172153126 98 74 58 54 61 7910212815016316520 331G4 850180224116699999999999999 2591011551 5499999999999999
157144131121120125136149160167166157141121100 81 68 63 66 78 9611713715120 4 1G4 926167999999999999999999999 34311917 8 6399999999999999
158157152145138135134137142148153154150141128111 94 78 66 62 68 8210312520 4 2G4 024158104315499999999999999 5371341856 6299999999999999
145159167167162152141132127127132140148153153144128106 83 63 51 52 66 9020 4 3G4 233168132615499999999999999 8281262026 5099999999999999
119148171184186176157136118107106116133152167173167146115 82 53 36 35 5320 4 4G4 33718715 117399999999999999 9321052132 3399999999999999
 84122160190204201181151120 94 82 86106134164188198188159118 76 40 20 2320 4 5G4 41820516 1198999999999999991015 812224 1899999999999999
 47 88135180211221207175134 95 66 57 70102143182212220203165116 67 28 1020 4 6G4 4542211650220999999999999991054 5723 9 1099999999999999
 20 55104157203230229201158109 65 38 37 63106156202231234209164110 58 2120 4 7G4 5282331736237999999999999991131 342350 1199999999999999
 11 31 74128183224239224185133 79 36 16 27 64116171217242238206157102 5320 4 8G4 6 023918212449999999999999912 8 16999999999999999999999
 24 25 54102157206236236208160104 51 14  6 29 73128183225242230195147 9620 4 9G4 63224019 524299999999999999 028 201245  599999999999999
 55 38 50 86134182220236222184132 77 30  5  8 39 8613918922323221518013620 410G4 7 2236195023299999999999999 1 5 381322  399999999999999
 93 65 61 81118161199223224199157106 57 21  8 21 54 9914718821221519716520 411G4 731227203621699999999999999 139 591359  899999999999999
129 98 83 89112145178204214203174132 88 49 26 23 39 7110914818019619517920 412G4 759214212519899999999999999 213 821438 2199999999999999
154128109105115136161183197196180151116 81 54 40 42 58 8311414416717817720 413G4 827198222517999999999999999 2481041522 3999999999999999
166150134125124133147163176181175159136110 85 67 59 60 72 9011313515316420 414G4 859181234816699999999999999 3301231620 5899999999999999
166161153145139137140147154160162157147132115 98 84 76 73 78 9010712514220 415G4 946162999999999999999999999 4511371750 7399999999999999
156164165162156147140136135138143146148145138127113 99 86 78 78 8510011920 416G4 150166115314899999999999999 7341351933 7799999999999999
139157170176172162147132121117120129139148153151142126106 88 75 72 79 9520 417G4 3 8176141715399999999999999 9 21172050 7299999999999999
119144167183187178159136115101 99107123142158168167153131106 83 68 65 7620 418G4 348187152416999999999999999 943 982142 6499999999999999
 98127158183196193175147117 92 81 84102127154175185178158129 98 73 59 6120 419G4 41919716 7185999999999999991015 802222 5899999999999999
 79109144177200205191162126 92 69 64 78106140172194198183155120 86 62 5420 420G4 4462051643199999999999999991045 632255 5499999999999999
 65 92128166197212204178139 99 65 49 56 82120160193210205181145107 74 5520 421G4 5102121716210999999999999991113 492325 5499999999999999
 57 79113153190213214193156111 70 42 37 57 94139181211218203171131 92 6420 422G4 5342161749219999999999999991141 362353 5699999999999999
 56 70100140179209219206172128 81 44 27 36 68113161201222218194156116 8120 423G4 55621918222239999999999999912 9 26999999999999999999999
 62 66 90127166200218214187145 98 54 26 22 45 8513418021322421017914010220 424G4 618220185522499999999999999 020 611237 2099999999999999
 75 68 84116153189212217198162116 70 34 18 29 6110615319421821819716312520 425G4 641218192922199999999999999 047 6813 6 1899999999999999
 93 78 83108141175202213204175135 90 50 25 22 43 8012416820021420518014720 426G4 7 421320 621499999999999999 114 771337 2099999999999999
115 93 89104131161188204203184151111 71 41 27 34 60 9713817419820319116620 427G4 728206204620499999999999999 143 8814 9 2699999999999999
137113101105124148172190196187164131 95 63 41 36 49 7410814417319019117820 428G4 755196213319299999999999999 2141001447 3699999999999999
157135119114122138157173183183170147119 89 65 50 49 60 8311214216617918020 429G4 827184223418299999999999999 2511141536 4799999999999999
171155140130127133143155165170168158140118 95 75 62 59 66 8410813415717120 430G4 915171235917699999999999999 3471271648 5899999999999999
176172162151141135134137143150156158154144128109 89 72 63 65 78 9912515020 5 1G41053158999999999999999999999 5471341822 6399999999999999
169180181174161146133123120124133145156161159147126102 79 63 59 68 9012020 5 2G4 138181131316199999999999999 7571201948 5899999999999999
150175191195185166142119103 97103119141162177180168143111 80 58 51 61 8620 5 3G4 246195144218199999999999999 9 0 972057 5199999999999999
121158189207208191162128 97 76 71 84111145176198203187155116 79 53 45 5920 5 4G4 333210154420499999999999999 945 702152 4599999999999999
 91132174207223216188148105 68 47 48 72110154194219222200162117 76 49 4520 5 5G4 4122231636224999999999999991026 452240 4499999999999999
 66104150194224232214175126 77 39 23 33 68116167211236233205162115 74 5120 5 6G4 44823317242389999999999999911 6 222323 4999999999999999
 54 82125172213236232202154100 49 15  7 28 72126181224244235203159112 7520 5 7G4 5222381810244999999999999991145  6999999999999999999999
 59 71105149194227239222183130 74 27  1  3 34 8213919223024222819515210920 5 8G4 555239185724299999999999999 0 4 591224 -299999999999999
 80 75 94130172209232231204159106 54 14 -2 11 47 9615019822823321618314420 5 9G4 628235194223499999999999999 043 7313 3 -299999999999999
109 90 94118152188216226214182136 86 42 13  8 27 6411115919821921920017020 510G4 659226202922199999999999999 120 891342  799999999999999
137112104114138168195212212194160118 75 41 23 25 47 8112316219220620218520 511G4 731214211720799999999999999 1571041422 2199999999999999
160135120118130151173192200193173142106 73 49 39 46 66 9613016118319218820 512G4 8 520022 919299999999999999 23611715 5 3999999999999999
173154138129130139154170180183175156131104 80 63 58 64 8110613315717418120 513G4 844183231218199999999999999 3241281557 5899999999999999
178168155143136135140148158165166160147129109 92 79 74 78 9111013215216820 514G4 941166999999999999999999999 43913417 4 7499999999999999
175176169159147137132131135143150154153147135120105 92 85 86 9511113015020 515G4 030176112315499999999999999 6351311825 8499999999999999
166176179174162147131120116119128139149155154146132116100 90 88 9511113120 516G4 149179132415599999999999999 8 31161944 8799999999999999
153171183186178161139118103 98104118136153164167158142121102 89 87 9511320 517G4 244186144316799999999999999 856 982045 8699999999999999
137161182193192177152123 98 82 81 94116142165179180168147122100 86 85 9820 518G4 323195153518299999999999999 934 802134 8499999999999999
121148175196202192168135101 74 63 69 91123155182195192173146117 94 83 8720 519G4 35520216171969999999999999910 8 632214 8299999999999999
106134165192208205185151111 75 52 48 65 97136174200209198172140110 88 8220 520G4 4232091655209999999999999991040 472249 8299999999999999
 95120153184208214200169128 85 50 34 41 69110155193215216197166131101 8520 521G4 4502151731218999999999999991112 332322 8399999999999999
 87108139173202218212187147101 58 30 24 43 81128175210225216191156120 9420 522G4 51621818 7225999999999999991143 232354 8699999999999999
 86 98126160192215219202167121 75 36 17 24 53 9814819322122621017914311120 523G4 5422201843227999999999999991215 16999999999999999999999
 92 94114146179206219212184143 96 52 22 14 32 6911716620522522119916613220 524G4 610220192122699999999999999 025 901248 1499999999999999
105 96107132164193212215198164120 75 38 17 20 46 8713417921022121118615420 525G4 63821620 022199999999999999 057 961322 1599999999999999
124105105122148177199210204180144102 62 32 21 32 6210214718520921319917420 526G4 710210204221499999999999999 13110314 0 2199999999999999
145121111116135159182197201189163128 90 57 35 31 46 7611415318620320318920 527G4 745201213020599999999999999 2 91101442 3099999999999999
165141124119126142161178189188176151120 88 61 44 44 59 8612015518219619520 528G4 829190222619899999999999999 2541181533 4299999999999999
182163143129125130141155168177177167148122 95 71 56 55 68 9112215317819220 529G4 932178233119399999999999999 3561251635 5499999999999999
192182165147132125124130141154165169165152132107 84 69 64 73 9412215217720 530G411 4169999999999999999999999 5321231751 6499999999999999
192194186169149130116110112123140156168172165148123 98 79 70 76 9412315420 531G4 043195125217299999999999999 71211019 8 7099999999999999
180197201192171145119 99 88 90105128153174185182166139110 87 74 78 9712720 6 1G4 148201142018699999999999999 820 872018 7499999999999999
159188206210196169135102 76 63 69 90121155185202201182152119 92 77 8110320 6 2G4 242210152720399999999999999 912 632118 7799999999999999
135170200218216196160119 79 50 40 51 81121163199218216194160124 95 81 8720 6 3G4 327220162422099999999999999 959 402211 8199999999999999
112147184213227218189146 98 56 27 22 41 78126174213231225200164126 97 8620 6 4G4 4 82271715232999999999999991043 2123 0 8699999999999999
 97126163199224231214176127 77 35 11 12 39 83135186223238228199162125 9920 6 5G4 44723218 4238999999999999991126  82344 9399999999999999
 93110141178211231229203160108 58 20  3 12 45 9314719722923822419315612120 6 6G4 52523318512389999999999999912 9  2999999999999999999999
102103124157191219230220188142 91 45 13  4 21 5810816020423023221418214720 6 7G4 6 2230193623499999999999999 026 991250  499999999999999
118106114138170200220223205170124 77 38 15 15 37 7612417120722422120016920 6 8G4 639224201922599999999999999 1 61061330 1299999999999999
139117113125150178202215210188152110 69 38 24 31 57 9513817820521520718520 6 9G4 71621521 121599999999999999 14511214 9 2499999999999999
157132118120135157181198204194171137100 67 45 39 51 7811315018120120419320 610G4 754204214320599999999999999 2251171449 3999999999999999
172148130121125139158176188190178156127 97 72 58 57 71 9612715718119419420 611G4 837190222819599999999999999 3 91211531 5699999999999999
182163144129124127138153167176175165147123100 81 72 75 8811013616117918820 612G4 930177231818999999999999999 4 51241617 7299999999999999
186175159142129123124131143155163165158144126108 94 87 8910112014216317820 613G41041165999999999999999999999 5221221715 8799999999999999
185183173158141126116114119131144155160158149134119106 9910010912614616520 614G4 016185121416099999999999999 6481141824 9899999999999999
17918618417315613611710410010511913615216216415814513011510610511413015020 615G4 117186134716599999999999999 755100193510599999999999999
169183190186173151126103 87 83 9311113415617117617015613812110910811713520 616G4 211190145717699999999999999 846 83203810799999999999999
156176191196188168140110 83 68 68 8411014016718519018116314112110910912120 617G4 255196155119099999999999999 929 66213010899999999999999
142165187200201186159124 89 62 50 58 8111515118220120218916614011810711120 618G4 33320216362049999999999999910 7 50221510799999999999999
128152178199209202179143103 66 42 37 53 8512616719921421019116313411310620 619G4 4 72091716215999999999999991044 36225510699999999999999
115137165192210213198166124 81 45 26 30 55 9514218521422421318715612610820 620G4 4402141755224999999999999991120 25233310599999999999999
107123150180205218213188149103 59 27 16 29 6311015920122522720917914511820 621G4 5142191834229999999999999991157 16999999999999999999999
105111133163193215221206174130 83 41 16 13 36 7612617521323022420016813520 622G4 549221191423199999999999999 0101051235 1199999999999999
111105119145176203219217196158112 66 29 11 18 47 9214218822022921618915620 623G4 625221195422999999999999999 0471051314 1199999999999999
125108109128156184207217209183143 98 56 25 15 29 6310815619722122320617720 624G4 7 5217203522599999999999999 1261061355 1599999999999999
145119108115135162187205210198170131 89 52 28 25 44 7912316720121821519520 625G4 749211211921999999999999999 2 71081438 2499999999999999
166137116110119138162183198200187160125 87 56 39 41 61 9513517420221320620 626G4 83920122 521399999999999999 2541101524 3799999999999999
185158132115110118135155174188190179156125 93 67 54 58 7810914517820120820 627G4 941191225520899999999999999 3501101616 5499999999999999
199179153129113107112125143162177182175157132105 83 72 76 9312015218119920 628G41057182234920499999999999999 5 11071716 7299999999999999
204195175150125107 98 99109128149167177177166145122101 90 9110512915718320 629G41228179999999999999999999999 625 971826 8899999999999999
199203194174147120 97 83 81 9111213716117918517916113911810410211313516220 630G4 04820314 018599999999999999 740 80194010199999999999999
185201205195173143111 83 65 62 74 9913016118519719417815413111410911914020 7 1G4 148206151719899999999999999 842 61204910999999999999999
166190206210198171136 98 66 47 44 60 9012816519621120819016413811811212220 7 2G4 244210162021299999999999999 937 43215111299999999999999
144172197213215198166126 84 50 30 31 52 8813217520822321819716813811811320 7 3G4 3362161714224999999999999991028 28224611399999999999999
126150179205220218196158114 70 35 18 24 51 9314118722023222219716413411420 7 4G4 42322118 2232999999999999991115 17233311199999999999999
113130158188213225217189147100 56 24 12 25 5810415520022923421918915512520 7 5G4 5 72251844235999999999999991159 12999999999999999999999
110115136167197220226211178134 86 44 18 14 34 7212117121123223020917614220 7 6G4 549226192423499999999999999 0161101240 1299999999999999
116108119145177205222221201164118 73 37 19 23 50 9214018621822921919316020 7 7G4 62822420 022999999999999999 0551081318 1899999999999999
128109109127155185209219212186147104 64 36 27 41 7211515919721922120417520 7 8G4 7 6219203422399999999999999 1311071353 2799999999999999
143117106113135162189207211197169131 92 60 41 43 63 9713717520321520818720 7 9G4 74421221 721599999999999999 2 71061426 3999999999999999
158130111107119141166188200198181153119 86 63 54 63 8712015518520420619420 710G4 823201213920799999999999999 2441071458 5499999999999999
171144121109110123143164182189184167141112 87 73 72 8610913916819020019620 711G4 9 7190221420099999999999999 3251081532 7199999999999999
181159136117109111122139158172177172157136113 96 88 9210612715217418919420 712G410 0177225319499999999999999 4171081611 8899999999999999
18717215113111510710811713214816216716515413812211010510912113915917618720 713G41110168234018999999999999999 52510717 210599999999999999
18818116614812811210210010712113815316216415814713412512012113014516217620 714G41242164999999999999999999999 644100181511999999999999999
185186179165145124105 92 88 9511113115016417016816014813712912813414716320 715G4 039186141517199999999999999 751 88194012799999999999999
176185187180164141116 93 77 73 8310312815317218318217315914313212913514820 716G4 143187152818499999999999999 846 73205212999999999999999
164180190192182162134103 77 60 59 73 9913116218619819618316414413012613320 717G4 241192162119999999999999999 934 57215012699999999999999
149169187198198184157123 87 58 43 46 6710114017620221220618716213812312120 718G4 33020017 5213999999999999991019 42223812099999999999999
133153177198209204183148108 68 39 28 38 6710815419321822421018415412911520 719G4 41420917452249999999999999911 2 28232011499999999999999
117135161189210218207178136 91 49 22 17 35 7312117121023122920817614311720 720G4 4562181824233999999999999991143 16999999999999999999999
107116141172201221224206169122 74 33 10 12 40 8513818822523822719916312820 721G4 53822519 223899999999999999 0 01071224  899999999999999
105102119149183212228225200158108 59 21  5 17 5210215720423423821918614720 722G4 621230194023999999999999999 03910113 5  599999999999999
114 97101124157191218230220190145 95 49 17 10 31 7112317521623623120616920 723G4 7 5230201723799999999999999 119 951345 1099999999999999
131102 92102129162195218225211178134 87 46 23 26 52 9414419022223221919020 724G4 751225205523299999999999999 159 921425 2199999999999999
152117 94 90105132163192212215199167127 85 53 40 49 7811816220022222320520 725G4 840216213222599999999999999 241 8915 5 4099999999999999
173138107 90 90106130158184201202187160125 92 69 63 7610313917520421721120 726G4 935204221221799999999999999 329 881548 6399999999999999
190160128102 89 90102123148172187190179158131107 91 8910112415418220220920 727G41042190225520999999999999999 426 871638 8899999999999999
200179151123100 87 86 9511213515717418017616314512711511312113916118319720 728G412 7181234720199999999999999 539 85174311299999999999999
201192174149122100 84 78 83 9812014416417718117516214713512913214516218020 729G41350181999999999999999999999 7 3 7819 912999999999999999
192196190174150123 97 77 67 69 8410713416118119219017916314713613514415920 730G4 055196152219299999999999999 820 66203713499999999999999
176190197193178153123 92 67 54 55 71 9813216519220620519217115013513113920 731G4 212197162720899999999999999 925 52214913199999999999999
155175193203200184155119 84 55 41 43 63 9613717620622021619717014412712320 8 1G4 3202041715221999999999999991021 39224412299999999999999
134155179200212208186152111 72 42 29 37 6310314919222123021919216113211520 8 2G4 41621217552309999999999999911 8 29232811399999999999999
116132159188211220211184143 99 59 31 23 39 7311916820923223221218014411620 8 3G4 5 22201830235999999999999991150 23999999999999999999999
104112137169199221225208174130 84 46 24 26 50 9114018822323622519716012520 8 4G4 54322619 223699999999999999 0 61041227 2299999999999999
102 99116146181211227223198159113 69 37 25 38 7011616420623023121017613920 8 5G4 620228193223399999999999999 039 971259 2599999999999999
107 92 99125159193218226214182140 96 58 36 36 59 9714318721822921819015320 8 6G4 655226195922999999999999999 111 921329 3399999999999999
118 94 90106136171201219218198164122 83 54 44 56 8612616820322222020016720 8 7G4 729221202522499999999999999 142 891356 4499999999999999
132102 88 94116147178203213205180145108 77 59 62 8311515318721121720517920 8 8G4 8 4213205021799999999999999 213 871423 5899999999999999
146115 93 88100124153180198202189163132101 80 75 8611014117219720920618720 8 9G4 842202211521099999999999999 246 881450 7499999999999999
160130105 92 93107129154176189188174151126104 93 9611013315918319820119120 810G4 926190214320299999999999999 325 901519 9299999999999999
171146121102 94 9710912815016817717516414712911611111713114916918519319120 811G41021178221619399999999999999 413 94155411199999999999999
179160138118103 96 9710612214115716716816215114013213013414315717018118520 812G4113916823 218599999999999999 521 95164913099999999999999
181171155137119104 94 92 9811313114816116816816315514814414314815616617520 813G41329168999999999999999999999 646 92183914399999999999999
179178170157139119101 86 81 8610112214316217518017817116015014414415116020 814G4 017179151018099999999999999 8 1 81202814399999999999999
171178181176162142117 92 73 66 72 9011614517118919719418116414813713614320 815G4 152181161019799999999999999 9 4 66213913599999999999999
157172185191186169142109 78 56 48 58 8211615318620821420418415913712512520 816G4 3 5191165221499999999999999 957 48222912399999999999999
138158180198206197173137 97 60 36 31 47 8112416920522622620817814712211020 817G4 4 02061729228999999999999991044 31231011099999999999999
116137165194215221206173128 81 42 19 19 45 8813918922524023020216512910320 818G4 44822118 5240999999999999991128 162349 9699999999999999
 97111141177210231232209167116 65 25  7 17 5210316021024124622518814610820 819G4 53223418402479999999999999912 9  7999999999999999999999
 86 87111149189224242236205157103 51 15  6 26 7012618322824924221116812320 820G4 616243191425099999999999999 026 831249  599999999999999
 87 73 84116158200233245232196146 91 44 16 18 48 9615220423924822919114520 821G4 7 0245194824899999999999999 1 4 731327 1399999999999999
101 72 67 86123166206234240221183135 85 46 30 42 7812617621924123720916820 822G4 745241202024299999999999999 141 6514 4 3099999999999999
123 84 64 68 92129168204226227206170127 86 59 55 7411015319422423321918720 823G4 832229205323399999999999999 221 621440 5499999999999999
146106 75 64 73 97131166195212210191161127 97 82 8610713817320322021819920 824G4 924213212522199999999999999 3 3 641518 8199999999999999
167131 97 75 70 7910012715718119419318015813511711011613315718220120820120 825G4102619522 120899999999999999 352 6916 111099999999999999
182154124 98 82 77 82 9811914316417718117516315013913513914916518019219420 826G41153181224819599999999999999 457 7717 313599999999999999
188172151127106 90 81 81 9010712814816617618017616815915214915316117117920 827G41357180999999999999999999999 630 80185814999999999999999
183181172156136115 95 81 75 79 9311413916318119219218517215814814515015920 828G4 0 9184153519399999999999999 8 4 75205114599999999999999
170179183180167146121 95 75 64 67 8210713816919420720619317315213713113720 829G4 2 4183162620999999999999999 919 64215813199999999999999
150168184194192178152120 89 64 52 57 7710914718421122121319216313712011620 830G4 32419417 3221999999999999991014 52224211699999999999999
128149174196207204183150112 77 51 42 53 8112116520322622821018014511710220 831G4 4172081735230999999999999991058 42231710199999999999999
106127156187211220209181141 99 62 40 38 58 95141187222235225197159122 9620 9 1G4 45922018 4235999999999999991134 362348 8999999999999999
 90104134170204225226206169125 82 49 35 44 75119167209234234212175134 9920 9 2G4 53422818312379999999999999912 6 34999999999999999999999
 81 86111149188219233224194152107 66 42 40 6210114819322623622319014810820 9 3G4 6 7233185523799999999999999 017 801234 3799999999999999
 79 73 91125166204229232213176132 89 57 44 56 8813217621423322820216312120 9 4G4 639234191823499999999999999 046 7213 0 4499999999999999
 85 68 75103142182215230223196156114 77 57 59 8212016220022422821017713620 9 5G4 711230194023099999999999999 113 671325 5599999999999999
 97 71 67 84118157193218223207176138101 75 68 8211215018621322421418715120 9 6G4 74422420 122499999999999999 142 651349 6899999999999999
112 81 67 73 98132167197213210189158125 97 84 8911014117320021521319416320 9 7G4 820214202321699999999999999 211 661413 8399999999999999
128 96 75 71 8411014117119420219417314612010310111313616218620320719617320 9 8G4 859202204520799999999999999 243 71143910099999999999999
144114 90 78 80 9511814416918518818016214212611812213615417318919619217820 9 9G4 946189211119699999999999999 320 7715 911899999999999999
156132109 92 85 8810011914016017317617116014813913714115016217418218417820 910G41051176214518499999999999999 410 85154913799999999999999
165148129112 99 91 91 9911313114916216917016716115615315215516016617117320 911G41239171225117399999999999999 532 90173715299999999999999
170162150135119104 92 86 8910011813815717117918117717016115314915015416120 912G41448181999999999999999999999 712 86202414999999999999999
167170169161147127105 86 74 73 8510613315918119519919217716014413513414220 913G4 116171154919999999999999999 832 72213313399999999999999
155170181185178159130 99 72 56 55 71 9913517119921521519917514812611511920 914G4 252185162821799999999999999 933 53221611599999999999999
134158182200206194166128 88 55 37 39 63101146190221233223197162127102 9520 915G4 35120617 2233999999999999991023 352253 9599999999999999
107134168200222226206168120 73 37 21 31 65113166213241244222184140101 7820 916G4 43922717362469999999999999911 7 212330 7599999999999999
 78101140183220242239210163109 59 24 15 35 79135191234254243209162113 7420 917G4 52424418 8254999999999999991148 14999999999999999999999
 57 68103150199237255244207155 98 49 20 22 53104162215250255231187134 8520 918G4 6 7255184025799999999999999 0 6 571227 1799999999999999
 51 45 67110162211247257238197144 90 47 29 43 8213518923325424420916010620 919G4 651258191225499999999999999 043 4313 4 2999999999999999
 61 37 43 74121172217246249225184134 88 56 52 7411616420924024522418313320 920G4 736251194224799999999999999 119 361339 5099999999999999
 84 48 35 50 85130176215236233208171129 94 76 8210914718721923522719915720 921G4 822237201223599999999999999 157 351414 7699999999999999
112 71 47 44 62 9513517420421821319216213110910311413916919721622020517620 922G4 913218204122199999999999999 237 42145010399999999999999
138101 71 56 58 7510213416518819819418016014113013014015817819520320018420 923G41014198211320499999999999999 322 55153112899999999999999
159130102 82 72 73 8510412815117018018217716715715115015416317418218518120 924G41143183215818599999999999999 422 71163914999999999999999
170153133113 97 87 83 88 9911713715517017918217917316515815515616016516920 925G41357182234517099999999999999 558 83191815599999999999999
170167158145129112 96 86 84 9010512614817018619419318316915414313914215020 926G41522195999999999999999999999 746 8321 513999999999999999
160169174171161142120 98 81 75 80 9712215217920020820218516113912412012720 927G4 21217416 420899999999999999 9 3 75215212099999999999999
142161178188187173148119 91 71 65 74 9712916519621621720217514411710310420 928G4 325189163621999999999999999 956 65222610199999999999999
119144171194205199178145110 79 60 58 75106145185215227218191155119 93 8520 929G4 41120517 3227999999999999991036 572256 8599999999999999
 96122156189212218204173134 96 66 52 60 86125169207230229207170129 93 7320 930G4 44721917292339999999999999911 9 522324 7199999999999999
 75 98135175209227224199161118 81 56 53 72108151194225235220186142100 692010 1G4 5202291753235999999999999991138 512351 5999999999999999
 60 76110154196226235220186144101 68 54 64 94136180216235229200158112 732010 2G4 55223518152369999999999999912 5 54999999999999999999999
 52 57 86129175214235233207168125 87 64 63 86123166205230232212173127 832010 3G4 623237183723499999999999999 018 511231 6199999999999999
 53 46 65103150194226236222190149109 79 70 83114153192221231218186144 992010 4G4 655236185723199999999999999 045 451255 7099999999999999
 62 44 51 81123168206228227206171133100 82 861091431792092242201961581162010 5G4 727231191822599999999999999 113 441320 8199999999999999
 77 51 47 65 99141181211222213187154122 99 941081351671952142162001701332010 6G4 8 2222193821799999999999999 141 461345 9499999999999999
 95 65 52 58 821161531862072101961711431191081131321571822002072001781472010 7G4 83921120 020799999999999999 210 51141110899999999999999
114 84 65 61 73 971271581831961951811611401261241331501691851941931801582010 8G4 923197202419599999999999999 244 60144112399999999999999
132105 84 73 73 851051301551741841821731591461401411481591701791821771652010 9G41022184205518299999999999999 327 71152213999999999999999
147127108 92 83 82 90104124145163173177173166159154152153157161165167165201010G4115617722 216799999999999999 436 8217 815299999999999999
159148134119104 92 85 86 95112133154170180183180173164154147143145149156201011G414 1183999999999999999999999 624 84201514399999999999999
162164160150134114 94 79 74 81 99124151175192199196183164145130123125137201012G4 05716415 920099999999999999 756 74211312299999999999999
153169180181170148118 89 67 58 66 89122158190211217206183153124104 98108201013G4 238182155121799999999999999 9 3 582153 9899999999999999
130158185203205189157117 80 53 44 56 88130174210231229207171131 96 76 76201014G4 338206162623399999999999999 956 442230 7399999999999999
 97132171207228226201159112 69 40 35 56 97147196232245232196149102 65 49201015G4 4262301659245999999999999991041 3423 6 4999999999999999
 60 94140189229248239205156104 59 34 38 69117171219249250222175121 71 37201016G4 5122481732253999999999999991123 322343 2999999999999999
 30 53 98153206245259242202150 97 56 39 53 92144197238255242202148 91 43201017G4 55625918 42559999999999999912 2 39999999999999999999999
 17 22 56108166219253259236193142 93 61 55 79122172218247250223176119 65201018G4 641260183525299999999999999 020 151240 5499999999999999
 24 10 26 67121177224250248223181135 95 74 80109151194229244233198149 95201019G4 72625319 624499999999999999 057 101317 7399999999999999
 48 19 16 40 81132181220238231206170132104 96109138173206227229209172126201020G4 814238193623199999999999999 136 141353 9599999999999999
 80 44 26 32 57 95139179209220212191162135119119134158184205215208185151201021G4 9 422020 621599999999999999 216 26143011799999999999999
113 77 52 44 52 74105140171193201195180161144136139150166183194196186166201022G410 3201204019699999999999999 3 0 44151513599999999999999
139111 86 69 64 71 87110136160177185184176165155150149154162170175175169201023G41123186213017699999999999999 356 64163314999999999999999
156138119101 88 82 83 92108128149166178182181174165156149146147151156160201024G41312182233316199999999999999 521 81191114699999999999999
160156146134118104 93 88 92103121142163179188189182168152138129128133143201025G41437190999999999999999999999 7 4 88204212799999999999999
153162165161149131112 95 86 87 98118143168188199198184162138118108109120201026G4 157165152220099999999999999 825 85212510799999999999999
138157173180176160136111 91 80 82 97122153182203210200177146116 94 87 95201027G4 3 8180155521099999999999999 920 792157 8799999999999999
116144171190196186163134104 82 74 82104135170199216214193160122 90 72 72201028G4 35319616242189999999999999910 2 742227 6999999999999999
 92123158189208208190159125 94 74 72 88118155191216223208176135 94 64 54201029G4 4302101649223999999999999991037 712256 5499999999999999
 67 98138179209221212185149112 83 71 78104140179211227220192151105 66 44201030G4 5 322217132279999999999999911 7 702324 4299999999999999
 46 72113159200225228208174135 99 77 74 93126165202225227206168120 75 42201031G4 5362301736229999999999999991136 732352 3299999999999999
 32 49 86133181218234225197159120 89 77 87115152190218229216183138 90 502011 1G4 6 823417582299999999999999912 3 77999999999999999999999
 28 32 61105155200228233215182143108 86 86107140177208225221196156109 642011 2G4 641234182022699999999999999 020 261230 8399999999999999
 33 25 42 79127175212230224200165129101 91103130163195216221204171128 842011 3G4 715231184322199999999999999 049 241257 9199999999999999
 47 28 33 591001461882162232101821491201021041231511802042142061821451042011 4G4 75022419 621499999999999999 118 27132510199999999999999
 67 41 34 48 781181591932122111941671391181111211421661882022021871591242011 5G4 827214193120499999999999999 150 33135511199999999999999
 89 60 44 46 64 941301651912021971801581371241241361541721861921861681422011 6G4 91120220 019299999999999999 225 43143012399999999999999
112 84 64 55 60 771041341621831911861731561421351361451561681751771701552011 7G410 7191204117799999999999999 3 8 54151913499999999999999
135112 90 74 67 70 841051311561741831821741621511441411431481541601631602011 8G4112318422 416399999999999999 411 6717 014199999999999999
152138121103 86 76 74 831001231481691821861821721591461361311311361441542011 9G41258186999999999999999999999 541 74193113099999999999999
160160153138118 97 80 72 76 92116145170189197194180160139120108107116133201110G4 034161141319799999999999999 712 72203710699999999999999
152169177174158132104 80 66 68 85114148180202211204182152120 94 80 83101201111G4 21517815 321199999999999999 825 652122 7999999999999999
129159186200197175142106 76 59 62 84119159195219224208175134 94 64 52 62201112G4 320201154422599999999999999 923 5822 2 5299999999999999
 91131173207223216188148106 72 55 63 91133177214235230202157108 63 33 28201113G4 4122231620236999999999999991012 552242 2799999999999999
 49 90140189226240227193148103 69 57 72107153198231243227187134 79 34  9201114G4 5 12401655243999999999999991057 572321  799999999999999
 14 46 95152205241249230192145101 71 67 89128175216242242213165108 53 11201115G4 5482501730245999999999999991140 65999999999999999999999
 -4 11 51106165216247249225185140100 78 83110151194228242230193141 84 33201116G4 63425118 424399999999999999 0 1 -41220 7799999999999999
  0 -5 18 63119175221244240214176135102 90103133171207230233212170119 66201117G4 721245183723599999999999999 041 -71259 9099999999999999
 24  1  5 34 79131181218233225200165131109106122151183210223216190149102201118G4 8 8233191122399999999999999 121 -1133810499999999999999
 58 25 13 23 53 95140182209218208185156131118121138162186203207195169132201119G4 856218194720899999999999999 2 2 13141911799999999999999
 93 59 37 32 45 72108145177198202193174152135127132145163179189188175152201120G4 948202202719099999999999999 246 3215 612799999999999999
123 94 69 54 53 65 88116146171186189182168152140134136144155165171169160201121G41047189212217199999999999999 335 52161413499999999999999
144123101 84 73 72 81 98120144164177182178168155143135131134140147154156201122G41159182225615699999999999999 437 7118 513199999999999999
153143129114 99 89 85 90103121142161175181179171157141127119117122131142201123G41318181999999999999999999999 556 85194411799999999999999
150154151141127111 99 92 94104122143163178186184173153132112100 98106121201124G4 1 2154141918799999999999999 718 922041 9799999999999999
139154163163154137119102 93 94105125148170187194188169143114 91 79 81 96201125G4 23016415 219499999999999999 825 922121 7899999999999999
119144166177177164143120101 91 94109132159183198200186158124 91 67 60 70201126G4 326179153620199999999999999 917 912155 6099999999999999
 94126158182193188169142116 96 89 97117145174197208200175139 99 65 46 46201127G4 4 919316 620899999999999999 959 892228 4399999999999999
 67101140176200206193168137109 91 90105131162191210211192157114 72 41 29201128G4 4472061633213999999999999991035 882259 2999999999999999
 41 73115160196215212192161127101 89 95118149181206216205175133 86 46 22201129G4 52321616592169999999999999911 9 892330 1999999999999999
 22 46 87135180212223211184149116 95 91107135168198216214192153106 60 25201130G4 5572231726218999999999999991140 90999999999999999999999
 12 24 58105156198222223203171136106 93 99122154186210217204172127 80 382012 1G4 632225175221799999999999999 0 1 121211 9299999999999999
 13 12 35 76126174210224216190156123101 97112140171198213210187148103 592012 2G4 7 7224182021599999999999999 033  91242 9699999999999999
 24 10 20 51 96145187214219204175142115101106127155183203209196166126 832012 3G4 743220185020999999999999999 1 5 10131410099999999999999
 45 20 16 34 701141591942122091901611321121061171401651871991971791471092012 4G4 822213192220099999999999999 140 15134810699999999999999
 71 40 24 28 51 861271661942051981771511281141141271471681831891821631332012 5G4 9 420520 118999999999999999 218 23142911299999999999999
 99 67 43 34 42 65 991351681901971881691471281191201311461611721761691522012 6G4 953197205217699999999999999 3 2 34152111899999999999999
127 98 72 53 47 55 761061381671861901831661471311211201261361481581631602012 7G41051191221116399999999999999 355 47163912099999999999999
149130107 84 67 60 65 831091391651831891831691501321181111111181301441552012 8G41158189999999999999999999999 5 3 60182811099999999999999
159155142122 99 81 70 72 86110139166184192188173151127107 93 89 971131332012 9G4 0 115913 819299999999999999 623 691950 8999999999999999
153166169159140115 93 78 75 87112142170191200194175146115 87 68 64 75 98201210G4 14516914 720099999999999999 741 752047 6399999999999999
128157179187179158129102 82 78 90116148179201209199173135 96 62 41 39 57201211G4 3 1187145720999999999999999 847 772136 3799999999999999
 89129167195206197172139107 85 80 95124159191213217200164119 73 36 16 20201212G4 4 2206154221899999999999999 945 792221 1599999999999999
 46 87135180212222209180143109 86 84102135172204223221194151100 50 13 -3201213G4 4552221623225999999999999991036 8223 5 -399999999999999
  8 42 91145194225231214181142107 88 90113148186216229218183134 80 30 -4201214G4 54523217 4229999999999999991123 862349-1399999999999999
-12  6 47101158205232233212176137105 90 99126162198222227208168116 62 16201215G4 63223617432289999999999999912 7 90999999999999999999999
-11-12 14 59115169212232227202166129102 95110139174205222219193150 99 49201216G4 717233182222499999999999999 031-151249 9599999999999999
 10 -9 -1 30 76130179214226215188153121102102121151182206215205175133 85201217G4 8 022619 021599999999999999 113 -91328 9999999999999999
 42 11  2 17 50 96144185210214199172141115104110130157183200202187157117201218G4 842215193920399999999999999 153  214 810399999999999999
 76 42 21 21 40 73114155186202200183157131112107116135158177188185169140201219G4 922204202018999999999999999 232 18145010799999999999999
107 73 48 37 43 63 94129161184193186169147126113111119135152166172168153201220G410 419321 817299999999999999 310 37154011099999999999999
129102 78 61 56 65 84111139164179183176160141124113111116127140152157154201221G4104918322 915799999999999999 351 56164711199999999999999
142125105 88 77 75 83100122145164175177169156139123111105107115126138145201222G41141177233814699999999999999 440 75181610599999999999999
146140128114101 93 91 97110128147163172174168154137119103 94 92100113128201223G41243174999999999999999999999 544 911937 9299999999999999
139146146138127115105101105115131149164174176169154132109 89 77 76 86104201224G4 126147134617699999999999999 7 51012035 7599999999999999
124142154157152140125113106108118134152168179180170149122 94 70 58 60 76201225G4 251157143718199999999999999 8201052120 5799999999999999
100128152168172165149131115106108120138159176186184168140106 73 49 40 49201226G4 350172152018799999999999999 91910522 0 4099999999999999
 73105139168184185173153130111103108124146169187193184160124 85 51 29 27201227G4 43518715561939999999999999910 71032236 2599999999999999
 44 76116156185199194176149123105100111132158182197197179146104 62 29 13201228G4 51419916302009999999999999910481002312 1399999999999999
 20 47 87133175201208196171140113 98100117143172195205196168128 82 39 10201229G4 55020917 3205999999999999991124 972347  399999999999999
  3 20 56104153192213211191161128103 94103127157186205207188153107 59 20201230G4 6252151736208999999999999991159 94999999999999999999999
 -2  1 28 72123171205217207180147115 95 94112140171197209202175134 86 40201231G4 7 1217181021099999999999999 023 -41233 9299999999999999
