106 73 47 36 41 60 89122153176185180162138114 99 9610412013915616516415020 1 1G510 7185212216699999999999999 311 351544 9599999999999999
126 98 73 56 51 60 80105133158174177169152131112100 9810411613114515215020 1 2G51048178221815299999999999999 348 511645 9799999999999999
138119 98 79 69 69 78 95118141160171171162146127109 98 93 9610612013314120 1 3G51133172233414299999999999999 431 6718 5 9399999999999999
141134120105 91 84 84 91106125144160168167158143124105 91 83 84 9310712320 1 4G51227169999999999999999999999 530 831924 8299999999999999
134140137129116105 97 94100112129146160168167158140119 96 78 67 68 79 9720 1 5G5 111140132716999999999999999 649 942026 6699999999999999
117135145148141130116105100103115131149163172170158136109 82 59 48 52 6820 1 6G5 244148142317399999999999999 8 91002116 4899999999999999
 91118142158162155141124109101104116134154170179175157129 95 63 38 29 3720 1 7G5 352162151317999999999999999 91510022 2 2999999999999999
 60 91124154173177167148126107 98103119140162180187178153117 78 41 17 1220 1 8G5 4451781558187999999999999991010 982245 1199999999999999
 27 57 95136170190190175150123102 95103124149174191194178146103 58 20 -220 1 9G5 5311921640195999999999999991058 952328 -499999999999999
 -1 22 60105151187203198177147116 95 92106131160186202199175135 87 39  120 110G5 6152041723203999999999999991141 91999999999999999999999
-16 -7 24 68119167201211200172138107 89 91111141171197208199168123 71 2320 111G5 65721118 620899999999999999 010-161223 8799999999999999
-12-22 -5 33 82135182210214195163126 96 84 93119150181203210194158109 5720 112G5 738215184921099999999999999 051-2213 4 8499999999999999
 11-17-18  7 49100152194214209185149113 87 82 97126157185204206185146 9720 113G5 818215193420899999999999999 132-211344 8199999999999999
 47  6-13 -5 25 69119166201212200170134101 81 8310212915918419919617213320 114G5 857212202120099999999999999 213-131426 7999999999999999
 87 43 12  2 16 49 91136177202204186155120 92 79 8410312815417718818215920 115G5 936206211218999999999999999 253  21512 7899999999999999
123 83 48 26 25 42 73112151182198193172141110 87 78 8410012214516417316820 116G5101619922 917499999999999999 335 2316 5 7899999999999999
148119 87 61 48 51 68 96128160183191182160131104 84 76 79 9211013114915820 117G51057191231915999999999999999 420 471712 7699999999999999
156142121 99 81 72 75 90112139163179182172152126102 82 71 70 79 9511513320 118G51145183999999999999999999999 514 721836 6999999999999999
146149144131116102 94 95105123143162174177168149125100 78 62 57 64 79 9920 119G5 053149124217799999999999999 627 931957 5799999999999999
121139150152146134121110106112126144160172175168150125 97 70 50 42 48 6420 120G5 242152135117599999999999999 75410621 5 4299999999999999
 88115140158165161149132117110113125142159173178171152123 90 59 36 27 3420 121G5 4 7165145817899999999999999 91311022 3 2799999999999999
 54 83116148171180174158136117107109123142162178184176152118 79 44 20 1320 122G5 5 518015561849999999999999910171062252 1399999999999999
 24 50 86125162185191180158131109 99105123146170187191177148108 65 29  620 123G5 54919216451929999999999999911 7 992336  299999999999999
  4 22 55 97141178198197179150120 98 92104127155180196195174138 94 49 1420 124G5 6272001727198999999999999991148 92999999999999999999999
 -3  3 29 68114159192204195169135104 86 88107136166191202194165123 76 3320 125G5 7 220418 620299999999999999 014 -41224 8499999999999999
  3 -5 11 44 88136177202203184152117 89 79 90116147177198202185150105 5820 126G5 734205184220399999999999999 049 -61258 7999999999999999
 19 -1  3 28 67113157191204195168132 98 77 77 96127159186200196171131 8520 127G5 8 4204191720199999999999999 121 -31330 7599999999999999
 43 13  5 20 52 93137175197198179147112 84 73 8210613716718919518215211120 128G5 832201195119699999999999999 150  514 2 7399999999999999
 68 34 17 21 45 80120158186196186161127 96 76 74 9011614417018518416513220 129G5 859196202718799999999999999 217 161435 7299999999999999
 94 58 35 30 45 72107142172188187170142111 86 74 80 9712114716717616914720 130G5 92619021 517699999999999999 244 301510 7499999999999999
116 84 58 46 51 70 98128157178184174153126100 82 77 8510112214315916315420 131G5 953184214816499999999999999 311 461552 7799999999999999
133107 83 67 64 74 94118143164176174161140116 95 82 79 8610011813614815120 2 1G51024177224315199999999999999 342 631646 7999999999999999
142126107 91 83 84 95111131150164170165151132111 93 82 77 81 9210912513720 2 2G511 1170999999999999999999999 420 8218 2 7799999999999999
141138128116106101102109121136151161163158146129110 92 78 70 71 80 9611420 2 3G5 0 1141115216399999999999999 5191011925 6999999999999999
129138141138131123117114116124136148157161158148131110 88 69 57 55 65 8320 2 4G5 15514113 716199999999999999 7 71142037 5499999999999999
105126143153154148138127118116122132145157164164154135108 80 54 39 37 4920 2 5G5 340154143016599999999999999 8471162137 3699999999999999
 72100129154169172163148130115110116129146162173175162137103 67 36 18 1820 2 6G5 442172153717699999999999999 9581102230 1699999999999999
 35 65102140171187187172149124106101110128151172187187169136 94 51 16 -220 2 7G5 52818916311899999999999999910521012318 -399999999999999
  2 27 66111156190204196174143113 93 91106132160186202198173131 81 33 -420 2 8G5 6 82041720203999999999999991136 89999999999999999999999
-18 -5 28 75127175207214198167129 96 79 83106138172201214204171122 67 1720 2 9G5 64621518 621499999999999999 0 1-181217 7899999999999999
-17-23 -2 40 92148194219216190152110 78 67 81110147183211220203163110 5320 210G5 723221185122199999999999999 043-251256 6799999999999999
  5-21-17 14 61115169209223209175131 90 63 61 82116155191216218194151 9720 211G5 758223193622099999999999999 122-231334 5899999999999999
 44  3-11  3 40 88141188216217193154109 72 54 61 8612215919221220818013720 212G5 832220202121399999999999999 159-111413 5399999999999999
 87 42 13 11 33 71117163199214203173132 91 61 52 64 9112415818620019116420 213G5 9 421421 720099999999999999 235  91454 5299999999999999
125 83 50 35 42 67102141177201203185152114 79 58 56 69 9312215117418217220 214G5 937205215818299999999999999 311 351539 5599999999999999
149118 89 69 64 75 98127158182194188166135103 77 62 61 72 9111513915616320 215G51010194225916399999999999999 347 631634 6099999999999999
157141121103 93 93103120142163178181172152127101 81 68 65 71 8510312313920 216G51046182999999999999999999999 430 911751 6599999999999999
147148141132123117116121132146160168169162147127106 87 72 64 64 74 8910720 217G5 033148113717099999999999999 5401151926 6399999999999999
125139148151148142135129128132141151158162159149134113 91 71 57 54 60 7520 218G5 25815113 616299999999999999 7411272051 5399999999999999
 96119141157166165156143130123124132142153162164158142118 90 64 46 40 4720 219G5 422166144916599999999999999 9211232156 4099999999999999
 65 91122151173181176160140121112113123139156170175168147116 82 52 32 2720 220G5 5 618115571759999999999999910231112246 2799999999999999
 39 63 97135168189192178154127106 97103120142165182187174145108 69 36 1820 221G5 54019316461879999999999999911 5 972326 1699999999999999
 19 38 71112154186201194171140109 88 85 99124153179196194173136 93 51 2120 222G5 6102011725197999999999999991139 84999999999999999999999
  9 19 48 88133175201205187155119 88 73 80103135168194205194163121 74 3420 223G5 63920618 120599999999999999 0 1  91211 7399999999999999
 10  9 31 67112158193208199171133 95 69 65 82114150183205207185147101 5520 224G5 7 6208183420999999999999999 032  71241 6499999999999999
 22  9 21 52 94140181205206184149108 73 58 66 92128165195209200170127 8120 225G5 73220819 720999999999999999 1 0  91310 5799999999999999
 41 18 20 44 81124166197207194163123 84 58 55 7410614317820120518615010620 226G5 755207193920699999999999999 125 161338 5499999999999999
 64 35 27 42 73112152185203198174138 98 67 53 61 8612015518519919316712920 227G5 817204201220099999999999999 149 2714 7 5399999999999999
 89 57 41 47 70104140173195198181151114 80 58 56 72 9913216318519117714820 228G5 839199204719199999999999999 213 401437 5499999999999999
113 81 60 57 73 99131161184193185161129 96 70 58 64 8310913816417917716020 229G5 9 1193212618099999999999999 238 561510 5899999999999999
134105 83 74 80 99124149171184183167142112 86 68 64 72 9011313715816716320 3 1G5 925186221216899999999999999 3 5 741550 6499999999999999
148127107 95 94103120140158172176169152128104 85 72 70 76 9011013014715520 3 2G5 952176231615599999999999999 336 931646 7099999999999999
153143130119113114121133146158165165157143124105 89 77 72 74 8310011813420 3 3G51029166999999999999999999999 4201131816 7199999999999999
145149147142136132130131136143151156157152143129113 95 78 67 63 69 8410320 3 4G5 110149113915799999999999999 6141301952 6399999999999999
123141154160160154146137130129133141149155157153141122 98 74 54 46 50 6720 3 5G5 328161135615799999999999999 84012921 9 4699999999999999
 91118145167178178168151133120116121133147162171170156130 97 63 37 25 3120 3 6G5 428180152717299999999999999 9551162210 2599999999999999
 53 85122159186198192172146120102 99110129153176190189168133 90 48 17  620 3 7G5 5 91981625192999999999999991043 982259  699999999999999
 18 47 89135178207212197167131 99 81 83103132165195211204175130 79 32  020 3 8G5 5442131714211999999999999991123 792343 -799999999999999
 -6 14 54104156201223218191151108 74 61 72102140180213226212174122 66 1820 3 9G5 61922418 02269999999999999912 1 61999999999999999999999
 -9 -5 25 72127181220231213175127 81 51 46 68106151194226233211167111 5520 310G5 652231184423499999999999999 023-111238 4599999999999999
 12 -5 10 48 99154203230227197151100 56 34 41 7211416120423123020215510020 311G5 724233192823499999999999999 1 0 -51315 3399999999999999
 50 17 14 38 80130180217230213174124 75 39 28 45 7912316820622521718614120 312G5 755230201222699999999999999 136 121352 2899999999999999
 93 53 35 44 73114158197220218190148100 58 33 33 54 8912917020021119916920 313G5 824222205721199999999999999 210 351430 3099999999999999
131 93 68 63 79108143177203211198166125 84 52 38 44 66 9713116418619117920 314G5 853211214619299999999999999 243 621511 3899999999999999
155127103 91 94111135161184197194175145110 79 58 51 58 7510012815216817220 315G5 920198224617299999999999999 316 901558 5199999999999999
164148132119116121133150167179183175157133107 85 70 65 68 80 9811813715120 316G5 950183999999999999999999999 35511517 7 6599999999999999
157156151144139136137143151160166166160148131114 97 84 74 72 78 9010612320 317G5 022158103116799999999999999 5101361849 7299999999999999
139152159161159154147141140142146151153153149140126110 92 77 69 70 79 9520 318G5 259161122815499999999999999 7531402025 6899999999999999
115136156170176172161146133126126131140149157159153138117 93 72 59 58 6920 319G5 4 5176144915999999999999999 9301252134 5799999999999999
 89115144169185187177157134116108110121137155169174165145116 85 60 47 4920 320G5 44018815531749999999999999910161072224 4699999999999999
 64 91124159186198192171143115 95 90100119144168185187171142107 72 46 3720 321G5 5 91981637188999999999999991049 9023 2 3799999999999999
 45 69103143179202204187156121 91 75 79 98127159186200194169132 92 56 3520 322G5 5372061713200999999999999991119 742334 3199999999999999
 33 51 83124166198211201172133 95 68 61 76105141177203209193159117 75 4320 323G5 6 22111747209999999999999991148 61999999999999999999999
 30 40 68107150189211210186149106 69 51 56 82120160195214209183143 98 5920 324G5 627214181921599999999999999 0 3 301216 5099999999999999
 36 36 58 93135177207215198164120 78 48 43 61 96138179209218202167124 8120 325G5 649215185121899999999999999 030 331243 4299999999999999
 50 40 53 84123164198214207178136 92 54 37 45 7411415719521621318714910620 326G5 711215192321799999999999999 054 391310 3799999999999999
 70 50 55 79114153188210210188151108 67 40 37 57 9213317320421420117013120 327G5 732213195521499999999999999 119 491338 3599999999999999
 93 67 62 78108143176201209195164124 83 51 37 46 7310914918320520518515320 328G5 753209203020799999999999999 144 6114 6 3799999999999999
118 89 76 82105135165190202197174139101 68 46 44 60 8912315818519819116920 329G5 81420321 819899999999999999 210 751437 4399999999999999
140113 95 93106129155177192193179152119 87 62 51 56 7410013015917918517720 330G5 836195215318699999999999999 238 921512 5199999999999999
158136118109113127146164179184179161136108 84 67 61 66 8110312915216817220 331G5 9 1184225417299999999999999 31010916 1 6199999999999999
167154141131127131140152163171171164149130109 91 77 70 71 81 9811913915520 4 1G5 935172999999999999999999999 3561271722 7099999999999999
163164160153147142141142147153158159155148135120103 87 74 68 72 8510412620 4 2G5 039165104615999999999999999 6 114119 8 6899999999999999
146162172174170161149139133133137144152157157151137116 92 71 57 56 68 9020 4 3G5 249174133915899999999999999 8311322035 5599999999999999
117146170187191183166145126114113121136153168176173154125 92 62 42 39 5420 4 4G5 350191151417799999999999999 9361122139 3899999999999999
 82118155187205206189161129103 89 92108134162187200193168129 86 49 27 2720 4 5G5 4302081612200999999999999991020 882230 2499999999999999
 48 85128173207222212183144105 74 63 75102139177208221209174127 78 37 1720 4 6G5 5 622217 1221999999999999991059 632315 1699999999999999
 24 54 98148195226231208167119 75 46 43 65104149194227236215173121 69 3120 4 7G5 5392331747236999999999999991136 412355 1899999999999999
 18 35 73122173217238228193143 90 46 24 32 65111162209239240212166113 6420 4 8G5 6122391832244999999999999991214 23999999999999999999999
 33 31 57100150198231238215170115 62 24 13 32 7112117421824123420215610720 4 9G5 643239191624299999999999999 033 281251 1299999999999999
 65 46 56 88131176215235227192143 88 41 13 14 41 8313318221923322118814620 410G5 71323620 023399999999999999 1 9 461328 1099999999999999
104 75 69 87120159195221226206166117 69 31 16 26 56 9714218421221820317420 411G5 742227204621999999999999999 144 6814 5 1699999999999999
139108 92 97118147178203215208182142 99 60 35 30 44 7210814617919820018620 412G5 8 9216213520199999999999999 217 921444 2999999999999999
163138119114122141163184199200186159125 91 63 48 48 62 8511414416918218320 413G5 836201223418499999999999999 2521131529 4799999999999999
174158143134133140153167179185181166144119 94 76 66 66 75 9311513815616820 414G5 9 6185235917299999999999999 3351321630 6599999999999999
172169161153147145147152159165167163154140123106 92 82 78 82 9311012914620 415G5 950167999999999999999999999 5 414518 1 7899999999999999
161169172170163155147142141144148151153151145135121105 91 82 81 8910312220 416G5 15917212 315399999999999999 7391411937 8099999999999999
142161175181179168153138127123126133143152158157148132112 92 79 75 82 9820 417G5 312182142515999999999999999 9 21232050 7599999999999999
121146170187192184165142120106103111126144161172172159137111 87 71 68 7820 418G5 352192153017399999999999999 9451032143 6799999999999999
100128158185199197180152122 97 84 88103127154176188183163134103 77 62 6420 419G5 4232011614188999999999999991018 842223 6199999999999999
 81109143176200207195166131 96 73 67 79105138170194201188160125 91 66 5820 420G5 4512081651201999999999999991048 662257 5899999999999999
 68 93127164196212207182145104 70 52 57 81116155190209207185151112 79 5920 421G5 5162131725211999999999999991117 512327 5799999999999999
 60 80113150187211215197161117 75 46 40 57 91134176208219207176137 98 6920 422G5 5402171758219999999999999991145 392355 6099999999999999
 60 72101138176206219208177134 87 49 31 38 67109155196221221199163122 8720 423G5 6 32191831224999999999999991213 30999999999999999999999
 67 70 93127164198218216191151104 60 31 26 46 8312917521122621518614810920 424G5 62622019 422699999999999999 022 651242 2499999999999999
 81 73 88118153187212219203168123 77 41 23 32 6210415019221922320417113420 425G5 648219193922499999999999999 050 731310 2399999999999999
101 83 88111143175202215209182142 97 57 31 27 46 8112316620121821318915720 426G5 712216201521999999999999999 118 821340 2699999999999999
124101 94108134163189206208191158118 79 48 33 39 63 9813817520221020017620 427G5 736210205621099999999999999 148 941413 3299999999999999
147122108111128152176194201194171138102 70 49 42 53 7811014517519519818720 428G5 8 2201214319999999999999999 2201071451 4299999999999999
167144127121128143161178188189177155126 97 73 58 55 66 8611414316918418720 429G5 833190224518899999999999999 2591211541 5499999999999999
179165149138134139148160170176174164147125103 83 70 66 71 8711013615917520 430G5 918176999999999999999999999 3571341656 6699999999999999
181179170159149142140142148156161163160150135117 97 81 70 70 8110112615020 5 1G5 013182105316399999999999999 5571401832 6999999999999999
171183187181169154139129125129138149159165164153135111 87 69 63 71 9111920 5 2G5 151187132316599999999999999 7571251956 6399999999999999
149175193199192173149125108101107122142163179184174151120 88 64 55 63 8720 5 3G5 256199145218499999999999999 9 110121 2 5499999999999999
120155187208212197169134102 80 75 87112143174198206193162124 86 58 48 6020 5 4G5 342213155220699999999999999 947 742156 4899999999999999
 90129170205224220194154111 73 51 51 73109150190218224205168124 82 54 4820 5 5G5 4202251643225999999999999991028 482243 4799999999999999
 67103146189222234218180132 83 44 26 36 68112162206234234209168121 80 5520 5 6G5 45523417312389999999999999911 8 262326 5399999999999999
 57 83124168209235235207160106 55 19 10 30 71121174219242236207164118 8020 5 7G5 5302391818243999999999999991148 10999999999999999999999
 64 75106148190224239226188135 80 33  5  7 35 8013318622624223019915711520 5 8G5 6 323919 424299999999999999 0 6 641227  299999999999999
 86 80 98132171207231233208165112 60 20  3 14 48 9414519322523421818714920 5 9G5 635235194923499999999999999 044 7913 5  399999999999999
115 96100122155188215227218187142 93 48 19 13 30 6510915519521822120417520 510G5 7 6227203622299999999999999 121 951344 1299999999999999
144119110120143170196213215198165124 81 47 28 30 50 8312216119120720619020 511G5 736216212420999999999999999 1571101424 2799999999999999
166142126124136156177194203197178148113 79 55 45 50 69 9813016118419519220 512G5 8 9203221719699999999999999 23712315 8 4599999999999999
179161144135136145159174184187179162137110 86 69 63 69 8410713415817618520 513G5 847187232118599999999999999 32613416 1 6399999999999999
183174161149141140144153162169170165153135116 98 85 79 82 9311213315417020 514G5 944170999999999999999999999 4431401711 7999999999999999
179181175164152142136135139146153157157152141126111 97 89 88 9611213115120 515G5 039181113115899999999999999 6381351834 8799999999999999
169180184179167151135124119122131141152158159151138121104 92 89 9611113120 516G5 154184133315999999999999999 8 41191949 8999999999999999
153173187190182165142120105100106119137154167170163146125105 91 87 9511320 517G5 248190145017099999999999999 8571002049 8799999999999999
136161183196195180155125 99 84 82 94116141165180183172150124101 87 85 9820 518G5 327197154118499999999999999 936 812136 8499999999999999
120147175196204195170137103 76 63 69 90120153180196194176148119 95 83 8720 519G5 3592041623197999999999999991011 632215 8299999999999999
105133163191208207187153113 77 53 48 64 94132170198208199174142111 89 8220 520G5 42721017 1209999999999999991043 472250 8299999999999999
 94119151183207215202171129 87 52 35 41 68107150189214216198168133102 8520 521G5 4532151737218999999999999991114 342323 8499999999999999
 88108138171201217213188149103 60 31 25 43 79124170207224218192158122 9620 522G5 5202191813225999999999999991145 242355 8799999999999999
 87 99126159191214220204169124 77 39 19 25 53 9614418922022821318314711320 523G5 5462211849228999999999999991217 18999999999999999999999
 94 95115146179206220214187146 99 56 25 17 34 6911516220322522420317113620 524G5 614221192722899999999999999 027 911249 1699999999999999
108 98108134165193213218201167124 79 42 21 23 48 8713217621022321519115920 525G5 64321820 722499999999999999 1 0 981324 1999999999999999
129109107124151178201212208184148106 67 37 26 36 6510314518421021620418020 526G5 714213205021799999999999999 13410614 1 2699999999999999
151127115120138162184200204194168133 96 63 41 37 51 7911515218520420719420 527G5 749205213820899999999999999 2121141443 3699999999999999
172147129123130146165182192192180156126 94 67 51 50 64 8912115418119719920 528G5 832194223620099999999999999 2581231535 4899999999999999
187168149134129134145159172180180171152128101 78 64 62 72 9412215217719220 529G5 934181234319599999999999999 4 11291640 6199999999999999
195186170152137129128134145157167172169157138114 92 76 70 76 9512114917520 530G511 9172999999999999999999999 5351271759 7099999999999999
191196190174154134119113115126141157169174169153130105 85 75 78 9412015020 531G5 05519613 017499999999999999 7131121917 7499999999999999
177196203196176150123101 90 92106128152173186185170145116 91 77 78 9512420 6 1G5 159203142718899999999999999 820 892025 7599999999999999
156185206212200173139104 77 64 69 90120153183202203186156123 94 78 8010120 6 2G5 250212153320599999999999999 913 642123 7799999999999999
132166197217218199163121 81 51 40 51 80118159195217217196163127 96 81 8620 6 3G5 33422016292209999999999999910 0 402214 8099999999999999
110144180210226220192148100 57 28 22 41 77122169208229225201165127 98 8620 6 4G5 4152271720230999999999999991044 2123 1 8699999999999999
 96124160195222231216179130 79 36 12 13 39 81130180219235227200163126 9920 6 5G5 45323118 9236999999999999991127  92345 9399999999999999
 94110141176208229229205162111 61 21  4 13 45 9114219022523522319415712320 6 6G5 53023218562359999999999999912 9  4999999999999999999999
102104125157190217230221190144 94 47 15  6 23 5810515419822623021318414920 6 7G5 6 7230194123199999999999999 0261001250  699999999999999
120108116140170199219224207173127 80 40 17 17 39 7612016520222222020117220 6 8G5 643224202522399999999999999 1 51071330 1499999999999999
141119114128152179202215212191156114 73 41 27 34 59 9413517420221420818720 6 9G5 72021621 821499999999999999 1441141410 2799999999999999
160135120122137159182199205197175142105 71 49 43 54 7911114717819920519520 610G5 759205215220599999999999999 2251191450 4299999999999999
175152132123127141160177189192182161132102 76 62 61 73 9612515417919319520 611G5 843192223819699999999999999 3101231533 5999999999999999
185167147132126129140154167176178169152128105 86 76 78 8910913415817818820 612G5 938178233019099999999999999 4 81261623 7699999999999999
188179163145132124125132143155164166161149131113 98 90 9110111813916017620 613G51052167999999999999999999999 5281241725 9099999999999999
18518517616114412811711411912914315416116015213912310910110010812314216220 614G5 029187122716299999999999999 6541141837 9999999999999999
177186186176159138119104 9910411713415016216616114913311810710411112614620 615G5 128187135716699999999999999 8 1 99194710499999999999999
166182190188175153128103 87 82 9010913115417017717215813912110910611413120 616G5 22019115 517799999999999999 851 82204610599999999999999
152173190196190170142111 84 67 67 8110613616418319018216414212110710611820 617G5 3 2196155719099999999999999 932 65213510599999999999999
138162184199201187160125 90 62 50 56 7811114717819820218916614011710510820 618G5 3382021641202999999999999991010 49221810499999999999999
124148174197208202179144104 67 42 36 51 8212116219521221019116313411110320 619G5 4122081721213999999999999991046 35225810399999999999999
112134162189208213198167125 82 46 26 29 53 9113617921022221218815612610720 620G5 44521418 1222999999999999991123 24233510399999999999999
105121147177202217213189150105 62 29 17 29 6110515219522222621018114711920 621G5 51921818412279999999999999912 0 17999999999999999999999
104110132162191213220208176133 86 45 18 15 36 7412116820722722420217113820 622G5 554220192122999999999999999 0131041237 1399999999999999
113106119145175201218218198161116 71 34 15 21 48 8913618121522721819216020 623G5 63122020 322799999999999999 0501051316 1499999999999999
129110111129156184206217211186147103 61 30 20 32 6410515019021722220818120 624G5 711217204522399999999999999 1291081357 2099999999999999
149123111117137163187204211200174136 95 58 35 31 48 8012016119521521519820 625G5 755211213021799999999999999 2101101440 3099999999999999
170142120113121141163183198201190164130 94 63 46 47 65 9513216819721120720 626G5 846202221621199999999999999 2561131527 4499999999999999
188162137119113121137156174187191181159130 99 74 61 64 8110814017219620620 627G5 94819123 720699999999999999 3531131620 6199999999999999
200182157133116110114126143161176182177161137111 90 79 80 9411814717519520 628G511 5182999999999999999999999 5 51101724 7899999999999999
203196178154130110100100110127147166177178168150127107 94 9310412515217720 629G5 0 2203123617999999999999999 630 991837 9299999999999999
196203196177151124100 85 82 9111113515917718518016514412210710211113115620 630G5 1 120314 818599999999999999 744 81195110299999999999999
180198205198176146114 85 66 62 73 9712715718219619518015713311510811613620 7 1G5 2 0205152419799999999999999 846 61205810899999999999999
161185204210200174139101 68 47 44 59 8812316019220920819216613911811011920 7 2G5 254210162721099999999999999 939 43215711099999999999999
141167193211215200169128 86 51 30 30 50 8512616920322021719816913911711120 7 3G5 3442151720221999999999999991029 27224911199999999999999
123147175201218218197161116 71 36 18 23 49 8813418021422822119716513411320 7 4G5 43022018 8229999999999999991116 17233511099999999999999
112128155185210223217191150102 57 24 12 24 55 9914719222323121819015612520 7 5G5 51422418522319999999999999912 0 12999999999999999999999
109114135165194217225213181136 89 46 18 14 33 6911416320422722820917814320 7 6G5 555225193223199999999999999 0171091241 1299999999999999
116107119144174202220222203167122 76 39 19 23 49 8813317821222621919516220 7 7G5 63522320 922799999999999999 0561071319 1899999999999999
130109108126153182206218213189152108 67 37 28 41 7010915219021522020617820 7 8G5 714219204522199999999999999 1331061355 2899999999999999
146119106113133160186205211200174136 97 63 44 44 63 9413116819821320919020 7 9G5 754211211921399999999999999 2 91061429 4199999999999999
162133113108118139163185199200185158124 91 67 57 65 8611614917920020619720 710G5 834201215320699999999999999 24810715 2 5799999999999999
175149125111110122140161178188186171146118 92 77 75 8710813416118419719720 711G5 920189222919999999999999999 3311091537 7499999999999999
184163140121111111121136154169176174160140118101 92 9410612414716918519220 712G5101417723 919299999999999999 4261101618 9299999999999999
18917515613511911010811512814415816616515614212611410911112013515417118320 713G51124167235818799999999999999 538108171310899999999999999
18718317015213311610410010511813415016116416015013812812212212814115617120 714G51256164999999999999999999999 657100183312199999999999999
182185181168149128108 93 87 9310712614616117017016215113913012713114315720 715G5 057185142917199999999999999 8 2 87195612799999999999999
172183187182167145120 96 78 72 80 9812314816918118317516114513212713114320 716G5 158187153918499999999999999 855 7221 412799999999999999
159176188192184165138107 79 61 57 70 9412515618219619618516614512912413020 717G5 253192163119899999999999999 942 57215912499999999999999
145164183196199186161127 91 60 43 44 63 9413216919721020719016514012311920 718G5 3401991716211999999999999991026 41224511999999999999999
130149173194207205186153112 72 41 28 35 6210014418521322221218815913111520 719G5 42320817562229999999999999911 8 27232711399999999999999
116133157184206216208181141 96 54 25 17 33 6711215920122622821118114812020 720G5 5 62161836230999999999999991149 16999999999999999999999
108116139168196217223208174128 80 38 13 13 37 7812717621523422820417013420 721G5 548223191523599999999999999 0 61081230 1099999999999999
109104119147178206225225203163115 66 27  9 18 50 9514519322623622219215420 722G5 631227195323699999999999999 0451031310  999999999999999
120101103124155186213227221194152103 57 24 15 33 6911516320623123121017620 723G5 715228203123499999999999999 124 991349 1599999999999999
138108 96105130160190213224213183141 95 54 31 31 54 9213618021422922119520 724G5 8 122421 823099999999999999 2 4 961429 2899999999999999
159124100 94107132160188208215202172133 93 61 47 54 8011515419121722220820 725G5 850215214622399999999999999 246 9415 9 4799999999999999
179145114 96 94108130156180198202190164131 99 77 70 8110413516919721421220 726G5 945203222521599999999999999 334 931552 7099999999999999
194166134109 94 93104123146169185189181161136113 98 9610512515017619720720 727G5105019023 920799999999999999 433 921644 9599999999999999
201183157130107 93 89 9611213215417117917716514913312111812313815817819320 728G51215180999999999999999999999 549 89175411899999999999999
199194178154129106 89 81 84 9711814016117518017616615314013313414315917620 729G5 0 219914 318099999999999999 714 80192513299999999999999
189195192178156130103 81 69 69 8210413015617819019118316815213913614215620 730G5 111195153619299999999999999 828 67205013599999999999999
172187196195182159129 97 71 55 55 69 9412615918720420619617615413713113720 731G5 226197163920799999999999999 931 53215813199999999999999
152171189202202187160124 88 57 41 42 61 9112916920121821720017514712812320 8 1G5 3322031726220999999999999991025 39225012299999999999999
132152175197211209190157116 75 44 29 35 59 9714118421622922019616513411620 8 2G5 42621218 5229999999999999991112 28233211399999999999999
115130156183207220214188148103 61 31 22 36 6711015820122823221518414811820 8 3G5 5122201841233999999999999991154 22999999999999999999999
104111134164195218225212179135 88 48 24 24 46 8413017821623422720216612920 8 4G5 553226191423499999999999999 0101041230 2199999999999999
103 98114143176206225225203165119 73 38 24 35 6510715419722623121518214420 8 5G5 631228194423299999999999999 044 9713 4 2499999999999999
110 93 98121154187213226217189147102 62 37 35 56 9113417721122822119616020 8 6G5 7 7226201322899999999999999 116 921334 3399999999999999
123 96 90104132164195216220204171129 88 57 46 56 8312015919521822120517420 8 7G5 743221203922399999999999999 148 8914 2 4699999999999999
138107 90 93113141172197211208186152115 82 63 64 8211214618020521620818520 8 8G5 81821221 521699999999999999 221 891428 6199999999999999
154121 98 91100121147174194201192169138108 85 78 8810913716619220720719220 8 9G5 857201213020999999999999999 255 911455 7899999999999999
167137112 96 95106126149171186188177156131110 98 9911213215617819520119420 810G5 940189215820199999999999999 334 941524 9799999999999999
176152128108 99 9910912514516417517616715113412111612113214816618119119120 811G51034177223119299999999999999 424 98155911699999999999999
18116514512510910110010612013715416516816315414413713513714515516817818320 812G51152168231718499999999999999 537 99165713599999999999999
182174160143125110 99 94 9811012714515816716816516015414914714915516417220 813G51350169999999999999999999999 7 3 9419 314799999999999999
178178173161145126107 91 83 85 9811713815817318118117616615514714515015820 814G5 035178153418299999999999999 817 83204814599999999999999
168177181178167148124 99 78 67 70 8510913716518619719718717115314113714220 815G5 210181162919999999999999999 917 66215313799999999999999
154169182190189174149117 85 60 49 55 7610714317820321420919216814412912620 816G5 32119117102149999999999999910 9 48224012699999999999999
136154175194205200179146106 67 40 31 43 7211215619622222721418815612911420 817G5 4142051746228999999999999991055 31232011399999999999999
117134160187210220210180138 91 49 22 19 40 7812517521623723421017613911020 818G5 5 12201822238999999999999991138 17235810099999999999999
100111137170202226232214176126 75 32 10 16 46 9214519623324523119815711720 819G5 5462321856245999999999999991218  9999999999999999999999
 92 90111144181215238237211167113 61 22  9 26 6411416821624424421917913420 820G5 630241193024899999999999999 034 881256  999999999999999
 96 78 86114152191225243235203155101 53 23 22 47 9014019123124723420015620 821G5 71324320 324799999999999999 111 781333 1899999999999999
112 80 71 88120159197228239225190143 94 54 37 46 7712016620923723921617720 822G5 758239203524199999999999999 149 7114 9 3699999999999999
133 94 71 72 93126162197222228210176135 95 67 62 7811014818721823222319520 823G5 84422821 623299999999999999 227 681444 6199999999999999
155115 84 70 77 98128160190210211194166133105 90 9311113816919821722020420 824G5 934213213822199999999999999 310 701521 8999999999999999
174139106 84 76 8310112615317819319418216214012411712313715818019820820420 825G51034195221320899999999999999 359 7616 211799999999999999
187161132107 90 83 87 9911814116117518017616715514714314515316618019019420 826G512 1180225819499999999999999 5 8 8317 914399999999999999
190176157135114 98 87 85 9210712614616317518017917416716015515616217117920 827G51420180999999999999999999999 645 85192015599999999999999
183182175162144123103 86 78 81 9311213515817819119519117916515414915115920 828G5 023183155619599999999999999 816 7821 714999999999999999
169178184183172153128101 79 67 67 8010313216419120721020018015914113413820 829G5 221184164221199999999999999 927 6522 813499999999999999
150165182194195183159127 94 67 53 56 7410314017820722221819917114312311820 830G5 3371961716223999999999999991020 52224911899999999999999
128147170193208207189157118 80 52 41 50 7611315619722423021618715212110420 831G5 42920917472319999999999999911 3 41232310399999999999999
106125152182208221214187147104 64 40 36 54 88131178216235229204167128 9920 9 1G5 5102211816236999999999999991139 352355 9099999999999999
 90102130164198223229212177132 86 50 34 41 6911015620123023621818314110320 9 2G5 5462291844237999999999999991211 33999999999999999999999
 82 84107142180213232228202160113 70 42 38 57 9313718322023622719815711420 9 3G5 62123319 923699999999999999 024 801240 3799999999999999
 83 73 87119158196224233219185140 95 60 45 54 8312316720623023120917212920 9 4G5 654234193323499999999999999 054 7213 7 4599999999999999
 91 70 73 98134173207228226203165121 83 60 59 8011415419222022921618514520 9 5G5 726230195522999999999999999 122 681331 5699999999999999
105 76 68 82112149185213224213184146108 80 71 8311014517920822321819415920 9 6G5 759224201522499999999999999 150 671355 7199999999999999
121 88 71 74 95126160191211213195166132103 88 9111113916919621321519917120 9 7G5 834214203621799999999999999 220 701419 8799999999999999
137104 81 75 8610813716719120319817915312710910511613716118420120820017920 9 8G5 912203205720899999999999999 251 75144410499999999999999
151121 97 84 84 9611714116618419018416714813112312613915617318819719518220 9 9G5 958190212119799999999999999 328 82151312399999999999999
162138115 99 91 9310211913915917317817416415314414214615416517518318618120 910G511 1178215118699999999999999 419 90155214299999999999999
169153135118105 97 9610111313014716117017217016616215915815916316817317420 911G51256172225017499999999999999 547 95175415899999999999999
171164154141126112 99 91 9110011613515316917918318217716916015415315616120 912G51519184999999999999999999999 729 90204415399999999999999
167170170165153135113 93 78 75 8410212615317619420119818616915214013814320 913G5 132171161120199999999999999 847 75214813899999999999999
154167179185181165139109 80 60 56 67 9212516119221321820718515813412112120 914G5 310185164721899999999999999 946 55222811999999999999999
134154176196205198174138 98 62 40 39 57 91134177213232228206173138110 9920 915G5 4 72061720233999999999999991034 3723 4 9999999999999999
107130161192217226211177131 83 44 24 29 58101151200234244229194152111 8420 916G5 4542261752245999999999999991117 232339 7999999999999999
 81100133173211237241217174121 69 30 17 33 71121176223250247218173124 8320 917G5 5382431824252999999999999991157 17999999999999999999999
 62 69 99141187228251247215165109 58 26 24 50 95149201241255237197146 9520 918G5 621253185525599999999999999 015 611234 2199999999999999
 58 48 67105152200239256243205154100 55 34 44 7912617722325024821817111820 919G5 7 4256192625399999999999999 050 481310 3499999999999999
 71 43 45 72114162208241250231191143 96 63 56 7611315720123424623019214320 920G5 748250195624699999999999999 127 401345 5599999999999999
 94 56 40 52 83124168208233235213177137101 82 8711114518221423323120616620 921G5 833237202423599999999999999 2 4 401418 8199999999999999
121 80 54 49 64 9413016820121821519616713711610911914216919521522120918220 922G5 922219205222199999999999999 243 48145210999999999999999
146109 79 63 63 7810213216218619819618316414713613614616217919520420218820 923G51020199212120599999999999999 328 61153013599999999999999
164136109 89 78 78 8810512715016918118317817016215715616016817718418718420 924G51148183215818799999999999999 429 77163715699999999999999
173157138119104 93 88 9110211813615416917918318217817216516116116416817020 925G51419183234317199999999999999 6 9 88193416099999999999999
171168161149134118102 90 87 9310612514616718519519618917616114914414515120 926G51539197999999999999999999999 753 87211714499999999999999
160168174173164147125102 85 77 82 9611914717619820920619016814512912412920 927G5 225175161620999999999999999 9 8 7722 012499999999999999
141159176188189177153124 95 74 66 73 9412415919221421920618115012210610520 928G5 33619016462199999999999999910 0 66223210499999999999999
119141167191205202182150114 82 61 58 72101138177210226220196161124 96 8620 929G5 4212061714227999999999999991040 5723 2 8699999999999999
 95119150183209219208178140100 67 52 58 81117160199226230211176134 96 7420 930G5 4582191740231999999999999991114 512330 7199999999999999
 74 94128167202225226204167124 84 57 51 68101142185219234223191149104 712010 1G5 53222818 4234999999999999991144 502358 5999999999999999
 59 72103144186220234223192150106 71 54 62 89127170208231230205164118 772010 2G5 6 42341827234999999999999991211 54999999999999999999999
 53 54 80119164205231234213175131 91 65 62 82117157196224232215180134 892010 3G5 636236184923399999999999999 026 501237 6099999999999999
 56 45 61 96139184219235226197156115 83 70 811101471842152292211921501052010 4G5 7 823519 923099999999999999 053 4513 1 7099999999999999
 66 45 49 76115159199226230211178139104 84 851071391732042232222011651222010 5G5 740231192922599999999999999 120 441326 8299999999999999
 82 54 47 63 95134174207223218194161127103 951081331641922122182051761392010 6G5 814224195021899999999999999 148 471352 9599999999999999
100 69 54 58 801121491832072142021781491241111141311561802002092041831532010 7G5 851214201120999999999999999 217 53141911099999999999999
119 88 68 63 73 961251561831992001871671451301261341511691861961971851632010 8G5 933202203319899999999999999 249 62144912699999999999999
136109 88 75 75 861051291541751871871781641511431431501611721811851811692010 9G5102918821 118599999999999999 332 74153014299999999999999
151131111 96 87 85 92105124145163175179176170163158156156160164168170167201010G512 2179215417099999999999999 441 85171415699999999999999
160150137122108 96 89 88 97112132152168179184183177168159151147148152157201011G51418184999999999999999999999 632 87201814799999999999999
161163161152138119 99 84 77 82 98120146170189199198187170150135127128137201012G5 1 1163152520099999999999999 8 5 77212012699999999999999
151165177181173153125 96 72 61 66 86115149181206216209188159130109101109201013G5 25218116 521699999999999999 912 6122 010199999999999999
128152178198204192163125 87 58 45 55 82120162200225229211177138102 80 77201014G5 35120416392309999999999999910 4 452236 7699999999999999
 95126162197222225205166120 76 44 36 53 89135183222241233201157109 70 51201015G5 4392271712242999999999999991049 362313 5199999999999999
 59 89131177218243240210164112 66 38 38 65108158206241248225182129 77 41201016G5 5242451744249999999999999991130 342349 3099999999999999
 31 50 91141193235255244207157104 61 42 52 87134184227250243207155 98 49201017G5 6 825518162519999999999999912 9 41999999999999999999999
 20 22 52 99153206245257238199149100 65 57 77116162207240248227182127 72201018G5 653257184724999999999999999 026 171246 5699999999999999
 29 11 25 62111165214245248226186141100 78 82108146186221240234203155102201019G5 737251191724199999999999999 1 4 111321 7699999999999999
 54 22 17 38 76123172213235233209174137108 98110137170201224229213177132201020G5 823237194623099999999999999 141 151357 9899999999999999
 86 48 29 33 56 92133174205219214194166139122121135158183204214210189155201021G5 912220201421599999999999999 220 28143311999999999999999
117 81 55 46 53 74103137169192201197182163146138141152168183194197188169201022G510 9202204519799999999999999 3 4 46151513899999999999999
142113 88 71 66 72 87110135159177186185178167157152152157164172177177170201023G51124187212717899999999999999 359 66163015199999999999999
157139120103 90 83 85 94110129149166177182181175166158152149151154158161201024G51313182232316199999999999999 522 8319 514999999999999999
160156146134119105 94 89 93105122141161177187188182169154140132131135143201025G51441189999999999999999999999 7 4 89204213099999999999999
152160164160149132113 96 87 88 99117140165185197196184163139120110110120201026G5 2 1164152719899999999999999 824 86212710899999999999999
136154170178175160137112 91 80 82 96119148176198207198177147117 95 87 94201027G5 31417816 120799999999999999 922 7922 0 8799999999999999
113138165186194185164134105 82 73 80100129162193211211192160123 90 71 70201028G5 4 019416292139999999999999910 5 732231 6899999999999999
 88116150182203205189160126 94 74 71 85113147182209218206175135 94 63 52201029G5 4382071656218999999999999991040 7023 1 5299999999999999
 62 91129168201217210185150113 83 69 75 99132169202220217191151106 65 42201030G5 5132171720222999999999999991111 692329 3999999999999999
 42 65103147189218224208175136100 76 72 89120156192217223204168121 76 41201031G5 5462251744224999999999999991140 712358 2999999999999999
 29 43 77122169208228224198161122 90 75 83109144180210224214183139 92 502011 1G5 61923018 62249999999999999912 8 75999999999999999999999
 26 28 54 95144189222231216184146109 85 83102134169200220219196157110 662011 2G5 652231182922399999999999999 026 231236 8199999999999999
 33 22 37 72117165205227226203168131101 89 99125157188211219205173130 852011 3G5 725230185221999999999999999 054 2213 3 8999999999999999
 48 26 29 54 931381812132242141871531221011011181461751992122081841481062011 4G5 8 0224191621399999999999999 124 241332 9899999999999999
 68 40 31 44 731121531902122151991721431191091171371631852012031901621272011 5G5 837216194120499999999999999 154 3114 410999999999999999
 91 60 43 43 61 911261611902042021851621391241221321511701851931881711452011 6G5 920205201019399999999999999 229 41143912199999999999999
114 85 63 53 58 751011311611831931901761591431331341421551681771791731582011 7G51014194204817999999999999999 312 53152913299999999999999
136112 90 73 66 69 821041291541741841831751631511421391421481551621641612011 8G5112818522 016499999999999999 413 6617 113999999999999999
152138121103 87 76 74 82 991221461661801851811711581451351301311371451532011 9G513 3185999999999999999999999 543 74191913099999999999999
158158151137118 98 81 73 76 90113140165184193191179159138119108108116131201110G5 031159142019499999999999999 716 72203410799999999999999
149164173171157133106 81 67 67 82109141171195207201181151120 94 80 82 98201111G5 221174151120799999999999999 829 652122 7999999999999999
124152178194193175144108 78 60 61 80112150185211219205174134 94 63 51 60201112G5 328196155221999999999999999 928 5822 5 5199999999999999
 86123162196215212187149108 73 55 60 86124166203226226200157109 64 33 26201113G5 4212171629229999999999999991017 542245 2599999999999999
 45 82128176215233224193150106 71 57 69101142185220236223186135 81 35  8201114G5 51023317 42369999999999999911 2 572325  699999999999999
 11 39 85138190229242227192147103 72 65 85121164204232236212166110 55 12201115G5 5572421739238999999999999991144 65999999999999999999999
 -6  6 43 94150202236243223186142102 78 81106144184218235227193143 86 35201116G5 644244181323699999999999999 0 5 -61225 7699999999999999
  0 -8 13 55107161209236236213177136103 90100128164198223229211171121 69201117G5 730239184622999999999999999 045 -913 3 9099999999999999
 25  0  2 28 70120170209228223200166132109104120147177203218214190150104201118G5 817229192021999999999999999 125 -2134210399999999999999
 59 25 11 20 48 87131173203215207186157131117119135158182199205195170134201119G5 9 5215195420599999999999999 2 6 11142211599999999999999
 94 59 35 29 42 67102139172194201193174152133125129143160177187187176153201120G5 955201203318999999999999999 249 2915 912599999999999999
124 93 67 52 50 62 84112142167184189182167150137131133142153164170169160201121G51052189212517199999999999999 337 49161313199999999999999
143122 99 81 70 68 77 95117141162176181177166152140131129132139147153155201122G512 0181225515599999999999999 437 68175512999999999999999
152142127110 95 85 81 87100119139158173179177167153137124116115121130140201123G51314179999999999999999999999 554 81193511599999999999999
148151147137123107 95 88 91101119139159175183180168149127108 97 96104118201124G5 058151141618399999999999999 715 882037 9599999999999999
135149158158149133114 98 90 91102121143165182189182164138110 87 76 78 92201125G5 23015915 218999999999999999 823 892121 7599999999999999
113137158171171158138116 97 88 90105127152176192194180153119 87 64 56 65201126G5 329172153819599999999999999 917 872157 5699999999999999
 87117148173185181163138112 93 85 93112138166189200193169134 96 62 42 42201127G5 41418516 92009999999999999910 0 852231 3999999999999999
 60 92129164189197186162133106 88 86 99124154182201203185152110 69 38 26201128G5 4541971637204999999999999991037 8423 3 2599999999999999
 36 64104146183204204186157124 98 85 91111141171197208199170129 84 44 19201129G5 53020717 4208999999999999991112 852334 1599999999999999
 17 38 76121166200214205180147114 91 86101128159188207208187149104 58 23201130G5 6 52141731210999999999999991144 86999999999999999999999
  8 18 50 93142185212217200170135104 89 94115146177201211200169126 79 372012 1G5 641218175921199999999999999 0 5  81216 8899999999999999
 10  7 28 66114161199218213190157123 98 92106132163190207206185148103 582012 2G5 716219182820999999999999999 037  51248 9199999999999999
 23  7 15 44 86133177207216203177144114 97100120148176197205195167127 842012 3G5 753216185920599999999999999 110  61321 9699999999999999
 44 18 12 28 621041481862072081911631331101021111341591821951961791481102012 4G5 833211193219799999999999999 145 11135710299999999999999
 71 39 21 23 45 791191581882031981791531281111091211421631791871831641342012 5G5 916203201018899999999999999 223 19143810899999999999999
100 66 41 31 37 60 921281611861951891711471271151151261421581701751701532012 6G510 519521 117599999999999999 3 7 31152911399999999999999
127 98 70 51 43 51 711001311611811891831661461281171151211331461571631602012 7G511 1189221516399999999999999 4 0 43164211599999999999999
149129105 81 64 56 61 781031321591781861811671471281131061081161291421532012 8G512 6186999999999999999999999 5 7 56182010699999999999999
157153139119 96 77 67 68 81104132159179188185169147123102 89 86 941101302012 9G5 0 0157131318899999999999999 626 661944 8699999999999999
148161164155136112 89 74 71 83106134162184194190171142111 83 65 61 72 94201210G5 145164141319599999999999999 743 712045 6099999999999999
122149171180173152125 98 79 74 85110140170193203194168132 93 59 38 36 53201211G5 3 418015 320399999999999999 849 742136 3599999999999999
 83119156184196189166135104 82 76 90117150181204210195161117 72 34 14 16201212G5 4 7197154821199999999999999 947 762223 1299999999999999
 40 78122166198211201174140107 84 81 98128162193214214190148 98 50 12 -5201213G5 5 22111630217999999999999991039 7923 9 -599999999999999
  4 35 79130177210220207177140106 86 87108141175205219212180133 80 31 -4201214G5 5532201711220999999999999991127 832353-1599999999999999
-15  1 38 87140188218223206174136104 88 96121154187212220204166116 63 17201215G5 6422241751220999999999999991211 88999999999999999999999
-12-15  7 48 99152196220220199165129101 93106133166195214214191150100 50201216G5 728223183021699999999999999 036-181253 9299999999999999
  9-11 -6 22 64114163200217211187153120100 99116144173197209202175134 87201217G5 812218191020999999999999999 118-131333 9699999999999999
 42 10 -2 10 41 83129171200209198172141114100105125151175193199187158119201218G5 855209195019999999999999999 158 -2141310099999999999999
 77 40 18 15 32 63102142176196198183158130110103111130152171184184170142201219G5 936200203218699999999999999 237 13145610399999999999999
108 73 45 32 36 55 84118151177189186170146124109105113129146162170168154201220G51017190212017199999999999999 317 31154610599999999999999
130102 75 56 50 57 75101130156175182176160139120108105110122136148155154201221G511 1182222115699999999999999 358 50165110599999999999999
143124103 83 71 68 75 91113137158171175169154136118105 99101110122134143201222G51151175234214599999999999999 447 681815 9999999999999999
144138125110 95 86 83 89102120140158169172166151133113 97 88 87 95109123201223G51249172999999999999999999999 549 831934 8799999999999999
135142141133121108 98 94 97108125143159170172165149127104 84 72 71 81 98201224G5 122142134717299999999999999 7 5 942034 7099999999999999
118135147150144132118106 99101111128146163173175165144118 89 66 54 56 71201225G5 250150143817699999999999999 818 992122 5399999999999999
 93119142158162155141123108100102114132152170180178162135102 70 46 37 44201226G5 352162152118099999999999999 918 9922 3 3799999999999999
 66 95127155172174164145124106 98103118139161179186178154121 83 49 27 23201227G5 44017515591869999999999999910 7 982241 2299999999999999
 38 67104141171186184168144119101 96105125150173189190173142102 61 28 11201228G5 5211871634192999999999999991049 962318 1099999999999999
 15 39 75118158187197188166137111 95 95111136163185197190164126 82 40 10201229G5 6 019717 9197999999999999991128 932354  099999999999999
  1 14 46 89136176199202186159127102 91 99121149176196200184151108 61 21201230G5 63720417442019999999999999912 4 91999999999999999999999
 -3 -3 20 59106153190206201179148116 94 91107133162187201198174135 88 43201231G5 714207181920299999999999999 030 -61239 9099999999999999
