 83 57 38 30 34 50 74101125142148143130113 97 87 84 9010211612813313011820 1 1GB10 2148211013399999999999999 310 301548 8499999999999999
 99 78 59 46 43 50 66 88110128139142135123108 95 86 83 88 9710811712111920 1 2GB104414222 812199999999999999 348 431649 8399999999999999
109 95 79 66 58 58 66 80 98116130137137131119105 91 82 78 81 88 9710611120 1 3GB1131138233311299999999999999 432 5718 6 7899999999999999
112106 97 86 77 71 71 78 89104118130136135128116101 86 74 68 69 75 86 9720 1 4GB1227136999999999999999999999 528 701924 6899999999999999
106111110105 97 89 83 81 86 95107120131137136128114 96 77 62 54 55 63 7620 1 5GB 124111132513799999999999999 645 812028 5499999999999999
 92107116120116108 99 91 87 89 97109122134140138128109 86 64 46 38 40 5220 1 6GB 258120141814199999999999999 810 872117 3799999999999999
 72 94114127132128118105 94 88 89 98112127140146141126101 73 46 27 21 2720 1 7GB 4 213215 414699999999999999 920 8822 0 2199999999999999
 46 73101126141145138124107 93 86 89100118136149152143121 90 56 27  8  520 1 8GB 4491451547153999999999999991013 862240  599999999999999
 19 46 79113140155155143124104 88 83 89105126146158158142113 75 38  7 -820 1 9GB 5311571629160999999999999991058 832320 -999999999999999
 -5 16 50 90128154166161144120 97 82 80 91112136157167161138102 60 20 -920 110GB 6111661710167999999999999991140 80999999999999999999999
-19 -9 20 60104141166172161138112 89 77 80 96120146166172160131 90 45  620 111GB 650172175217299999999999999 0 1-191220 7699999999999999
-19-23 -6 29 73118153172172156129102 81 73 81101128154171172155121 78 3320 112GB 729174183517499999999999999 042-2413 0 7399999999999999
 -3-22-19  4 43 88130161173167146118 92 74 71 83106133157170167146110 6820 113GB 8 9174192017199999999999999 124-231342 7199999999999999
 27 -3-16 -7 20 59102140164169158134107 83 70 71 8510813415416415813510120 114GB 84817020 816499999999999999 2 6-161427 6899999999999999
 62 27  4 -2 11 40 77115146162162147123 97 76 66 70 8410612914615314512520 115GB 92816421 015399999999999999 249 -21516 6699999999999999
 95 62 35 19 18 33 60 93125148157152136113 89 72 64 67 80 9911813313913320 116GB10 915822 113999999999999999 333 161613 6399999999999999
117 93 69 49 39 41 55 79106130146151144127106 84 68 60 61 72 8710411812520 117GB1053151231912699999999999999 420 381720 5999999999999999
123113 98 81 67 60 63 75 93114132143145137121101 81 64 54 53 59 72 8810420 118GB1142145999999999999999999999 514 601840 5299999999999999
115119116107 96 85 79 80 88101117131140141134119 99 78 59 45 41 45 57 7420 119GB 1 5119124114299999999999999 625 7920 1 4199999999999999
 93110121124120111101 94 91 95104117129139141135120 98 74 51 34 27 31 4420 120GB 255124134814199999999999999 756 912110 2799999999999999
 65 89112128135133124111100 94 95103116130141144137120 95 67 40 21 13 1920 121GB 415135145214499999999999999 922 9422 5 1399999999999999
 37 63 93120139146142130114100 91 92102117134146149140119 90 57 28  8  220 122GB 5 81461547150999999999999991025 902251  299999999999999
 12 36 68102132150155146129109 93 85 89102122141153154141114 80 44 14 -320 123GB 5491551635155999999999999991111 852332 -699999999999999
 -4 13 43 80116145159158143122 99 83 79 88107129149160156137105 67 30  320 124GB 6241601717160999999999999991149 79999999999999999999999
 -9 -2 22 57 96132155163154134109 87 75 76 91114138157163153128 91 52 1720 125GB 656163175516399999999999999 0 8 -91223 7399999999999999
 -5 -8  7 37 76114145161160144119 94 75 69 77 98123147162162145114 75 3720 126GB 725163183016499999999999999 042 -91254 6999999999999999
  8 -5  0 23 58 96131154161151129103 79 66 67 82106132153161154131 97 6020 127GB 75316119 516199999999999999 113 -61325 6599999999999999
 27  6  2 16 44 80115143157154137112 87 69 62 70 89114137153155142115 8120 128GB 820158193915699999999999999 143  11357 6299999999999999
 48 22 11 16 37 67101131150154143122 97 75 62 62 74 95119138148144126 9920 129GB 846154201414899999999999999 212 111431 6099999999999999
 69 42 26 23 35 59 89118140149145130107 84 67 60 64 78 9811913313813011120 130GB 912150205213899999999999999 240 2215 8 5999999999999999
 87 63 44 36 40 57 80106128142144134117 95 76 63 59 66 80 9811412412511720 131GB 940145213712699999999999999 3 9 361551 5999999999999999
101 81 64 53 51 60 76 97117132139136124107 88 71 61 59 65 77 9210511311420 2 1GB1011139223711599999999999999 341 511645 5999999999999999
108 96 83 72 67 68 77 91107121131133128116100 84 69 59 56 61 70 83 9510320 2 2GB1049133999999999999999999999 418 661753 5699999999999999
107105 99 92 85 82 83 90100111121127128123113 98 82 66 55 50 51 59 71 8520 2 3GB 010107114212899999999999999 514 821915 4999999999999999
 97106110109105100 95 94 96102110118124127123114 99 81 62 47 38 38 46 6120 2 4GB 217110125812799999999999999 654 942031 3799999999999999
 79 97112121123119111103 97 96 99106116125130129118101 78 54 34 22 22 3320 2 5GB 348123141713199999999999999 851 962132 2099999999999999
 53 78104124135137130118105 94 90 94104118131139137124101 71 41 17  4  620 2 6GB 44113815211409999999999999910 2 902222  399999999999999
 23 51 84115139151149136118 99 86 82 89105125142151147129 99 62 26 -1-1220 2 7GB 5221511615152999999999999991050 8223 7-1299999999999999
 -5 20 55 95131155163155135111 88 74 74 87110135155164156131 93 50 10-1620 2 8GB 55916317 3164999999999999991131 722350-2499999999999999
-23 -9 24 66111147168170154127 98 74 63 69 89117146167173160128 84 37 -320 2 9GB 6351711750173999999999999991210 63999999999999999999999
-25-26 -4 36 83128161175169145113 81 59 54 66 92125156175177158120 73 2720 210GB 710176183517999999999999999 031-291249 5399999999999999
 -9-25-18 11 54102144170176160131 96 65 48 48 66 97131160177173149110 6420 211GB 744176192117899999999999999 111-261328 4699999999999999
 22 -7-15  0 33 76121155173168146113 79 52 40 46 6810013315917116313710020 212GB 81817420 717199999999999999 151-151410 4099999999999999
 59 25  5  5 25 59 99136161168155129 96 65 43 37 47 7010012915015814812420 213GB 851168205615899999999999999 230  21453 3799999999999999
 93 60 36 25 31 52 84117144159157140113 83 56 40 37 48 69 9512013614113320 214GB 924160215214199999999999999 3 9 251542 3799999999999999
114 91 68 53 49 58 78103128145151144126101 75 54 41 39 49 66 8610611912420 215GB 95715123 212499999999999999 348 491638 3999999999999999
120109 95 82 74 74 82 97115130140141132116 95 74 56 44 41 46 58 74 9010420 216GB1036142999999999999999999999 431 731751 4199999999999999
112114111105 98 93 93 98107117126132132125112 95 77 60 47 40 41 48 61 7720 217GB 052114112913299999999999999 534 931925 3999999999999999
 93107116119118113108104104107112119124127124115100 82 63 46 35 31 37 5020 218GB 311119125912799999999999999 7411042054 3199999999999999
 69 90109123131130124115106100100104112121128129121106 85 62 41 26 21 2720 219GB 426131143712999999999999999 936 992157 2199999999999999
 44 68 95119135142138127112 99 90 90 98110124135137129110 84 56 31 15 1220 220GB 5 71421545137999999999999991032 892243 1199999999999999
 23 46 76107133148149139122102 86 79 83 96115133145145133108 77 45 19  520 221GB 53815016341479999999999999911 8 782321  499999999999999
  8 26 55 90123147156150132109 86 71 69 80100124144155150131100 64 31  820 222GB 6 51561714155999999999999991139 682354  099999999999999
  0 11 37 72109140158158143118 91 69 60 65 84110136155161149123 87 49 1820 223GB 63116017501619999999999999912 8 60999999999999999999999
  2  3 23 56 94129154162152128 99 72 55 54 68 93123148163161141108 70 3520 224GB 655162182316499999999999999 024  01235 5299999999999999
 10  3 15 43 79116146161158138109 78 55 46 54 75105135156164153127 91 5420 225GB 719162185616499999999999999 052  313 3 4699999999999999
 25 10 14 34 67104136157160146119 88 60 44 43 59 86116143159158140110 7520 226GB 741161192816199999999999999 119  91331 4199999999999999
 43 23 19 32 58 92125149159151129 98 69 47 38 46 67 96125146154147124 9420 227GB 8 315920 115499999999999999 144 1814 1 3899999999999999
 63 40 29 35 54 83114140154152136109 80 54 39 39 52 7610312814314513210920 228GB 825155203714699999999999999 210 291433 3799999999999999
 82 59 45 43 55 78104129146150140119 92 66 47 38 43 59 8210612513513211920 229GB 847150211713599999999999999 236 4215 8 3899999999999999
 99 78 63 56 61 76 97119136144140125104 79 58 45 41 48 64 8410411812412020 3 1GB 91114422 712499999999999999 3 4 561550 4199999999999999
109 95 81 73 73 80 94111125135136128113 94 74 57 46 44 51 64 80 9610811420 3 2GB 938136232111499999999999999 335 721644 4499999999999999
113107 99 92 88 89 95105115124128127119107 91 74 59 49 45 49 58 71 85 9820 3 3GB1016128999999999999999999999 418 8818 2 4599999999999999
107112112109106102101103107113118121121117108 95 79 63 50 41 40 46 58 7420 3 4GB 132112113212199999999999999 5541011940 4099999999999999
 92107118124124120113107103102105110117121122116104 86 65 46 31 26 31 4620 3 5GB 330124133712299999999999999 84210221 2 2699999999999999
 67 92114131139138129116103 94 91 95105118129134130115 91 63 36 17 10 1720 3 6GB 42214015 513499999999999999 955 9122 1 1099999999999999
 37 67 99128147154148132111 92 79 78 87105126143151145124 93 57 23  1 -520 3 7GB 5 015416 6151999999999999991038 772249 -599999999999999
  8 36 74113145163164150125 97 74 62 66 84110138159167157129 90 47 10-1120 3 8GB 5341661657167999999999999991116 622332-1599999999999999
-12  8 45 89131162175167143110 77 53 46 58 84118151174179163128 83 37  120 3 9GB 6 71751745180999999999999991153 46999999999999999999999
-16 -9 19 62109150175179161128 89 55 35 35 54 88127162184184161122 74 3020 310GB 639180183118799999999999999 013-171230 3299999999999999
 -1-10  5 40 85130165181174146107 66 35 21 29 56 94135168185180153113 6820 311GB 710181191618699999999999999 052-1013 8 2199999999999999
 29  7  7 29 66109148174178160126 85 47 21 15 29 60 9913816617816814110320 312GB 74117920 217899999999999999 130  41348 1599999999999999
 66 37 24 32 57 93130159173166141105 66 34 16 16 34 6510113515716315212820 313GB 810173205016499999999999999 2 7 241429 1499999999999999
 97 69 51 48 60 85115143161163149121 87 54 30 18 23 41 6910012614314613620 314GB 839164214414699999999999999 243 471513 1899999999999999
118 97 79 70 72 86106128146154149132106 77 52 34 27 32 48 70 9311312612920 315GB 9 8154225213099999999999999 319 7016 3 2799999999999999
124114102 93 90 94104118131140141134118 98 76 56 43 37 40 51 66 8410011220 316GB 939142999999999999999999999 359 9017 9 3799999999999999
118119117112108106107112119125129128122112 97 82 66 54 46 45 49 59 73 8820 317GB 045120102212999999999999999 5 41061844 4499999999999999
103114122125123119115111110111114117119118113104 91 76 62 50 43 44 51 6520 318GB 3 8125121711999999999999999 8 41102028 4399999999999999
 83102119130135132125115106100 98102109116121121115101 83 64 47 37 36 4520 319GB 4 7135143112299999999999999 945 982137 3599999999999999
 63 86109129141143136122106 93 85 86 95108121131132124107 84 60 40 29 3020 320GB 4411441541133999999999999991023 852223 2899999999999999
 44 68 96123143151146132111 90 76 71 78 94114132143143129106 78 50 30 2220 321GB 5 81511628145999999999999991052 712259 2299999999999999
 30 51 81112139155155142119 93 71 60 63 78101126146154148128 98 66 38 2220 322GB 53215717 6155999999999999991119 592331 2099999999999999
 22 38 66100132154162152129100 72 53 49 61 84113141158161147120 85 52 2820 323GB 5551621740162999999999999991145 482359 2099999999999999
 20 29 53 87121150164160140109 77 51 39 45 66 96128154166161139106 71 4120 324GB 6171641812167999999999999991211 39999999999999999999999
 25 26 45 75110142162165149120 86 54 35 32 48 77111143164168154126 91 5820 325GB 639166184416899999999999999 025 231237 3199999999999999
 35 29 40 66100133157166157131 97 62 36 25 33 57 90125153166162141110 7720 326GB 659166191616799999999999999 051 2913 5 2599999999999999
 51 38 42 61 90123149164161141109 73 43 25 24 40 69104136157162151127 9620 327GB 720165194916399999999999999 117 371333 2299999999999999
 69 51 48 60 84113140158161147120 87 54 31 21 29 51 8211414115515313711320 328GB 741162202415699999999999999 142 4714 3 2199999999999999
 88 68 59 64 81105130149157150129100 69 42 27 25 38 62 9211913914714112520 329GB 8 315721 314799999999999999 2 9 591436 2499999999999999
105 86 74 72 82100120139149148135112 85 58 39 29 33 48 71 9611813313713020 330GB 826150215213799999999999999 238 721514 2999999999999999
117103 91 85 88 98113128139142136121100 77 56 42 36 40 54 73 9411112312720 331GB 85114223 212799999999999999 311 8516 3 3699999999999999
124116108101 99102109118127132132125112 96 78 61 49 43 45 54 69 8610211420 4 1GB 926133999999999999999999999 358 991715 4299999999999999
122124122118114110109111115119122123120112101 86 70 56 46 43 47 59 75 9320 4 2GB 058124104212399999999999999 5471091855 4399999999999999
110124132134131124116109105104108113119123121113 99 80 61 45 36 36 47 6620 4 3GB 250134131512399999999999999 8331042027 3599999999999999
 89113133145147140127112 98 90 89 96109123133137130113 88 61 38 24 24 3720 4 4GB 345147145213799999999999999 935 882133 2299999999999999
 62 93123147159158144122 99 79 70 73 88109132150156147124 92 58 29 14 1620 4 5GB 4231601555156999999999999991015 692223 1299999999999999
 35 67105139164172162139108 78 56 50 60 84115146167173159130 91 52 21  820 4 6GB 4571721648173999999999999991053 4923 8  899999999999999
 16 42 81122158178177157124 86 52 33 33 52 86125160182184165130 87 46 1820 4 7GB 5291801736186999999999999991130 302349 1199999999999999
 11 26 59101143173185174144102 61 28 14 23 51 91134171190188164125 82 4520 4 8GB 6 118518231929999999999999912 7 14999999999999999999999
 23 24 45 82124161183184162123 78 37 10  4 20 55 98142176190183156118 7920 4 9GB 63218619 919199999999999999 029 211246  399999999999999
 49 36 44 70106144172184173143101 57 20  1  3 25 6210514517318217114511220 410GB 7 2184195618299999999999999 1 7 361325 -199999999999999
 80 59 55 69 95128157175175156122 81 42 13  2  9 34 7010914316416915713420 411GB 731178204516999999999999999 144 5414 6  199999999999999
108 86 74 76 92116141161169161137104 68 36 16 11 22 46 7710913615115314320 412GB 8 0169213815499999999999999 221 731449 1099999999999999
127109 95 90 96110128145156156143120 92 63 40 26 25 35 56 8110612613714020 413GB 829157224514099999999999999 259 901536 2499999999999999
134124114106105109119131140144140128109 88 67 50 40 39 47 62 81 9911512620 414GB 9 1144999999999999999999999 3451041635 3999999999999999
131131126121116114115119125129130127119106 91 76 63 54 51 54 64 77 9310820 415GB 021131 94713099999999999999 5 61141758 5199999999999999
121129133132127121116112111112115118119117110100 88 75 64 57 56 62 73 8920 416GB 214133115111999999999999999 7521111939 5599999999999999
107123134140138131120110101 97 98104111118122120111 98 82 67 57 53 58 7220 417GB 316140141012299999999999999 915 972055 5399999999999999
 91112131143147141129112 96 85 82 87 98112125132131121104 84 65 52 49 5820 418GB 353147152213399999999999999 953 822146 4999999999999999
 75 99123143153151139119 97 78 69 70 82100120137144140125103 79 59 47 4820 419GB 4221541610144999999999999991022 682225 4699999999999999
 62 85113138155159149128102 77 59 55 64 84109133150155145124 97 71 52 4520 420GB 4471601649155999999999999991050 542258 4599999999999999
 53 73101130153164159140111 80 55 43 46 65 92123148162160144117 88 62 4720 421GB 5111641724163999999999999991116 422327 4699999999999999
 48 64 90121148165166150122 88 56 36 32 45 72106138161169160137107 77 5620 422GB 5341681757169999999999999991143 312356 4999999999999999
 49 58 81111141163170160134 99 63 35 22 29 52 85122153170171154126 96 7020 423GB 5561701830173999999999999991210 22999999999999999999999
 55 57 74101132157170167146112 74 41 20 17 33 63101137163173166144115 8620 424GB 61817119 417399999999999999 023 541238 1699999999999999
 67 61 71 94122149166169155126 89 52 25 13 20 44 7811514816717015613210420 425GB 640170193817199999999999999 051 6113 8 1399999999999999
 82 70 73 88113139159168160138104 68 36 17 14 29 57 9212715316516114512120 426GB 7 4168201616599999999999999 119 691339 1399999999999999
 99 83 79 87106128149161161146119 86 54 29 17 22 41 7010313215215815113520 427GB 729163205715899999999999999 150 791414 1799999999999999
115 99 89 91102119138152156149131104 74 47 29 24 32 52 7910713114614914320 428GB 756156214815099999999999999 223 891455 2499999999999999
129115104 99102113126139147147137119 95 70 49 36 33 41 59 8210612613914220 429GB 828148225614299999999999999 3 4 991546 3399999999999999
138129119112108110117126134138136128113 94 75 57 45 41 47 61 8010112013320 430GB 915138999999999999999999999 4 71081654 4199999999999999
140140135127119113111113118123128129125116102 85 68 54 47 48 58 74 9511520 5 1GB 028141104812999999999999999 6 01111823 4699999999999999
133143147143134122111104101104111120127130127116 99 79 61 48 45 52 69 9220 5 2GB 15614713 213099999999999999 7581011949 4599999999999999
117138152156150136118100 87 83 87100116132142143133113 88 64 47 40 48 6820 5 3GB 253156143514499999999999999 9 0 832058 4099999999999999
 95124149164166153132105 81 65 62 72 92117141157160148124 94 65 44 38 4820 5 4GB 336167154116199999999999999 945 612153 3899999999999999
 73105138163176171150119 85 57 41 42 60 90124154173175159130 96 64 44 4020 5 5GB 4131761636176999999999999991026 392240 3999999999999999
 56 85120154177183169138 99 61 32 20 28 55 92132166185184164132 95 64 4720 5 6GB 44718317271879999999999999911 5 202324 4699999999999999
 49 70102138169186183159121 77 37 11  5 21 55 98141175191187164130 95 6720 5 7GB 5211881816192999999999999991145  4999999999999999999999
 56 64 88122155180189176144100 55 18 -2  0 23 61106149179191182158126 9520 5 8GB 55418919 319199999999999999 0 5 561225 -499999999999999
 74 69 82108139168185183162125 81 38  7 -5  3 31 7011415217718417314912120 5 9GB 626186195118499999999999999 045 6813 6 -599999999999999
 96 83 84100125152173181171145107 66 30  6  1 14 43 8112015217117316114120 510GB 659181203917499999999999999 125 811347  099999999999999
118101 93 99115137157170171156128 93 58 29 13 13 29 56 9012214816116115120 511GB 731172213016399999999999999 2 4 931430 1199999999999999
134118106103110124141155161156140115 85 57 36 26 29 44 68 9612214115115120 512GB 8 6161222715299999999999999 2471031516 2699999999999999
143131119112110116127138146148142127107 84 63 48 41 45 58 77 9912013514320 513GB 846149233614599999999999999 33911016 8 4199999999999999
144139130122115113116122129134135131120105 88 73 61 55 58 67 8310011713120 514GB 942135999999999999999999999 4551131712 5599999999999999
140142139132123115110109112117122125124119109 97 83 72 66 66 73 8510111720 515GB 054143112112599999999999999 6441091830 6599999999999999
132142145142133122110101 98 99105113120124124117106 93 80 72 70 75 8710320 516GB 2 0145132212599999999999999 813 971949 7099999999999999
121137147150144131115 99 88 83 86 96109122130132126114 99 84 74 71 76 9020 517GB 247150144513399999999999999 9 5 832051 7099999999999999
109129146155153142124102 83 71 69 77 93112129141142135119101 83 72 71 8020 518GB 324155154214399999999999999 942 682139 7099999999999999
 97119140156161153135110 84 64 54 57 73 96120141152151139120 98 80 71 7420 519GB 3541611626153999999999999991014 542218 7199999999999999
 87109133153165163147121 90 62 44 41 52 76105133154163157140117 93 77 7220 520GB 42216617 5163999999999999991044 402253 7299999999999999
 80 99124148165169158134101 67 41 29 33 54 84118148166170158136110 88 7620 521GB 4481701742170999999999999991114 282326 7499999999999999
 77 91114140162172168147115 78 45 24 19 33 62 98134161175171154129103 8420 522GB 5141731817175999999999999991144 192357 7899999999999999
 78 85105130155171174160131 94 56 27 13 18 40 74113147171177168146120 9720 523GB 5401751853177999999999999991215 12999999999999999999999
 84 84 97120145165175169146112 73 39 15  9 22 51 8812715817517516113811320 524GB 6 8175193117799999999999999 029 821248  999999999999999
 95 87 93111134156170172158130 94 57 27 11 13 32 6410213716217316915213020 525GB 637173201117499999999999999 1 3 871324 1099999999999999
109 96 94104122144161169164145115 80 47 23 14 21 44 7611114216216816114420 526GB 7 9170205516999999999999999 139 9314 3 1499999999999999
125109100102113131148160163154133103 72 44 26 21 32 55 8611714315916215420 527GB 745164214616399999999999999 2191001448 2199999999999999
140123111105108119133146155154144124 98 71 48 34 31 42 64 9111914215515820 528GB 829156224515899999999999999 3 91051539 3199999999999999
151138125114108110118129139146146137121 99 76 56 44 42 51 70 9411914015320 529GB 930147235215699999999999999 4161081641 4199999999999999
156151140127115107105110118128136140136124107 87 68 55 51 57 73 9511914020 530GB11 0140999999999999999999999 5451051753 5199999999999999
154158154142126111 99 93 95104116129138140133119100 80 65 58 62 76 9712220 531GB 059158124614099999999999999 713 9319 9 5899999999999999
144159163157142122101 84 76 77 88106125141149146133113 91 73 63 66 8010220 6 1GB 157163141614999999999999999 820 752019 6399999999999999
128151166170160139112 85 64 55 58 75 99125148161160147125100 79 68 70 8620 6 2GB 245170152816299999999999999 913 542120 6799999999999999
110138162175174158130 97 65 42 34 42 65 96130157173172157133106 83 73 7720 6 3GB 32717716281749999999999999910 0 342213 7299999999999999
 95122150172182175152117 79 44 22 17 32 61 99137167182180163136108 87 7820 6 4GB 4 61821722184999999999999991044 1723 1 7899999999999999
 86107135162182186172142101 60 26  7  8 28 63105145175188183163136108 9020 6 5GB 4451861812189999999999999991127  42346 8599999999999999
 85 97120148172187184163128 85 44 12 -1  6 32 7011415318018918015913210720 6 6GB 52218818591899999999999999912 9 -1999999999999999999999
 93 93108132158179187178152113 70 32  7 -1 12 42 8112315818018417315112620 6 7GB 6 0187194518599999999999999 029 911252 -199999999999999
106 97102118142164180182167138 99 60 27  8  7 24 55 9313116117717616314220 6 8GB 638183202917899999999999999 110 971333  599999999999999
121106102109126148166176172154124 89 54 29 16 21 40 7110513716017016715320 6 9GB 716176211317199999999999999 1511011415 1699999999999999
134117106106115131149162167160141113 82 54 35 29 37 57 8511514115816315720 610GB 756167215716399999999999999 2341051456 2999999999999999
144128115107108117131145155156147129105 80 59 46 44 54 73 9712214215415720 611GB 839157224415799999999999999 3221071540 4399999999999999
150138124113107108116127137144144137122103 83 67 58 59 69 8610612714315120 612GB 932145233515399999999999999 4201071627 5899999999999999
152146135122111105104110118127134135130119105 90 77 71 72 81 9511313014320 613GB1043135999999999999999999999 5331041722 7099999999999999
150151144133119107 99 96100108117125130128121111 98 88 82 82 8910211713320 614GB 031151121713099999999999999 653 961827 8199999999999999
145152151143130114 99 88 85 88 97110121130132128119107 96 89 88 9410612220 615GB 125153135313299999999999999 8 1 851938 8899999999999999
137150155153142125105 86 74 71 77 90107123135140137128114102 93 92 9811120 616GB 21315615 714099999999999999 852 712042 9299999999999999
128144156160153137115 91 70 58 58 68 87109130145151146134118104 95 9410220 617GB 25416016 215199999999999999 934 562135 9399999999999999
117136153163163151129101 73 52 43 47 64 90118142157161153137119103 95 9620 618GB 3301641647161999999999999991011 432220 9499999999999999
108126146162169163144115 83 54 35 31 42 66 98130155168168156136116100 9420 619GB 4 41691728170999999999999991046 3023 0 9499999999999999
100116137157171172159133 99 64 35 21 23 43 74110144167177171154132111 9720 620GB 43717418 6177999999999999991121 202337 9599999999999999
 96107126149168177172152119 81 46 21 12 22 49 8512415617718117014912510620 621GB 5111771845181999999999999991157 12999999999999999999999
 96100115137159176180168141104 65 31 11  9 27 58 9813716618218016514211820 622GB 546180192418399999999999999 014 961235  899999999999999
102 97105124147168180178160129 90 52 22  8 13 36 7111114717318217615713420 623GB 62318120 418299999999999999 052 971315  799999999999999
113100100111131154171179172150117 79 44 19 11 21 47 8412215417517916915020 624GB 7 4179204718099999999999999 132 981357 1199999999999999
127109100103116136156170174164141108 73 42 23 20 33 61 9613115817417416220 625GB 748175213217699999999999999 217 991442 1999999999999999
143122106100104117136153165167156133103 73 47 32 33 48 7410613716017116920 626GB 839168221917299999999999999 3 71001530 3199999999999999
156137118104 98102114130146156158149129104 78 57 46 48 62 8711514116116920 627GB 940159231016999999999999999 4 6 981622 4599999999999999
165151133114100 93 95105120135147150145130110 89 71 61 63 76 9712214516120 628GB1056150999999999999999999999 515 931721 6199999999999999
167162149129110 93 84 84 92107123137146145136121102 86 77 77 8810612714820 629GB 0 3167122814799999999999999 631 831828 7699999999999999
162167162147125103 83 71 69 77 92112131145150146133117101 90 88 9611213220 630GB 05916714 215099999999999999 743 681941 8899999999999999
152165170163145120 93 70 55 52 61 80104129149159157146130112100 9610311820 7 1GB 153170152316099999999999999 845 512052 9699999999999999
138157170173164142113 82 55 39 36 48 7110113215616916815713911910510010720 7 2GB 245174162817099999999999999 940 35215510099999999999999
123144164176177164137104 69 40 24 24 40 6910413816517817716314212110610220 7 3GB 3341791723179999999999999991030 21224910299999999999999
110129151171182179161130 92 55 27 13 17 38 7211114817418518016314011810420 7 4GB 4201831810185999999999999991116 12233610299999999999999
103115135159178186179156121 81 43 17  8 17 44 8112215718118717815813311220 7 5GB 5 41861853187999999999999991159  8999999999999999999999
102104120143166183187175147109 69 34 13  9 25 56 9513416618418517114812420 7 6GB 546187193218699999999999999 0181011240  899999999999999
106100107126150171185184167136 97 59 29 14 18 38 7211014617218317716013620 7 7GB 62718620 918399999999999999 0571001319 1399999999999999
115101100112132155174182176155123 86 53 30 22 32 56 9012515617417716714720 7 8GB 7 7182204317899999999999999 135 991356 2299999999999999
125107 98102116137157172175165141110 78 51 36 35 50 7610813816217216915520 7 9GB 746176211617399999999999999 213 981432 3399999999999999
135115101 97104119138156166165152129101 74 55 47 52 70 9512314816416816020 710GB 826167215016899999999999999 253 9715 6 4699999999999999
145126109 98 97105119136150156153140119 96 76 63 61 70 8811113415316216220 711GB 911157222616399999999999999 338 961542 6099999999999999
152136119104 96 96103116130141146142131115 97 83 75 77 8710412314115415920 712GB10 514623 615999999999999999 431 951622 7599999999999999
156145130114100 93 92 98109121132137135127116103 94 89 9110111413014415420 713GB1117137235315799999999999999 535 911710 8999999999999999
157152141126110 96 87 85 9010011212413113313012211310510110311012113314520 714GB1252134999999999999999999999 646 85181510199999999999999
153155150139123105 89 78 75 79 9010512013213813813212411611011011412413520 715GB 048155142913899999999999999 754 75193710999999999999999
147155157151137118 97 78 65 62 68 8310212113714714814313312211411211612520 716GB 146157154114999999999999999 851 62205511299999999999999
138150159160152135111 86 64 51 49 59 7910412814815915915113812411411111520 717GB 238161163416099999999999999 939 48215511199999999999999
127142157166165152130101 72 48 36 38 54 8011114016117116815613812111010820 718GB 3261661716171999999999999991022 35224210899999999999999
116131150166173169151122 88 56 32 23 30 53 8612215317418017215513411510520 719GB 41017417551809999999999999911 3 23232310499999999999999
106119139160176181171147112 74 40 18 14 28 58 9713616718418517214912510720 720GB 4521811833187999999999999991143 13999999999999999999999
100106124147170185186171140100 59 26  9 11 32 6811015017919118516614011520 721GB 535188191119199999999999999 0 21001224  799999999999999
 99 96108130156179191187166131 88 48 18  6 15 43 8212516318719218015712920 722GB 618192194819399999999999999 041 9613 5  699999999999999
105 93 95111136162183192184159121 79 41 17 11 26 58 9914017219018917114520 723GB 7 3192202619199999999999999 122 921346 1199999999999999
117 96 88 94113139165183188177149112 73 41 23 24 43 7711615217818818116020 724GB 74918921 318899999999999999 2 5 881428 2199999999999999
133107 90 85 94113138162178180167141107 74 49 37 43 64 9613116118018317120 725GB 840181214218399999999999999 251 841511 3799999999999999
149123 99 84 82 92110133154168169157135107 81 63 57 65 8611414216517717520 726GB 936170222217899999999999999 342 811556 5799999999999999
161139115 94 81 78 87104124142155158150133113 94 81 78 8610412714916517220 727GB104515823 717299999999999999 442 781646 7899999999999999
168153133110 90 77 73 79 93111129143149147137124110100 9810411713415116320 728GB1214149999999999999999999999 552 731748 9899999999999999
168163150130107 87 72 65 68 80 9711613414514914613712611711311512413715020 729GB 0 016814 114999999999999999 710 6519 911399999999999999
161166162149130106 83 65 55 56 67 8510813014715715715113912812011912513620 730GB 1 4166153315899999999999999 826 54204111999999999999999
149161167165152131104 78 56 44 44 56 7810513315516716916014713212111712220 731GB 214168163716999999999999999 931 42215411799999999999999
135150164172170155131100 70 45 32 34 50 7710914116517817616414612811511220 8 1GB 3171731724179999999999999991024 31224711199999999999999
119135154171179175157128 93 60 34 23 29 51 8312015317618517916113911910720 8 2GB 41117918 3185999999999999991110 23232910599999999999999
107119139161179186177154120 82 48 25 19 31 59 9613416618518717415212710720 8 3GB 4581861837188999999999999991150 19999999999999999999999
 99104122146170186189175146109 70 39 21 22 42 7411315017718918316413811320 8 4GB 54019019 918999999999999999 0 6 991227 1999999999999999
 96 94106129155178190187167134 95 59 33 23 33 59 9413216518418717314912220 8 5GB 619191193818899999999999999 040 9313 0 2399999999999999
100 89 94111137163182189180154119 82 51 33 33 50 8011615017518517815813220 8 6GB 65618920 518599999999999999 112 891331 3199999999999999
107 90 86 97118144168182183167139105 73 50 41 49 7210313616417918016614220 8 7GB 731184203118299999999999999 145 8514 1 4199999999999999
116 95 84 87101124149168177171152124 95 70 55 55 70 9512415217117817015120 8 8GB 8 8177205717899999999999999 219 831430 5499999999999999
127104 88 82 89106128149163167158138114 90 73 67 74 9111614116117217115820 8 9GB 847167212417399999999999999 256 821459 6799999999999999
138115 96 84 83 92108127144155155145128109 93 83 83 9311113115016316716120 810GB 932156215316799999999999999 338 821530 8299999999999999
147127108 92 83 83 92107123137144144137125112102 9710011012514015316116020 811GB1029145222816299999999999999 428 8216 7 9799999999999999
152138121104 90 82 82 8910111512713513813512812011411211412213214315115620 812GB1154138231715699999999999999 531 81165911299999999999999
154147135119103 89 80 78 82 9310611913113713913713212712312312713314114820 813GB1353139999999999999999999999 648 77183012399999999999999
152152146135119102 85 73 68 72 82 9811513114314914914413713012612613013820 814GB 029153152814999999999999999 8 5 68202912699999999999999
146153155151138120 98 78 62 55 59 73 9311713815416216115314113012212112620 815GB 151155162216299999999999999 9 9 55214312099999999999999
136149159163158143119 92 66 48 41 47 66 9412415116917517015613912311411420 816GB 25916317 21759999999999999910 1 41223111299999999999999
123139156170174166146115 81 51 31 27 40 6610113716618318517315313011210320 817GB 3541741738186999999999999991046 27231010399999999999999
108123145167183186173145108 68 36 17 18 38 73114153182194189170143116 9820 818GB 4421861812195999999999999991127 152348 9399999999999999
 93104127155180195194175140 97 55 23  9 18 45 8613117019420018615912810020 819GB 52819718462009999999999999912 8  9999999999999999999999
 85 86104133164190204198172132 86 45 17 10 26 6110514918420219817614411020 820GB 613204191920399999999999999 025 831248 1099999999999999
 85 74 82106139172197206195165123 78 41 20 21 44 8212616619420218916112620 821GB 658206195320299999999999999 1 4 741327 1899999999999999
 94 72 68 81109142174196201186154114 75 45 33 41 6810514517819619517514420 822GB 745201202519899999999999999 144 6714 6 3399999999999999
109 81 65 65 82110143171189190173144110 79 58 54 67 9312716018319218315920 823GB 834191205819299999999999999 227 631445 5399999999999999
128 97 73 62 66 83109138162175175161138112 90 77 78 9311714416718118216920 824GB 928177213218499999999999999 314 611526 7699999999999999
145117 90 71 63 67 83105128148160161152136119106 9910311513315216717417120 825GB1035162221017499999999999999 4 8 631610 9999999999999999
157136112 90 74 66 68 79 9711613314515014814113112311912112914115316216520 826GB121015023 016599999999999999 516 66171111999999999999999
161150133114 94 78 68 66 73 8610212013514615115014513913313113413914715420 827GB1419151999999999999999999999 642 66185913199999999999999
158157150137119 99 81 67 61 63 74 9111213314915916115714813913212913213920 828GB 022159154816299999999999999 814 61205912999999999999999
148156160156144126103 80 62 52 53 65 8611213815817017116415013512411912320 829GB 2 2160163717299999999999999 925 5122 411999999999999999
133147160167165152129102 75 54 43 46 62 8912014917118017716314312411110820 830GB 3171671712180999999999999991017 42224510899999999999999
117133152169177173155128 96 65 43 36 44 67 99134164183186175154129109 9820 831GB 4121771742186999999999999991059 362318 9799999999999999
101116138162180186177153120 84 54 35 34 50 80116152178190184165138112 9320 9 1GB 4551861810190999999999999991134 322348 8899999999999999
 88 99121148173189190174144107 71 44 33 41 65100137169189190175148118 9320 9 2GB 53319218351929999999999999912 6 33999999999999999999999
 81 84103130160184194188165130 92 60 40 39 55 86123158183192183159128 9820 9 3GB 6 8195185919299999999999999 017 801235 3799999999999999
 78 74 86111142171190193179150114 79 54 44 52 7711014517418918716813910720 9 4GB 642194192219199999999999999 046 7313 2 4499999999999999
 82 69 73 93122152177190186165134100 72 56 56 7310113416418418717514911820 9 5GB 715190194418899999999999999 115 691328 5499999999999999
 89 70 66 78102131159179184173149119 91 71 65 74 9612515317518417815812920 9 6GB 74918420 618499999999999999 145 661354 6599999999999999
100 77 65 69 85110138161174173158135110 89 79 81 9511814416517817716314020 9 7GB 825175202817999999999999999 217 651420 7899999999999999
113 88 71 66 74 93117140158165160145126108 95 92 9911513615516917316514820 9 8GB 9 6165205117399999999999999 252 661448 9299999999999999
125102 82 71 71 80 9811813715015414913712411210610811713114615816516315320 9 9GB 956154211816599999999999999 334 70151910699999999999999
136116 97 83 75 75 84 9811412914014414213612912312012312913914815515715320 910GB11 9144215315799999999999999 427 7416 212099999999999999
144130114 99 86 78 76 82 9210612013113914214213913513313213513914414714920 911GB131714223 514999999999999999 542 76173713299999999999999
148142132118103 89 78 73 74 82 9511212814114915315114714013513213213514120 912GB1511153999999999999999999999 717 72202713299999999999999
146149147140126108 89 73 63 61 70 8610813014916216616315314012912212212720 913GB 11314916 116699999999999999 838 61213612199999999999999
138149158159152135111 85 62 48 47 59 8211114016417717916915113211610811020 914GB 242160163618099999999999999 937 46221710799999999999999
122140159172175164140109 76 48 33 35 54 84121155181191185167141116 98 9220 915GB 34317517 9191999999999999991024 322252 9299999999999999
101122148173189189173142102 64 34 22 30 57 96138174196199184156124 95 7820 916GB 43319117402019999999999999911 6 222328 7699999999999999
 79 97126159188203200176138 93 53 25 19 36 70114157191206200174138101 7320 917GB 5202041812207999999999999991146 19999999999999999999999
 61 70 97133171200212203173131 85 46 25 27 51 91136177203208191157116 7920 918GB 6 5213184320999999999999999 0 4 611225 2399999999999999
 54 50 67100140179206214199166122 80 48 35 45 74115157191207201174135 9420 919GB 651214191420899999999999999 042 4913 4 3599999999999999
 60 42 46 68105145181204206188155116 81 58 54 7010113917419720218615411520 920GB 737208194420399999999999999 121 411341 5399999999999999
 77 49 38 47 73108146177194193175146115 89 75 79 9712615718219419016813520 921GB 826196201419599999999999999 2 2 381419 7599999999999999
 99 67 47 42 54 78110142166179177162140119102 9710312114416618118417415120 922GB 920180204518599999999999999 247 421458 9799999999999999
122 92 67 52 50 61 8210713215216216215314012811911712413715216517217015920 923GB1028163211817299999999999999 338 49154211799999999999999
139116 93 74 62 60 67 8210112013714815215114613913413313614215015615915720 924GB121215222 615999999999999999 443 60165113399999999999999
149135118101 85 73 68 70 78 9210912614015015515415014514013713714014414720 925GB1426155235414999999999999999 613 68192713799999999999999
149146139127112 95 81 71 67 72 8410112114015516316315814813812912512713320 926GB1535164999999999999999999999 756 67211412599999999999999
141148151148138121102 82 68 61 65 7910012414816517217015814312611511111520 927GB 2 4151161317399999999999999 9 9 61215811199999999999999
126141154161159147126102 78 61 55 61 80106135161176179169151129109 98 9820 928GB 318162164318099999999999999 959 552230 9699999999999999
109128148165173168150124 95 69 53 51 64 89121152175185179161136110 90 8320 929GB 4 717317 8185999999999999991037 502258 8399999999999999
 91110135160178182171147116 84 59 48 54 75106140169186187172145115 88 7320 930GB 4471821732189999999999999991110 482325 7299999999999999
 75 91118148174188186167137103 72 53 50 65 93127160184191181156123 91 692010 1GB 5231891755191999999999999991139 492352 6299999999999999
 62 73 98131162185193183157124 90 64 53 60 83115150177192187166134 99 702010 2GB 55619318171929999999999999912 6 53999999999999999999999
 55 58 79110145175192191173143109 80 62 62 78106139169188190175145109 762010 3GB 628194183819299999999999999 019 541232 6099999999999999
 54 49 62 90124158182192183159128 98 76 68 77 99129159182190180155121 862010 4GB 7 0192185819099999999999999 046 481258 6899999999999999
 59 46 50 71103137166184185170145116 92 79 81 961221491731851821641341002010 5GB 734187191918699999999999999 115 451323 7899999999999999
 69 50 46 58 83115146169179174156132109 93 89 981171401631771801681441142010 6GB 8 9179194118099999999999999 145 451349 8999999999999999
 84 60 49 52 69 951241491661701611441251091011031151331521671731681511272010 7GB 84817020 317399999999999999 217 48141710099999999999999
 99 75 59 54 61 791021271461581591511381241151131181291441561641631541372010 8GB 935159202716599999999999999 255 54144911399999999999999
115 93 75 64 62 69 851041241391481501451381301251251291371461531551521432010 9GB1043150205815599999999999999 342 61153512599999999999999
129112 95 80 71 68 73 84100116130141146147144140136134134137140143145143201010GB123814722 414599999999999999 451 68172413499999999999999
138129117103 89 77 70 71 78 91107124139150155155150143136131128128132137201011GB1429155999999999999999999999 628 70201812899999999999999
141142138128114 96 79 67 62 67 80100123144160167166157144129118112114122201012GB 046142152116899999999999999 8 0 62211511299999999999999
135146154153143124100 76 58 51 56 74100130156174180173156134113 98 93101201013GB 227155155718099999999999999 9 6 512153 9399999999999999
117139158171171157131100 69 48 40 50 75108143173189189173147116 90 75 75201014GB 330173163019199999999999999 956 402228 7399999999999999
 91118148174189187167134 96 61 39 36 52 84123162190200191164128 92 64 53201015GB 42219017 1200999999999999991040 3523 4 5299999999999999
 61 87123160190204197170132 90 55 37 40 64101144180203204183146104 65 40201016GB 5102041733206999999999999991121 362341 3599999999999999
 36 54 88131172202212199168127 86 55 43 54 84124164195208198167124 78 42201017GB 55721218 42089999999999999912 1 43999999999999999999999
 23 27 53 93139180206211195161122 85 62 58 75107146181203204184146100 57201018GB 644212183520799999999999999 019 211240 5799999999999999
 26 15 27 57100144181203203184153118 90 75 79 99130163190201192165125 81201019GB 73120619 520199999999999999 059 151318 7499999999999999
 44 21 17 33 66106146177192190172146119 99 92100121148173189191175145108201020GB 821193193619299999999999999 140 161357 9299999999999999
 70 41 25 27 45 74109142167178175161141123111110119137156173180175157130201021GB 91617820 718099999999999999 225 24143810999999999999999
 98 69 47 37 41 57 81109135154163162153141130124124132143155164166159143201022GB1022164204216699999999999999 314 37152712399999999999999
121 97 75 59 52 55 67 85106126142151154151145138133132135140146150150145201023GB1155154213315199999999999999 414 52165013299999999999999
135120103 87 74 66 66 72 84101118134146153154151144137132129129132135138201024GB1344154233313999999999999999 536 65192412999999999999999
138134126114100 86 76 71 73 82 96114133148157160155146134123116114117124201025GB1450160999999999999999999999 714 71205211499999999999999
132139141136125110 94 80 71 71 80 96117138155165165156140123108 99 98106201026GB 149141152916699999999999999 832 702133 9799999999999999
119134146151147134115 95 78 68 69 81101126149166172166150128105 88 82 87201027GB 3 4151155917299999999999999 925 6722 4 8299999999999999
102122142157162154137114 90 72 65 70 87113140163176175160136108 84 69 69201028GB 35416216261789999999999999910 6 652232 6799999999999999
 82105131155169170157134107 83 67 65 77100129157176182171147116 85 62 54201029GB 4341711650182999999999999991039 6423 0 5499999999999999
 62 85114145168179173154127 98 76 66 71 90118148172184179158126 91 61 45201030GB 51017917131859999999999999911 9 652326 4399999999999999
 46 64 94129160180183171146116 89 72 70 83108138166183185168138101 66 41201031GB 5431841735186999999999999991138 692353 3499999999999999
 34 45 72108144172186182163134105 83 74 80100128157179186176150114 76 452011 1GB 61618717571869999999999999912 5 73999999999999999999999
 29 32 52 86124158180186175151123 97 82 81 95119147171184181161128 90 552011 2GB 649186181918599999999999999 021 281232 8099999999999999
 31 25 37 65101138167182180164139113 94 87 94112137161178181168141105 702011 3GB 723183184218199999999999999 050 2513 0 8799999999999999
 41 26 29 48 79115148170178170152128108 96 96108128150168176170151121 872011 4GB 75917819 617699999999999999 121 251329 9599999999999999
 56 36 29 39 62 931251521671691591411231091031081221401571681681561341052011 5GB 838170193216999999999999999 154 2914 110399999999999999
 75 52 38 37 50 731021291501601601501361231141131191311451561601561421212011 6GB 92616120 116099999999999999 232 36143911299999999999999
 96 72 54 45 47 60 811051271441531531461361271211211261341421481491441322011 7GB1028154204115099999999999999 319 45153612099999999999999
115 95 76 62 54 55 66 821031221381481511481411341271241251281331371391372011 8GB115515122 013999999999999999 422 54172312499999999999999
129117102 86 71 62 60 66 79 981171351481541541481391281201151151191251312011 9GB1325155999999999999999999999 546 60193311499999999999999
135135128115 98 80 67 60 62 74 93116138154163162153138121107 98 96103115201110GB 022136142516499999999999999 714 602038 9699999999999999
130142147143129109 87 68 57 58 71 93120146166174169153130105 85 75 76 89201111GB 2 614715 817499999999999999 826 562122 7499999999999999
111134153163160143118 90 66 53 55 72 99131160179183171146114 82 59 50 58201112GB 315164154518399999999999999 923 5222 2 5099999999999999
 80111143168180174153123 91 65 52 58 79111146175190187165130 91 56 33 29201113GB 4111801620191999999999999991012 522241 2899999999999999
 45 77116154182193184159124 90 65 56 67 93128163189197184152110 66 30 11201114GB 5 31931654197999999999999991057 562320 1099999999999999
 15 40 79123164192200187158123 90 68 65 81111146178197196173134 87 43 10201115GB 5522001728199999999999999991139 64999999999999999999999
 -2 10 41 85131172196200183154120 91 76 79 99129162187198188158114 67 26201116GB 64020118 219899999999999999 0 1 -21221 7599999999999999
  0 -5 13 48 93138174193193175147118 95 87 95116144172189191174140 96 53201117GB 728196183619399999999999999 042 -613 1 8799999999999999
 18  0  2 23 59101141171185182165141117102 99109130154174184178157123 84201118GB 817186191118499999999999999 125 -21343 9899999999999999
 47 20  9 15 37 70107141164174169154135118109109120137155169172162141110201119GB 9 9174194717299999999999999 2 9  8142710799999999999999
 78 49 29 23 31 52 81111138156162158147133121115116125137150157157147128201120GB10 5162202815899999999999999 256 23151911499999999999999
104 78 57 43 40 48 65 88112133147153151143133124118118123131138143142134201121GB1111153212314399999999999999 347 40163111799999999999999
121103 85 69 58 56 62 75 93112129142149148143134124117113114118124129130201122GB1226149225513099999999999999 449 56181811399999999999999
127120108 94 81 72 68 71 80 95112129142149149144133121110103101104110118201123GB1335150999999999999999999999 6 4 68195410199999999999999
124127124116105 92 81 75 76 83 97114132145153152144129113 98 88 85 90100201124GB 1 0127142515499999999999999 724 752050 8599999999999999
113125132132125113 99 86 78 78 86101120139153158154140120 98 80 70 70 80201125GB 23213315 415999999999999999 831 772129 6999999999999999
 96115132142142133118101 86 78 79 90108130149161162151130104 79 60 53 59201126GB 332143153616399999999999999 922 7722 2 5399999999999999
 76100124143153150138119 99 84 77 82 98119142160168161142114 83 57 41 40201127GB 41815316 41689999999999999910 4 772233 3999999999999999
 55 79109137156162155138115 94 81 79 89109133155169169154127 93 60 36 27201128GB 4571621631171999999999999991040 7823 2 2799999999999999
 34 57 89123151167168155133109 89 80 84100123148167174165141106 69 38 19201129GB 5331691657174999999999999991112 802332 1799999999999999
 19 36 67103138164174168150125101 85 82 93113138161174172154122 83 47 20201130GB 6 81741723175999999999999991144 82999999999999999999999
 10 19 44 80119152172175163141116 95 85 89105128152170175164137101 62 292012 1GB 642176175017599999999999999 0 2 101214 8599999999999999
  9  8 26 57 96133162175171155131108 92 89 98117141161173169151119 81 452012 2GB 717175181917399999999999999 034  61246 8899999999999999
 18  6 13 37 72110144166172164144122103 93 95108129150165169159135102 652012 3GB 754172184916999999999999999 1 7  61319 9299999999999999
 34 14 10 24 51 86121149165166154135116102 97103118136153163161146120 882012 4GB 834167192216399999999999999 143 101356 9799999999999999
 56 30 17 19 36 64 961271501611591461291141031021091231381501551501341092012 5GB 91916220 115599999999999999 223 16144110199999999999999
 80 53 34 25 30 47 741031301481561531421271141061051111221331421451391252012 6GB1011156205214599999999999999 3 9 25153910499999999999999
104 80 58 42 36 41 57 811061291461531501401271151061031061141231311351322012 7GB111215322 813599999999999999 4 3 36165910399999999999999
122106 86 67 53 47 50 64 84108129145152151142128114101 95 941001091191272012 8GB1218153235513099999999999999 5 9 461834 9399999999999999
130126114 98 80 65 57 57 68 87109131147156154143127107 90 79 76 81 941092012 9GB1320156999999999999999999999 624 561951 7699999999999999
124134135127112 94 76 65 63 72 90113136153162158144121 96 73 58 54 62 80201210GB 140136141316299999999999999 741 622048 5499999999999999
103125142148142127106 85 70 67 75 95119144162169161140110 78 51 34 32 46201211GB 3 1148145816999999999999999 848 662137 3199999999999999
 71102132154162156138114 91 74 70 81102129155172174161132 95 58 28 12 14201212GB 4 5162154017599999999999999 946 702222 1099999999999999
 34 67105140165174167146119 93 77 75 88112141166180177156120 78 37  7 -5201213GB 5 11741621181999999999999991038 7423 6 -699999999999999
  3 30 69112150175182171148119 94 80 81 98124152175184174147106 60 19 -8201214GB 55218217 1184999999999999991125 782350-1599999999999999
-15  0 32 75120158180184170144116 93 83 88108135162180183167134 90 45  7201215GB 64018517401849999999999999912 9 83999999999999999999999
-15-16  5 41 85129163181180163137111 92 87 96118144167180177156120 77 35201216GB 726183182018199999999999999 033-181251 8799999999999999
  2-13 -8 16 54 97136165176171153128106 92 91104125149168175166142106 66201217GB 81017719 017599999999999999 115-141333 9099999999999999
 30  5 -4  7 33 69108141162168160141120102 93 96109129149162164152127 94201218GB 852168194016599999999999999 157 -41415 9299999999999999
 60 31 13 11 25 51 84117143157159148131113 99 94 99112128144152151138114201219GB 935160202215399999999999999 238 1015 1 9499999999999999
 86 59 37 27 29 44 68 96123142151149138123108 97 94 99110123134139136124201220GB1018152211013999999999999999 319 261554 9499999999999999
105 83 63 48 42 47 62 83106126140146142132118105 96 92 95103113121126124201221GB11 5146221312699999999999999 4 2 4217 2 9299999999999999
115101 85 71 61 58 64 76 94112128138142138128115102 92 86 87 92100109115201222GB1157142234311699999999999999 450 581824 8699999999999999
116112103 92 81 74 72 76 86100115129138141136126112 97 84 76 75 79 88 99201223GB1254141999999999999999999999 550 721943 7499999999999999
108114115110102 92 85 82 84 92104118131139142136124106 88 72 62 60 66 79201224GB 135115134814299999999999999 7 6 822042 6099999999999999
 94109119123120112101 92 87 88 95107121135143144136119 97 74 56 46 46 57201225GB 3 3123143514599999999999999 824 872127 4599999999999999
 75 96115128133130120107 95 88 89 97111127141149146132110 83 57 38 30 36201226GB 4 3133151614999999999999999 926 8822 5 3099999999999999
 53 77104126141144137123107 94 87 90101118135149153145125 96 65 38 20 18201227GB 4481441552153999999999999991014 872240 1799999999999999
 30 55 85116140152152140122103 90 85 92107127145157156141113 79 45 19  6201228GB 5271541626158999999999999991054 852314  699999999999999
 11 31 63 99131153161154138116 97 85 85 97116138155162154132 98 60 26  3201229GB 6 216117 0162999999999999991130 842348 -399999999999999
 -2 10 39 76114145163164152131108 90 82 88105127149163164149119 81 42 10201230GB 63616617341659999999999999912 4 82999999999999999999999
 -7 -5 16 50 90128155167162145121 99 85 83 94114138157167161139104 64 26201231GB 71216818 816799999999999999 023 -81238 8299999999999999
