 25 30 33 34 32 29 25 20 15 11  9  7  7  9 11 12 13 13 12 11 11 11 14 1720 1 1HA 249 341612 13999999999999991132  71952 1199999999999999
 20 24 27 29 29 27 24 21 17 13 11  9  9  9 10 12 13 14 14 14 13 13 13 1520 1 2HA 327 291740 149999999999999912 9  92058 1399999999999999
 16 19 21 23 24 24 22 20 17 15 12 11 10 10 11 13 14 16 17 17 17 16 15 1420 1 3HA 4 8 241855 17999999999999991234 102329 1499999999999999
 14 15 16 18 19 20 20 19 17 15 13 12 11 11 11 13 15 17 20 21 21 20 19 1620 1 4HA 511 201945 21999999999999991251 11999999999999999999999
 15 13 13 13 14 15 16 16 16 15 14 13 12 11 12 13 15 18 21 24 26 25 24 2020 1 5HA 657 162024 2699999999999999 2 5 1313 4 1199999999999999
 17 13 11  9  9 10 12 13 14 14 14 13 12 11 12 13 15 18 22 26 29 30 29 2620 1 6HA 853 1421 0 3099999999999999 340  91324 1199999999999999
 21 16 11  7  5  5  7  9 11 13 14 13 12 11 11 12 14 17 21 26 31 34 34 3220 1 7HA1010 142135 3499999999999999 439  51355 1199999999999999
 27 20 14  8  4  1  2  4  7 10 12 13 13 11 10 10 12 15 19 25 31 36 39 3820 1 8HA11 1 132212 3999999999999999 526  11433 1099999999999999
 34 27 19 11  4  0 -2 -1  2  7 10 12 12 11 10  9  9 12 16 22 29 36 41 4220 1 9HA1142 122252 4299999999999999 610 -21515  999999999999999
 40 35 26 17  8  0 -4 -5 -3  1  6 10 11 11 10  8  7  8 12 18 25 33 40 4520 110HA1217 112334 4599999999999999 654 -51559  799999999999999
 45 41 34 25 14  5 -2 -6 -7 -4  2  7 10 10 10  8  6  5  7 12 19 27 35 4320 111HA1249 10999999999999999999999 739 -71643  599999999999999
 47 46 41 33 23 12  2 -4 -7 -7 -3  3  7  9  9  8  6  4  4  7 12 19 28 3720 112HA 019 471321 1099999999999999 825 -71728  399999999999999
 44 47 45 40 31 20  9  1 -4 -6 -5 -1  5  8  9  8  7  4  2  3  7 12 19 2820 113HA 1 6 471354  999999999999999 911 -61815  299999999999999
 36 43 44 42 37 28 18  8  1 -3 -4 -2  2  7  9  9  8  6  4  2  3  7 12 1820 114HA 155 441430 1099999999999999 956 -419 5  299999999999999
 26 34 39 40 37 32 24 15  8  3  0  0  2  6 10 11 11 10  8  5  4  5  7 1120 115HA 247 401513 11999999999999991040 -120 2  499999999999999
 16 23 29 32 33 31 27 20 13  8  5  4  4  7 10 13 14 14 12 10  8  6  7  820 116HA 345 331612 14999999999999991119  32121  699999999999999
 10 13 18 22 25 26 25 21 17 12  9  8  7  8 11 14 16 17 17 16 14 12 10  820 117HA 454 261735 18999999999999991148  7999999999999999999999
  7  8  9 12 15 17 19 18 16 14 11 10 10 10 12 15 18 20 22 22 21 19 16 1320 118HA 621 191850 2299999999999999 028  71152 1099999999999999
 10  7  5  5  7  9 11 13 13 13 12 11 11 11 13 15 18 21 24 26 27 26 23 1920 119HA 8 3 131955 2799999999999999 232  51141 1199999999999999
 15 10  6  2  1  2  4  6  9 10 11 10 10 11 12 14 17 20 24 28 31 32 30 2720 120HA2052 32999999999999999999999 410  1999999999999999999999
 22 16  9  4  0 -2 -2  1  4  7  9  9  9  9 10 11 14 17 22 27 32 35 35 3320 121HA2142 35999999999999999999999 514 -2999999999999999999999
 29 22 15  8  1 -3 -5 -3  0  4  7  8  9  8  8  8 10 14 18 24 30 35 38 3820 122HA1138  92226 3899999999999999 6 2 -514 4  899999999999999
 35 29 21 13  5 -1 -5 -6 -3  1  5  8  8  8  7  6  6  9 13 19 25 32 37 3920 123HA1154  823 7 3999999999999999 643 -61510  699999999999999
 38 34 28 19 10  2 -3 -6 -5 -1  4  7  9  8  7  5  4  5  8 13 20 27 34 3920 124HA1211  92345 4099999999999999 719 -616 4  499999999999999
 40 37 32 25 15  7  0 -4 -6 -3  1  6  9  9  8  5  3  2  4  8 14 21 29 3520 125HA1232  9999999999999999999999 753 -61651  299999999999999
 39 38 35 29 20 11  4 -2 -4 -4 -1  4  8 10  9  6  3  1  1  4  9 15 23 3020 126HA 021 391257 1099999999999999 826 -51733  099999999999999
 35 37 35 30 24 16  8  2 -2 -3 -1  3  7 10 10  8  5  2  0  1  5 10 17 2420 127HA 054 371323 1099999999999999 855 -31812  099999999999999
 30 34 33 30 25 19 11  5  1 -1 -1  2  6 10 11  9  7  4  1  0  2  6 12 1820 128HA 125 341351 1199999999999999 921 -11851  099999999999999
 24 29 30 29 25 20 14  8  4  2  1  3  6  9 11 11  9  7  4  2  2  4  8 1320 129HA 154 301420 1199999999999999 941  11931  199999999999999
 18 23 26 25 23 19 15 10  6  4  3  4  6  9 12 13 12 10  7  5  3  4  6  920 130HA 223 261453 1399999999999999 948  32016  399999999999999
 13 17 20 21 20 18 14 10  7  5  5  6  7 10 12 14 14 13 11  9  7  5  6  720 131HA 252 211536 1499999999999999 942  52114  599999999999999
  9 12 15 17 16 15 13 10  8  6  6  7  8 10 12 15 16 16 15 14 11  9  8  720 2 1HA 323 171641 1699999999999999 937  623 4  799999999999999
  7  8 10 12 12 12 11  9  8  7  6  7  9 10 12 15 17 18 19 18 16 14 11  920 2 2HA 4 4 1218 2 1999999999999999 938  6999999999999999999999
  7  6  6  7  8  8  8  8  7  7  7  7  8 10 12 14 16 19 21 22 21 19 16 1320 2 3HA 534  81912 2299999999999999 144  6 936  799999999999999
 10  7  4  3  3  4  4  5  6  7  7  7  8  9 11 13 15 18 22 24 26 25 23 1920 2 4HA2013 26999999999999999999999 338  3999999999999999999999
 14  9  4  1 -1 -1  0  2  4  6  7  7  7  8  9 10 13 16 21 25 28 30 29 2520 2 5HA21 6 30999999999999999999999 437 -1999999999999999999999
 20 13  7  1 -3 -5 -4 -2  1  4  6  7  7  7  7  8 10 13 18 23 29 33 34 3220 2 6HA2154 34999999999999999999999 521 -5999999999999999999999
 27 20 12  4 -2 -7 -8 -7 -3  1  5  7  7  6  5  5  6  8 13 19 26 33 37 3820 2 7HA1144  72241 3899999999999999 6 2 -81458  599999999999999
 35 29 20 10  1 -6-10-10 -8 -3  3  6  7  6  5  3  2  3  7 12 20 29 36 4120 2 8HA12 1  72327 4199999999999999 642-1016 0  299999999999999
 41 36 29 19  8 -2 -8-11-11 -6  0  5  7  7  5  3  0 -1  0  5 12 21 30 3920 2 9HA1222  8999999999999999999999 722-111654 -199999999999999
 42 41 36 28 17  5 -3 -9-10 -9 -3  3  8  9  7  4  1 -3 -4 -1  4 11 21 3120 210HA 014 431247  999999999999999 8 1-101746 -499999999999999
 39 41 39 34 25 14  3 -4 -7 -8 -4  2  8 11 10  8  4 -1 -5 -5 -2  3 10 2020 211HA 1 1 411316 1199999999999999 838 -81838 -599999999999999
 30 36 37 35 29 21 11  2 -2 -4 -3  1  8 12 13 12  9  5 -1 -4 -5 -2  2  920 212HA 150 371349 1399999999999999 911 -41933 -599999999999999
 18 26 30 31 29 24 16  8  3  1  1  3  8 13 16 16 14 11  6  1 -2 -3 -1  220 213HA 242 311426 1699999999999999 934  12039 -399999999999999
  7 14 20 23 23 21 17 12  7  5  5  6  9 13 17 19 19 17 14  9  4  1  0  020 214HA 341 231510 1999999999999999 932  52246  099999999999999
  1  5  9 13 14 15 14 12  9  7  7  8 10 14 17 20 21 21 20 17 13  9  6  320 215HA 457 151613 2199999999999999 919  7999999999999999999999
  1  1  2  4  6  7  8  8  8  7  7  9 11 13 17 20 22 23 24 23 20 17 13 1020 216HA 636  81750 2499999999999999 051  1 9 6  799999999999999
  6  2  0 -1 -1  0  2  4  5  5  6  8 10 12 15 17 20 23 25 26 26 24 21 1720 217HA1923 26999999999999999999999 3 3 -1999999999999999999999
 12  7  2 -2 -4 -4 -3 -1  2  4  5  6  8 10 12 14 17 20 23 26 28 29 27 2420 218HA2041 29999999999999999999999 435 -4999999999999999999999
 19 13  7  1 -4 -6 -6 -4 -1  2  4  5  6  7  8 10 13 16 20 24 28 30 31 2920 219HA2140 31999999999999999999999 524 -6999999999999999999999
 25 19 12  5 -1 -5 -7 -5 -2  2  4  5  6  5  5  6  8 11 15 20 25 30 32 3220 220HA2225 32999999999999999999999 6 0 -7999999999999999999999
 29 24 17  9  2 -3 -6 -6 -3  1  5  7  7  5  4  3  3  6  9 14 20 27 31 3320 221HA1129  723 2 3399999999999999 630 -61517  399999999999999
 32 28 22 14  6  0 -5 -6 -4  0  5  8  8  7  4  2  0  1  4  9 15 22 28 3220 222HA1139  82335 3399999999999999 657 -61612  099999999999999
 32 30 25 18 10  2 -3 -5 -4 -1  4  9 10  9  6  3 -1 -2  0  4  9 16 24 3020 223HA1158 10999999999999999999999 722 -51657 -299999999999999
 32 31 27 21 13  6  0 -3 -4 -2  3  9 12 11  9  5  1 -3 -3  0  4 11 18 2520 224HA 0 6 321222 1299999999999999 743 -41739 -399999999999999
 29 30 27 23 16  9  2 -1 -2 -1  3  8 12 13 11  8  4 -1 -4 -3  0  6 12 2020 225HA 035 301247 1399999999999999 8 0 -21818 -499999999999999
 25 27 26 23 18 11  5  1  0  0  3  8 13 15 14 11  7  2 -2 -4 -2  2  7 1420 226HA 1 3 271312 1599999999999999 8 8  01857 -499999999999999
 20 24 24 22 18 13  7  3  1  2  4  8 13 16 16 14 11  7  2 -2 -2  0  4  920 227HA 131 241338 1799999999999999 8 8  11937 -399999999999999
 15 19 20 19 16 13  8  4  3  3  5  9 13 16 18 17 15 11  6  2 -1  0  2  520 228HA 157 2014 6 1899999999999999 8 7  32022 -199999999999999
  9 14 16 16 14 12  8  5  4  4  7  9 13 16 19 19 18 15 11  7  3  2  2  320 229HA 224 161438 1999999999999999 8 8  42118  199999999999999
  6  9 11 12 11 10  8  5  4  5  7 10 13 16 19 20 20 19 16 12  8  5  4  320 3 1HA 254 121519 2099999999999999 812  423 5  399999999999999
  4  5  7  8  8  7  6  5  4  5  7 10 12 15 18 20 21 21 20 18 14 10  7  520 3 2HA 329  81622 2199999999999999 813  4999999999999999999999
  4  3  3  4  4  4  4  4  4  5  6  9 11 14 16 19 21 22 23 22 20 17 13  920 3 3HA1755 23999999999999999999999 122  3999999999999999999999
  6  3  1  0  0  1  1  2  4  5  6  8 10 12 14 16 19 22 24 25 25 23 20 1520 3 4HA1924 25999999999999999999999 328  0999999999999999999999
 10  5  1 -2 -3 -3 -2  0  2  4  6  7  8  9 11 12 15 19 23 26 28 29 27 2220 3 5HA2037 29999999999999999999999 425 -4999999999999999999999
 16 10  4 -2 -5 -7 -6 -3  0  4  6  7  7  7  7  8 10 14 18 24 29 33 33 3020 3 6HA2136 33999999999999999999999 5 5 -7999999999999999999999
 24 17  9  1 -5 -8 -9 -6 -2  3  6  7  7  6  4  4  4  7 12 18 26 32 36 3620 3 7HA1120  72228 3799999999999999 542 -915 6  499999999999999
 32 25 17  7 -1 -7 -9 -9 -5  1  6  9  9  7  4  1 -1  0  4 10 18 27 35 3920 3 8HA1126  92316 3999999999999999 617 -91611 -199999999999999
 38 33 25 15  5 -3 -7 -9 -6  0  6 11 12 10  7  2 -2 -5 -3  1  8 17 28 3620 3 9HA1145 12999999999999999999999 651 -917 7 -599999999999999
 39 37 32 23 13  3 -3 -6 -5 -1  6 13 16 15 11  6  0 -5 -7 -6 -1  6 17 2720 310HA 0 3 391211 1699999999999999 721 -618 1 -799999999999999
 34 36 34 28 20 10  2 -2 -2  0  6 13 19 20 17 13  6 -1 -7 -9 -7 -3  5 1520 311HA 052 361242 2099999999999999 745 -21858 -999999999999999
 25 30 31 28 23 15  8  3  2  3  7 13 20 24 23 19 14  7 -1 -6 -7 -7 -3  420 312HA 143 311315 2499999999999999 756  220 3 -799999999999999
 13 20 23 23 22 17 11  6  5  6  9 14 20 25 27 25 22 16  9  2 -3 -5 -5 -320 313HA 241 241353 2799999999999999 756  52136 -599999999999999
  3  9 13 16 16 15 12  8  7  8 11 14 19 25 28 28 27 23 18 11  5  1 -1 -320 314HA 351 161436 2899999999999999 757  72315 -399999999999999
 -2  1  5  7  9  9  9  7  7  8 11 14 18 23 26 29 29 27 25 20 15 10  6  320 315HA 514  91531 2999999999999999 754  7999999999999999999999
  0 -1 -1  1  2  3  4  5  5  7 10 13 16 20 23 26 28 28 28 26 22 18 14 1020 316HA17 2 28999999999999999999999 1 1 -1999999999999999999999
  5  1 -1 -2 -2 -1  0  2  4  5  8 11 14 16 19 22 24 26 27 28 27 25 21 1720 317HA1851 28999999999999999999999 325 -2999999999999999999999
 12  7  2 -2 -4 -4 -2  0  2  5  7  9 11 13 15 17 19 22 25 27 28 28 26 2320 318HA2024 28999999999999999999999 432 -4999999999999999999999
 18 12  6  1 -2 -4 -3 -1  2  5  7  8  9  9 10 12 14 17 20 24 27 29 29 2720 319HA2128 29999999999999999999999 5 9 -4999999999999999999999
 23 17 11  5  0 -3 -3 -1  3  6  8  9  8  8  7  7  9 12 15 20 24 28 30 2920 320HA1112  92211 3099999999999999 536 -31415  799999999999999
 26 21 15  8  3 -1 -2 -1  3  7 10 11 10  8  6  4  5  6 10 14 20 25 29 3020 321HA1056 112245 3099999999999999 559 -21525  499999999999999
 28 24 18 11  5  1 -1  0  3  8 12 14 13 10  7  3  2  2  5  9 15 21 27 2920 322HA11 6 142315 2999999999999999 618 -11616  199999999999999
 28 26 21 14  8  3  0  0  3  8 13 16 16 14 10  5  1 -1  1  4 10 16 23 2720 323HA1125 172344 2899999999999999 633  01659 -199999999999999
 28 26 22 17 10  5  2  2  3  8 14 18 19 17 13  8  3 -1 -2  0  5 11 18 2420 324HA1148 19999999999999999999999 644  11741 -299999999999999
 27 26 23 19 13  7  4  3  4  8 14 19 22 21 18 13  6  1 -3 -2  1  6 13 1920 325HA 013 271213 2299999999999999 649  31821 -399999999999999
 24 24 22 19 14  9  5  4  6  9 14 20 24 24 22 17 11  4 -1 -3 -1  2  8 1420 326HA 040 241237 2499999999999999 651  419 1 -399999999999999
 20 22 21 18 15 10  7  5  7 10 14 19 24 26 25 22 16 10  3 -1 -1  0  4  920 327HA 1 8 2213 3 2699999999999999 655  51943 -299999999999999
 15 18 18 17 14 11  8  6  7 10 14 19 24 28 28 25 21 15  9  3  0  0  2  520 328HA 136 181330 2899999999999999 7 1  62031  099999999999999
 10 14 15 14 13 11  8  6  7 11 15 19 23 27 29 28 25 21 15  9  4  2  2  320 329HA 2 5 1514 2 2999999999999999 7 9  62138  299999999999999
  6  9 11 12 11  9  8  7  7 10 14 18 22 26 29 29 27 25 20 15 10  6  4  320 330HA 237 121440 2999999999999999 716  72318  399999999999999
  4  5  7  8  8  8  7  7  7  9 13 17 20 24 27 29 29 27 25 21 16 12  8  620 331HA 319  81534 2999999999999999 712  7999999999999999999999
  4  3  4  4  5  5  6  6  7  9 12 15 18 21 24 26 28 29 28 26 23 18 14 1020 4 1HA17 4 29999999999999999999999 1 4  3999999999999999999999
  6  3  2  1  2  2  4  5  7  8 10 13 15 17 20 22 25 28 29 30 29 25 21 1620 4 2HA1847 30999999999999999999999 254  1999999999999999999999
 11  6  2 -1 -1  0  2  4  6  8 10 11 12 14 15 17 20 24 28 31 32 32 28 2320 4 3HA2010 32999999999999999999999 354 -1999999999999999999999
 17 10  5  0 -2 -2  0  3  7  9 11 11 11 11 10 11 13 17 22 28 33 35 35 3120 4 4HA11 0 112116 3599999999999999 433 -31349 1099999999999999
 25 17 10  3 -1 -3 -2  2  7 11 13 14 12 10  7  6  6  9 14 21 28 35 38 3620 4 5HA1034 142210 3899999999999999 5 7 -31516  699999999999999
 32 25 16  8  2 -1 -1  1  7 13 17 18 16 13  8  4  1  2  5 11 19 29 36 3820 4 6HA1045 1823 1 3899999999999999 536 -21619  199999999999999
 36 31 24 15  7  2  1  2  7 14 20 23 22 18 13  6  0 -3 -2  1  8 18 28 3420 4 7HA11 9 232351 3699999999999999 6 1  11718 -399999999999999
 36 34 29 21 13  7  4  5  8 15 22 28 28 25 20 13  4 -2 -5 -5 -1  6 16 2620 4 8HA1138 29999999999999999999999 618  41819 -699999999999999
 31 32 30 25 18 11  8  8 10 15 23 30 34 33 28 22 13  4 -3 -6 -6 -2  5 1520 4 9HA 043 321212 3499999999999999 629  71926 -699999999999999
 22 26 26 25 20 14 10 10 12 16 22 30 36 38 35 31 23 14  5 -1 -4 -5 -2  420 410HA 141 261249 3899999999999999 637  92042 -599999999999999
 12 17 20 20 19 15 12 11 13 17 22 28 35 39 39 37 32 24 15  7  2 -1 -3 -120 411HA 249 201329 4099999999999999 647 112159 -399999999999999
  4  9 12 14 15 14 12 11 12 16 21 26 32 37 40 39 36 32 25 17 11  6  2  020 412HA 4 2 151414 4099999999999999 655 112319  099999999999999
  1  3  6  8  9 10 10 10 11 15 19 23 28 33 37 38 37 35 32 26 20 15 10  620 413HA1510 389999999999999999999999999999999999999999999999999
  3  2  3  4  5  6  8  8 10 13 17 20 24 28 31 34 35 35 34 31 27 22 18 1320 414HA1630 35999999999999999999999 055  2999999999999999999999
  8  5  3  2  3  4  6  7  9 11 14 17 20 23 26 28 31 32 33 32 30 28 24 2020 415HA18 9 33999999999999999999999 258  2999999999999999999999
 15 10  6  3  3  3  5  7  9 11 13 15 17 19 21 23 25 27 30 31 31 30 28 2420 416HA1945 31999999999999999999999 357  3999999999999999999999
 20 14 10  6  4  4  6  8 11 13 14 15 15 16 16 18 20 22 25 28 30 31 30 2720 417HA2056 31999999999999999999999 430  4999999999999999999999
 23 18 13  9  6  5  7  9 13 15 16 16 15 14 13 13 15 17 20 24 28 30 30 2920 418HA1023 172142 3099999999999999 452  51420 1399999999999999
 26 21 16 11  8  7  8 10 15 18 20 19 17 15 12 10 10 12 15 19 24 28 30 2920 419HA1018 202217 3099999999999999 5 9  71525 1099999999999999
 27 23 18 13 10  8  9 11 16 20 23 23 21 17 13  9  8  8 11 15 20 25 28 2920 420HA1032 242248 2999999999999999 520  81615  899999999999999
 28 25 20 15 11  9 10 12 16 22 26 27 26 22 17 11  7  5  7 10 15 21 26 2820 421HA1052 272319 2899999999999999 526  917 1  599999999999999
 28 25 22 17 13 11 11 13 17 23 28 31 30 27 21 15  9  5  4  6 10 16 22 2620 422HA1116 312349 2799999999999999 531 101744  499999999999999
 27 26 23 19 15 12 12 13 17 23 29 34 34 32 27 20 13  6  3  3  6 11 17 2320 423HA1141 34999999999999999999999 537 111827  399999999999999
 25 25 23 20 16 13 12 14 18 23 29 35 37 36 32 26 18 10  5  3  4  7 12 1820 424HA 020 2512 7 3799999999999999 545 121911  399999999999999
 22 23 22 20 17 14 13 14 18 23 28 35 39 39 36 31 25 16  9  5  4  5  8 1320 425HA 050 231235 3999999999999999 556 131959  499999999999999
 18 20 20 19 17 14 13 14 17 22 27 33 38 41 39 36 30 23 15  9  6  5  6  920 426HA 122 2113 5 4199999999999999 6 9 132055  599999999999999
 14 17 18 17 16 15 13 13 17 21 26 31 37 40 41 39 35 29 22 14 10  7  6  720 427HA 157 181341 4199999999999999 623 1322 3  699999999999999
 10 13 15 15 15 14 13 13 15 20 24 29 34 38 40 40 38 34 28 21 15 11  9  720 428HA 241 151424 4199999999999999 633 132320  799999999999999
  8  9 11 12 13 13 13 13 14 18 22 26 30 34 38 39 39 37 34 28 22 17 13 1020 429HA1523 409999999999999999999999999999999999999999999999999
  8  7  8 10 10 11 12 13 14 16 20 23 27 30 33 36 38 38 37 34 29 24 19 1420 430HA1648 38999999999999999999999 043  7999999999999999999999
 10  8  7  7  8 10 12 13 15 16 18 20 23 25 27 31 34 37 38 38 35 31 26 2020 5 1HA1822 38999999999999999999999 2 5  7999999999999999999999
 15 10  7  6  7  9 12 14 16 17 18 19 19 20 21 24 27 31 35 38 39 37 33 2720 5 2HA1945 39999999999999999999999 3 4  6999999999999999999999
 21 15 10  8  7  9 12 16 19 21 21 20 19 17 16 17 19 23 28 34 38 39 38 3320 5 3HA 943 212054 4099999999999999 344  714 6 1699999999999999
 27 21 15 11  9 10 13 17 22 25 26 24 21 17 14 12 12 14 19 26 33 38 39 3720 5 4HA 945 262153 3999999999999999 414  91526 1199999999999999
 33 27 20 15 12 12 14 19 25 30 32 31 27 22 16 10  7  7 10 15 23 31 37 3820 5 5HA10 6 322248 3899999999999999 436 111633  799999999999999
 36 31 25 19 15 14 16 20 26 33 38 38 35 30 23 14  8  4  3  6 12 21 30 3420 5 6HA1036 392342 3599999999999999 451 141738  399999999999999
 35 33 29 23 18 16 17 21 27 34 42 45 44 39 32 23 13  6  2  1  4 11 20 2720 5 7HA1111 45999999999999999999999 5 4 161844  199999999999999
 30 31 29 25 21 18 18 21 26 34 42 48 50 47 42 34 23 13  6  2  1  3 10 1820 5 8HA 040 311149 5099999999999999 520 171950  199999999999999
 24 26 26 25 22 19 18 21 26 32 39 47 52 52 49 43 34 24 14  7  3  2  4 1020 5 9HA 143 261231 5299999999999999 538 182055  299999999999999
 16 20 22 22 21 19 18 20 24 29 36 43 50 52 52 48 43 34 24 16 10  6  4  620 510HA 249 221315 5399999999999999 557 1822 0  499999999999999
 10 15 17 18 19 18 17 18 22 27 32 38 45 49 51 50 47 41 33 25 18 13  9  720 511HA 353 1914 4 5199999999999999 611 1723 8  799999999999999
  8 11 13 15 16 17 17 17 19 24 29 34 39 44 47 48 47 44 39 33 26 21 16 1220 512HA1458 489999999999999999999999999999999999999999999999999
 10 10 12 13 14 15 16 17 18 21 25 29 33 37 41 43 44 43 41 37 32 27 23 1820 513HA16 0 44999999999999999999999 025 10999999999999999999999
 15 12 12 13 14 15 16 17 19 20 23 26 29 32 35 37 39 40 40 38 35 32 28 2420 514HA1712 40999999999999999999999 150 12999999999999999999999
 19 16 14 13 14 16 17 19 20 21 23 24 26 27 29 32 34 36 37 37 36 34 31 2720 515HA1836 37999999999999999999999 253 13999999999999999999999
 23 20 17 15 15 17 19 21 23 24 24 24 24 24 25 27 29 31 33 35 35 34 33 3020 516HA1956 35999999999999999999999 327 15999999999999999999999
 26 22 19 17 17 18 20 23 26 27 27 26 24 23 22 22 24 26 29 31 33 34 33 3120 517HA 929 272056 3499999999999999 347 171410 2299999999999999
 28 24 21 19 18 19 22 26 29 31 32 30 27 24 21 19 20 21 24 27 31 33 33 3220 518HA 937 322140 3399999999999999 358 181522 1999999999999999
 29 26 23 20 19 20 23 27 32 35 36 35 31 27 22 18 17 17 19 23 27 31 32 3220 519HA 956 362218 3299999999999999 4 3 191617 1799999999999999
 30 27 24 21 20 21 24 28 33 38 40 40 37 32 26 20 16 15 15 18 23 27 31 3120 520HA1019 412255 3199999999999999 4 8 2017 5 1599999999999999
 31 28 25 23 21 21 24 28 34 40 44 45 42 38 31 24 17 14 13 14 18 23 28 3020 521HA1045 452330 3199999999999999 417 211752 1399999999999999
 30 29 27 24 22 22 24 28 33 40 46 48 47 43 37 29 21 15 12 12 14 19 24 2820 522HA1113 48999999999999999999999 430 211837 1299999999999999
 29 29 27 25 22 22 23 27 32 39 46 50 51 48 43 36 27 19 14 11 12 15 20 2520 523HA 0 6 291143 5199999999999999 447 211924 1199999999999999
 27 28 27 25 23 21 23 26 31 37 44 50 53 52 49 42 34 25 17 13 11 12 15 2020 524HA 043 281216 5399999999999999 5 7 212013 1199999999999999
 24 26 26 25 23 21 22 25 29 35 41 48 53 54 52 48 41 32 23 17 13 12 13 1620 525HA 121 261253 5499999999999999 529 2121 8 1299999999999999
 20 23 24 24 23 22 21 23 27 32 38 44 50 54 54 51 47 39 31 23 17 14 13 1420 526HA 2 6 241335 5499999999999999 550 2122 7 1399999999999999
 17 20 22 22 22 22 21 22 25 30 35 40 45 50 53 53 50 45 38 30 23 18 15 1420 527HA 3 9 221425 5399999999999999 6 9 212311 1499999999999999
 14 17 19 21 21 21 21 22 23 27 31 35 40 45 49 51 51 49 44 38 30 24 20 1620 528HA1526 519999999999999999999999999999999999999999999999999
 15 15 17 19 21 22 22 23 23 25 28 31 35 38 43 46 49 49 47 43 37 31 26 2120 529HA1641 49999999999999999999999 015 15999999999999999999999
 18 16 17 18 20 22 24 25 25 26 27 28 30 32 35 39 43 46 47 46 43 38 32 2720 530HA18 3 47999999999999999999999 116 16999999999999999999999
 22 19 18 19 21 24 26 28 29 29 28 28 27 27 28 31 35 39 43 45 44 42 37 3220 531HA 827 291924 4599999999999999 2 5 181224 2799999999999999
 27 23 21 21 22 25 29 32 34 34 33 31 28 25 24 24 26 30 35 40 43 43 41 3720 6 1HA 837 352037 4399999999999999 241 211424 2499999999999999
 32 27 24 23 24 27 31 36 40 41 40 37 32 27 23 20 19 21 25 31 37 40 41 3920 6 2HA 9 2 412142 4199999999999999 3 4 231546 1999999999999999
 35 31 27 25 26 28 33 38 44 48 48 45 40 33 26 20 17 15 17 22 28 34 38 3820 6 3HA 935 482242 3999999999999999 319 251657 1599999999999999
 37 34 30 27 27 29 33 39 46 52 55 53 49 43 34 26 18 14 12 14 19 26 32 3520 6 4HA1012 552340 3699999999999999 336 2718 1 1299999999999999
 36 34 31 28 27 28 32 38 45 52 58 60 57 52 44 35 25 17 13 11 13 18 25 3020 6 5HA1053 60999999999999999999999 359 2719 1 1199999999999999
 33 33 32 29 27 27 30 35 42 50 57 62 63 60 54 45 34 24 17 12 11 13 18 2520 6 6HA 037 331137 6399999999999999 426 271958 1199999999999999
 29 30 31 29 27 26 28 32 38 45 53 60 64 64 60 54 44 34 25 18 14 12 14 2020 6 7HA 131 311222 6499999999999999 455 262053 1299999999999999
 25 27 29 28 27 25 26 29 34 41 48 55 61 63 62 58 52 43 33 25 19 16 15 1720 6 8HA 221 2913 8 6399999999999999 524 252148 1599999999999999
 21 25 26 27 27 26 25 27 31 36 42 49 55 60 61 59 55 49 41 33 26 21 18 1820 6 9HA 3 7 271354 6199999999999999 552 252244 1799999999999999
 20 23 25 26 26 26 25 26 28 33 38 43 49 54 57 57 55 52 46 39 33 28 23 2120 610HA 354 261440 5799999999999999 618 252341 2099999999999999
 20 22 24 26 26 26 26 26 27 30 34 38 43 47 51 53 53 51 47 43 37 33 28 2520 611HA1526 539999999999999999999999999999999999999999999999999
 23 23 24 26 27 28 28 28 28 30 32 35 38 41 45 47 48 48 46 44 40 36 32 2920 612HA1615 48999999999999999999999 036 23999999999999999999999
 27 25 25 27 28 29 30 31 31 31 32 33 35 37 39 42 44 44 44 43 41 38 35 3220 613HA1713 44999999999999999999999 125 25999999999999999999999
 29 28 27 28 29 31 33 34 35 34 34 33 33 34 35 37 39 40 41 41 40 38 36 3420 614HA 8 7 351830 4199999999999999 158 271140 3399999999999999
 31 30 29 29 31 33 36 38 39 39 38 36 34 32 32 32 34 36 37 38 39 38 37 3520 615HA 826 391953 3999999999999999 216 291356 3299999999999999
 33 31 30 30 32 34 38 41 43 44 43 40 36 33 31 29 30 31 33 35 37 38 37 3620 616HA 851 4421 1 3899999999999999 224 301520 2999999999999999
 34 32 31 31 32 35 39 43 47 49 48 45 41 36 31 28 27 27 29 32 34 36 37 3620 617HA 919 492154 3799999999999999 232 311621 2799999999999999
 35 33 31 31 32 35 39 44 49 52 53 51 47 41 35 29 26 24 25 27 31 34 36 3620 618HA 948 532240 3699999999999999 245 311711 2499999999999999
 35 34 32 31 32 34 38 44 49 55 57 57 53 47 40 33 27 23 22 23 27 31 34 3620 619HA1019 572321 3699999999999999 3 5 311757 2299999999999999
 36 34 33 31 31 33 37 42 48 55 59 61 59 54 47 38 30 24 21 20 23 27 31 3420 620HA1052 61999999999999999999999 331 311842 2099999999999999
 35 35 33 31 30 32 35 40 46 53 60 63 63 60 54 45 36 28 22 20 20 23 27 3220 621HA 0 1 351128 6499999999999999 4 0 301928 1999999999999999
 34 34 33 32 30 30 32 37 43 50 57 63 66 64 60 53 43 34 26 21 19 20 23 2820 622HA 038 3412 7 6699999999999999 432 302015 1999999999999999
 32 33 33 32 30 29 30 34 39 46 53 60 65 67 64 59 51 41 32 25 21 19 20 2420 623HA 117 331249 6799999999999999 5 6 2921 5 1999999999999999
 29 31 32 32 31 29 29 31 36 41 48 55 62 66 66 63 58 49 40 31 25 21 20 2220 624HA 156 321336 6699999999999999 541 292157 2099999999999999
 26 29 31 31 31 30 29 29 32 37 42 48 55 61 64 64 61 55 47 38 31 26 23 2220 625HA 242 321427 6599999999999999 619 292249 2299999999999999
 24 27 30 32 32 31 31 30 31 34 38 42 47 53 59 61 61 58 53 45 38 32 28 2520 626HA 344 321524 6199999999999999 7 4 302339 2599999999999999
 25 27 30 32 33 34 34 33 32 33 35 37 40 45 50 55 57 57 55 50 44 38 33 3020 627HA 5 7 341631 5799999999999999 8 6 32999999999999999999999
 28 28 30 33 36 37 37 37 36 35 35 35 36 38 41 46 49 52 53 51 47 43 38 3420 628HA 613 371748 5399999999999999 024 28 955 3599999999999999
 32 31 32 34 38 40 42 43 42 40 38 36 35 34 35 37 40 44 47 48 48 45 41 3820 629HA 7 3 431911 4899999999999999 1 1 3113 7 3499999999999999
 35 34 34 36 39 43 46 48 49 48 45 41 37 34 31 31 32 35 39 42 44 45 43 4020 630HA 748 492032 4599999999999999 124 341452 3199999999999999
 38 36 36 37 40 44 49 53 55 55 53 49 43 38 32 29 27 28 31 35 39 42 42 4120 7 1HA 832 552146 4299999999999999 138 361614 2799999999999999
 39 37 36 37 40 44 49 54 59 61 61 57 52 45 37 31 26 24 24 28 33 37 40 4020 7 2HA 917 622249 4099999999999999 158 361720 2499999999999999
 39 38 36 36 38 42 47 53 60 65 67 65 61 54 45 37 29 24 22 23 26 32 36 3820 7 3HA10 2 672340 3999999999999999 228 361817 2299999999999999
 39 38 36 35 36 39 44 50 57 64 69 70 68 62 54 45 36 28 23 21 22 27 32 3620 7 4HA1048 70999999999999999999999 3 7 3519 8 2199999999999999
 38 37 36 34 34 35 40 45 52 60 67 71 72 68 62 54 44 34 27 23 21 23 28 3320 7 5HA 020 381133 7299999999999999 350 341955 2199999999999999
 36 37 36 35 33 33 35 40 47 54 62 69 72 71 67 61 52 42 33 27 23 23 26 3120 7 6HA 054 371217 7299999999999999 433 322041 2399999999999999
 35 37 36 35 33 32 32 36 42 48 56 63 69 70 69 65 58 49 40 33 28 25 25 2920 7 7HA 124 371259 7099999999999999 515 322125 2599999999999999
 33 36 37 36 34 32 32 33 38 43 49 56 63 67 67 65 61 54 46 38 33 29 28 2920 7 8HA 153 371338 6899999999999999 555 3122 7 2799999999999999
 32 35 37 37 36 34 33 32 35 39 44 50 56 61 64 63 60 56 49 43 37 33 31 3020 7 9HA 224 371415 6499999999999999 634 322247 3099999999999999
 32 35 37 38 37 36 35 34 34 37 41 45 50 55 58 59 58 55 51 46 41 37 34 3320 710HA 3 0 381450 5999999999999999 713 342322 3399999999999999
 33 35 38 39 39 39 38 37 36 37 39 42 46 49 53 55 54 53 50 47 43 39 37 3620 711HA 349 391524 5599999999999999 8 0 362350 3599999999999999
 36 36 38 40 41 42 41 40 39 39 39 40 42 45 47 50 50 50 48 46 43 41 39 3820 712HA 5 4 4216 4 5099999999999999 9 7 39999999999999999999999
 37 38 39 41 43 44 45 45 44 42 41 41 41 41 43 45 46 46 46 45 43 42 40 3920 713HA 618 451659 4699999999999999 0 6 371118 4099999999999999
 39 39 40 42 44 46 48 49 49 47 45 43 41 40 40 40 41 42 43 43 43 42 41 4020 714HA 714 491836 4399999999999999 010 391343 4099999999999999
 39 39 40 42 45 48 51 53 53 53 50 47 43 40 38 37 37 38 40 41 41 41 41 4020 715HA 8 0 532034 4199999999999999 017 391522 3799999999999999
 40 39 40 42 44 48 52 55 57 58 56 53 48 43 39 36 34 34 36 38 40 41 41 4120 716HA 841 582154 4199999999999999 040 391625 3499999999999999
 40 39 40 41 43 47 51 56 60 62 62 59 54 48 41 36 33 31 32 34 37 39 41 4120 717HA 920 622243 4199999999999999 117 391712 3199999999999999
 40 39 39 39 41 45 50 55 61 65 66 64 60 54 46 39 34 30 29 30 33 37 39 4120 718HA 958 662320 4199999999999999 2 0 391756 2999999999999999
 40 39 38 38 39 42 47 53 59 65 69 69 67 61 53 44 36 31 27 27 29 33 37 4020 719HA1037 702351 4099999999999999 246 381838 2799999999999999
 40 40 38 37 37 39 43 49 56 63 69 73 72 68 60 51 42 34 28 26 26 29 34 3820 720HA1118 73999999999999999999999 333 371921 2599999999999999
 40 40 38 37 35 36 39 44 50 58 66 73 75 73 68 59 49 39 32 27 25 26 31 3620 721HA 021 4012 0 7599999999999999 420 3520 5 2599999999999999
 39 40 39 37 35 34 35 39 45 52 60 69 74 75 72 66 58 47 37 30 27 26 28 3320 722HA 051 401245 7599999999999999 5 7 342048 2699999999999999
 38 40 40 39 37 34 33 35 39 45 52 61 69 74 74 70 64 55 45 36 31 28 28 3120 723HA 123 401331 7499999999999999 555 332131 2899999999999999
 36 40 41 41 39 37 34 33 35 40 45 52 60 67 71 70 67 61 52 43 36 33 31 3220 724HA 158 411421 7199999999999999 646 332212 3199999999999999
 36 40 43 43 42 41 38 35 35 37 40 44 50 58 63 66 65 62 56 49 42 38 35 3520 725HA 239 431516 6699999999999999 742 352249 3599999999999999
 37 40 44 46 46 45 43 40 38 37 38 40 43 48 53 57 59 59 57 52 47 42 40 3920 726HA 332 461622 5999999999999999 853 372317 3999999999999999
 39 41 45 48 50 50 49 47 44 41 40 39 39 41 44 48 51 52 53 51 48 45 43 4220 727HA 447 501744 53999999999999991134 392324 4299999999999999
 42 43 46 49 52 54 55 54 52 49 45 42 40 38 38 39 42 44 46 47 47 46 44 4320 728HA 6 7 551916 47999999999999991340 382321 4399999999999999
 43 44 46 49 53 56 59 60 59 57 53 49 45 40 37 35 35 37 39 42 44 44 44 4320 729HA 715 602059 44999999999999991524 352336 4399999999999999
 43 44 46 48 52 56 60 63 65 64 62 57 52 46 40 35 32 32 33 36 40 42 43 4320 730HA 817 659999999999999999999991641 32999999999999999999999
 42 43 44 46 49 53 58 63 67 69 68 65 60 53 45 39 33 30 30 32 36 39 41 4220 731HA 913 6923 7 42999999999999991737 29999999999999999999999
 42 41 41 42 45 49 54 60 66 71 72 71 67 61 53 44 37 31 29 29 32 37 40 4220 8 1HA10 3 722328 4299999999999999 134 411822 2899999999999999
 42 41 40 39 41 44 49 55 62 69 73 74 72 67 60 51 42 35 30 28 30 34 39 4220 8 2HA1048 742348 4399999999999999 243 3919 3 2899999999999999
 42 41 40 38 37 39 44 49 56 64 71 74 74 71 65 57 48 40 34 30 30 32 37 4220 8 3HA1129 75999999999999999999999 342 371940 2999999999999999
 43 43 41 38 36 36 39 44 50 58 65 72 74 73 69 62 54 45 38 33 31 32 36 4120 8 4HA 010 4312 7 7499999999999999 433 362014 3199999999999999
 44 44 43 40 37 35 36 39 45 51 59 66 71 72 70 65 58 50 42 37 34 33 35 4020 8 5HA 036 441242 7299999999999999 518 352046 3399999999999999
 44 45 44 42 39 36 35 36 41 46 53 60 66 69 68 65 60 53 46 40 37 35 36 3920 8 6HA 1 3 451315 6999999999999999 6 0 352114 3599999999999999
 43 46 46 45 42 39 36 35 38 42 48 54 60 64 65 63 60 55 49 43 39 38 38 4020 8 7HA 132 461345 6599999999999999 641 352134 3899999999999999
 43 46 48 47 45 42 39 37 37 40 44 49 54 59 61 60 58 55 50 45 42 40 40 4120 8 8HA 2 3 481414 6199999999999999 722 372138 4099999999999999
 44 47 49 49 48 46 43 40 39 40 42 45 49 53 56 57 55 53 50 46 43 42 42 4320 8 9HA 238 491442 5799999999999999 8 8 392124 4299999999999999
 44 47 50 51 51 50 48 45 43 42 42 43 46 48 51 52 52 50 48 46 44 43 43 4420 810HA 322 511511 5299999999999999 9 8 422116 4299999999999999
 45 47 50 52 53 53 52 50 48 45 44 43 44 45 46 48 48 47 46 45 44 43 43 4420 811HA 432 531547 489999999999999911 8 432116 4399999999999999
 45 47 50 52 54 55 56 55 53 50 48 46 44 43 43 43 44 44 44 44 43 43 43 4420 812HA 553 5617 0 44999999999999991333 432115 4399999999999999
 45 47 49 51 54 56 58 59 58 56 53 49 46 43 41 40 40 41 41 42 42 43 43 4420 813HA 7 1 599999999999999999999991529 40999999999999999999999
 44 46 47 50 53 56 59 61 62 61 59 55 50 45 41 38 37 37 38 40 41 42 43 4320 814HA 8 0 629999999999999999999991627 37999999999999999999999
 44 44 45 47 50 54 58 62 65 66 64 61 55 49 43 38 35 34 34 37 39 41 43 4320 815HA 852 6699999999999999999999917 8 34999999999999999999999
 43 43 43 44 47 51 56 61 66 69 70 67 62 55 48 41 35 32 31 33 36 40 42 4320 816HA 939 702314 43999999999999991746 31999999999999999999999
 43 42 41 41 43 46 51 58 64 70 73 73 69 62 54 45 38 32 29 30 33 37 41 4320 817HA1023 732330 4499999999999999 227 411824 2999999999999999
 43 42 40 39 39 41 46 52 59 67 74 76 75 70 62 52 42 35 30 28 30 34 40 4320 818HA11 6 762351 4499999999999999 331 3919 1 2899999999999999
 44 43 41 38 36 36 39 45 52 61 70 76 78 75 69 60 50 40 33 29 29 32 38 4320 819HA1149 78999999999999999999999 427 361938 2999999999999999
 46 45 43 40 36 34 34 38 44 52 62 71 77 77 73 67 57 47 38 33 31 32 36 4220 820HA 017 461234 7799999999999999 520 342013 3199999999999999
 47 48 46 43 39 35 32 33 37 43 52 62 70 74 74 70 63 54 44 38 35 34 36 4220 821HA 047 481321 7499999999999999 612 322044 3499999999999999
 48 51 50 48 45 40 35 33 34 37 42 50 59 66 69 68 65 58 50 43 39 38 39 4220 822HA 120 511411 6999999999999999 7 7 3321 6 3899999999999999
 48 53 54 53 50 47 41 36 34 35 37 41 48 55 60 62 61 58 53 47 43 42 42 4420 823HA 159 5415 9 6299999999999999 810 3421 9 4299999999999999
 48 53 56 57 56 53 49 44 40 38 37 38 40 45 50 53 54 54 52 49 45 44 45 4620 824HA 244 571626 549999999999999910 4 3721 4 4499999999999999
 49 53 57 59 60 59 57 53 48 44 41 39 38 39 41 44 46 47 48 47 45 45 45 4720 825HA 346 601759 48999999999999991212 3821 2 4599999999999999
 49 52 56 59 61 62 62 60 57 53 49 45 41 38 37 37 38 40 42 43 44 44 45 4620 826HA 523 6299999999999999999999914 8 37999999999999999999999
 48 50 53 57 60 63 64 65 64 61 57 52 47 42 37 35 34 35 37 39 41 42 43 4420 827HA 653 659999999999999999999991555 34999999999999999999999
 46 48 50 53 56 60 64 66 68 67 64 60 54 48 41 36 33 32 33 35 38 41 42 4320 828HA 810 689999999999999999999991655 32999999999999999999999
 44 45 46 48 51 55 60 65 68 70 69 66 61 54 47 40 35 32 31 33 37 40 42 4320 829HA 914 709999999999999999999991737 31999999999999999999999
 43 42 42 44 46 50 55 60 66 70 71 70 66 60 53 45 38 33 31 32 36 40 43 4420 830HA10 3 7123 3 44999999999999991811 31999999999999999999999
 43 42 40 40 41 44 49 54 61 67 71 72 69 65 58 50 42 36 33 32 35 39 44 4520 831HA1043 722314 4699999999999999 252 401841 3299999999999999
 45 43 40 38 37 39 43 48 55 62 68 71 70 67 61 54 46 39 35 33 35 39 44 4720 9 1HA1117 712334 4899999999999999 349 3719 7 3399999999999999
 47 45 42 39 36 35 38 43 49 56 63 68 70 68 63 57 49 42 37 35 35 38 43 4820 9 2HA1149 702359 5099999999999999 437 351929 3599999999999999
 50 48 45 41 37 34 35 38 43 50 57 64 67 67 64 59 52 45 40 37 36 38 42 4820 9 3HA1219 67999999999999999999999 520 341945 3699999999999999
 51 51 48 45 40 36 34 35 39 45 51 58 63 64 63 59 54 47 42 39 38 39 42 4720 9 4HA 026 511247 6499999999999999 6 2 341950 3899999999999999
 52 53 51 48 44 39 35 34 37 41 46 52 58 61 60 58 54 49 44 40 40 41 43 4720 9 5HA 053 531315 6199999999999999 642 341947 4099999999999999
 52 54 54 52 48 43 38 36 36 38 42 47 52 56 57 55 52 49 45 41 41 42 44 4820 9 6HA 120 551341 5799999999999999 724 351946 4199999999999999
 52 55 56 54 52 48 43 39 37 38 40 43 47 51 53 52 50 48 45 42 41 43 45 4820 9 7HA 150 5614 7 5399999999999999 811 371948 4199999999999999
 51 55 57 57 55 52 48 44 41 39 40 41 43 46 48 48 47 46 44 42 41 43 45 4820 9 8HA 224 571433 4899999999999999 913 391951 4199999999999999
 51 54 57 58 57 56 53 49 45 43 41 41 41 42 44 44 44 43 42 41 41 42 44 4720 9 9HA 3 8 5815 2 44999999999999991116 411951 4199999999999999
 50 52 55 57 58 58 57 54 51 47 45 43 41 40 40 41 41 40 40 40 41 41 43 4620 910HA 420 589999999999999999999991320 40999999999999999999999
 48 51 53 56 58 59 59 59 56 53 49 46 43 40 38 37 37 37 38 39 40 41 42 4420 911HA 554 599999999999999999999991532 37999999999999999999999
 46 48 50 53 56 58 60 61 61 59 55 51 46 41 37 35 34 34 35 37 39 41 42 4320 912HA 714 629999999999999999999991614 34999999999999999999999
 44 45 47 49 52 56 59 63 64 64 61 57 51 45 39 34 32 31 32 35 38 40 42 4220 913HA 820 659999999999999999999991648 31999999999999999999999
 42 42 43 44 47 51 56 61 66 68 67 63 57 50 43 36 31 29 30 32 36 40 42 4320 914HA 915 682253 43999999999999991721 29999999999999999999999
 42 41 40 40 41 45 50 57 63 69 71 69 64 57 48 40 33 29 28 30 34 39 43 4420 915HA10 3 712259 4499999999999999 236 391753 2899999999999999
 43 41 38 36 36 38 42 49 57 66 71 73 70 64 56 46 37 31 29 29 33 38 44 4720 916HA1049 732318 4799999999999999 341 361823 2899999999999999
 46 44 40 36 32 32 35 40 48 57 67 72 73 69 62 53 43 36 31 30 32 38 44 5020 917HA1134 732344 5199999999999999 438 321851 3099999999999999
 50 48 44 39 33 29 29 32 38 46 57 66 70 70 66 59 50 41 35 33 34 38 44 5120 918HA1220 71999999999999999999999 532 291912 3399999999999999
 55 54 50 45 38 32 28 28 31 36 45 55 63 66 65 61 54 46 39 36 37 39 44 5120 919HA 014 5513 9 6699999999999999 629 271924 3699999999999999
 57 59 56 52 46 39 32 28 28 30 35 43 52 57 59 58 55 49 43 39 39 41 45 5120 920HA 049 5914 4 5999999999999999 733 271931 3999999999999999
 58 62 62 59 55 48 40 33 30 29 30 34 40 47 50 51 51 49 45 41 41 43 46 5020 921HA 128 621516 5199999999999999 9 5 291938 4199999999999999
 56 61 64 63 61 57 50 43 37 34 31 31 33 37 41 43 44 44 43 41 41 43 46 4920 922HA 213 641646 44999999999999991048 311942 4199999999999999
 54 59 63 64 64 62 58 53 47 42 38 34 32 32 34 35 37 38 39 39 40 41 44 4820 923HA 312 649999999999999999999991226 32999999999999999999999
 51 55 59 62 63 64 63 60 55 51 46 41 36 32 31 31 31 33 35 37 38 40 42 4520 924HA 448 649999999999999999999991432 31999999999999999999999
 48 51 54 57 60 62 63 63 61 58 54 49 43 37 32 30 29 30 32 34 36 38 40 4220 925HA 628 639999999999999999999991558 29999999999999999999999
 44 46 48 51 54 58 60 63 63 62 60 55 49 43 37 32 29 29 30 33 36 38 40 4120 926HA 756 639999999999999999999991642 28999999999999999999999
 41 42 43 45 48 51 56 59 62 64 63 60 55 48 41 35 31 29 30 33 36 39 41 4120 927HA 9 3 642249 41999999999999991714 29999999999999999999999
 40 40 39 40 42 45 50 54 59 62 63 62 58 52 45 39 34 31 30 33 37 40 43 4320 928HA 950 632235 4399999999999999 153 391739 3099999999999999
 41 39 37 36 37 39 43 49 54 59 62 62 59 55 48 42 36 33 31 33 37 42 45 4620 929HA1026 622245 4699999999999999 3 5 361759 3199999999999999
 44 41 37 34 33 35 38 43 49 55 60 61 59 56 51 44 38 34 33 33 37 42 47 4920 930HA1056 6123 4 4999999999999999 356 331813 3299999999999999
 47 44 40 35 32 31 33 37 43 50 56 59 59 56 52 46 40 36 34 34 37 42 47 512010 1HA1124 592328 5199999999999999 441 311820 3499999999999999
 51 48 44 38 33 30 30 33 38 44 51 55 57 55 52 47 42 37 35 35 37 41 47 522010 2HA1152 572354 5499999999999999 524 291822 3499999999999999
 54 52 48 42 36 31 29 30 33 38 45 51 54 53 51 47 43 38 35 36 38 42 47 532010 3HA1220 54999999999999999999999 6 6 291825 3599999999999999
 56 55 52 47 41 34 30 29 30 34 39 45 50 51 49 47 43 39 36 36 38 42 47 522010 4HA 020 561248 5199999999999999 648 291830 3699999999999999
 56 57 55 51 46 39 33 30 30 31 35 40 45 47 47 45 42 39 36 36 38 42 46 512010 5HA 046 571315 4799999999999999 733 291838 3699999999999999
 56 58 58 55 50 45 38 33 31 31 32 36 40 43 43 42 41 38 36 36 38 41 45 502010 6HA 115 581343 4399999999999999 825 311846 3699999999999999
 55 58 59 57 54 49 43 38 34 32 32 33 36 38 40 39 38 37 36 35 37 40 44 482010 7HA 146 591411 4099999999999999 940 321852 3599999999999999
 52 56 58 58 56 53 49 43 38 35 33 33 33 34 36 36 36 35 35 34 36 39 42 462010 8HA 225 581444 36999999999999991116 321847 3499999999999999
 50 53 56 57 57 56 53 49 44 40 36 34 32 32 32 32 33 33 33 34 35 37 40 442010 9HA 320 579999999999999999999991257 32999999999999999999999
 47 50 52 55 56 57 56 53 49 45 41 37 33 31 29 29 30 30 31 33 34 36 38 41201010HA 448 579999999999999999999991445 29999999999999999999999
 43 46 48 51 53 56 57 57 55 51 46 41 36 32 29 27 27 28 30 32 34 36 37 39201011HA 623 579999999999999999999991535 27999999999999999999999
 40 41 43 45 49 52 56 58 58 56 52 47 41 35 30 26 25 26 28 31 34 36 38 38201012HA 742 5899999999999999999999916 9 25999999999999999999999
 38 38 38 39 42 46 51 56 60 60 58 53 47 40 33 28 25 24 26 30 35 38 40 39201013HA 846 602216 40999999999999991639 24999999999999999999999
 38 36 34 33 35 38 43 50 57 61 62 59 53 46 38 31 26 25 26 30 35 40 43 43201014HA 940 622223 4399999999999999 247 3317 5 2599999999999999
 40 37 33 29 28 30 34 41 49 57 62 62 58 52 44 36 29 27 27 30 35 42 47 48201015HA1030 622244 4899999999999999 352 281728 2699999999999999
 46 41 36 29 25 24 26 30 38 48 56 60 59 55 49 41 34 29 29 31 36 43 50 54201016HA1119 602313 5499999999999999 451 241744 2999999999999999
 52 48 42 34 27 21 20 22 27 36 46 53 56 55 51 45 38 32 31 32 36 43 51 57201017HA12 9 562347 5999999999999999 551 201757 3199999999999999
 59 56 51 43 34 25 20 18 20 25 33 43 49 50 49 46 41 35 33 34 37 42 50 58201018HA13 3 50999999999999999999999 658 181811 3299999999999999
 62 62 58 52 44 34 25 20 18 19 23 31 38 43 44 43 41 37 33 34 37 42 48 55201019HA 025 631410 4499999999999999 816 181825 3399999999999999
 62 65 64 60 54 45 35 27 22 20 20 23 29 34 36 37 37 36 33 33 36 40 46 52201020HA 1 7 651532 3899999999999999 935 191837 3399999999999999
 58 63 65 63 60 54 46 37 30 26 22 21 23 26 29 31 32 33 32 32 34 38 43 48201021HA 155 651656 33999999999999991054 211840 3299999999999999
 53 58 62 63 62 59 54 47 40 34 29 25 22 23 24 25 27 29 30 30 32 35 39 43201022HA 254 639999999999999999999991224 22999999999999999999999
 48 52 56 58 59 59 57 53 48 42 37 32 27 23 22 23 24 25 27 29 31 33 36 39201023HA 416 599999999999999999999991414 22999999999999999999999
 43 46 49 52 54 56 56 55 52 48 44 38 33 28 24 22 22 24 26 28 30 32 34 36201024HA 549 569999999999999999999991526 22999999999999999999999
 38 40 42 45 48 50 52 53 53 51 48 43 38 32 28 24 23 24 26 29 31 33 34 35201025HA 719 5499999999999999999999916 5 23999999999999999999999
 36 36 37 39 41 44 47 50 51 51 50 46 42 36 31 27 25 25 27 30 33 35 36 36201026HA 832 522211 36999999999999991630 24999999999999999999999
 35 34 33 33 35 38 41 45 48 50 49 47 43 39 33 29 26 26 27 31 35 38 39 39201027HA 921 5022 5 3999999999999999 2 7 331648 2699999999999999
 36 33 31 30 30 32 35 40 44 47 48 47 44 40 35 31 28 27 28 32 36 41 43 42201028HA 958 482217 4399999999999999 314 301657 2799999999999999
 40 36 31 28 27 27 30 34 39 43 46 46 44 40 36 32 29 28 29 32 37 42 46 46201029HA1028 462237 4799999999999999 4 5 2717 0 2899999999999999
 44 39 34 29 25 24 25 29 34 39 43 44 43 41 37 33 29 28 29 32 37 43 48 50201030HA1058 4423 1 5099999999999999 451 2417 2 2899999999999999
 48 44 38 31 26 22 22 24 28 34 39 42 42 40 37 33 30 28 29 32 36 43 49 52201031HA1129 422326 5399999999999999 535 2217 9 2899999999999999
 52 49 43 36 29 23 21 21 24 29 34 39 40 39 37 34 30 28 29 31 36 42 48 532011 1HA1159 402353 5599999999999999 619 201719 2899999999999999
 55 53 48 42 34 26 21 20 21 24 29 34 37 37 36 33 30 28 28 31 35 40 47 532011 2HA1230 37999999999999999999999 7 4 201732 2899999999999999
 56 55 52 47 39 31 24 20 20 21 24 29 33 34 34 32 30 28 27 29 34 39 45 512011 3HA 021 5613 1 3499999999999999 753 201745 2799999999999999
 55 57 55 51 45 37 29 23 21 20 21 25 29 31 31 30 29 27 26 28 32 37 42 482011 4HA 051 571334 3199999999999999 849 201759 2699999999999999
 53 56 56 53 49 42 35 28 23 21 20 22 24 27 28 28 27 26 26 26 30 35 40 452011 5HA 125 561411 2899999999999999 953 2018 9 2699999999999999
 49 53 55 54 51 47 40 33 28 24 22 21 21 23 25 25 25 25 25 26 28 32 37 412011 6HA 2 6 5599999999999999999999911 5 21999999999999999999999
 45 49 52 53 52 50 45 39 33 28 24 22 20 20 21 22 23 24 24 25 27 30 34 372011 7HA 258 539999999999999999999991222 20999999999999999999999
 41 44 48 50 51 51 48 44 39 33 29 24 21 19 19 20 21 22 24 25 27 28 31 342011 8HA 411 519999999999999999999991339 19999999999999999999999
 36 39 42 45 47 49 49 48 44 39 34 28 24 20 18 18 19 21 24 26 28 29 30 312011 9HA 540 499999999999999999999991435 18999999999999999999999
 32 33 35 38 41 45 47 49 48 44 39 34 28 23 19 18 18 21 24 27 30 31 31 31201110HA 7 5 492142 31999999999999991514 18999999999999999999999
 30 29 29 30 33 37 42 46 48 48 44 39 33 27 22 19 19 21 24 29 33 35 35 34201111HA 817 482130 3599999999999999 131 291542 1999999999999999
 31 27 25 24 25 28 33 39 45 47 47 43 38 31 26 22 20 21 25 30 36 40 41 39201112HA 919 482147 4199999999999999 3 0 2416 3 2099999999999999
 35 30 24 20 18 19 23 29 36 43 46 45 41 36 30 25 22 23 26 31 38 44 47 47201113HA1015 462215 4899999999999999 410 181619 2299999999999999
 43 36 29 21 16 13 14 18 25 34 40 42 41 38 33 28 24 24 26 31 38 46 52 54201114HA1110 422249 5499999999999999 516 131635 2399999999999999
 51 45 37 28 19 13 10 10 15 22 31 36 38 37 34 30 26 24 26 30 37 45 53 58201115HA12 6 382328 5999999999999999 622 101654 2499999999999999
 58 54 47 38 27 17 11  8  8 12 20 27 32 33 33 30 26 24 25 29 35 42 51 58201116HA13 8 33999999999999999999999 728  81716 2499999999999999
 61 60 56 48 38 27 17 11  8  8 12 18 24 27 28 28 26 24 23 26 32 38 46 54201117HA 010 621416 2899999999999999 833  71737 2399999999999999
 60 62 60 55 48 38 27 19 13  9  9 12 17 21 23 24 24 23 22 23 28 34 40 47201118HA 057 621524 2499999999999999 938  81757 2299999999999999
 54 59 60 58 54 46 37 28 21 15 11 10 13 16 19 20 21 21 21 22 25 30 35 41201119HA 147 609999999999999999999991045 10999999999999999999999
 47 52 56 56 54 50 44 36 29 23 18 14 13 14 16 17 19 20 20 21 23 26 31 35201120HA 242 569999999999999999999991158 13999999999999999999999
 40 44 48 51 51 50 46 41 35 30 24 19 16 14 15 16 17 19 20 21 22 24 27 31201121HA 342 519999999999999999999991316 14999999999999999999999
 34 37 41 44 45 46 45 42 39 34 30 25 20 17 16 16 17 19 20 22 23 25 26 28201122HA 450 469999999999999999999991423 16999999999999999999999
 30 32 34 36 39 40 41 40 39 36 33 29 24 21 18 17 18 19 22 24 26 27 27 27201123HA 6 8 4199999999999999999999915 4 17999999999999999999999
 27 28 29 30 32 34 36 37 37 36 33 30 27 23 20 19 19 20 23 26 28 30 30 28201124HA 730 372124 30999999999999991528 19999999999999999999999
 27 26 25 25 26 28 31 33 34 34 33 31 28 24 22 20 20 21 24 28 32 33 33 32201125HA 836 342129 3499999999999999 210 251538 2099999999999999
 29 26 23 22 22 23 25 28 31 32 32 30 28 25 22 21 20 22 25 29 34 37 38 36201126HA 924 322147 3899999999999999 327 221539 2099999999999999
 32 28 23 20 18 19 20 23 27 29 30 30 28 25 23 21 20 22 25 30 35 40 42 41201127HA10 4 302210 4299999999999999 422 181541 2099999999999999
 37 32 26 20 17 15 16 19 22 26 28 29 28 25 23 21 20 21 24 29 35 41 45 45201128HA1041 292236 4599999999999999 5 9 151551 2099999999999999
 42 37 30 23 17 13 13 14 18 22 26 27 27 25 23 21 19 20 23 28 34 41 46 48201129HA1117 2723 4 4899999999999999 552 1316 7 1999999999999999
 47 42 36 27 20 14 11 11 13 17 22 25 26 25 23 21 19 19 22 26 32 39 46 50201130HA1152 262334 5099999999999999 635 101625 1999999999999999
 50 47 41 33 24 16 11  9 10 13 18 22 24 24 23 21 19 18 20 24 30 36 43 492012 1HA1228 24999999999999999999999 719  91647 1899999999999999
 51 50 46 39 30 21 14 10  8  9 13 18 21 22 21 20 18 17 18 22 27 33 40 462012 2HA 0 6 5113 3 2299999999999999 8 4  817 9 1799999999999999
 51 51 49 44 36 27 18 12  9  8 10 13 17 19 20 19 18 16 16 19 24 30 36 422012 3HA 040 521340 2099999999999999 853  81731 1699999999999999
 48 51 50 47 41 33 24 17 12  9  8 10 13 16 17 17 17 16 15 17 21 26 32 372012 4HA 118 511423 1899999999999999 947  81752 1599999999999999
 43 48 49 48 44 38 30 22 16 12  9  9 10 13 15 16 16 16 15 16 18 23 27 322012 5HA 2 2 499999999999999999999991044  8999999999999999999999
 37 42 46 47 45 41 35 28 21 16 12  9  9 10 13 14 15 16 16 16 17 20 24 272012 6HA 252 479999999999999999999991142  9999999999999999999999
 31 35 40 43 43 42 39 33 27 21 16 12 10 10 11 13 15 16 17 18 18 19 21 232012 7HA 353 439999999999999999999991239 10999999999999999999999
 26 29 32 36 39 40 39 36 32 26 21 16 13 11 11 13 15 17 19 20 21 21 21 212012 8HA 5 9 409999999999999999999991328 11999999999999999999999
 22 23 24 27 31 34 36 36 34 30 25 20 16 13 12 13 15 19 22 24 25 25 24 222012 9HA 634 362020 269999999999999914 5 12999999999999999999999
 20 19 18 19 22 25 29 33 33 32 29 24 20 16 15 14 16 20 24 28 31 31 30 27201210HA 755 332043 3199999999999999 150 181430 1499999999999999
 22 18 15 13 13 16 20 25 29 31 30 27 23 19 16 16 17 20 25 31 36 38 37 34201211HA 9 8 312115 3899999999999999 324 131449 1699999999999999
 29 22 16 11  8  8 10 15 21 26 28 27 25 21 18 16 17 20 25 31 38 43 45 42201212HA1014 282153 4599999999999999 438  815 9 1699999999999999
 38 30 22 14  7  4  3  6 12 18 23 25 24 22 19 17 16 19 23 30 37 45 49 50201213HA1115 252234 5099999999999999 543  31535 1699999999999999
 46 40 31 21 11  4  0  0  3  9 16 20 22 21 19 17 15 16 20 26 34 42 50 54201214HA1213 222319 5499999999999999 642  016 5 1599999999999999
 53 48 41 31 20 10  3 -1 -2  2  8 14 18 19 18 16 14 14 17 22 29 37 46 52201215HA13 6 19999999999999999999999 738 -21638 1499999999999999
 55 54 49 41 30 19  9  2 -1 -2  2  8 13 16 16 16 14 12 13 17 23 30 39 47201216HA 0 6 551354 1699999999999999 833 -21712 1299999999999999
 53 54 52 47 39 28 18  9  3  0  0  4  9 13 14 14 13 12 11 13 18 24 31 39201217HA 053 541438 1499999999999999 927  01746 1199999999999999
 46 50 51 49 43 35 26 17 10  5  2  3  6 10 12 13 13 12 11 11 14 19 25 31201218HA 140 511519 13999999999999991020  21818 1199999999999999
 38 43 46 46 44 39 31 23 16 11  7  5  6  8 11 12 13 12 12 11 13 16 20 25201219HA 226 4716 8 13999999999999991114  51849 1199999999999999
 30 35 39 41 40 38 33 27 21 16 12  9  8  8 10 12 13 13 13 13 13 15 17 21201220HA 3 9 4199999999999999999999912 7  8999999999999999999999
 24 28 32 34 35 34 32 28 24 19 16 13 11 10 11 12 14 15 15 16 15 16 17 18201221HA 350 359999999999999999999991255 10999999999999999999999
 20 23 25 28 29 29 28 26 24 21 18 15 13 12 12 13 15 17 18 19 19 18 18 18201222HA 435 291943 19999999999999991333 122243 1899999999999999
 18 19 20 22 23 24 24 23 22 20 18 16 15 14 13 14 16 18 20 22 23 22 21 20201223HA 538 242013 23999999999999991352 13999999999999999999999
 18 17 17 17 18 19 20 20 20 19 18 17 15 14 14 15 16 19 22 25 27 27 26 23201224HA 721 202042 2799999999999999 2 3 171355 1499999999999999
 20 17 15 13 13 14 15 17 18 18 18 17 15 14 14 14 16 19 23 27 30 31 31 28201225HA 856 182111 3199999999999999 341 131359 1499999999999999
 24 19 15 12 10 10 11 13 15 16 17 16 15 14 13 14 15 18 22 27 32 35 35 33201226HA 959 172142 3599999999999999 437 101416 1399999999999999
 29 23 17 12  8  6  7  9 12 14 16 16 15 14 13 13 14 16 21 26 32 36 39 38201227HA1046 162215 3999999999999999 520  61442 1399999999999999
 34 28 21 14  8  5  3  5  8 11 14 15 15 14 13 12 12 14 18 24 30 36 40 41201228HA1124 152248 4199999999999999 6 0  31513 1299999999999999
 39 34 27 18 11  5  2  1  3  7 11 14 15 14 12 11 10 12 16 21 27 34 40 43201229HA1159 152323 4499999999999999 639  11546 1099999999999999
 43 39 33 24 15  7  2 -1  0  3  8 12 13 13 12 11  9 10 12 17 23 30 38 43201230HA1230 14999999999999999999999 719 -11620  999999999999999
 45 43 38 30 21 12  4  0 -2  0  4  8 11 12 12 10  8  8  9 13 19 26 33 40201231HA 0 2 4513 0 1299999999999999 8 2 -21653  899999999999999
