 63 46 38 43 59 83110134151157153141125110101 9910611813214214614012510420 1 1HM 9 5157195114699999999999999 2 8 381443 9999999999999999
 83 66 55 53 61 77 98120139150152146134120107100 9910411312213013212711620 1 2HM 944153204913299999999999999 242 521540 9899999999999999
100 85 74 68 69 78 92109127141149148141129116104 96 93 9510110911712111920 1 3HM1026150221412199999999999999 320 6817 5 9399999999999999
112103 93 86 83 85 91102116131143148146138126112 99 89 83 82 87 9610611420 1 4HM1113148999999999999999999999 410 831839 8299999999999999
117116111105100 97 96100109121134144148145136123107 91 77 68 66 73 8610120 1 5HM 0 811712 514899999999999999 533 961941 6699999999999999
114122125123119112107103105113124137147150146136119 98 77 59 49 50 62 8120 1 6HM 2 5125125915099999999999999 7121032026 4899999999999999
102120133138137130121112106107115128142152155149134111 84 58 39 31 37 5520 1 7HM 317138135115599999999999999 82210621 5 3199999999999999
 81108131146152148138124112106108119134150160161151130100 67 38 19 15 2820 1 8HM 4 5152143816299999999999999 9151062144 1499999999999999
 53 86118145160163156141123110104110124142159169167151122 86 48 18  2  420 1 9HM 44616415211709999999999999910 01042223  099999999999999
 24 56 95131158172171158138119105103112130152170178171148112 70 31  2 -920 110HM 52417316 317899999999999999104210223 4-1099999999999999
 -1 26 65107145170179172154132112101103117139162180183170140100 56 17 -820 111HM 6 317916441849999999999999911231002346-1499999999999999
-14  2 34 77121156177180168147123104 97104122147171185183164130 88 44  920 112HM 64118017241869999999999999912 2 97999999999999999999999
-10-10 12 49 93134165178175159136113 97 94106127153174183177154119 78 3820 113HM 71917918 618399999999999999 028-131242 9499999999999999
  9 -4  3 29 67109145168175167148124103 91 93107130154170175165142109 7220 114HM 755175185017599999999999999 1 9 -41323 9099999999999999
 39 16 10 23 51 87124153169169156135112 94 86 9110712814716016215213110220 115HM 831171194016399999999999999 149 1014 6 8699999999999999
 72 46 31 31 47 74106136157166160144123102 87 82 8810211913514514713912220 116HM 9 6166204114799999999999999 230 291456 8299999999999999
100 78 60 52 56 72 95121144158161151134113 95 82 78 82 9210511812813212820 117HM 94216122 113299999999999999 311 5116 0 7899999999999999
118104 89 78 74 79 92111132148157155144127108 90 77 71 71 77 8810111312120 118HM1021158235512399999999999999 358 741730 7099999999999999
123120113105 98 95 98107121137149155151140124106 88 72 61 56 60 70 8510120 119HM11 8155999999999999999999999 5 3 9519 4 5699999999999999
115124128127122115110109115125138149153150141125105 84 63 48 40 43 56 7520 120HM 21612812 815399999999999999 6401092013 4099999999999999
 96116131140141136127118113116125138148154153144127104 77 52 33 25 30 4720 121HM 342141132115599999999999999 8 911321 6 2599999999999999
 71 98123142153153145131118112114124138151159158148127 99 67 39 19 13 2320 122HM 431154142916099999999999999 9151112151 1399999999999999
 45 74106135155163159146128113106111124141156166164149123 89 54 25  8  720 123HM 5 816315221669999999999999910 61062233  699999999999999
 23 50 85120149166168158139119104101109126147165173166145114 76 41 14  220 124HM 54016916 51739999999999999910481002310  299999999999999
  8 30 63102137161171166150128107 96 97111133157173176163136100 62 28  720 125HM 6 91711642177999999999999991124 952345  299999999999999
  3 16 45 82121152169170158137113 96 89 97117143166178174154122 84 48 2020 126HM 6351711716179999999999999991157 89999999999999999999999
  7 11 32 66104139162170163144121 99 86 86101125152171176165140105 69 3820 127HM 7 0170175017799999999999999 016  61228 8499999999999999
 18 13 26 54 90125153167165151129105 87 80 88107133157170168151123 90 5820 128HM 724168182417199999999999999 045 131259 8099999999999999
 34 23 28 48 78112142161165156137113 92 79 79 92113137155162155135108 7820 129HM 74816619 016299999999999999 113 231331 7799999999999999
 53 38 36 48 72102131152162159144122100 83 76 81 95116135148150140120 9620 130HM 814162194015199999999999999 138 3514 6 7699999999999999
 72 56 49 54 71 94120142156158149130109 90 78 75 82 9611312813713612611020 131HM 841159202813899999999999999 2 3 491445 7599999999999999
 90 74 65 66 75 92112132147154150137119100 84 76 75 81 9210511712512511720 2 1HM 911154213012699999999999999 229 641536 7499999999999999
105 92 83 81 84 94108123137147149142128111 95 82 74 72 75 83 9510611411720 2 2HM 944149225511799999999999999 257 811652 7299999999999999
114108101 98 97101108117128138144143136123108 93 79 69 64 64 71 83 9610820 2 3HM1027145999999999999999999999 335 971827 6399999999999999
115118117116114112112115120128136141141134123108 91 74 60 50 49 57 72 9020 2 4HM 115118112514299999999999999 5261121939 4999999999999999
107120128132131127122117116119126135141143138127110 89 66 45 33 33 44 6420 2 5HM 319132124714399999999999999 7491162034 3199999999999999
 88112131143147144136125116112116125136146151147134111 83 53 28 15 17 3420 2 6HM 4 414814 815199999999999999 9 11122122 1499999999999999
 60 92122145159161152137121110106112125142156163158140109 73 38 11 -1  620 2 7HM 43916115 816399999999999999 95210622 8 -199999999999999
 29 63101136161172168153132112100 99110129151169176167141104 62 23 -3-1120 2 8HM 5131721557176999999999999991035 982253-1199999999999999
  1 31 72115152174179168146121 99 89 93110136162181185170138 95 50 11-1220 2 9HM 5471791642186999999999999991114 892336-1699999999999999
-14  6 43 88133166181178160133105 85 79 89113144172189187167131 86 41  620 210HM 6191821726191999999999999991152 79999999999999999999999
-11 -6 21 62109150175182170146115 88 71 71 88118150176188182158121 77 3720 211HM 650182181018999999999999999 016-121229 6999999999999999
  9  0 13 45 87130163179175156127 96 71 61 68 90121151173180170145110 7220 212HM 720180185518099999999999999 054  013 7 6199999999999999
 39 20 20 40 73112147170175163139108 79 60 56 67 9112014616216615513210220 213HM 748175194416699999999999999 130 181346 5599999999999999
 72 50 40 47 70101133158170166148121 92 68 54 55 68 8911313414614813912120 214HM 815170203914999999999999999 2 4 401428 5399999999999999
 99 79 66 65 76 97123146161164154133107 82 63 54 56 67 8410211812913112620 215HM 843165214913199999999999999 237 641520 5499999999999999
115103 92 87 90101117135150158155142122100 80 65 57 56 62 74 8810211211820 216HM 914158234211999999999999999 311 871635 5699999999999999
119117113109108110117127139148151146134117100 84 69 59 53 54 61 73 8810120 217HM 954151999999999999999999999 3581081823 5399999999999999
112120125127126123121123127134141143140132120106 90 73 57 47 43 49 62 7820 218HM 3 4127105514399999999999999 6101211951 4399999999999999
 97114128138141137130123120121127133138139136128113 94 72 51 37 32 39 5520 219HM 357141124913999999999999999 8121192053 3299999999999999
 76100123141151150142129117110112119130139146145136118 93 65 41 26 23 3420 220HM 428152142814799999999999999 9191102141 2399999999999999
 55 83112138155160153138119105 99104116132147156155141117 86 54 30 17 1920 221HM 45416015231579999999999999910 3 992221 1699999999999999
 36 63 97129153165162147126105 91 90100119141159167160139109 74 42 20 1220 222HM 51716516 4167999999999999991038 892256 1299999999999999
 22 46 80116147165168156134109 89 79 84102128153170173158131 96 60 30 1420 223HM 5391691639174999999999999991110 792327 1299999999999999
 15 33 64102138162171163143116 90 74 71 85110140165177172150117 80 47 2320 224HM 6 01711712177999999999999991139 702356 1699999999999999
 16 26 52 89126156170168151124 96 73 63 69 91122152172177163136101 66 3820 225HM 62117217441779999999999999912 7 63999999999999999999999
 23 26 45 78115147167171158133103 76 60 58 73101133159172169150120 86 5620 226HM 642171181817399999999999999 022 221235 5799999999999999
 36 32 44 70104137161170163142113 83 61 53 60 81111140160166156134104 7520 227HM 7 3170185316699999999999999 047 3113 4 5299999999999999
 53 43 48 68 96127152166164148122 93 68 53 52 66 90117141154155141119 9320 228HM 724167193115699999999999999 110 431333 5199999999999999
 71 58 57 70 92118143159163153131104 77 58 51 56 73 9511913714514212810820 229HM 746163201314599999999999999 132 5614 4 5199999999999999
 88 75 70 77 92113133150157153138114 89 68 56 53 61 77 9611512813413011920 3 1HM 81015721 513499999999999999 154 701442 5399999999999999
104 92 86 87 96110126140149150141124102 81 66 57 57 64 76 9110611812412220 3 2HM 836151221512499999999999999 217 851534 5699999999999999
115108102101105112122131140143141131115 97 81 68 60 57 60 68 81 9610911720 3 3HM 9 8144999999999999999999999 24310117 2 5799999999999999
120120118117117118121125130134136134126115101 87 73 60 52 50 56 68 8510220 3 4HM 01912010 113699999999999999 3371171846 5099999999999999
115125131134133129125122121123127131133130123111 94 75 56 41 35 41 55 7620 3 5HM 313134115313399999999999999 74512120 2 3599999999999999
100121137147149144134123115111114122131139142137123101 73 46 27 20 26 4620 3 6HM 347149135614299999999999999 9 111121 1 2099999999999999
 74104132153162160148130113102 99106120138153159153133103 67 35 12  6 1720 3 7HM 41716315 415999999999999999 945 992151  699999999999999
 43 79117149168173162142118 96 85 87101124149169176165139101 59 23  2 -120 3 8HM 4461731555176999999999999991023 842237 -299999999999999
 17 51 93134165180175156127 98 76 68 77100132163184187171138 95 51 16 -220 3 9HM 5151801641188999999999999991059 682319 -399999999999999
  2 28 68114154178183169140106 75 56 54 72103141174192191169132 88 46 1520 310HM 5431841725194999999999999991135 532358  599999999999999
  5 17 49 93137170184178154119 82 53 39 46 72109148178192185160123 82 4520 311HM 6111851810192999999999999991210 39999999999999999999999
 23 22 42 78120157179181164133 95 60 36 30 45 76114150175183173148114 7920 312HM 637183185618399999999999999 034 191246 3099999999999999
 52 39 47 72107143169179171146111 74 44 28 30 49 8111514516416815713510820 313HM 7 2179194516899999999999999 1 8 391323 2699999999999999
 82 65 62 76101131158172171155126 92 60 37 29 36 56 8311213514815014112520 314HM 727174203915199999999999999 140 6114 3 2999999999999999
106 90 83 87102124146162167158137109 80 55 40 36 44 61 8210412113213412920 315HM 752167214513499999999999999 210 831449 3699999999999999
120110104102108120136149157155143123 99 77 60 50 47 51 62 77 9310711712220 316HM 819157235012399999999999999 2411021552 4799999999999999
123122120118119122128136143146141130115 99 84 71 61 55 54 59 69 82 9610820 317HM 853146999999999999999999999 3251181737 5499999999999999
118125130132130128126126128132133131125116107 95 82 69 58 52 53 61 74 9020 318HM 258132 95413399999999999999 6231251922 5199999999999999
107122134141142136128120116116119123126127125118106 89 71 55 46 46 55 7120 319HM 333142125112799999999999999 8261152030 4499999999999999
 92113133147151146134119107101103110120130137138129112 90 67 48 38 40 5320 320HM 357151143313899999999999999 9161012119 3799999999999999
 75101127148158155143124104 91 87 94108126141151149135112 84 58 39 32 3920 321HM 419158152115199999999999999 950 872159 3299999999999999
 59 87118144161163152131107 86 75 77 91113137156162155134105 74 48 32 3120 322HM 4401641559162999999999999991020 742233 3099999999999999
 46 73106138160168160140113 86 67 62 73 96125152168169154127 94 63 40 3120 323HM 4591681632171999999999999991049 6223 3 3199999999999999
 38 61 94128156170167149121 90 64 51 55 76107140165175168146115 81 53 3720 324HM 51917117 5175999999999999991116 512331 3599999999999999
 37 53 83118150169172157130 97 67 46 42 57 86121153173175161134101 70 4920 325HM 5381731738177999999999999991143 422357 4199999999999999
 41 51 75108141165174164140107 73 47 35 41 65 99135162174169149119 89 6420 326HM 5581741811175999999999999991210 35999999999999999999999
 51 53 71100132159172168149118 83 53 34 32 48 77112144165169158135106 8120 327HM 618173184616999999999999999 021 501236 3099999999999999
 64 61 72 95123150167169155128 95 62 39 29 37 59 90122148161159144122 9820 328HM 638170192316299999999999999 044 6013 4 2999999999999999
 79 71 76 93116141159165158137107 75 49 34 33 46 70 9912714615314813211320 329HM 65916520 415399999999999999 1 7 711333 3199999999999999
 95 85 85 95112132149159157142118 90 63 44 36 41 56 7810312513914313712420 330HM 720159205314399999999999999 131 8414 7 3699999999999999
110100 97101112126140150152144127104 80 60 47 43 48 62 8010011813013413020 331HM 744152215913499999999999999 156 971454 4399999999999999
123115111111115123132139143141132117 98 80 65 54 50 52 61 75 9210812112820 4 1HM 812143235513099999999999999 2291101611 5099999999999999
130128126124123124126129132133132125115103 89 75 63 54 50 54 65 81 9911620 4 2HM 9 1133999999999999999999999 4 812318 0 5099999999999999
128136140139135130124120119121124126127123116103 87 68 52 43 43 53 71 9420 4 3HM 224140113712799999999999999 7541191929 4199999999999999
116135148153150140127115106104108117128137140134118 95 69 47 33 32 44 6720 4 4HM 3 6153135314099999999999999 8491042035 3099999999999999
 96125148162163153135115 97 87 87 98116137153159151130100 67 39 24 24 4120 4 5HM 337164145915999999999999999 927 862128 2299999999999999
 71106140164173167148121 94 73 66 73 93121150171176164137101 63 34 20 2520 4 6HM 4 517415501779999999999999910 2 662214 1999999999999999
 48 84124158177178162133 99 68 49 47 63 93130164185187170138 98 60 33 2420 4 7HM 4331801637189999999999999991037 452256 2499999999999999
 35 65105145174184175148111 73 42 27 34 59 98140174192190169135 95 60 3820 4 8HM 5 01841723194999999999999991112 272335 3499999999999999
 36 55 89130164184183162127 86 47 21 14 29 62105147178191185162128 93 6420 4 9HM 52718618 9191999999999999991149 14999999999999999999999
 50 56 81116152177185173144104 62 28  9 10 33 69112149174182173151122 9320 410HM 553185185718299999999999999 012 501225  799999999999999
 73 68 81107139166181177156122 83 45 18  8 16 42 7811514616516916014011720 411HM 619182194716999999999999999 046 6713 3  899999999999999
 97 86 88104129154171175163137103 68 38 19 16 28 53 8411413815215414613220 412HM 645176204115499999999999999 120 851342 1599999999999999
117105101107122141158166162146120 90 62 40 29 30 42 63 8711012813914113620 413HM 712167214714199999999999999 1541011426 2899999999999999
129120115114121132144153154146130108 85 65 51 44 45 53 68 8610411812813220 414HM 741155233413399999999999999 2331141524 4399999999999999
133130127124123126131137141139132119104 89 76 65 58 56 60 69 83 9811212320 415HM 816141999999999999999999999 3451231651 5699999999999999
131135136134129125122122124126126123117109100 89 78 68 61 61 67 79 9411020 416HM 148136 92712799999999999999 6261221834 6099999999999999
124136142143138129119111108110114118121122120112100 86 71 62 59 65 78 9520 417HM 237144124712299999999999999 8 81081949 5999999999999999
114132145150147136120105 95 92 97106118128134132123107 88 70 58 56 64 8120 418HM 3 6151142013499999999999999 851 922043 5599999999999999
103125144155155145126105 87 78 79 90107125140147143129108 85 65 54 55 6820 419HM 33015715 814799999999999999 924 772125 5399999999999999
 90116141157162154135110 85 67 62 70 89114138154158148129103 78 60 53 6020 420HM 352162154715899999999999999 954 6222 1 5399999999999999
 79106134156167163145118 88 63 49 51 69 97127153166164148124 96 72 57 5620 421HM 4131671622167999999999999991022 482233 5599999999999999
 70 95125152168169154127 95 64 42 36 48 75110143165173164143115 88 67 5920 422HM 4331711656173999999999999991050 3623 3 5999999999999999
 66 87116146167174163138105 70 41 27 31 53 87125156173174159134106 81 6720 423HM 4541741730176999999999999991117 262330 6599999999999999
 67 82108137162174170149117 80 46 25 20 35 65103139165175169149123 97 7920 424HM 51517518 5175999999999999991144 192356 7299999999999999
 72 80101129155172173158129 93 57 29 16 22 45 80118150169172160138113 9220 425HM 5361751840172999999999999991212 16999999999999999999999
 81 83 97121146165172164141107 71 40 20 17 31 59 9412915416616414912810720 426HM 558172191916799999999999999 023 801241 1699999999999999
 93 89 97115137156167165149121 88 55 31 20 25 43 7210513415316015414012220 427HM 62116820 116099999999999999 049 891313 2099999999999999
107 99101112129146158161152132104 74 48 31 27 35 55 8210913314815214613420 428HM 646162205215299999999999999 119 991350 2799999999999999
121112109113123136148154151139119 94 69 50 38 36 45 62 8510812814114514120 429HM 713154215914599999999999999 1541091440 3699999999999999
133125120119122129136142144139128112 93 74 58 48 45 51 64 8310312213514120 430HM 748144233214299999999999999 2471181551 4599999999999999
142138133128124124125128131132131124114101 86 71 58 51 52 61 77 9711713320 5 1HM 859132999999999999999999999 4491231724 5199999999999999
144148146140131123116113114117123127128125116101 83 66 54 50 57 73 9411820 5 2HM 110148114712899999999999999 7201131852 5099999999999999
138151156153142127112100 94 96105117131140141133116 94 71 54 48 54 72 9720 5 3HM 2 5156134114299999999999999 816 9420 1 4899999999999999
124148162164155137114 93 77 72 79 95118140155159149128101 74 54 47 55 7720 5 4HM 242165144815999999999999999 857 722057 4799999999999999
107137161172169151124 94 68 51 50 65 91123152171174161136105 75 55 51 6320 5 5HM 315173154217599999999999999 934 492146 5099999999999999
 89122154174179166139104 69 41 28 34 57 92131164183183167139107 77 60 6020 5 6HM 3451791632185999999999999991012 272230 5899999999999999
 77107141169183179156121 81 43 18 11 25 56 98140172188186167139107 81 6820 5 7HM 4151841721190999999999999991050 102311 6899999999999999
 74 96128159181186172141101 58 23  3  3 25 62105146175188182163135107 8620 5 8HM 4451871810188999999999999991128  02351 8099999999999999
 80 91116146172186181158123 81 40 10 -3  5 32 7111314917318117415513110820 5 9HM 51518618591819999999999999912 7 -3999999999999999999999
 94 94109134160178182169142104 65 30  8  3 16 44 8111914916717116314612720 510HM 545183194917199999999999999 029 921246  299999999999999
110103108124146165176172154124 90 56 29 14 15 31 58 9012114515816015213920 511HM 615176204016199999999999999 1 61031327 1399999999999999
125114111119133150163166158138110 81 55 36 27 31 47 71 9712214014915014520 512HM 647167213615199999999999999 1461111411 2799999999999999
135125118118124136147154153142124102 80 61 48 43 47 61 8010112013514314420 513HM 722155224414499999999999999 23411715 1 4399999999999999
141134127121120124131138141139130116100 85 71 61 57 60 70 8510311913214020 514HM 8 8141999999999999999999999 34412016 6 5799999999999999
143141135128121117117120124127127123115105 94 83 74 68 69 76 8810412013320 515HM 0 4143 92812899999999999999 5321171726 6899999999999999
142145143137126116108104106111117121123121115105 94 83 75 73 78 9010712420 516HM 1 9145115712399999999999999 7131041846 7399999999999999
138147150146135120105 93 88 91100111122129131126115101 88 78 75 81 9411320 517HM 153150134513199999999999999 8 8 881951 7599999999999999
131146155154144127107 88 75 72 79 95113129140142135122105 89 79 77 8510220 518HM 226155144414299999999999999 847 722041 7699999999999999
122142156161154137113 88 68 57 59 74 96121141152152142124105 88 79 80 9320 519HM 254161153015399999999999999 920 562123 7899999999999999
113136155165163148123 94 67 47 42 52 75104133154163158144123102 87 81 8720 520HM 32016516 916399999999999999 951 4222 0 8199999999999999
104127150166169158135104 71 44 30 33 52 83117147165170160142119 99 86 8620 521HM 3451701646170999999999999991020 292233 8499999999999999
 98119143164173168148117 81 48 26 19 32 60 96132160173172158136113 96 8820 522HM 4 91731723174999999999999991050 1923 4 8899999999999999
 94111135158173174160132 95 59 29 14 17 38 72111146169176169152129108 9520 523HM 4351761759176999999999999991120 122335 9399999999999999
 94105126150169177169146113 74 40 16 10 21 49 8612515517317516314412210520 524HM 5 21771837176999999999999991152  9999999999999999999999
 98103118140161174174158130 94 57 28 12 13 31 6310013516017216915613711820 525HM 529176191817399999999999999 0 7 981226 1099999999999999
106104113130150166172165144114 79 47 23 14 22 44 7511014116116816314913220 526HM 55917220 316899999999999999 04010313 3 1499999999999999
117109111122139155165165153131101 70 43 26 23 33 55 8511614215816215614420 527HM 631167205316299999999999999 1181091346 2299999999999999
130119114118128142153158155142121 95 69 48 35 33 44 65 9211814115415815220 528HM 7 9158215115899999999999999 2 31141437 3299999999999999
142130121118120128137145148145134117 96 75 57 46 45 54 72 9511913915215520 529HM 8 1148225415599999999999999 3 41181538 4499999999999999
151142131122116116120126133137137131120104 87 70 58 55 61 77 9812014015320 530HM 932138235715799999999999999 4331151651 5599999999999999
157152143130117108104105110119128134135129117101 84 70 64 68 8110112414420 531HM1138135999999999999999999999 61910418 8 6499999999999999
157160155142124107 93 85 85 93107123136144142132115 96 80 71 73 8610713120 6 1HM 052160132114499999999999999 731 841920 7199999999999999
151164165155137114 91 72 62 64 77 98122143155157147128107 88 78 80 9411620 6 2HM 138166143615799999999999999 822 612022 7799999999999999
141161171169153128 99 70 48 39 45 65 94125152167169158138115 94 84 8710320 6 3HM 218172153817099999999999999 9 6 392117 8399999999999999
128153171178169147116 80 48 26 20 33 60 95132161177178165144119 99 90 9620 6 4HM 257178163317999999999999999 949 2022 6 9099999999999999
115140165180181166137100 61 28  9  9 28 61101139168183182167145120102 9720 6 5HM 3341831725184999999999999991031  72251 9799999999999999
106127153175185180158124 84 45 14  0  6 30 6710914717318418016414211910520 6 6HM 4111861813185999999999999991112  0233510299999999999999
104116139163181186174147110 69 33  8  0 12 40 7811815217418117515813611720 6 7HM 4481861859181999999999999991154  0999999999999999999999
107111126148170183181163133 96 59 27  9  8 24 54 9112715617217516614913020 6 8HM 524184194217599999999999999 0161071235  699999999999999
115110117134155172179171150120 85 53 29 17 21 40 7010313415716716615614020 6 9HM 559179202416899999999999999 0561101315 1799999999999999
124114113122139156168170158136108 78 53 35 30 38 58 8511413915616215814720 610HM 63617021 516299999999999999 1361121355 3099999999999999
133120113114124139152160157145125100 77 58 46 45 55 74 9812314215415715120 611HM 717160214715799999999999999 2211121436 4499999999999999
140128117112114122134143148145134117 98 80 66 59 60 71 8810912914415215320 612HM 8 6148223215499999999999999 3141121521 5999999999999999
147136125115109110116124132136134127115101 88 78 73 75 84 9811613314615220 613HM 915136232115299999999999999 4241091614 7399999999999999
151144133121110103101104111120126128125118108 98 90 85 86 9310512113714820 614HM1054128999999999999999999999 5521011722 8599999999999999
153151143130116102 92 88 90 99111121128129126118109100 94 94 9911112614120 615HM 012153124613099999999999999 7 8 881838 9399999999999999
151155151141125107 90 77 72 77 90107122133138136129118108101 9910411713320 616HM 059155141113899999999999999 8 0 721946 9999999999999999
147156158151136116 93 73 60 58 67 8610812914314914613712511210410211012420 617HM 142158151114999999999999999 840 57204010299999999999999
140155162160148128102 75 54 43 46 63 8811613915415915414212711310510611620 618HM 220163155815999999999999999 916 43212510499999999999999
132150163168160142115 84 55 35 30 41 65 9612715216616715914312611110511020 619HM 255168163816899999999999999 950 3022 510599999999999999
124142160171171157132 99 64 36 21 22 41 7110714016417417215914012210910720 620HM 3291731717175999999999999991025 19224210699999999999999
116133153170177171150118 81 46 21 12 21 46 8212015217317917215513511710820 621HM 4 317717551799999999999999911 0 12231910799999999999999
110123143164178180167139103 65 32 12  9 25 55 9413316317918016814912911420 622HM 4381811834181999999999999991138  8235710899999999999999
108115131152172182178159127 89 52 23  9 12 34 6810714316918017716214212320 623HM 5141821915181999999999999991218  8999999999999999999999
111110120139160176181171148115 78 45 21 12 21 46 8111915117217817115513520 624HM 552181195617899999999999999 0361091259 1299999999999999
118110112125144162174175162138106 73 43 25 21 34 61 9512915617217416414720 625HM 633176203917599999999999999 1171091343 2099999999999999
128114109113127144159167165152130102 72 48 35 35 50 7610713715917016915720 626HM 720168212217199999999999999 2 21091429 3399999999999999
140122110106111123138150157155145126102 78 59 49 52 66 9011814316116816320 627HM 82015722 616899999999999999 2551061518 4899999999999999
150133116105101104114126138146147140126108 89 73 66 69 8210312614816216620 628HM 941147225016699999999999999 3591011613 6699999999999999
159145127110 97 91 92 99111124136142140132118103 90 83 85 9611313415316420 629HM1120142233716699999999999999 521 901719 8399999999999999
165157141121102 86 77 75 81 95112128140145141132119106 98 9810612214115720 630HM13 4145999999999999999999999 643 751835 9799999999999999
166166156138116 93 73 59 56 64 8110312514315215314613412010910711312814620 7 1HM 027167143515499999999999999 748 56194910699999999999999
162170168156135109 81 57 41 38 49 71 9912614916216515814412811611211813320 7 2HM 120170154616699999999999999 842 38205311299999999999999
151167174171156131100 68 41 26 25 40 67 9913215717217516615013111811412220 7 3HM 214175164217599999999999999 931 23214911499999999999999
138157172179174155126 90 55 28 14 18 38 6910514016718018016814912911611420 7 4HM 3 51791729182999999999999991017 14223911399999999999999
124143163179184174151117 79 44 19  9 18 42 7711615017418418016414312411320 7 5HM 35218418101849999999999999911 2  9232311299999999999999
114128149170184185170143106 68 35 14 10 24 53 9012916017918317415613411720 7 6HM 4341861847184999999999999991143 10999999999999999999999
109115133155176186182162131 95 59 31 16 18 37 6910714216818017816414412420 7 7HM 514187192018199999999999999 0 31091222 1599999999999999
110107118138161178184174151119 84 53 31 23 32 56 8912415317217716915213220 7 8HM 552184195117799999999999999 0411071258 2399999999999999
114104107122143164176176162138107 76 51 37 36 50 7610813916117217015814020 7 9HM 629178202117399999999999999 1171041332 3499999999999999
121106102108125145161169165149125 98 73 55 48 53 71 9712514916516916214720 710HM 710169205116999999999999999 15410214 5 4899999999999999
129112101100109125142154158152137116 94 75 64 63 72 9111413815616516415320 711HM 755158212316699999999999999 236 991437 6299999999999999
137120106 98 99107120134144147141129112 96 83 78 80 9110812714515816315820 712HM 852147215716399999999999999 324 971512 7799999999999999
145129114101 95 95101112123133137134125114103 95 93 9610611913514915815920 713HM10 4137223616099999999999999 428 941555 9399999999999999
152139124109 96 89 87 9110111312513113212812111410910710911612714015115720 714HM1136132232115899999999999999 548 87165810799999999999999
156148135120104 89 79 76 80 9110612013113513513212712111811812213114215220 715HM1327136999999999999999999999 7 0 76183411799999999999999
157155147133115 96 79 66 62 68 8310212113514414614413713012412112513414520 716HM 013157145714699999999999999 755 62195612199999999999999
155159157147130109 85 64 51 49 59 7910312614515515815414413312512112613620 717HM 111159155115899999999999999 840 48205612199999999999999
149159164161148126 99 71 48 36 38 54 7910913615716816816014613212212012620 718HM 2 8164163216999999999999999 922 35214512099999999999999
139154167172166148120 87 55 32 23 31 52 8411814917017817416114412711811820 719HM 25917217 91789999999999999910 3 23222811799999999999999
128145163176179169144111 73 40 19 14 28 56 9313116218118517615813712011320 720HM 3451801746185999999999999991045 1423 911399999999999999
117131152173185185168138100 60 28 10 11 31 6510614517418818617215012811220 721HM 4281871822189999999999999991127  8234810899999999999999
108117136160181191186164130 89 50 21  8 15 40 7912115818319018216313911720 722HM 51019218581909999999999999912 9  8999999999999999999999
104105119142167186192182157121 81 44 20 13 26 56 9613716918718717415112620 723HM 553192193318999999999999999 0271031250 1399999999999999
106 97103121146169185187174148113 76 45 27 27 45 7711615117618618016213720 724HM 63818820 718699999999999999 1 7 971331 2499999999999999
112 96 92101121145166178178164139108 76 52 41 47 68 9913316217918117014820 725HM 728179204018299999999999999 148 911410 4199999999999999
123101 88 87 99118139157167166154133107 83 66 61 70 9212014716817817415820 726HM 826168211317899999999999999 232 861450 6199999999999999
135111 92 82 83 94110128144154154146130112 95 84 84 9411213515617117416620 727HM 935155214817599999999999999 325 811533 8399999999999999
148126104 87 77 77 85 9811413014114514213312211110510511312714516017017020 728HM11 3145222817199999999999999 433 76162810499999999999999
159142121100 83 72 68 72 83 9911713114014314113612912312112513514816116720 729HM13 4144231916899999999999999 6 0 68175012199999999999999
166156140120100 80 65 57 59 69 8710712614115015315014313513013013714815920 730HM1459153999999999999999999999 722 57192812999999999999999
165165157143123 99 75 56 45 46 58 7810312714716116616215214013112813414520 731HM 02816616 316699999999999999 827 44204512899999999999999
157166168162147124 96 68 46 34 36 51 7610513415817217616815313712612313020 8 1HM 149168164617699999999999999 921 33214412399999999999999
144159171175168150123 90 59 36 26 31 50 8011414617018218016714812911711720 8 2HM 25617517211829999999999999910 9 25223111699999999999999
128145164178182172149117 81 49 28 22 32 57 9112816018018617715913611710920 8 3HM 3471821752186999999999999991052 22231110899999999999999
113128151172186186170142107 71 41 24 24 41 7110914617318618316814612210620 8 4HM 4301881820187999999999999991130 22234710199999999999999
102112133159181190184163131 95 61 36 26 33 57 9213016218218617515412910720 8 5HM 5 819118451869999999999999912 4 26999999999999999999999
 96 98115141167185189177151118 83 54 36 34 50 7911514917418417916213711320 8 6HM 54419019 918499999999999999 020 951236 3399999999999999
 95 90 99121148172185182165137105 74 52 43 50 7210413716518018116814612020 8 7HM 620186193318299999999999999 051 8913 4 4399999999999999
 98 86 88103127153171178171151123 95 71 57 57 71 9612615417318017215412920 8 8HM 658178195718099999999999999 124 851331 5699999999999999
106 88 83 90107130152165167157138113 91 75 70 76 9411914416517517416013920 8 9HM 740168202217699999999999999 157 831357 7099999999999999
115 95 83 82 92109129146156156145128109 93 85 87 9711513515516817216414720 810HM 828157205017299999999999999 235 811423 8599999999999999
126105 89 82 83 9310712413814614513712411110210010511513014515916616415320 811HM 926146212016699999999999999 320 81145010099999999999999
136117100 87 81 82 8910111612913713813312611911611612112813814915816115720 812HM1040138215716199999999999999 422 81152511599999999999999
145129113 98 86 79 77 82 9310712113213613613413213012913113514114915515620 813HM1231137224715699999999999999 545 77165012999999999999999
152142128113 97 83 72 68 71 8310011713114014614714514213713513513914615220 814HM1455147999999999999999999999 7 4 68192413499999999999999
155152145132115 95 76 61 55 60 74 9511613615015916015614813913313113614420 815HM 0 2155154516099999999999999 8 5 55204313199999999999999
152158159152137115 89 65 47 41 48 67 9312114616417317116114813412612513220 816HM 135159162017399999999999999 857 41213512499999999999999
144158168170161141113 80 51 32 28 40 65 9813216017918417616014112511611820 817HM 245170165318499999999999999 945 28221811699999999999999
130148167180182169142107 69 38 20 20 38 6910814717619018917415212911110620 818HM 3381831724192999999999999991030 18225710699999999999999
113132156179193191172139 98 58 27 13 18 43 81125163189196187165138113 9720 819HM 4241941756197999999999999991113 122334 9599999999999999
 96110136165190202195170133 90 50 22 14 26 58100144179196195178150120 9520 820HM 5 92021826198999999999999991154 14999999999999999999999
 84 89111141173196203192164125 83 47 25 24 44 8012316318919718716313110020 821HM 553203185619799999999999999 010 831233 2299999999999999
 79 74 86113146176195198183154117 80 51 38 44 6910614617719319117314411120 822HM 639199192419599999999999999 047 731310 3799999999999999
 83 67 69 86115146172187186171144113 83 63 58 71 9813216318419018015612520 823HM 728188195119199999999999999 125 661346 5799999999999999
 94 71 62 68 87114141162173172158137112 92 81 83 9912415117318518216613920 824HM 823174201918599999999999999 2 6 621420 8099999999999999
110 84 67 62 69 8610913114815715714813411810710310812314216117517917115220 825HM 928159205017999999999999999 253 62145610399999999999999
127102 82 68 64 70 82 9911713314314614313712912412312813815116317117016020 826HM1057146212717299999999999999 354 64154212399999999999999
143123103 86 73 67 67 75 8810412013214014414514314013813814315015816316120 827HM1345145221916399999999999999 525 66172313899999999999999
154141126109 92 77 66 62 65 77 9311112814215215715615114413913914315015520 828HM1521157235415799999999999999 7 3 62193413999999999999999
157154147134118 98 77 61 54 56 68 8710913115116416816415414213213013414220 829HM16 0168999999999999999999999 816 53205313099999999999999
151158161156143123 98 73 54 45 49 64 8711514216417517516514813212011812520 830HM 154161163017799999999999999 912 45214211899999999999999
138153166171166149123 93 65 45 39 46 67 9612815717718317515813611710710920 831HM 3 2171165618399999999999999 957 39222110699999999999999
121141162177181171148117 84 56 39 37 51 78112146173186183168144119101 9520 9 1HM 3481811720187999999999999991036 362254 9599999999999999
103124149173187186169141106 73 48 36 42 63 96133165185188176153125100 8620 9 2HM 4261891742189999999999999991110 362325 8599999999999999
 88104132161184193185161129 94 63 44 41 55 84120155180190182161133104 8320 9 3HM 5 119318 3190999999999999991141 402355 7699999999999999
 77 87111143172190192177149115 83 58 47 53 75109144173188186169142112 8520 9 4HM 53519318231909999999999999912 9 47999999999999999999999
 71 73 91121153179190184164134103 76 59 58 73100134164184188176151121 9220 9 5HM 610190184418899999999999999 023 701235 5699999999999999
 71 65 76100131160179183172149121 94 75 68 76 9712515517718617915913110120 9 6HM 64618419 518699999999999999 052 651259 6899999999999999
 77 64 66 83109138161174172158136112 92 81 83 9712014616818017916514111220 9 7HM 724175192718299999999999999 121 631322 8199999999999999
 86 68 63 72 91115139157165160146127108 97 9410211813915817217616814912420 9 8HM 8 7165195017699999999999999 153 631344 9499999999999999
 98 78 67 68 78 9611713615015414913712311210811112013515016216916615413420 9 9HM 857154201516999999999999999 228 6614 610899999999999999
112 91 77 71 73 82 9711413014114514213512712212212613414415316016115614320 910HM10 2145204516199999999999999 316 70143212299999999999999
125107 92 81 75 75 80 9210612113313914113913713613613814114515015315314820 911HM1145141213015499999999999999 431 74152013699999999999999
138125111 97 85 75 71 73 82 9611312813914614915014814514214014014314614820 912HM144715023 714899999999999999 612 71192214099999999999999
147141132119103 86 71 62 61 70 8710812814515716316315614713813213113514120 913HM1524164999999999999999999999 733 60204313199999999999999
149153153145129107 83 62 49 48 60 8110813515817217617015714112711911912820 914HM 125154155317699999999999999 834 47212611899999999999999
142156167169159137107 76 50 36 37 53 8111514817318618417014912711010310920 915HM 241169162218799999999999999 926 3422 310399999999999999
125147169184184169140103 67 39 26 32 55 90130166189195184161133107 90 8820 916HM 3341861650195999999999999991012 252238 8799999999999999
101127157184199196174139 97 59 32 23 36 66108150183199195175144111 84 7120 917HM 4202001718200999999999999991054 232313 7099999999999999
 76 99132168196208199173134 91 54 32 30 51 87131170196201187158121 86 6220 918HM 5 52081746202999999999999991134 282348 5599999999999999
 56 70100139177202209196166127 87 56 41 48 74113155187201195171136 97 6420 919HM 5502091812202999999999999991212 41999999999999999999999
 46 48 69105145179199202186157122 88 65 59 73103140174195198182151113 7620 920HM 637203183819999999999999999 024 441247 5899999999999999
 49 39 48 74109146174189188173148119 94 80 83101130161184194187164130 9420 921HM 72619119 419499999999999999 1 2 381321 7999999999999999
 63 43 40 53 7911114116417417316014012010510010812615017218518617114611420 922HM 821175193118799999999999999 141 39135410099999999999999
 84 60 47 48 61 8310813214915815815013812712012012814316017317817215613220 923HM 92615920 017899999999999999 226 46142911999999999999999
106 83 66 57 58 68 8310212013514414714614213713513614114915916516615814420 924HM11 5147203416699999999999999 325 56151813499999999999999
126108 91 78 69 66 70 80 9410912413514314815014914614314314514915315314820 925HM14 2150213115399999999999999 455 66173514399999999999999
140129117103 89 77 69 68 74 8610111813414715615915715014113613413614014420 926HM15 1159999999999999999999999 643 68195313499999999999999
145144139129115 97 80 67 63 68 80 9912014115716716715914513112211912313220 927HM 0 1145153116899999999999999 8 0 63205211999999999999999
141150154151140121 98 77 62 57 64 8110413015317017516815313311510510511420 928HM 2 8154155617599999999999999 854 57213010499999999999999
130147161167161145121 94 70 56 54 66 88117146169180177162139115 96 89 9520 929HM 3 3167161818099999999999999 937 5322 2 8999999999999999
113136158174177166144115 85 63 52 56 74103135164181184171148119 94 78 7820 930HM 3441781639185999999999999991013 512232 7699999999999999
 93118147172185182164136105 76 57 53 65 91124156179188179157127 97 73 652010 1HM 4191861659188999999999999991045 5323 1 6599999999999999
 73 97129161184190180156125 94 70 57 62 82113147175189185166136103 74 572010 2HM 4531911719190999999999999991115 572328 5599999999999999
 58 76108143174190189172145114 86 68 65 78104137167186189174147112 79 562010 3HM 5261921739190999999999999991142 642356 4899999999999999
 48 59 86121156181190182160132103 82 72 79 99128159181189180156123 89 602010 4HM 6 019017591899999999999999912 7 72999999999999999999999
 45 47 67 99134165182184170147120 97 84 84 98122150173186183164135101 702010 5HM 635185181918699999999999999 023 441230 8299999999999999
 49 43 54 79112144167178173157135113 97 92100118142164179181169145113 822010 6HM 712178184018299999999999999 050 431253 9299999999999999
 58 46 49 65 91121147164169162145127111104106118136155170176170152126 972010 7HM 75216919 117699999999999999 119 45131610399999999999999
 72 55 51 58 761001251451571591511381251161151211331471601671661551361122010 8HM 839160192416899999999999999 152 51134111499999999999999
 88 70 60 59 67 831031231391491501451371301261281341421511571591541431262010 9HM 940151194915999999999999999 235 58141112699999999999999
106 89 75 67 66 72 83 99116131141145145142140138138140143146149149144136201010HM1118146202814999999999999999 342 66152413899999999999999
124110 97 84 75 69 70 77 90107124138147151153151147142138136136138140140201011HM1351153224314099999999999999 524 69193313699999999999999
138132122109 93 78 67 63 67 81100121141155163164159149137128122122127135201012HM1440164999999999999999999999 658 63203112199999999999999
143148147138121 99 77 60 53 58 74 98125150168175172159142123109103107120201013HM 122149151117699999999999999 8 7 5321 610399999999999999
137154165166154131102 73 52 44 52 74104137165182184173151125101 86 84 95201014HM 234167154018599999999999999 9 1 442140 8399999999999999
118145169183182165135100 68 46 41 54 82118154181193186164133101 75 62 67201015HM 32618516 719399999999999999 947 402214 6299999999999999
 88121156185198193171136 98 65 45 45 65 99138173195196179147109 74 49 42201016HM 4141991635198999999999999991030 432249 4299999999999999
 56 87127167196206197170134 96 65 52 58 84121160190201191164125 83 48 28201017HM 5 120617 2201999999999999991110 512326 2699999999999999
 30 53 91135175200206193165130 95 72 65 79109146179199199178143101 60 29201018HM 5482071730201999999999999991149 65999999999999999999999
 17 27 56 98141176197198184157126 99 83 84103133166190199188160122 80 44201019HM 636200175719999999999999999 0 3 171225 8199999999999999
 21 17 33 64104142172186186172149125106 98106126153177192190172141104 67201020HM 727188182519399999999999999 041 1613 0 9899999999999999
 38 23 25 44 74108139162173171160143127116114125143164179184176154125 92201021HM 822174185318499999999999999 122 22133611499999999999999
 63 43 34 40 57 81108133150159158151141132127128137151164172171159139114201022HM 927160192417399999999999999 2 7 34141712699999999999999
 90 69 55 50 54 67 85106125139148150148144139136136141149155158155145130201023HM105915020 115899999999999999 3 3 50152113599999999999999
113 96 81 70 65 66 73 86102118132142148150149145140136136138141143141136201024HM13 615021 614399999999999999 422 64173713699999999999999
128118107 95 84 75 72 75 84 98115130143152156154147137129123123126130134201025HM14 8156999999999999999999999 6 2 72194012299999999999999
135134129120107 92 80 73 74 83 98116135150160162155142127114106106113123201026HM 0 9135144216299999999999999 724 72203110599999999999999
133142145141130113 95 79 71 72 84102124146162168165151131111 95 88 93106201027HM 2 014515 816999999999999999 821 7021 6 8899999999999999
123141153157151135114 93 76 69 74 90113138160172173160139113 90 75 73 85201028HM 253157153117499999999999999 9 6 692137 7299999999999999
106131153166167156135110 88 72 69 80101128154173179170148120 90 68 58 64201029HM 334168155317999999999999999 943 6922 7 5899999999999999
 85114144167177172155130104 83 72 75 92118147171182178159129 96 66 48 47201030HM 4101771614182999999999999991017 712235 4599999999999999
 63 92127158178182171149122 97 80 76 86109138165182184169140105 71 45 35201031HM 4451821635185999999999999991047 7523 3 3599999999999999
 44 69105142171184181165140114 92 81 85103129158179186177152117 80 49 312011 1HM 5191851657186999999999999991115 812330 2899999999999999
 31 49 82121156178185176155130106 91 88 99122149173185182162131 93 58 332011 2HM 5531851718186999999999999991142 872358 2599999999999999
 25 35 61 98135165180180166144120102 94 99116140164180183170143108 72 432011 3HM 62818217401849999999999999912 7 94999999999999999999999
 27 28 46 77113146168177171155134115103103113133155172180173153123 88 572011 4HM 7 417718 318099999999999999 026 25123310199999999999999
 36 29 37 60 91123150166170161145127114109114128145162172172159135105 752011 5HM 744170182717499999999999999 057 2913 010999999999999999
 51 37 37 50 72101128149161161152139127119119126138152162166159144121 942011 6HM 831162185316699999999999999 132 35133211899999999999999
 70 53 45 47 60 811051271451541541481381311271281341421501551541471321132011 7HM 931155192315699999999999999 216 44141712699999999999999
 92 74 61 55 56 67 831031231391491511481431371341331351381421441431371282011 8HM1052151201314499999999999999 317 54154913399999999999999
114 99 85 72 64 62 68 81 991191361481541541491431361301271261281311341342011 9HM1229154224513599999999999999 443 62184812699999999999999
131124113 98 82 70 64 66 77 95117137153161161155143130118110107111119130201110HM1334162999999999999999999999 614 63195610799999999999999
139143140129111 91 73 63 63 75 95120144162170167155136116 98 87 86 95112201111HM 1 6143141517099999999999999 729 612036 8599999999999999
132150159157144122 97 75 62 62 76101130157174178169148121 93 71 61 66 84201112HM 221160144817999999999999999 828 602112 6199999999999999
111140164176173156129100 76 63 66 84113145171185182163133 98 66 44 38 50201113HM 318177152018699999999999999 919 622149 3899999999999999
 78114150177189183163133102 78 68 75 98130162185192180151113 73 39 20 21201114HM 41018915511929999999999999910 5 682228 1899999999999999
 42 78120160187196188165134104 82 77 90116149178195192170134 91 49 18  4201115HM 5 01961622196999999999999991047 7623 7  499999999999999
 13 41 83128166191197186162132105 89 90107135166189197185156115 71 31  5201116HM 5491971654197999999999999991128 872347 -299999999999999
 -1 15 48 91134169188191179156130108 98104124152178193192172139 97 55 22201117HM 63919217261959999999999999912 7 98999999999999999999999
  3  4 24 58 99138166181181169149127112108118139163182189180156122 84 48201118HM 729183175818999999999999999 027  1124610899999999999999
 22 11 17 38 71106138161171169158142127117118129148166178178165140109 76201119HM 820172183118099999999999999 1 9 11132611699999999999999
 49 30 25 34 54 82111137154161159150138127122125135149161167163148127101201120HM 91516119 616799999999999999 153 25141212299999999999999
 76 56 44 42 51 68 91114134147153151145137129125127134143150152147135118201121HM1017153194915299999999999999 242 42151312599999999999999
100 83 68 60 58 65 79 97115132143149149144137130124123126130135137134127201122HM1130149205713799999999999999 340 58164812399999999999999
117105 93 82 74 71 75 86100117132143149150146137127118113112115120124127201123HM1239150231612799999999999999 453 71184511299999999999999
126122114104 94 84 80 81 90103120135147153153146134120106 97 95 99108118201124HM1329154999999999999999999999 616 801952 9499999999999999
127131131125115102 91 84 85 93108125142154159155144126106 89 78 78 86102201125HM 12713214 515999999999999999 728 832034 7799999999999999
118133141142135122107 94 86 87 98115135152162163154135111 87 68 60 64 80201126HM 235143143616499999999999999 823 8521 8 6099999999999999
103126144153152142126108 93 87 91105126146162169163146120 91 64 48 45 58201127HM 32315415 316999999999999999 9 8 872140 4499999999999999
 82111137156163158144125106 92 89 98116139159172171157132100 68 42 31 37201128HM 4 4163152917399999999999999 946 892210 3199999999999999
 59 90123151167170160142121102 92 95109130154171177168145112 76 45 25 22201129HM 4401711555177999999999999991020 922239 2199999999999999
 37 67103138164175172157136115 99 95103122146167179176158127 90 54 26 14201130HM 5151751620180999999999999991051 9523 9 1499999999999999
 21 45 80119152172177168150128109 99101115137160177181169143107 68 35 142012 1HM 5501771647181999999999999991121 982339 1099999999999999
 11 27 57 96133162176175161141120106101109127150170180176157125 87 50 232012 2HM 6251771714181999999999999991150101999999999999999999999
 10 16 38 73111144167175168152133115106107120139160175177166141107 70 392012 3HM 7 1175174217899999999999999 011 10122110599999999999999
 19 14 26 53 87122151167170161144127114109115130148164172169152125 92 602012 4HM 741170181217399999999999999 046 14125510999999999999999
 35 22 23 39 66 99130153164163153138124115115122136151162164156138112 842012 5HM 826165184516599999999999999 124 20133411499999999999999
 57 38 30 35 52 781061331521601581481351241181181261361471531531441281062012 6HM 917160192715499999999999999 2 8 30142511799999999999999
 83 62 47 41 47 63 861111341501571551461351251191181221291361401411351242012 7HM1015157203314199999999999999 3 0 41153811799999999999999
107 89 72 59 54 58 71 911131341491561541461351231151101111141201271311322012 8HM1115156223413299999999999999 4 4 54172711099999999999999
126116101 86 73 66 67 77 95116137152159156147133117104 95 92 941031151262012 9HM1213159999999999999999999999 520 6519 2 9299999999999999
134135129116101 86 76 75 83100121142158163159146127106 87 73 68 73 88107201210HM 03913613 416399999999999999 640 741959 6899999999999999
127142148144132115 97 84 81 88106129151165169161142117 89 64 48 44 54 76201211HM 2 9148135017099999999999999 750 802045 4499999999999999
104131152162159146126105 90 86 95115139161174175161135102 68 40 23 24 41201212HM 317162143217699999999999999 849 862129 2199999999999999
 70106139163174171155133110 95 92103125151172182178157124 85 47 18  4 10201213HM 414175151218399999999999999 942 912211  499999999999999
 34 70111147173182177159135112 98 98113137162182188176149111 68 29  2 -7201214HM 5 71831552188999999999999991029 962254 -799999999999999
  6 35 76119155179185177157133112101105123148173188188170138 96 53 16 -6201215HM 55518516301909999999999999911131012337-1099999999999999
 -8  9 43 85127161180183172151128110104112132158179189183160124 82 42 10201216HM 64118417 8189999999999999991155104999999999999999999999
 -5 -1 21 56 97136164177176162142122108107119140164181184172145110 71 36201217HM 724178174418599999999999999 018 -6123510699999999999999
 12  3 13 38 73110142163171166151133116108111125145165176174158130 97 64201218HM 8 4171182117799999999999999 059  3131510799999999999999
 37 20 18 31 57 89121146160163155141125112108113128145160165159142117 89201219HM 843163185916599999999999999 138 17135710799999999999999
 63 43 33 36 52 76104129148156155146133119109107114126140149151144128107201220HM 922157194215199999999999999 216 33144410799999999999999
 86 67 54 49 55 71 92115134148152149139127115107106110119128135136130118201221HM10 3152204013699999999999999 255 49154610599999999999999
104 88 75 67 66 73 86104122137147149145135124112104100101106114120123121201222HM104815022 812399999999999999 339 66171410099999999999999
115106 96 88 82 82 87 97111127140147148143133121107 96 89 87 91 99108116201223HM1138149999999999999999999999 437 811849 8799999999999999
119118114108101 95 93 96104116130142149149143131116 99 84 74 71 76 88102201224HM 016119123115099999999999999 6 0 931950 7199999999999999
115123126125120112105100101108120134146152151142127107 86 67 56 55 65 82201225HM 210127132215299999999999999 7241002034 5499999999999999
102120132138137130120110104104112125140151156152139119 93 68 48 39 43 60201226HM 31813814 515699999999999999 8281032111 3899999999999999
 83109130144149146136122110104106117132148159161152133106 75 48 29 25 37201227HM 4 3149144416199999999999999 9161042145 2599999999999999
 61 91120143157158151136120108104109123141157166164149122 89 55 28 14 18201228HM 440159151916799999999999999 9561042218 1499999999999999
 37 68103134156166163150132115105104114132152167172164141107 70 35 12  5201229HM 51416615541739999999999999910321032252  599999999999999
 17 44 80117148167171162145125109102107122143163176175158128 90 51 19  2201230HM 54717116271779999999999999911 61022327  099999999999999
  3 22 55 94132160173171157137118105103112131154172180172148113 73 35  8201231HM 62117417 0180999999999999991140102999999999999999999999
