108109103 89 68 48 32 25 26 36 49 62 73 81 84 81 73 62 52 47 49 57 70 8420 1 1HR 04511014 5 8499999999999999 719 241915 4799999999999999
 94 99 99 92 78 61 46 35 32 36 46 57 67 75 80 81 78 71 62 54 51 52 59 6820 1 2HR 1281001448 8299999999999999 754 322013 5199999999999999
 78 86 90 89 83 71 58 47 40 40 45 53 62 70 77 81 82 79 72 64 57 52 52 5520 1 3HR 223 901545 8299999999999999 834 392139 5199999999999999
 62 69 77 81 82 77 69 59 51 46 46 50 57 65 72 79 84 85 83 76 67 58 50 4720 1 4HR 336 821652 8599999999999999 927 462318 4799999999999999
 48 53 60 69 75 78 76 70 62 55 51 50 53 59 67 76 84 90 92 88 80 68 55 4520 1 5HR 5 5 781753 92999999999999991041 50999999999999999999999
 38 38 43 53 63 73 78 78 74 66 59 53 51 53 60 70 81 91 98100 94 82 65 4920 1 6HR 634 79184410099999999999999 033 3712 1 5199999999999999
 35 28 28 35 48 62 74 81 83 78 69 60 52 49 52 61 75 89101108108 98 81 6020 1 7HR 745 83192910999999999999999 128 2713 3 4999999999999999
 39 24 16 19 30 46 63 78 87 89 82 70 57 48 45 51 64 81 98111118114100 7720 1 8HR 841 89201311899999999999999 215 161352 4599999999999999
 51 28 11  6 12 27 47 67 84 94 93 83 67 52 42 41 51 69 90108121126119 9820 1 9HR 928 95205612699999999999999 258  51437 4099999999999999
 70 40 15  0 -3  8 28 50 72 91100 95 80 61 45 36 39 53 76 9911813013212020 110HR1011100214113399999999999999 341 -41519 3699999999999999
 94 61 29  4 -9 -7  8 31 56 79 97103 94 75 54 37 31 38 58 8310712513613520 111HR1053103222613899999999999999 423-1016 0 3199999999999999
118 87 52 19 -4-14 -7 12 37 63 86102103 89 66 45 31 28 40 63 9011213013820 112HR1134104231113999999999999999 5 6-141641 2899999999999999
133111 78 42 12 -8-13 -2 20 46 71 92103 99 81 57 38 27 29 44 68 9411412920 113HR1214104235713599999999999999 547-141723 2699999999999999
135126102 69 35  8 -7 -6  9 32 56 78 95101 92 72 50 33 26 31 48 72 9411220 114HR1253101999999999999999999999 628 -918 6 2699999999999999
124127115 91 60 31  9  0  5 22 44 65 84 96 97 85 65 46 32 28 35 51 71 8920 115HR 0441271334 9899999999999999 7 8  01853 2899999999999999
104114114102 80 54 31 16 12 20 37 56 73 87 95 92 80 62 46 35 32 38 52 6720 116HR 1341161416 9599999999999999 748 121948 3299999999999999
 81 93100100 90 72 53 36 26 26 35 50 65 79 89 94 90 78 63 49 39 35 39 4820 117HR 23010115 3 9499999999999999 830 242057 3599999999999999
 59 69 79 86 87 81 69 55 43 37 39 47 59 71 82 91 94 90 81 67 53 42 37 3620 118HR 339 8716 0 9499999999999999 918 372231 3699999999999999
 41 48 57 66 74 78 76 69 60 51 47 48 54 63 74 85 93 96 94 86 73 58 44 3520 119HR 514 781711 97999999999999991021 46999999999999999999999
 31 31 37 45 55 66 73 76 73 66 58 52 51 55 64 76 87 97102101 93 78 60 4320 120HR 659 76182410299999999999999 019 301144 5199999999999999
 30 22 22 27 37 50 63 75 81 79 71 61 53 50 54 64 78 91102109108 98 80 5920 121HR 816 81192711099999999999999 137 2113 0 5099999999999999
 39 23 14 13 21 33 49 66 80 87 84 73 59 49 45 50 64 81 97109116114101 7920 122HR 910 87202011799999999999999 232 121357 4599999999999999
 54 31 14  6  8 19 35 53 73 88 92 85 70 53 42 39 48 65 8610311612211710020 123HR 952 9321 712299999999999999 316  51444 3999999999999999
 74 46 22  6  0  7 22 41 62 82 95 95 82 62 44 34 35 48 70 9211012212611620 124HR1030 96214812699999999999999 355  01526 3399999999999999
 93 64 35 12  0  0 11 30 51 72 90 98 92 73 52 35 28 34 53 77 9911612612520 125HR11 4 98222612799999999999999 430 -216 3 2899999999999999
109 82 51 24  5 -2  4 21 41 62 82 96 97 84 62 41 27 25 38 61 8610612012520 126HR1135 98225912599999999999999 5 1 -21638 2499999999999999
118 97 67 38 14  1  1 14 33 54 74 89 97 90 72 50 32 23 28 45 70 9311012020 127HR12 3 97233012299999999999999 530  01711 2399999999999999
120107 82 52 26  9  3 11 28 48 67 83 93 92 80 60 40 27 24 34 54 78 9811120 128HR1228 94235911699999999999999 556  31743 2499999999999999
116110 91 65 39 19  9 11 24 43 62 77 88 91 84 68 50 34 26 29 42 62 83 9820 129HR1251 91999999999999999999999 620  91816 2699999999999999
107107 96 76 52 31 18 15 24 40 58 73 84 89 86 75 59 43 32 29 35 50 67 8320 130HR 0301081312 8999999999999999 643 151851 2999999999999999
 94 99 95 82 62 43 28 22 26 38 54 69 80 86 87 80 68 54 42 34 34 41 54 6720 131HR 1 4 991335 8799999999999999 7 7 221933 3399999999999999
 79 87 88 82 70 54 40 32 31 38 51 64 75 83 86 84 76 66 54 44 38 38 44 5320 2 1HR 144 8814 7 8699999999999999 734 302029 3799999999999999
 63 72 77 77 72 63 52 43 39 42 49 60 70 78 83 84 82 76 67 56 47 41 40 4220 2 2HR 236 781456 8499999999999999 8 5 392150 3999999999999999
 48 55 62 67 69 67 61 54 49 48 50 56 64 72 78 83 85 84 79 71 60 50 41 3720 2 3HR 357 691617 8599999999999999 850 482336 3699999999999999
 36 40 46 54 60 65 67 64 60 56 54 55 58 64 70 78 84 89 90 86 76 64 50 3820 2 4HR 552 671743 90999999999999991018 54999999999999999999999
 30 27 30 37 47 57 66 71 71 68 62 57 54 55 60 69 79 89 97 99 94 82 66 4720 2 5HR 733 721853 9999999999999999 059 271221 5499999999999999
 31 19 15 19 30 44 58 71 78 79 74 64 55 49 49 55 68 83 97106110103 87 6520 2 6HR 836 80195211099999999999999 158 151333 4899999999999999
 41 20  7  4 11 26 45 63 79 88 86 76 61 48 40 41 52 70 89106118120111 8920 2 7HR 922 88204612199999999999999 247  31425 3999999999999999
 60 31  8 -6 -6  7 27 50 72 89 96 90 73 53 37 30 34 50 73 9711612813011520 2 8HR10 2 96213613199999999999999 331 -71510 2999999999999999
 87 52 20 -4-15-11  8 32 58 82 99102 89 66 42 26 20 29 51 7910412413713520 2 9HR1040103222413899999999999999 412-161554 2099999999999999
114 80 43 10-13-19 -9 15 42 70 94107103 82 55 31 15 14 28 55 8410913014020 210HR1117108231014199999999999999 452-201636 1399999999999999
134108 70 33  2-16-16  1 27 56 82103110 98 72 43 21  9 12 31 59 8711113020 211HR1153110235413799999999999999 531-191719  899999999999999
137125 96 59 25 -1-12 -5 16 44 70 93108107 89 61 34 15  7 15 36 62 8710920 212HR1227110999999999999999999999 6 7-1218 1  799999999999999
124126110 82 49 21  3  0 13 36 60 83100108100 79 52 29 14 10 21 41 63 8320 213HR 03812713 110899999999999999 642 -11845 1099999999999999
101111109 93 68 43 23 13 17 33 54 74 91102103 92 71 48 29 18 17 27 44 6020 214HR 123112133510499999999999999 715 131933 1699999999999999
 76 88 94 91 78 60 42 30 28 35 51 68 83 94100 97 85 67 49 34 26 26 33 4320 215HR 212 95141110099999999999999 746 272031 2599999999999999
 54 64 73 77 75 67 57 47 41 43 51 63 76 86 93 95 92 82 68 54 42 34 32 3420 216HR 314 771457 9599999999999999 819 412156 3299999999999999
 39 45 52 59 64 66 64 59 55 53 54 60 68 76 84 89 92 91 84 74 62 50 40 3420 217HR 459 661611 9299999999999999 9 7 53999999999999999999999
 32 32 35 41 49 57 63 67 66 63 61 59 61 65 72 80 87 92 93 90 81 69 55 4220 218HR 721 671751 9399999999999999 018 311059 5999999999999999
 32 25 24 27 34 45 57 68 74 74 69 63 57 55 59 66 77 87 95 99 98 89 74 5620 219HR 831 75191510099999999999999 150 241253 5599999999999999
 39 25 17 16 22 33 48 63 77 83 80 70 58 49 46 51 63 77 91102107105 93 7320 220HR 910 83201510799999999999999 238 161354 4699999999999999
 51 31 16 10 12 23 38 56 74 87 90 80 65 49 38 36 46 63 81 98109114109 9120 221HR 942 9021 211499999999999999 313  91439 3699999999999999
 67 42 21  8  5 13 29 47 68 86 95 91 75 54 36 27 30 45 67 8810511711910720 222HR1012 96214111999999999999999 344  51517 2799999999999999
 84 56 30 11  2  6 20 40 60 81 96 99 86 64 41 25 20 29 50 75 9711312111820 223HR1041100221612299999999999999 412  21551 2099999999999999
100 71 42 18  3  2 13 32 54 74 92101 95 75 50 28 16 18 34 59 8410511812220 224HR11 7101224712299999999999999 438  11624 1599999999999999
111 86 56 28  9  2  8 26 48 69 88100100 85 61 36 19 13 21 43 69 9311011920 225HR1131102231612099999999999999 5 2  21656 1299999999999999
116 97 69 40 18  6  7 21 43 65 83 97101 92 71 46 25 13 14 29 53 78 9811220 226HR1151102234411599999999999999 525  41726 1299999999999999
114104 80 53 28 13  9 19 38 61 80 94101 96 80 57 35 19 13 21 39 63 8410020 227HR1210101999999999999999999999 546  91757 1399999999999999
108104 88 64 40 22 15 20 35 57 76 91 99 98 87 68 46 28 18 18 30 49 69 8620 228HR 013108122710099999999999999 6 7 151830 1799999999999999
 97 99 90 72 51 33 23 23 35 53 72 87 96 98 91 77 58 40 27 21 25 38 55 7120 229HR 044 991245 9899999999999999 629 2219 5 2199999999999999
 83 89 87 77 61 44 33 30 36 50 68 82 92 96 93 84 69 53 39 30 27 33 43 5620 3 1HR 118 8913 6 9699999999999999 651 301948 2799999999999999
 68 75 78 75 66 54 44 39 41 50 63 76 86 92 92 88 79 67 54 42 35 33 37 4420 3 2HR 2 0 781335 9299999999999999 715 392048 3399999999999999
 53 60 66 68 66 61 55 49 48 52 60 70 78 85 88 88 85 79 69 58 48 40 36 3620 3 3HR 3 7 681433 8899999999999999 744 482230 3599999999999999
 39 45 50 56 61 63 62 60 58 58 60 64 69 75 80 84 87 88 84 77 66 54 43 3420 3 4HR 519 631642 8899999999999999 838 57999999999999999999999
 30 30 34 41 50 58 65 69 69 67 64 61 60 63 68 75 83 90 95 94 87 74 58 4120 3 5HR 732 691823 9599999999999999 027 291147 6099999999999999
 27 19 18 24 34 48 61 73 79 79 73 64 56 51 52 59 72 86 98106107 98 81 5820 3 6HR 828 80193710899999999999999 140 181320 5199999999999999
 35 17  7  7 17 33 52 70 84 90 86 73 57 44 38 40 53 72 91108119120108 8320 3 7HR 9 6 90203612199999999999999 230  61414 3799999999999999
 53 25  5 -5 -1 15 37 61 82 97100 88 67 45 29 23 30 49 74 9811813113011220 3 8HR 941101212813399999999999999 312 -51459 2399999999999999
 80 45 15 -6-12 -1 21 48 74 97110105 84 56 31 14 11 24 49 7910512714013520 3 9HR1016110221614099999999999999 352-121543 1199999999999999
110 73 35  5-12-12  6 33 62 89111117104 75 43 17  2  4 23 52 8311013214220 310HR105111823 114299999999999999 429-151626  199999999999999
131100 62 26  0-11 -3 21 50 79104120118 96 62 30  6 -4  2 25 56 8511113120 311HR1124122234413699999999999999 5 5-1117 8 -599999999999999
136119 87 51 21  1 -2 14 41 69 95115123112 84 50 21  1 -4  7 31 59 8510820 312HR1157123999999999999999999999 539 -31750 -599999999999999
123121102 72 43 20  9 15 35 61 86106119118101 72 42 17  3  2 16 38 60 8120 313HR 027125122812199999999999999 611  91833  199999999999999
 99108103 84 61 40 26 23 35 56 79 97111116109 89 63 39 20 11 13 26 42 5920 314HR 110108125711699999999999999 640 231918 1099999999999999
 74 86 90 84 70 55 42 36 41 54 72 89101108108 98 80 60 41 28 22 25 34 4420 315HR 156 90132710999999999999999 7 6 3620 9 2299999999999999
 54 64 71 73 70 63 55 49 49 56 68 80 91 98101 98 90 77 62 48 39 34 34 3720 316HR 257 7314 310199999999999999 731 492126 3399999999999999
 42 47 53 58 62 64 63 60 59 61 65 72 80 86 90 92 92 87 79 69 58 49 42 3820 317HR 458 641516 9399999999999999 8 1 59999999999999999999999
 36 37 39 44 51 59 65 68 69 68 67 67 69 72 77 82 87 90 90 85 77 66 55 4420 318HR 745 691723 9099999999999999 019 361028 6699999999999999
 36 31 30 33 41 51 63 72 77 77 72 65 60 59 62 69 78 87 93 96 93 84 70 5520 319HR 823 7819 1 9699999999999999 146 301250 5999999999999999
 41 30 24 25 32 44 58 72 83 86 80 69 57 49 47 53 64 78 91100104100 87 6920 320HR 850 8620 310499999999999999 223 241346 4799999999999999
 49 33 22 19 24 36 52 69 84 93 91 78 60 45 36 37 48 65 83 98108110102 8420 321HR 917 94204711199999999999999 251 191425 3599999999999999
 61 40 23 15 17 29 46 64 83 97100 89 69 47 31 25 31 49 71 91106115114 9920 322HR 943100212411699999999999999 317 1415 0 2599999999999999
 75 50 28 15 12 22 40 60 79 96105 99 80 55 33 19 19 32 55 79 9911411911120 323HR10 9105215711999999999999999 342 121534 1799999999999999
 89 62 37 18 11 16 33 55 75 94107107 92 66 40 20 12 18 38 64 8810711911820 324HR1032109222812099999999999999 4 5 1116 6 1299999999999999
102 75 48 25 13 13 27 49 72 91106111102 79 51 26 11 10 23 48 74 9611311920 325HR1053112225711999999999999999 428 111637  899999999999999
110 88 60 35 19 14 23 44 68 88104113109 90 63 36 16  7 13 33 58 8310211420 326HR1113113232711599999999999999 450 1417 8  799999999999999
113 97 72 46 27 18 22 39 63 85102112112 99 75 48 25 11  9 21 43 68 8910420 327HR1131114235710999999999999999 512 181739  899999999999999
109102 82 58 37 25 24 36 58 81 99110113105 86 61 37 20 11 16 32 53 74 9020 328HR1149114999999999999999999999 534 231811 1199999999999999
100100 88 68 48 34 30 36 54 75 94106112108 94 74 51 32 20 17 25 41 60 7620 329HR 02810212 711299999999999999 556 291845 1699999999999999
 87 92 88 75 59 45 38 40 51 69 88101108107 99 84 65 47 32 24 25 34 47 6120 330HR 1 2 92122710899999999999999 618 371925 2399999999999999
 73 80 81 76 66 55 47 46 52 65 80 93101103100 92 79 63 48 37 31 32 39 4820 331HR 144 82125410399999999999999 642 452020 3099999999999999
 58 66 71 72 69 64 58 54 56 63 73 83 92 96 97 94 88 79 67 54 44 37 36 3820 4 1HR 249 721343 9799999999999999 711 542149 3599999999999999
 44 50 57 63 67 68 67 65 63 64 68 73 79 84 89 92 93 91 85 75 63 50 40 3420 4 2HR 5 1 6816 2 9399999999999999 8 6 632349 3399999999999999
 33 35 41 50 59 67 73 75 74 71 68 65 66 69 74 82 90 97 99 96 86 71 54 3920 4 3HR 7 7 7518 0 99999999999999991125 65999999999999999999999
 28 23 26 34 47 61 74 83 86 83 74 63 55 52 55 65 78 92104111109 97 77 5320 4 4HR 757 86192011199999999999999 1 8 2313 2 5299999999999999
 33 18 13 18 32 51 69 86 97 97 87 70 53 40 36 42 57 78 98114123121104 7820 4 5HR 834 99202112499999999999999 2 0 131356 3699999999999999
 48 24  9  6 17 37 60 83101111105 85 60 38 23 20 32 54 8010412313412910620 4 6HR 9 9111211413499999999999999 242  51443 2099999999999999
 73 41 16  2  5 23 49 75 99117121106 78 47 22  8  8 26 53 8210913014013020 4 7HR 94412222 214099999999999999 321  11527  699999999999999
101 66 33 10  1 11 36 65 92116130125101 66 33  8 -4  2 25 55 8511213313920 4 8HR1019131224713999999999999999 359  11611 -499999999999999
123 91 57 28  9  8 25 54 83109129136122 90 54 21 -1 -8  3 28 58 8611213020 4 9HR1052136233113399999999999999 434  61654 -899999999999999
130110 79 49 26 15 22 45 73100122136134112 78 43 15 -3 -5 10 34 61 8610820 410HR1125137999999999999999999999 5 8 151737 -699999999999999
120115 95 68 45 29 26 40 65 91112128134124 99 67 37 14  2  5 20 41 62 8320 411HR 014121115613499999999999999 540 251820  199999999999999
 99106 98 81 61 45 37 42 59 82102118127125112 87 60 36 19 12 17 31 47 6220 412HR 058106122512899999999999999 6 9 3719 4 1299999999999999
 77 87 90 83 71 58 50 49 58 74 92106116119113 99 80 59 41 29 25 30 39 4920 413HR 146 90125411999999999999999 636 481953 2599999999999999
 59 69 76 77 74 67 61 58 61 70 82 94103108108102 91 77 61 49 40 37 39 4420 414HR 249 77133110899999999999999 7 3 5821 2 3799999999999999
 49 55 61 67 70 71 69 67 66 69 75 82 89 94 97 98 95 89 79 68 57 50 45 4320 415HR 440 711443 9899999999999999 741 662317 4399999999999999
 44 46 50 56 64 70 75 76 74 73 72 72 75 79 84 89 93 93 91 84 75 64 55 4720 416HR 654 761646 949999999999999910 9 72999999999999999999999
 42 41 43 48 57 67 77 83 84 80 73 67 63 64 68 76 85 92 96 96 90 80 67 5420 417HR 742 841825 9799999999999999 1 0 411225 6399999999999999
 44 38 37 41 51 63 76 87 92 89 80 68 57 51 52 60 73 86 96102102 94 81 6420 418HR 812 92193110399999999999999 142 371321 5199999999999999
 49 38 33 35 45 59 74 88 98 99 90 74 57 44 39 44 58 75 91102108106 95 7620 419HR 839100201810999999999999999 211 3314 1 3999999999999999
 57 41 31 30 39 54 71 87101107102 85 63 43 31 30 41 60 80 97109114107 9020 420HR 9 4107205711499999999999999 236 301437 2999999999999999
 68 47 33 28 33 48 67 86102112112 97 74 49 30 21 26 43 66 8710511511610320 421HR 928114213211799999999999999 3 1 281510 2199999999999999
 80 57 38 28 29 42 62 83101115119109 86 59 35 18 15 27 49 74 9511211911320 422HR 95111922 511999999999999999 325 271543 1599999999999999
 93 69 46 32 27 36 56 79 99115123119100 72 44 22 11 15 33 58 8210211611820 423HR1012124223711999999999999999 350 271616 1199999999999999
104 81 57 38 29 33 49 73 96113125126112 86 57 31 14  9 20 42 67 9010711620 424HR103412723 911699999999999999 415 291648  999999999999999
111 93 69 48 35 33 44 66 90110123128121100 71 44 22 10 13 28 52 75 9510920 425HR1057128234311299999999999999 440 321721  999999999999999
111100 80 59 43 36 42 59 83104120127125110 86 59 35 18 12 20 38 60 80 9620 426HR1119128999999999999999999999 5 5 361756 1299999999999999
105102 89 70 53 43 43 55 75 97114123125117 99 74 50 31 19 19 29 47 66 8220 427HR 017106114312599999999999999 531 421833 1799999999999999
 93 97 92 79 64 53 48 54 69 88105117121118107 89 68 47 32 24 27 38 53 6720 428HR 056 9712 812199999999999999 557 481916 2499999999999999
 79 87 88 83 73 63 56 57 65 79 95107113115110100 84 66 50 37 31 34 42 5320 429HR 143 89124311599999999999999 627 562011 3199999999999999
 64 73 80 81 79 72 66 63 65 73 83 94102106107105 97 85 70 55 44 37 37 4220 430HR 253 82134710799999999999999 7 8 632130 3799999999999999
 50 59 68 75 79 80 77 73 70 70 74 80 86 93 98102103100 91 78 63 49 40 3720 5 1HR 438 80155110399999999999999 829 7023 6 3799999999999999
 39 45 55 65 76 83 87 85 80 74 69 67 69 74 82 91100106107101 87 70 52 3920 5 2HR 611 8717361089999999999999911 3 67999999999999999999999
 33 33 41 54 68 82 93 98 95 85 73 61 55 54 60 73 88102112116111 95 73 5120 5 3HR 7 9 98185711699999999999999 023 321236 5399999999999999
 35 27 29 41 58 77 94106110103 86 65 48 38 38 48 66 86105119125119 99 7320 5 4HR 75211020 112599999999999999 119 271334 3799999999999999
 48 30 23 29 46 69 91109121121106 81 54 33 22 24 39 62 87108126132123 9820 5 5HR 830123205713299999999999999 2 4 231423 2199999999999999
 69 43 27 23 34 57 83106125134128104 71 41 19  9 14 34 61 8711113013512120 5 6HR 9 8135214713599999999999999 246 221510  899999999999999
 93 64 39 26 27 45 72 99122139143128 96 60 29  8  1 11 34 61 8811313113220 5 7HR 945143223413499999999999999 325 241556  099999999999999
114 86 58 37 29 37 60 89114135147144121 86 50 21  2 -1 13 37 63 8911312720 5 8HR1021148231912899999999999999 4 2 291641 -299999999999999
124104 78 54 39 37 51 77104126143149138111 76 43 17  3  4 20 42 66 8911020 5 9HR1056149999999999999999999999 438 351725  199999999999999
119112 93 71 52 43 48 66 92115133143143127 99 67 39 18  9 14 30 49 69 8820 510HR 0 4119112914599999999999999 512 4318 8  999999999999999
103108 99 83 66 54 51 61 80102120133138132115 89 62 39 24 20 26 40 55 7120 511HR 04910812 213899999999999999 544 511852 2099999999999999
 85 95 96 89 77 65 58 61 72 90107120127128120103 82 60 43 33 32 38 48 6020 512HR 137 97123512899999999999999 616 581938 3199999999999999
 71 81 87 88 83 74 67 65 70 80 93105114117116109 95 79 62 50 43 43 47 5420 513HR 235 88131711899999999999999 652 652033 4299999999999999
 62 69 77 82 84 81 77 73 72 75 82 91 99104107107102 92 79 66 57 51 50 5220 514HR 351 84142310899999999999999 744 722149 5099999999999999
 56 62 68 76 82 85 85 82 78 75 75 78 83 89 95100101 99 92 82 71 62 56 5320 515HR 521 85155610199999999999999 932 752323 5399999999999999
 53 56 62 70 79 86 91 91 87 80 74 70 69 73 80 89 96100100 94 85 74 64 5620 516HR 631 921724101999999999999991134 69999999999999999999999
 52 52 57 65 75 86 95 99 97 89 78 67 60 59 64 74 86 96102103 98 88 75 6220 517HR 714 99183910399999999999999 028 521242 5899999999999999
 54 50 52 60 72 85 97105107101 87 71 57 48 49 57 72 87 99106107100 87 7120 518HR 746107193710899999999999999 110 501329 4799999999999999
 58 50 48 54 67 83 97109115112 99 80 60 44 38 42 55 74 91104111110100 8320 519HR 814115202311299999999999999 143 4814 8 3799999999999999
 66 53 47 49 61 78 96111121122112 92 68 47 33 30 39 57 78 96110116111 9620 520HR 84012321 411699999999999999 213 461444 2999999999999999
 76 59 48 46 55 72 92110124130125107 81 55 34 23 26 41 62 8410311511810720 521HR 9 6130214111899999999999999 242 451520 2399999999999999
 89 68 53 45 49 64 86107124134134121 96 68 42 24 18 26 46 69 9110911911620 522HR 932136221811999999999999999 312 451555 1899999999999999
101 80 61 49 46 57 77101120134140133112 84 55 31 17 17 31 53 76 9711311920 523HR10 0140225511999999999999999 342 461631 1599999999999999
111 92 72 56 48 52 68 92114131141140126101 71 44 24 15 20 38 60 8310211420 524HR1029142233211699999999999999 412 4717 8 1599999999999999
115103 84 65 53 51 61 81104124137142135116 89 61 37 21 17 27 46 67 8710320 525HR11 0142999999999999999999999 443 501746 1799999999999999
112108 94 76 62 54 57 72 93114129138138127106 80 54 34 22 23 35 53 72 8920 526HR 012112113213999999999999999 515 541827 2199999999999999
102106100 87 72 62 59 66 82102118129134131119 99 75 52 35 27 30 42 58 7520 527HR 055106121013499999999999999 549 591912 2699999999999999
 88 98100 94 83 72 65 65 74 88104117125127124112 94 73 53 39 33 37 48 6120 528HR 145100125812799999999999999 628 6420 5 3399999999999999
 75 86 94 96 92 83 74 69 70 78 89101111117120118109 94 76 58 45 39 42 5120 529HR 247 97141012099999999999999 721 6921 9 3999999999999999
 62 74 86 94 97 94 87 79 73 72 76 83 92101109114116110 97 80 63 50 44 4520 530HR 4 1 97154111699999999999999 845 722222 4399999999999999
 52 63 76 88 98102100 93 83 74 68 68 72 80 91102111115113103 86 69 54 4620 531HR 5131021711116999999999999991037 672332 4599999999999999
 46 53 65 80 95106112109 99 85 70 60 55 58 68 81 96109117118108 91 72 5620 6 1HR 61411218331199999999999999912 7 55999999999999999999999
 47 46 55 71 89106118123119104 83 62 48 41 44 57 74 93109120123113 94 7320 6 2HR 7 4123194312399999999999999 032 451311 4199999999999999
 56 46 48 60 80101119131135126104 77 52 35 28 33 49 70 91110124127115 9420 6 3HR 750135204212799999999999999 123 4614 6 2899999999999999
 71 54 47 51 68 91114132143144128101 69 42 24 18 26 45 68 9011212712811420 6 4HR 832145213512999999999999999 210 461456 1899999999999999
 91 69 53 48 57 79104126143153148127 94 61 34 16 13 24 45 68 9211412812620 6 5HR 914153222412999999999999999 253 481544 1299999999999999
109 86 66 52 51 66 90116136151157147120 86 54 28 13 13 26 47 70 9411512620 6 6HR 954157231012699999999999999 334 501630 1199999999999999
121103 81 62 53 57 76101125143155155140112 78 48 25 14 18 33 53 75 9711520 6 7HR1033157235512199999999999999 413 531715 1399999999999999
121113 95 75 61 56 65 86110131146153149130101 71 44 26 20 26 42 61 80 9920 6 8HR1111153999999999999999999999 451 561757 2099999999999999
112114104 87 71 61 62 74 95116133144147138118 92 65 43 30 29 38 52 69 8520 6 9HR 038115114814799999999999999 527 601837 2899999999999999
 99108106 96 81 69 64 69 83101118131138137126107 83 61 45 38 40 49 62 7620 610HR 121109122413899999999999999 6 4 641916 3799999999999999
 88 98103100 90 79 71 69 75 88103116125129126115 98 78 61 50 46 50 59 7020 611HR 2 610313 512999999999999999 643 691956 4699999999999999
 80 90 97 99 96 88 80 74 74 79 89101111117119116106 92 76 63 56 55 59 6720 612HR 255 99135711999999999999999 733 732041 5599999999999999
 75 83 91 97 99 96 89 82 77 76 79 86 95103109111109101 89 77 67 62 61 6520 613HR 353 9915 311199999999999999 847 762136 6199999999999999
 71 79 86 94100101 99 93 86 79 75 75 79 87 95102106105 99 90 80 71 66 6520 614HR 4571011619106999999999999991027 742243 6599999999999999
 68 74 82 91 99105107104 97 86 76 69 67 71 79 89 98104105100 92 82 73 6820 615HR 5541071737105999999999999991151 672347 6699999999999999
 67 70 77 87 98108114114109 97 83 70 60 58 63 73 86 98105107103 94 83 7320 616HR 6381151850107999999999999991251 58999999999999999999999
 67 67 72 82 95108118123121111 95 76 60 50 49 57 71 86100108110106 95 8220 617HR 715123194911199999999999999 039 661337 4899999999999999
 71 66 67 75 89105119128131125109 88 66 49 41 43 54 71 89104113114107 9320 618HR 749131203911599999999999999 122 651419 4099999999999999
 79 68 64 68 81 99117130138137124103 78 55 39 33 39 55 75 9410911811610520 619HR 823139212211999999999999999 2 1 641459 3399999999999999
 89 74 64 63 72 90110128141146139120 94 67 44 30 28 39 58 79 9911512211620 620HR 85814622 412299999999999999 238 621538 2799999999999999
101 84 69 61 64 79100122138149150137113 84 56 34 23 26 42 63 8510512012320 621HR 934151224512399999999999999 315 611617 2399999999999999
113 96 78 64 60 68 87111131146154150132104 73 46 27 20 28 47 69 9111012220 622HR1012154232512399999999999999 352 601657 2099999999999999
121108 89 72 61 62 75 96120138151155146124 95 65 39 24 22 33 53 76 9711420 623HR1052155999999999999999999999 429 601738 2199999999999999
122117101 83 68 61 66 82104126142151152140116 87 58 36 24 26 41 61 8210120 624HR 0 7122113415399999999999999 5 7 611820 2399999999999999
115119111 95 78 66 63 71 88109128141148146132108 81 55 36 29 34 50 69 8720 625HR 050119122014899999999999999 548 6319 4 2999999999999999
104114115106 91 76 67 66 76 92110125136141138125102 77 55 40 36 44 58 7620 626HR 135116131214199999999999999 633 651950 3699999999999999
 92106114113103 89 77 69 69 78 91106118128133130118 99 78 59 47 46 53 6720 627HR 224114141313399999999999999 729 682040 4599999999999999
 82 96108114113104 91 79 71 70 75 85 97108118124123114 99 81 65 55 55 6120 628HR 318115152512599999999999999 841 702136 5499999999999999
 74 88101112118116108 95 81 71 67 69 76 86 98108116118113101 85 71 63 6220 629HR 4181181648119999999999999991011 672239 6199999999999999
 68 79 94107119125123114 99 83 69 61 60 65 75 88100111116114105 90 77 6820 630HR 5201251815117999999999999991142 592344 6699999999999999
 66 72 84100115127133131120102 82 64 53 49 53 65 80 95108117118109 94 8020 7 1HR 6191341933119999999999999991256 49999999999999999999999
 70 68 75 89107124136143140125103 78 57 43 39 44 58 75 92109120121112 9620 7 2HR 713143203712299999999999999 046 681357 3999999999999999
 80 70 68 77 95115133146151146128101 73 50 35 31 39 54 73 9311212412411220 7 3HR 8 4152213112699999999999999 141 681450 3199999999999999
 95 78 68 68 80101123141154158149126 96 67 43 29 27 37 55 75 9611612812520 7 4HR 852158221912899999999999999 230 661538 2699999999999999
110 90 73 65 68 84108130148159161147121 89 60 37 25 27 40 59 8010212112920 7 5HR 93716223 212999999999999999 315 641623 2499999999999999
122104 84 68 63 70 90115136152161159142113 81 53 33 25 31 47 67 8810912420 7 6HR1020162234212899999999999999 357 6317 4 2599999999999999
127116 96 77 64 63 75 98121141154159153132102 72 48 33 30 40 57 77 9611420 7 7HR11 0159999999999999999999999 436 621741 2999999999999999
124122107 88 71 63 66 82105126143152153142119 91 64 45 36 39 52 69 8710420 7 8HR 019125113715499999999999999 513 631814 3699999999999999
117121114 98 81 68 65 72 90111129141147144129106 80 59 46 43 51 65 81 9620 7 9HR 053121121214799999999999999 550 641845 4399999999999999
109117116106 91 77 68 69 79 96113127136138132116 94 73 58 51 53 64 77 9120 710HR 126117124713999999999999999 628 671914 5199999999999999
103111114110100 87 76 71 74 84 98112123129128120104 86 71 61 59 64 75 8720 711HR 159114132612999999999999999 710 711944 5999999999999999
 98107112112107 97 87 78 75 78 86 97107116120118110 97 83 72 67 68 75 8420 712HR 235113141512099999999999999 8 4 752019 6699999999999999
 94103109113112107 98 89 81 77 78 83 92100108111110104 94 84 76 74 76 8220 713HR 321113151811299999999999999 918 7721 3 7499999999999999
 90 98106112116115110101 91 82 76 74 78 84 93101106106102 95 88 82 79 8120 714HR 4191161638107999999999999991048 7422 6 7999999999999999
 86 93102110117121120114104 92 80 71 68 70 77 86 96103106104 99 92 86 8320 715HR 52112118 61069999999999999912 8 682326 8299999999999999
 83 87 95105115124128126118105 90 75 64 59 62 71 83 95104109108103 95 8820 716HR 61612819231099999999999999913 8 59999999999999999999999
 83 82 87 97110123132136132121104 84 67 54 50 55 67 82 96108114113106 9620 717HR 7 4136202211599999999999999 035 821357 5099999999999999
 86 80 80 88101117132141144137122100 76 57 44 42 51 66 8410111412011710720 718HR 749144211012099999999999999 129 791441 4299999999999999
 93 81 75 77 89107126141150151140119 93 67 46 35 37 49 68 8810712112611920 719HR 834152215312699999999999999 215 751523 3499999999999999
104 88 75 70 76 93114135150158156140114 84 56 36 28 34 51 73 9511512812920 720HR 919159223413099999999999999 257 7016 5 2899999999999999
117 98 80 68 66 77 98122143158164158137106 74 46 28 24 35 56 8010312213320 721HR10 4164231413399999999999999 339 661646 2499999999999999
129112 90 72 62 65 80104129149162167156131 97 65 39 24 25 41 64 8811112920 722HR1050167235313499999999999999 420 621726 2399999999999999
134125104 82 66 59 66 85110133151163165150122 88 58 35 26 32 51 75 9811920 723HR1136166999999999999999999999 5 2 5918 6 2699999999999999
132133118 96 76 62 59 69 89113134150160158141112 81 54 37 33 44 64 8610720 724HR 031134122216199999999999999 545 581845 3299999999999999
124133128112 90 72 61 61 72 92112130144151147129103 77 55 44 45 58 78 9820 725HR 110133131115199999999999999 632 591924 4299999999999999
115128132124107 87 71 63 64 75 91108123134139134119 98 77 61 55 59 73 9020 726HR 15013214 413999999999999999 723 6220 5 5499999999999999
107121129130121105 88 74 66 67 75 87100112121126123111 96 80 70 67 73 8520 727HR 23413115 712699999999999999 826 652049 6799999999999999
 99113124130130121107 91 78 69 67 72 80 89100109115115108 98 87 80 78 8320 728HR 326131163011699999999999999 946 672144 7899999999999999
 93105117126132132125112 96 82 71 65 65 70 78 88 99107111110103 94 87 8520 729HR 4301331812112999999999999991128 6523 0 8599999999999999
 88 95107119129136138132119101 84 69 60 57 61 69 80 93105113114109100 9120 730HR 5421381940115999999999999991257 57999999999999999999999
 86 87 95107121134142145139124104 83 65 53 49 53 63 77 9210811812011310120 731HR 650145204212199999999999999 022 8614 1 4999999999999999
 90 83 83 92108125139149152145127103 79 59 46 42 48 61 78 9711412512511420 8 1HR 750152212912799999999999999 127 821451 4299999999999999
 98 84 76 78 91110130145156158148126 99 72 51 39 38 48 65 8410412213112620 8 2HR 84215822 913299999999999999 219 761534 3799999999999999
111 91 76 69 75 92115135151161161147121 91 64 44 35 39 53 72 9311413013420 8 3HR 929163224613599999999999999 3 4 691611 3599999999999999
123103 82 67 64 75 96121141156164159140110 80 55 39 35 45 63 8310412313520 8 4HR1011164231913699999999999999 345 641645 3599999999999999
132115 92 72 61 63 79103127146159162152128 97 69 48 38 41 56 76 9611513020 8 5HR1048163234913599999999999999 422 601716 3799999999999999
134124104 81 65 59 67 87111133149158156140113 84 60 45 42 52 70 9010812320 8 6HR1122158999999999999999999999 458 591743 4299999999999999
132129114 92 73 61 61 74 95118136148152144124 98 73 55 48 52 67 8610311820 8 7HR 017133115315299999999999999 532 6018 8 4899999999999999
128130120103 83 68 62 67 82102122136143142130109 85 66 56 56 66 8310011420 8 8HR 041130122414499999999999999 6 6 621831 5499999999999999
124128124111 94 78 68 66 74 89106121131135130115 96 78 66 62 68 81 9711020 8 9HR 1 2128125713599999999999999 643 651854 6299999999999999
120126125117104 90 77 70 71 79 92106117124124117104 89 77 70 72 81 9410720 810HR 124126133612599999999999999 725 701919 7099999999999999
117123125121113101 89 79 74 75 82 92101109114114108 98 88 81 79 83 9110220 811HR 154125142711599999999999999 820 741949 7899999999999999
112119123123120112102 92 83 78 77 80 87 94101106107103 97 91 87 87 91 9820 812HR 240124154410799999999999999 938 772031 8799999999999999
105113118122124122116106 95 85 78 74 75 79 86 93100104104101 97 94 93 9520 813HR 3581241732104999999999999991119 742152 9399999999999999
 99105111118124128127121111 98 85 74 68 67 71 79 89 98105108107103 99 9520 814HR 5211281912108999999999999991241 672357 9499999999999999
 94 96102110120129135135128115 98 81 67 59 57 63 74 88101111115114108 9920 815HR 6281362015115999999999999991339 57999999999999999999999
 92 88 90 99111125137144144134117 95 74 57 48 48 58 74 9110711912311910820 816HR 72614521 012399999999999999 110 881425 4799999999999999
 95 84 80 84 97115133147154152139116 88 63 45 37 42 57 77 9811612813012020 817HR 819155213913199999999999999 2 1 8015 7 3799999999999999
103 86 74 71 80 98121141157164159140111 79 52 34 30 40 60 8410712713713420 818HR 910164221613899999999999999 245 711548 3099999999999999
117 94 75 63 64 78102127149165171162137103 69 42 27 27 44 68 9411913714320 819HR 958171225214399999999999999 328 621627 2599999999999999
132109 83 63 54 59 79106133155171174160129 93 59 35 25 32 54 8110713014520 820HR1044175232814799999999999999 411 5417 5 2499999999999999
144126 98 72 54 49 58 82110136157171171151118 83 53 33 30 44 69 9512014020 821HR1130173999999999999999999999 453 481742 2999999999999999
149140117 88 64 49 47 61 86112135154165160138107 76 51 39 42 61 8611013120 822HR 0 3149121416699999999999999 537 461817 3899999999999999
145147133107 81 60 49 51 66 88111131146153145124 97 73 56 51 60 8010212220 823HR 03714813 015399999999999999 622 481852 5199999999999999
137145141124100 78 61 53 57 71 89106122133137129112 92 75 66 67 78 9611420 824HR 112146135013799999999999999 711 531925 6599999999999999
129139142135118 98 79 66 60 63 73 86 98109118121116105 92 82 78 82 9310720 825HR 149142145112199999999999999 8 7 6020 1 7899999999999999
120130137137130117101 85 73 67 68 73 80 88 96104108108103 97 92 90 9410120 826HR 235138162510999999999999999 925 672049 9099999999999999
111120128133134130120107 93 81 72 69 69 72 77 85 94102107107104100 97 9820 827HR 3451341833107999999999999991129 682226 9799999999999999
101108116124131135134127115100 86 73 65 62 63 69 79 91103111114111105 9820 828HR 5181351956114999999999999991312 62999999999999999999999
 94 95101111122132139140134121104 86 70 59 54 57 66 79 9511012012111510320 829HR 641141204112299999999999999 020 9414 7 5499999999999999
 92 86 86 94108124137146148141124103 81 62 51 48 55 68 8510312012912611320 830HR 746148211712999999999999999 127 851446 4899999999999999
 96 82 75 77 90109128143153154143122 96 72 54 44 46 58 76 9511513013512520 831HR 837155214913599999999999999 214 741519 4499999999999999
106 85 70 65 73 91114134150158156140113 85 61 46 42 50 67 8710812713813520 9 1HR 920159221913999999999999999 255 651549 4199999999999999
118 94 72 59 59 73 97121141155161153130101 73 52 42 45 60 8010112113614120 9 2HR 958161224714199999999999999 331 581617 4199999999999999
129106 80 61 53 59 79105129147158158143116 86 61 46 43 54 74 9511513214120 9 3HR1031160231314199999999999999 4 6 531643 4399999999999999
136117 91 68 53 51 64 88114135150156149128 99 73 54 46 52 69 9111112713920 9 4HR11 2156233514199999999999999 439 5017 6 4699999999999999
140126103 78 59 50 55 73 98121138149149136111 85 64 52 53 66 8610712413620 9 5HR1131151235314099999999999999 511 501728 5199999999999999
140132113 90 69 55 52 63 83105125138143137119 96 75 61 57 65 8310412113320 9 6HR12 1143999999999999999999999 543 521749 5799999999999999
138135121101 80 64 56 58 72 91110124133133123105 85 71 64 68 81 9911712920 9 7HR 010138123113499999999999999 616 551810 6499999999999999
135135126110 92 75 64 60 66 79 95110120124121110 95 81 73 73 81 9611212420 9 8HR 02713613 612499999999999999 653 601832 7299999999999999
132133129118103 88 75 67 67 73 84 95105112114110101 90 83 80 84 9410711820 9 9HR 047133135011499999999999999 737 661856 8099999999999999
126129128123113101 89 79 73 72 76 83 91 97102104102 98 92 89 89 9410211120 910HR 11612915 010499999999999999 839 721924 8899999999999999
118123125124121114104 94 84 77 74 74 78 83 89 94 99101100 98 97 9710010420 911HR 2171251710101999999999999991021 742015 9699999999999999
108113117121124123119111100 88 78 71 68 69 74 81 90 99104106106103101 9920 912HR 4281241911107999999999999991211 682331 9899999999999999
 99101106113121128131128119105 89 74 63 58 59 66 78 91104112115113106 9820 913HR 6 113120 3115999999999999991317 57999999999999999999999
 91 88 92100113126136141138127108 86 66 52 47 51 63 80 9811312312411710320 914HR 7 9141203912599999999999999 059 8814 4 4699999999999999
 89 79 76 82 97116134147153149132106 78 55 40 37 46 65 8710812513413111520 915HR 8 7153211413599999999999999 149 761444 3799999999999999
 94 75 64 63 75 97121142158164156132100 68 43 30 32 49 73 9912213914313120 916HR 859164214814499999999999999 233 621523 2999999999999999
107 81 60 50 53 72 99127150166171157127 90 58 35 26 35 58 8611313615014820 917HR 947171222215199999999999999 315 4916 0 2699999999999999
126 95 66 46 39 48 72103131155171172152117 80 50 31 29 45 7310212814915720 918HR1033174225615799999999999999 358 391637 2899999999999999
145116 82 54 36 33 47 75105133155169165140106 72 47 35 40 62 9211914215720 919HR1118170233015999999999999999 441 321712 3499999999999999
156137104 71 46 32 33 51 79106131151160151126 95 68 49 45 58 8310913215020 920HR12 2160999999999999999999999 524 301746 4599999999999999
158150125 93 64 43 34 39 58 82104125140145134112 88 68 58 61 7810112314020 921HR 0 2158124714599999999999999 6 9 341817 5899999999999999
151152139115 87 63 47 42 49 64 82 99115126127117101 85 74 71 79 9611513020 922HR 035153133712899999999999999 656 421848 7199999999999999
141146143129108 86 68 56 53 58 69 80 92102110111106 97 88 84 85 9410712020 923HR 1 8146144111199999999999999 750 531918 8399999999999999
130136138133122107 91 76 67 63 65 70 76 82 90 97101101 99 95 94 9610110920 924HR 150138163110299999999999999 9 7 6320 1 9499999999999999
117123127129128121111 98 86 76 70 67 67 69 74 82 91 99103105103101 9910020 925HR 3 61291852105999999999999991135 672212 9999999999999999
103108113120125127125117107 94 81 71 64 61 63 69 79 92103111112109102 9620 926HR 5 21271948113999999999999991311 61999999999999999999999
 92 92 97106116125131131125112 97 81 67 58 56 60 70 84 99112120119109 9720 927HR 634132202112099999999999999 026 911355 5599999999999999
 85 79 80 89102117129137138130113 93 74 60 52 52 61 76 9311012412812010420 928HR 736138205112899999999999999 123 781425 5199999999999999
 86 72 66 71 85104122136144142129108 85 65 51 47 54 69 8710612313313111520 929HR 824144211913499999999999999 2 3 661452 4799999999999999
 92 71 58 56 67 88110129142148142123 98 73 55 46 48 62 8210212013513812720 930HR 9 3148214513999999999999999 240 551517 4599999999999999
103 78 57 47 52 69 94117136147149136112 84 62 48 45 56 75 971171331421362010 1HR 938150221014299999999999999 314 471542 4499999999999999
116 88 63 46 42 53 76103125141149144125 97 71 53 45 51 69 921131301421422010 2HR1010149223214499999999999999 346 4216 5 4599999999999999
127101 73 51 39 42 60 86111131144146134109 83 61 49 50 64 861091271401442010 3HR1041147225114599999999999999 418 381628 4899999999999999
135113 85 59 42 38 48 70 95117134142137119 94 71 56 52 61 811041241381442010 4HR111114223 914599999999999999 450 371650 5299999999999999
140123 97 71 50 39 41 57 80103121133135124104 82 65 57 61 76 981191341422010 5HR1141136232614399999999999999 522 391713 5799999999999999
142130108 83 62 47 42 49 67 88107121128124110 91 75 64 64 74 931131291392010 6HR1212128234414199999999999999 554 421735 6399999999999999
140133117 96 75 58 48 48 59 75 92106116118112 98 84 73 70 75 891071231332010 7HR1247118999999999999999999999 629 471757 6999999999999999
136133123107 88 71 59 53 56 66 80 92102108107101 91 82 77 78 871001141252010 8HR 0 3136132910899999999999999 710 531820 7799999999999999
130130125115101 87 73 64 60 63 70 79 88 94 98 99 96 90 86 85 88 961061152010 9HR 0281301436 9999999999999999 8 3 601848 8499999999999999
121123122119112102 90 79 70 65 65 68 74 80 86 92 95 96 95 93 92 94 99104201010HR 1131231647 9699999999999999 931 641939 9299999999999999
109112115117118115107 97 85 74 66 62 62 66 73 81 90 97102102100 97 95 93201011HR 3391181842103999999999999991126 6123 5 9399999999999999
 94 98103110117122123117105 90 74 62 54 53 58 68 81 95105112111106 97 87201012HR 5351231929112999999999999991241 53999999999999999999999
 82 81 85 96109122131133127112 92 70 53 44 44 53 69 87105118123119106 89201013HR 65013320 512399999999999999 041 801331 4399999999999999
 74 65 65 74 92111129141145136116 89 63 44 35 39 54 76 99118132134122 99201014HR 751145203913599999999999999 131 641412 3599999999999999
 75 57 48 51 67 91115136151154141114 82 54 35 30 40 63 89114134145140118201015HR 844155211414599999999999999 216 471451 3099999999999999
 88 60 40 32 41 63 92119142158158140108 74 46 31 31 49 77106130149154140201016HR 933160214915499999999999999 259 321529 2999999999999999
109 74 44 25 22 36 63 94122145160156132 98 66 42 32 40 64 94122145159157201017HR1020161222316099999999999999 343 2116 5 3299999999999999
133 97 61 33 17 18 36 65 95122145156147121 89 61 43 40 55 82112137155162201018HR11 5156225716299999999999999 427 151641 3999999999999999
151122 85 51 26 15 20 41 68 94119139145133108 81 60 49 53 73101126146158201019HR1151145233116099999999999999 512 141715 4899999999999999
158141110 76 47 27 20 28 48 71 93113128130117 97 77 63 59 70 91114134147201020HR1237131999999999999999999999 557 201747 5999999999999999
154147128100 71 48 33 30 39 55 72 89104114114104 90 77 70 72 85103121134201021HR 0 4154132811699999999999999 643 301818 7099999999999999
142143135117 94 72 54 44 43 50 61 72 84 94101101 96 88 81 79 84 95108120201022HR 037144143310299999999999999 736 421851 7999999999999999
128132131123110 93 77 64 56 54 57 63 69 77 85 92 95 94 91 88 88 91 98105201023HR 1201321615 9599999999999999 846 541939 8799999999999999
112117120121117108 96 84 73 65 61 60 62 66 72 81 89 95 98 97 95 92 91 92201024HR 2361211811 98999999999999991048 602155 9199999999999999
 96101106111115115110102 91 79 70 63 59 59 63 71 82 93101105103 98 90 84201025HR 4321151910105999999999999991231 59999999999999999999999
 82 83 89 98107114117115107 94 81 69 60 55 57 64 75 89102111113107 95 82201026HR 6 5117194411399999999999999 0 6 821317 5599999999999999
 72 68 72 81 95108117122119109 94 77 63 54 52 57 69 84100113120117104 86201027HR 710122201412199999999999999 1 3 681347 5299999999999999
 69 58 56 64 79 97112122127121107 88 69 55 49 52 63 80 97113125127116 96201028HR 759127204112799999999999999 143 551413 4999999999999999
 73 55 45 48 61 82102118128129119100 78 60 49 47 57 74 94112126133127108201029HR 83913021 613399999999999999 219 451438 4799999999999999
 82 58 41 36 45 64 88108124132128112 90 68 52 46 51 68 89109125136136121201030HR 915132212913899999999999999 253 3615 3 4699999999999999
 95 67 44 31 32 47 71 95115128132123102 78 58 47 48 61 83105124137141131201031HR 948133215114199999999999999 326 291528 4699999999999999
108 79 52 32 25 33 54 79102120130128112 89 67 52 47 55 75 991201351431392011 1HR1021131221214399999999999999 359 251553 4799999999999999
121 93 64 40 26 25 40 63 87108123128120100 78 60 50 53 68 911141321421422011 2HR1053128223414499999999999999 431 231619 5099999999999999
130106 77 51 32 24 30 48 72 94112122121108 88 69 56 53 63 831071261381422011 3HR1126124225614299999999999999 5 4 241644 5399999999999999
136117 91 65 43 29 27 38 58 79 98112117111 96 78 64 58 61 76 981181321392011 4HR12 0117231913999999999999999 538 261710 5899999999999999
137125104 79 57 40 31 34 48 66 83 98107108100 87 73 64 64 72 891081231322011 5HR1237109234413499999999999999 614 311736 6399999999999999
133127113 94 72 54 41 37 42 55 70 84 94100 99 92 82 73 69 72 83 981131222011 6HR1322101999999999999999999999 655 3718 5 6999999999999999
126125118105 88 71 55 46 43 49 59 70 80 88 93 93 88 81 76 75 80 891001102011 7HR 0151271426 9399999999999999 746 431842 7599999999999999
116118117112102 88 73 60 51 48 51 58 67 75 83 89 91 90 86 82 81 83 88 952011 8HR 1 711816 5 9199999999999999 857 481952 8199999999999999
101106110111110104 93 79 66 55 50 50 54 62 72 82 90 95 96 93 88 83 80 802011 9HR 3 91121738 96999999999999991029 492225 8099999999999999
 84 89 96104110113110101 86 70 56 47 45 49 59 72 86 97105105100 89 78 70201110HR 5 21131837106999999999999991149 45999999999999999999999
 66 68 76 88102113120119109 91 71 53 42 39 46 60 78 95109117115104 86 68201111HR 624120192111899999999999999 0 9 661247 3999999999999999
 55 49 53 65 83102118127127115 93 69 48 37 36 47 67 89109124130123103 77201112HR 73112920 013099999999999999 1 8 491334 3599999999999999
 53 37 32 39 57 81103122134134117 91 64 43 33 36 54 79104124138140125 97201113HR 828136203814199999999999999 157 321416 3299999999999999
 65 38 21 18 30 53 80105126139136115 86 59 40 33 42 65 94119139150146122201114HR 920140211615199999999999999 244 171457 3399999999999999
 87 52 25  9  9 25 52 79106128139132109 80 54 39 37 53 80109133150157145201115HR10 9140215415799999999999999 330  71536 3699999999999999
114 76 41 15  2  6 26 52 80106127135124100 73 52 41 46 66 95122143156156201116HR1056135223115899999999999999 416  11614 4199999999999999
137104 66 34 11  2 10 30 55 80104122126113 90 68 52 47 57 81108130147155201117HR114212723 815599999999999999 5 2  21650 4799999999999999
149126 93 59 31 13  8 18 37 59 81101114114101 82 65 54 55 70 93115133144201118HR1229116234414799999999999999 548  81726 5399999999999999
147137114 84 56 33 20 19 29 45 63 80 96104102 91 77 65 60 65 80100117130201119HR1319105999999999999999999999 633 1818 1 6099999999999999
136135123103 78 56 38 30 31 40 52 65 78 89 95 93 85 75 68 67 73 86101113201120HR 0221371415 9599999999999999 721 291840 6699999999999999
121124122111 95 76 58 46 41 42 49 57 66 75 84 89 89 84 77 73 73 78 87 96201121HR 1 61241525 8999999999999999 815 401932 7299999999999999
104110112111103 91 76 63 54 50 50 54 59 66 74 82 88 89 86 82 77 75 77 81201122HR 2 91121647 8999999999999999 923 4921 7 7599999999999999
 87 93 99103103 99 90 79 68 60 55 54 56 60 67 75 84 91 93 91 86 79 73 70201123HR 33710418 0 93999999999999991050 542312 7099999999999999
 71 76 83 91 97100 98 91 82 71 62 56 54 56 61 70 81 91 98100 96 87 75 65201124HR 5 610018501009999999999999912 3 54999999999999999999999
 59 60 66 76 87 96101100 94 83 71 60 54 52 56 65 77 90101107107 98 83 66201125HR 624101192610899999999999999 027 591249 5299999999999999
 53 47 49 59 73 87 98103103 95 82 68 56 50 51 59 73 88101112115110 94 74201126HR 724104195611599999999999999 116 471324 5099999999999999
 54 41 36 42 57 74 90102107105 93 77 62 51 48 53 66 84100114121120107 85201127HR 812108202312299999999999999 156 361355 4899999999999999
 61 41 29 28 40 58 78 95107110104 88 70 55 47 48 59 77 97113125128119 99201128HR 853111204912899999999999999 232 271425 4699999999999999
 73 47 28 20 25 41 63 84101111111 99 81 63 50 45 52 69 90110125133129113201129HR 930113211513399999999999999 3 8 201455 4599999999999999
 87 58 34 18 15 26 46 69 90106113108 92 72 55 46 47 60 81104122133136125201130HR10 6113214213699999999999999 342 141525 4599999999999999
102 73 45 23 12 15 31 53 76 96110112101 83 64 50 45 52 71 941151301381332012 1HR1041113221113899999999999999 417 111556 4599999999999999
116 89 59 33 16 10 19 38 61 82100110107 93 74 57 47 48 61 831061241351362012 2HR1117110224113799999999999999 453 101626 4699999999999999
126104 76 48 26 13 13 26 46 68 87101106 99 83 66 53 48 55 72 941141281342012 3HR1154106231213499999999999999 529 111657 4899999999999999
130116 92 65 40 22 14 19 34 54 73 89 99100 90 75 61 52 53 63 821021171262012 4HR1233101234612999999999999999 6 7 141729 5199999999999999
129122106 82 58 36 22 19 26 42 59 75 88 95 93 83 71 60 55 59 71 881041152012 5HR1318 95999999999999999999999 648 1818 5 5599999999999999
121121113 97 76 54 36 26 25 33 47 62 75 85 90 88 80 70 62 59 64 75 881002012 6HR 0281221412 9099999999999999 734 241851 5999999999999999
109113112106 92 74 55 40 31 31 39 50 63 75 84 88 87 81 72 65 62 65 73 822012 7HR 1261131517 8999999999999999 830 3020 0 6299999999999999
 92 99104106102 91 76 59 45 36 36 42 52 64 75 85 91 91 85 76 68 62 61 642012 8HR 2511061629 9299999999999999 936 352144 6199999999999999
 71 80 89 97102101 94 80 64 50 40 38 43 53 66 79 91 98 98 92 80 68 57 512012 9HR 4261021735 99999999999999991048 382329 5199999999999999
 51 57 67 80 91100103 98 86 69 53 42 39 43 55 71 87100108108 99 82 63 48201210HR 5551031831110999999999999991155 39999999999999999999999
 38 36 43 56 72 88101107104 91 72 54 42 38 45 60 79 98113121118104 81 56201211HR 712107191912199999999999999 043 361252 3899999999999999
 36 23 21 30 47 67 86102112108 93 72 53 41 38 48 67 90110125132126105 76201212HR 81611220 513299999999999999 141 211343 3899999999999999
 46 23 10  9 21 42 64 86105115111 93 70 51 39 39 53 77102122137141129103201213HR 912116204914199999999999999 233  81429 3799999999999999
 69 37 13  0  1 17 39 63 87108117109 89 66 47 38 42 61 87112132144145128201214HR10 3117213214799999999999999 323 -21513 3799999999999999
 97 61 29  5 -6 -1 17 40 65 90109115104 83 61 44 38 47 69 96120138148143201215HR1051115221514899999999999999 411 -61555 3899999999999999
122 88 53 22  1 -6  2 21 44 68 92109110 97 75 55 41 40 54 78104125140145201216HR1136112225614599999999999999 457 -61635 3999999999999999
136112 79 46 19  2 -1 10 29 51 73 93105102 87 67 50 41 45 62 86108126137201217HR1219106233613999999999999999 540 -21714 4199999999999999
138125100 69 40 18  7  9 21 39 58 77 92 99 93 78 61 48 44 52 69 91109122201218HR13 2 99999999999999999999999 621  61752 4499999999999999
129126112 88 61 37 21 16 21 34 49 65 79 89 92 84 71 58 49 49 58 74 92106201219HR 0151291344 9299999999999999 7 0 161831 4899999999999999
115118113 98 77 55 37 27 26 33 45 57 69 79 86 86 78 67 58 52 54 63 76 89201220HR 0551181428 8799999999999999 737 261916 5299999999999999
 99105106100 87 69 53 41 35 37 44 54 63 72 79 84 82 76 68 60 56 57 63 72201221HR 1401061518 8499999999999999 815 352018 5699999999999999
 82 89 94 95 89 79 66 54 46 43 46 52 59 67 74 80 84 83 78 70 63 58 57 59201222HR 236 951618 8499999999999999 859 432149 5699999999999999
 65 73 80 85 86 83 75 66 57 51 49 51 56 62 70 77 84 87 87 82 73 64 56 51201223HR 348 861723 8899999999999999 957 492327 5199999999999999
 52 56 64 72 79 82 81 76 68 60 55 52 53 58 65 74 82 90 94 92 86 74 61 50201224HR 514 821818 94999999999999991111 52999999999999999999999
 43 42 47 57 67 76 81 82 78 71 63 56 52 53 59 68 79 90 98101 98 87 71 55201225HR 639 8219 110199999999999999 039 421219 5299999999999999
 40 32 32 40 53 66 77 84 86 81 72 62 54 50 52 61 74 88100107108101 85 65201226HR 746 86193810999999999999999 130 311310 5099999999999999
 45 29 22 25 36 52 68 81 89 90 83 71 59 50 48 53 65 82 98110116113100 79201227HR 836 90201311699999999999999 213 221352 4799999999999999
 55 33 18 14 21 36 55 72 87 94 92 82 67 54 46 46 55 73 92108119122114 95201228HR 918 95204712299999999999999 252 141430 4499999999999999
 69 43 21  9  9 20 39 60 79 93 98 92 77 61 47 41 46 61 82102118126125111201229HR 957 98212312799999999999999 330  715 6 4199999999999999
 86 58 31 11  2  7 23 45 67 86 98 99 88 70 53 41 39 49 69 91111125130124201230HR103410022 013099999999999999 4 7  21541 3899999999999999
104 76 46 20  3 -1 10 29 52 74 91100 96 81 62 45 37 40 55 78101119130131201231HR1111100223613299999999999999 445 -11616 3699999999999999
