274249205155108 75 65 8011817022226228328025822218315013113115118522124920 1 1HS1223285235926199999999999999 555 65182912899999999999999
260252225186144110 89 8911114819323426227126223820617414813513815718521420 1 2HS13 0271999999999999999999999 630 87191813499999999999999
23524223321118014812211011513616820523625626025022819917014613413615017420 1 3HS 057242134726199999999999999 714110202313399999999999999
19921922822521018716214213113415017620623325025424622519716714112512313420 1 4HS 214229145025599999999999999 818130214112299999999999999
15718420922523022220518216014614315417520323024925624922819616112910810220 1 5HS 35423016 125699999999999999 943142225110199999999999999
113140174207233246243225199172151142149171201232256265257231192149110 8320 1 6HS 51724717 42659999999999999911 51422348 7699999999999999
 76 92127172216251268265243211176148135141167204240268278265231183131 8520 1 7HS 6202691758278999999999999991211135999999999999999999999
 56 52 7612217823227329128425621617314012513516721125428329027122716910920 1 8HS 713292184729199999999999999 039 5013 712499999999999999
 59 29 31 6612419025229531229826221316512811413117222327029930127321915220 1 9HS 8 2312193530499999999999999 127 26135711499999999999999
 86 33  7 17 6313220727331632730526020515211410613218223928631330827020620 110HS 849328202231599999999999999 214  6144410599999999999999
133 63 11-10 11 6914722729433333530425119113610210213819625530232431026120 111HS 93433921 832499999999999999 3 1-101529 9799999999999999
190113 42 -7-18 16 85169250313343335293235172119 9210315021227231532830320 112HS1016345215232899999999999999 345-201613 9199999999999999
246170 92 25-15-13 33110195273327344323274212150103 8711116522828532032320 113HS1056345223532699999999999999 428-201654 8799999999999999
288225150 76 17-10  6 62142224292332334302247186129 92 8912317924129031620 114HS1134338231731899999999999999 5 9-111735 8699999999999999
308267204133 68 22  9 37 99175248302326315275220162114 88 9613419024528620 115HS1210327999999999999999999999 549  81817 8799999999999999
302287245187126 73 41 41 76136204263302311291249196145106 8910214019023820 116HS 0 2302124831299999999999999 630 3619 4 8999999999999999
271281266229181132 91 70 77112165221267293293269229181136103 9110413718020 117HS 054281133029699999999999999 716 691959 9199999999999999
221250261251224188149118104111140182226261279276254218174133102 89 9712420 118HS 2 0261142228199999999999999 81110321 7 8999999999999999
162200230247247232205174148132134153186221251268267249216175133 99 81 8320 119HS 330249152927099999999999999 9251312225 7999999999999999
104140180217243254248228200172151144154180212243263267252220177132 92 6820 120HS 5 925416442679999999999999910551442340 6299999999999999
 64 83120167213250270270251220186157142146170205240265273260226178126 8120 121HS 6292721754273999999999999991216141999999999999999999999
 50 44 6510916421926428928926723018815113113616320424427428326822817411620 122HS 731292185428399999999999999 044 43132013099999999999999
 65 32 28 5510817223328230630227222817913811812816321025528629327222516320 123HS 821308194629499999999999999 139 26141111899999999999999
101 48 17 20 5711918925430031830526621416112110712717122527129929926821220 124HS 9 3319203030399999999999999 226 14145510799999999999999
145 81 30  8 23 7214121427731532129524719013810510313618924528930929725420 125HS 94032321 930999999999999999 3 7  7153210099999999999999
190121 59 17  9 39100174245298323312273218161115 9511015421326730331028420 126HS1012323214331299999999999999 343  716 5 9599999999999999
229161 94 40 13 23 70138212274313318290241184131 98 9512618023928630930020 127HS1039320221431099999999999999 414 121635 9299999999999999
259197129 69 30 23 53112183249297315300258204150108 9110715120826129630320 128HS11 2315224230499999999999999 442 2117 2 9199999999999999
277226162101 55 35 48 94158224277305302271222168122 95 9612617623027329320 129HS1124308231129499999999999999 5 7 341728 9299999999999999
284247192134 85 56 55 86139201255290298278237188141107 9511014819624227220 130HS1146299234327999999999999999 531 521757 9599999999999999
278258217167120 85 73 8812617923127028727924920716212510210212516320524120 131HS1210288999999999999999999999 558 731831 9999999999999999
26025623319615612110010012216120624526927325622418614811910511113316720220 2 1HS 021261124027499999999999999 630 97191410599999999999999
22924223721819016013612412915118221724425825623821017614412010811313115920 2 2HS 113242132125999999999999999 713124201310899999999999999
18921422722821719817615814915116618921423524624423120717614512010610511820 2 3HS 233229142324799999999999999 818148213410399999999999999
143173200221231229217199180166161167183204225239243235213182148116 94 8720 2 4HS 42223215512439999999999999910 01612257 8799999999999999
 97122157194225246251242221196174159157169193219241253248226190147106 7520 2 5HS 5512511714253999999999999991138156999999999999999999999
 62 71102147195238268277265238204170147140155185221253270267241196142 9120 2 6HS 656277182227299999999999999 0 7 62124914099999999999999
 52 34 46 8614320525829330228424720215812812114218323127029228725419813320 2 7HS 749302192129499999999999999 1 7 34134412099999999999999
 72 26  8 26 7814922128231932329524719113910610413518824529131530526119420 2 8HS 837325201431699999999999999 2 0  8143410099999999999999
120 50  1-13 16 81163243307341335295236171115 83 9113620026431333431626120 2 9HS 92134321 333499999999999999 250-141519 8199999999999999
184103 30-18-23 21 98187270331354334282214145 89 65 8714421628433134431520 210HS10 1354214934599999999999999 336-2716 2 6599999999999999
250168 84 14-25-15 43128219298347354319256184114 66 57 9315923530034134220 211HS1039357223234799999999999999 418-271642 5499999999999999
301231149 69  8-15 12 81168253319350338289222150 87 52 5910717825130833720 212HS1113351231333899999999999999 458-151720 4999999999999999
325277207131 63 18 14 56128209281327337308252185119 69 50 7212619525930420 213HS1144338235431999999999999999 535 101758 5099999999999999
319298249186122 70 45 58106173242294319310271215154 99 64 60 8914220325520 214HS1214320999999999999999999999 611 441837 5799999999999999
287291268226175127 93 84105151207258291298279238187135 93 71 7510414919820 215HS 039293124629999999999999999 649 831922 6999999999999999
238261263245214179146126125145181222255274272251216174133100 83 8710914420 216HS 135265132527599999999999999 7331232020 8299999999999999
182214235242236218196174159157168191217240252251236210177142112 94 9010320 217HS 3 0242142625399999999999999 8411562143 9099999999999999
128160191218235241235220201184173172182200219235241236218190156123 97 8420 218HS 45924116 52419999999999999910341712319 8399999999999999
 87107139176213242258258244220193171159163180204228245248234205167126 9020 219HS 6302601742249999999999999991217159999999999999999999999
 68 67 8812617422226028027925922518715513814216620123526026725121616811820 220HS 727283185026799999999999999 034 65131913799999999999999
 75 49 49 7812718624128330129226021516813111612816421025228028526221715920 221HS 810301194128699999999999999 130 4614 311699999999999999
102 55 32 41 8214320826730531329124719314110610112717623027630129626120420 222HS 846314202230399999999999999 214 311440 9999999999999999
140 79 36 22 46101171239293320313276221162112 87 9714019925629931529624720 223HS 917322205831599999999999999 252 221513 8699999999999999
181113 55 22 26 68134208273315324298247186127 87 7810716422828431731728120 224HS 944325213032199999999999999 324 191543 7799999999999999
220150 84 37 22 47104177248302326313269209147 95 71 8313019525930632330420 225HS10 8326215932399999999999999 353 221610 7099999999999999
253186118 61 31 38 83151224285320320286230167110 73 6910216122728431631420 226HS1030324222732099999999999999 419 291636 6699999999999999
278218152 91 50 42 72130201264308319296247187128 83 65 8213019325429731120 227HS1050320225531199999999999999 443 4117 1 6599999999999999
291244184124 78 57 71117180243291312300261206148 99 71 7210616022026929620 228HS11 9312232429899999999999999 5 7 571727 6799999999999999
293261211157111 82 81111163221270297297269222168120 85 73 9013118423427020 229HS1129301235628199999999999999 532 781755 7399999999999999
281267232188145114102116152200246277286271235189143106 85 8611015019623520 3 1HS1152287999999999999999999999 5591021827 8299999999999999
258260243213179149131131149183220252268265244210171134106 93 9912215619320 3 2HS 037262122127099999999999999 6321281912 9299999999999999
22324024223021018716715615817319622224225124522720016813811410210412014720 3 3HS 13724313 625199999999999999 721155202110199999999999999
177204224233232222207191179175180193209225234235226207181151124105 9810520 3 4HS 323234143423699999999999999 85817522 2 9899999999999999
125154186215237247245233214194179171175188207226238240228202167131 99 8020 3 5HS 52024816372419999999999999911121712336 7799999999999999
 78 96131174217252272274258230197168150149166196229254265256226181131 8620 3 6HS 63527618 4265999999999999991233147999999999999999999999
 55 48 6811417223027630230127623418814612112114919424227929628624718812420 3 7HS 72930519 929799999999999999 046 47132911899999999999999
 66 27 19 48108180250304330321283227168117 89 9814020026130732731126018920 3 8HS 81533120 432799999999999999 143 181417 8899999999999999
113 46  3  0 42116200277332351329276208139 84 61 8314121428433435132426220 3 9HS 857351205435199999999999999 234 -415 1 6199999999999999
181 98 27-12 -3 54138228306354359321254178104 52 42 8015123330635436132320 310HS 936363214036499999999999999 319-151543 4099999999999999
252167 83 16-11 15 84174262331364350296221141 70 29 36 9017025332336235620 311HS1012365222236599999999999999 4 1-111622 2699999999999999
307233150 72 18 10 52128215294346356322258180104 44 21 4611119227133035320 312HS104435823 335399999999999999 440  71659 2199999999999999
334281209135 71 37 49102177254314342330283214141 75 33 30 6913721227932220 313HS1113343234333199999999999999 516 361734 2699999999999999
330302250189129 85 72 98153220279316321293239175113 63 40 52 9715922327320 314HS1139323999999999999999999999 550 721810 4099999999999999
300297269226178136112115146195245283299288253204150102 69 61 8012117222020 315HS 02430212 629999999999999999 6241101849 6099999999999999
255270265244214182157146155181216248268271255224184144110 89 8610213216920 316HS 114271123827299999999999999 7 41461939 8599999999999999
20423024324423421819918417718119521423224224223221118515613011210511112920 317HS 235245133124499999999999999 81017721 210599999999999999
15418220722723924123522220719418718719420621722522521820117715212811210620 318HS 4452411538226999999999999991029186225610699999999999999
11413416319522624825925624121919417416416718220322323623722419916613210520 319HS 6172601735239999999999999991215163999999999999999999999
 90 9411815519823926928127424921317714813514417020523725926224521116712320 320HS 7 6281184126399999999999999 018 9013 513599999999999999
 88 71 8011316221626329329927924019314811811213417522226228528425620915520 321HS 743300192728899999999999999 111 70134211199999999999999
104 67 56 77124184244290312304269217162116 9210013919424829030829425219420 322HS 81431320 430899999999999999 151 561415 9199999999999999
133 80 50 52 90150217276314321295244184126 85 7610315822227931532029023520 323HS 842322203832299999999999999 226 461445 7599999999999999
170107 60 43 64118187254305328315270209145 91 64 7412118725430733131927320 324HS 9 8328211033299999999999999 257 431514 6399999999999999
209141 82 48 51 92158229290326327293235168106 63 55 8714922128532733330320 325HS 932331214133599999999999999 326 441542 5399999999999999
246178113 66 51 76133203269316331309258192126 73 48 6311318325330833332120 326HS 954332221033499999999999999 353 5116 9 4899999999999999
276213148 94 64 71114179246300327318276215149 90 53 50 8514721727931932420 327HS1015328223932699999999999999 419 621635 4699999999999999
295243182126 87 78105160224280314317287233171112 67 50 6811718224529331420 328HS103632023 831499999999999999 445 7717 1 5099999999999999
302264212159117 97107147203258296309291248191134 88 60 62 9514920926129320 329HS1056309233929999999999999999 511 961727 5799999999999999
297275235189149123120143186235274294288258211159112 79 68 8312117322326220 330HS1117295999999999999999999999 5371181757 6899999999999999
280275251216182154141149175212248272277261228186143107 86 8310213818122120 331HS 016281114527899999999999999 6 91411836 8299999999999999
250261256238214189171165173193219243257256240214180146118100 9811113817220 4 1HS 110262122725899999999999999 6571651939 9799999999999999
20523124624924122620819218318319220722323523923321819416513711510410612220 4 2HS 245249135423999999999999999 830182212010399999999999999
150183215241256259249231210190177174182198218234243239222193157124 98 8820 4 3HS 443259161424399999999999999104817423 5 8899999999999999
 96123163208247275285276251217183156143150175209243266272256221173124 8420 4 4HS 6 22851748272999999999999991210143999999999999999999999
 63 6710015221226530131429826021116212310712015921126129730828924318111820 4 5HS 656314185430899999999999999 021 6113 410799999999999999
 66 38 45 88155227289329337309256192131 86 72 9815422228532834031325518220 4 6HS 742338194934199999999999999 120 361352 7299999999999999
109 50 21 36 92171251316352348305238164 96 50 46 8715923830935536132425720 4 7HS 824356203936499999999999999 210 201436 4299999999999999
177 98 38 17 44112197279340365344286209129 60 22 33 8917225833037136732120 4 8HS 9 3365212637599999999999999 257 161518 2099999999999999
248166 90 37 29 71146231306355362324255173 93 31  8 3510419227734337335720 4 9HS 939364221037399999999999999 340 261558  899999999999999
305232154 86 48 57111187265326355342289215135 63 15 11 5412921429134435920 410HS1011356225136099999999999999 419 461635  799999999999999
334280212144 92 74 98156227291332339308248175103 45 17 31 8315723429633220 411HS1041341233133799999999999999 456 731711 1699999999999999
333302252195142109109143198256301321309267208143 85 46 36 6211618224328920 412HS11 8321999999999999999999999 5301041746 3599999999999999
309301271229186151136147181227268293295272230178127 85 63 66 9614319524020 413HS 012309113529899999999999999 6 51351823 6199999999999999
270281272249219189169164177204235260271264241206167129102 90 9712115619420 414HS 1 028112 727199999999999999 64616419 9 9099999999999999
22624825725324022120319018619220722423724223722320017314712711711813215520 415HS 21225713 024299999999999999 754186202311699999999999999
18220923024525024623421920419218819120021122022522221119317115013312512820 416HS 4 325015112259999999999999910 5188221412599999999999999
14316719622524826126124922920518216716417419221323023823421719116213511820 417HS 5322621710238999999999999991143164234011499999999999999
11513015919623326327927725722619015813813815618822225026325823519916012520 418HS 6232801815264999999999999991232135999999999999999999999
10310112316221025428629728425220716212611012015419924427728927624119414620 419HS 659297185928999999999999999 034 9913 711099999999999999
107 87 94129180235281307307279232177127 94 8911616622327330530828223517920 420HS 729311193731099999999999999 115 861339 8799999999999999
126 89 78100148209266307321304260201141 92 69 8112618925330332631627621920 421HS 757322201232799999999999999 150 781410 6999999999999999
158106 76 81119179243296326323287229163103 62 56 8814821928332633731126020 422HS 825329204733899999999999999 223 741441 5499999999999999
197136 90 75 97149215277320333310258192125 70 43 5710717725031034133529620 423HS 852334212134399999999999999 255 741511 4399999999999999
237173117 83 86125186252305333325284221152 89 46 39 7213521027932734232020 424HS 918334215434299999999999999 326 791541 3799999999999999
272211151105 89110161225283322330302247181115 62 36 50 9916924230133333120 425HS 944331222633799999999999999 357 891611 3699999999999999
297244186136105107144200258303323311267206142 85 48 42 7413320326731132620 426HS10 8323225732699999999999999 4261021639 4099999999999999
309268217168130117136180234281309310280229169112 69 49 6110416622928030920 427HS1031313233131399999999999999 45611717 8 4899999999999999
309284243199160137139167211256289300286248196142 97 67 62 8513218924228020 428HS1057300999999999999999999999 5261351741 6099999999999999
297289263227191164153163191229262282282261223177133 97 78 8010614819724120 429HS 010297113028599999999999999 6 31531823 7699999999999999
270281274253224197177170179201228252265262244214177140111 94 9611515019020 430HS 1 4281122026699999999999999 6561701926 9399999999999999
22825727127025623421019017918019221123224625124322319516213110910211213720 5 1HS 226272135325199999999999999 826178205710299999999999999
174213247270279272252225197175164167183208233251257248224189151118 98 9720 5 2HS 4 327915562579999999999999910181642233 9599999999999999
117155202247281298294270233192157135133153189230264284282258215165119 8820 5 3HS 51829917262869999999999999911351312349 7999999999999999
 79 99144202258301321313279229174127 98 9712717823628531431628623417311620 5 4HS 6143221833319999999999999991232 93999999999999999999999
 76 65 89144212276323341325277213147 92 61 6711117824930834334230624517520 5 5HS 7 2341193034799999999999999 050 641321 5999999999999999
112 68 59 92156231298342353324263189116 58 31 4810618526432936335831424720 5 6HS 746354202236699999999999999 143 5714 8 3199999999999999
174108 66 65108179255318355353309239160 85 29 12 4311319828134437335931020 5 7HS 827359211037499999999999999 232 601452 1299999999999999
242169106 73 83135207279334357339285209129 58 11  9 5312921629635237134920 5 8HS 9 5357215737199999999999999 317 711534  499999999999999
296230162108 88111167236299340347315253177101 39  8 21 7515323630635035720 5 9HS 941349224035999999999999999 359 881613  799999999999999
328276214156116111144200262311335326282218147 81 34 20 4610518025230933820 510HS1014336232134099999999999999 4381081651 1999999999999999
333301252199154131139176228278311318295248187125 73 43 45 8013820326230220 511HS1045319999999999999999999999 5151291727 4099999999999999
317305274232190159150166202245280298292263218165116 80 65 7711416521826220 512HS 0 2317111629999999999999999 55215018 4 6599999999999999
288294280252219189171169186215246269276264237199158122 99 9410814018122220 513HS 046294115327699999999999999 6341681846 9399999999999999
25327127426324221719618318219321323424925224322319516513912211913015418520 514HS 141275124725299999999999999 734181194411999999999999999
21724325926425824322320318818218619821422823623522420518215914213513915620 515HS 256264142523799999999999999 9 718221 813599999999999999
18121023725726626425022820418216816617619521523324223922420117515313813720 516HS 4172671616242999999999999991040166223513699999999999999
15017620924126627827425622619316314414115618421624426026024421518215113220 517HS 5172781730262999999999999991138140234012899999999999999
12914517721725528329328225321217013411511914618723126628528225721917714220 518HS 6 02931821286999999999999991220114999999999999999999999
121122146188236277302305282239188138102 9010614720125429330829626221416620 519HS 63530719 430899999999999999 0281181256 9099999999999999
128111121157209261301318307270215156104 73 7310516122428131732430225720320 520HS 7 8319194432699999999999999 1 91111331 6999999999999999
152116107130178235287320326299248184122 73 52 6711518225130633633229724520 521HS 740327202333899999999999999 14710614 6 5299999999999999
187137108112148204262309332322281219151 90 49 42 7413520827732734532928520 522HS 81333321 134599999999999999 2241061441 4099999999999999
229171126108126172232287325333308254187119 64 35 44 9116123630033934531720 523HS 845334213934799999999999999 3 11081516 3399999999999999
267210156120116147201259306331324283222154 91 45 32 5811719026131734333520 524HS 917332221534499999999999999 3371141551 3199999999999999
298246192146123133174229281317327304253189124 70 38 41 8214721928232533720 525HS 948327225233799999999999999 4121221625 3599999999999999
317276225177142133156201253296318312278222160102 59 42 6111017624229532420 526HS1019320232932799999999999999 44713217 0 4299999999999999
323297255209169146149178223268299309292251197140 91 60 56 8413619825529720 527HS1053309999999999999999999999 5241431738 5499999999999999
315307279239199168155164194234270293294272232183133 93 72 7510515420925920 528HS 011316113429699999999999999 6 61541823 7099999999999999
293305295268233198173162172198231261279279260226184141107 88 9211816121020 529HS 1 2305123128199999999999999 7 11621921 8799999999999999
25528629829026723520217616316618621524426427126123520016012610510312215920 530HS 2 6298135427199999999999999 817162203610199999999999999
20524928229929627524220517215114716219022525427227425722518414511610611820 531HS 320300153527599999999999999 942146215810699999999999999
15219924728630830728624720115812811813116521025328429628525220716012310520 6 1HS 43031017 2296999999999999991056118231410499999999999999
112146197252296321321293245189136 98 8510214520325930132131227622517112620 6 2HS 5293251812321999999999999991157 85999999999999999999999
102109146203263310335330294235169109 67 55 7913420427032034333329223617720 6 3HS 621337191234499999999999999 0191011251 5599999999999999
128102111153215277324345332286219147 83 41 34 6813321028233635834430024020 6 4HS 7 834620 735999999999999999 1161011341 3199999999999999
179128105119167231292335349326271199124 61 22 24 6714022129534736534629820 6 5HS 754349205836599999999999999 2 81041428 1799999999999999
238176129111133186249305341345312251177103 44 14 26 7815523630635236333820 6 6HS 837348214636499999999999999 2571111514 1399999999999999
288228170130122152207267316342334292227154 86 35 17 41 9917625331635135220 6 7HS 917343223035699999999999999 3421201556 1799999999999999
321271214163133137174228282321334315267202133 73 35 32 6612920227032134320 6 8HS 955335231034399999999999999 4231301636 2899999999999999
333297248197157141156196247292319319290239177117 70 47 57 9916122728331920 6 9HS1031323234732799999999999999 5 21411712 4699999999999999
327308271226184156153175216260294308298263213158109 76 69 9013519124728820 610HS11 5308999999999999999999999 5381511746 6899999999999999
309307283247209177161166191227263286290273238193148112 93 9712316521425720 611HS 023311114229199999999999999 6161601822 9299999999999999
28629628726323120017716817619922925527127025322318615112611512414918622620 612HS 1 1296122827399999999999999 7 216819 411599999999999999
25927928427425222419717817017719521924125525524322019116314413714416619620 613HS 148284133325799999999999999 8 217020 013799999999999999
22925727427826924822219617516516718220422724425124522920518016015115517220 614HS 24827815 425199999999999999 918164211415099999999999999
19922925627528027125022018916314814916419021924425925924622219417015615620 615HS 3532801632261999999999999991030147223115499999999999999
17119923226228328927725021317414312512714818322225627727926423520117115320 616HS 4502891738281999999999999991125123233415099999999999999
152169202240275296299280243197151116 9910813918523427529929927724220116620 617HS 5373001831302999999999999991211 99999999999999999999999
146147171211255291311306277230175124 88 77 9614019725429831931328424119520 618HS 619312191732099999999999999 0271441253 7799999999999999
157139146179226273309322307267210149 96 64 62 9314921527631933532128323420 619HS 65932220 133599999999999999 1131381334 5999999999999999
185147134151192244292323328302250186123 72 46 55 9916523629733634432127720 620HS 739330204434699999999999999 1571341415 4599999999999999
223173139134160209264309333327290230162 98 51 35 5711318525831634834631420 621HS 819335212635299999999999999 2401321456 3599999999999999
265209161133138175229283323338320272207137 76 37 33 6913320928033235434120 622HS 85933822 735499999999999999 3211311536 3099999999999999
301248194150132149193249299331335306250182115 60 31 41 8815823429934235220 623HS 937338224635299999999999999 4 21321616 2999999999999999
328283230179143137163213267311334326287227160 97 51 35 5811318625731434420 624HS1016335232534799999999999999 4421351656 3599999999999999
342311263211166141145179229279315328311266206143 88 53 50 8214121127532120 625HS1056328999999999999999999999 5221381736 4799999999999999
339327291244196158142154191239283311316294249193137 91 66 7110916723128620 626HS 0 5340114131899999999999999 6 51421820 6499999999999999
321330312275229186154143158194238276300302281240191142104 86 9613218624220 627HS 048330123530499999999999999 6551431910 8699999999999999
28931732030026422118015014115418622626328729227624420215912510911714919620 628HS 138322134429299999999999999 755140201010999999999999999
24628831231429526021617414313013916820724627528828225822218214813013315820 629HS 236316151028999999999999999 9 5130212212899999999999999
19924628631031429626021316713011211714418623227029329727924520516814414020 630HS 3403151639298999999999999991018111224013999999999999999
160199245286313318300260208156113 89 9212116922427230531630226822418215220 7 1HS 4443191756316999999999999991125 87235214299999999999999
143159198246291319325304259201142 94 67 6910315922227931933432028423719020 7 2HS 54332619 1334999999999999991226 64999999999999999999999
154142158200251298327331306255191127 76 47 53 9315622729033334933329324120 7 3HS 639333195834999999999999999 0561411321 4599999999999999
190152139160205259306335335303247179112 60 34 46 9316323730234635733629220 7 4HS 731339205035899999999999999 1531391413 3399999999999999
237184146138165215270316340334296234164 98 48 28 4910417725331635435833020 7 5HS 819342213736099999999999999 24413715 0 2899999999999999
281224173140141175229284325343328282217147 84 41 32 6312520027332935634920 7 6HS 9 4343221735899999999999999 3291361543 3199999999999999
313261206159137149191246298332339314261194127 72 42 47 9015622929433835020 7 7HS 943341225335199999999999999 4 91371621 3999999999999999
331288235184148140164211265310333328291234169110 67 53 7412619325931133820 7 8HS1019335232334199999999999999 4451391655 5399999999999999
335304258208166143149183233281315325307263206148100 73 7711116722928432020 7 9HS1052326235032999999999999999 5181421724 7199999999999999
329312274229185155146164203249289311308281235183135101 9110915020425829820 710HS1124313999999999999999999999 5491461753 9199999999999999
31731228624720617115215517921625628629728625621417113511511814318523227420 711HS 01731812 129799999999999999 623150182411399999999999999
30030629226322719216515416218722025227428026724020617214713714617220924720 712HS 047307124728099999999999999 7 515419 213799999999999999
27829429327724921618616415616418521324126026625723821218616716016819022020 713HS 127296135426699999999999999 8 0156195716099999999999999
25027428628426924321318316115115517320022724926126024822720418617718019620 714HS 221287152626299999999999999 911150211417699999999999999
22124727028228326924321117815113713915718621924826827426524622119818418120 715HS 3312841654274999999999999991023136223918199999999999999
19421724527028628827424420616713511711914117721825728429428526223220218120 716HS 43829018 1294999999999999991125115235017599999999999999
175187214247278297299280243197150113 9410012917522727330531430227223419820 717HS 5353001855315999999999999991217 93999999999999999999999
172166182216256291311309283238183130 89 72 8412418124129332633231227522920 718HS 626313194333399999999999999 04716613 6 7299999999999999
188160157181223269307326318283228166108 66 53 7512619326031534534531627020 719HS 714327202934999999999999999 1371551354 5399999999999999
219174148151184234285324339324279215147 86 46 40 7313521028133536035131320 720HS 8 1339211336199999999999999 2241451440 3899999999999999
260204158137150193249303340349324269199127 66 31 35 8015223230435336934920 721HS 847350215536999999999999999 3 81361524 2799999999999999
302243186142129153205266320352353317254180107 50 24 41 9817725832636636920 722HS 932357223437399999999999999 35112916 7 2499999999999999
337283221165129127163221283333358348303235160 92 43 30 6112720828534337020 723HS1014359231137099999999999999 4331231648 2999999999999999
358316258197146120131176237296339354334283215145 85 48 50 9316324030835220 724HS1056355234736399999999999999 5131191728 4499999999999999
362338289231174132118140189249302336341314263200138 90 68 8213119826732120 725HS1140343999999999999999999999 55411818 7 6799999999999999
349345312262207157125121148197252297324323295248195144108 9811916722628320 726HS 023352122832799999999999999 6371191850 9799999999999999
32333832528924119014712312415219624428430530428224520216213613115219324220 727HS 1 1338132730899999999999999 727120194113099999999999999
28631532230727322918214412212314618522826528729328025422118816616017520620 728HS 148323144729399999999999999 828120204716099999999999999
24528030431029726722618214412011613216620724627629129027224521519017818420 729HS 249310162429399999999999999 942115221217899999999999999
20623827129530529627023018414211210111314418823427430030729526823520418420 730HS 4 430517523079999999999999911 0101234017999999999999999
180197228263292308304278236186138101 84 9212617623128131532731528524520620 731HS 51930919 0327999999999999991211 83999999999999999999999
178169185220261297317315288241184129 86 66 7611617423829433334532829124420 8 1HS 625319195534599999999999999 0511691311 6599999999999999
197164156177219267308330326293239176116 71 52 6911718325331234935533128520 8 2HS 722332204135799999999999999 14715614 3 5299999999999999
231181149147177227280322342332291230162101 57 46 7313120327533136135532020 8 3HS 811343212136399999999999999 2341431448 4599999999999999
268210161136145186243298337350329278212143 84 49 51 9115823230034836334420 8 4HS 854350215636399999999999999 3151351528 4599999999999999
298241184142130153205265317348349315255186121 71 51 7012319526732535735420 8 5HS 931353222536099999999999999 35112916 2 5199999999999999
319266208158129134172230288333351335289225159102 67 6710316623730034235320 8 6HS10 3351225035499999999999999 4221261631 6299999999999999
331286230177138126149197256308340341311257194135 92 77 9714721227632434620 8 7HS1033345231134699999999999999 4511261657 7799999999999999
336299248195151128135171224278318334320280224168122 9810213819325330433320 8 8HS11 2334233233799999999999999 5181271721 9699999999999999
33430826421416813813115119324428831531729325020115612511813818023328231520 8 9HS1133320235432699999999999999 545130174711799999999999999
32631127723318915413614116921025328630129426723019115914314817421525829320 810HS1210302999999999999999999999 617135181714299999999999999
31130828625121217615114215217921524927428227425322419717616917820223526620 811HS 022312125928299999999999999 657142185616999999999999999
28829628826623620317415414815717920823725826726525223321419919320021623920 812HS 058296141626899999999999999 753148195819399999999999999
26127628127525823320417715614715116819422124526226926525223521920920721520 813HS 15628116 726999999999999999 911147214120799999999999999
23124926527427426224021017915313713514917620924226928428627425423121220120 814HS 3292761736287999999999999991036134232120199999999999999
20321723926227928527625121617614111711212716120424928630730929426523220320 815HS 4552851837311999999999999991146111999999999999999999999
186186205235268294304294263217167122 93 8710815220826430933233130626722420 816HS 6 1304192633599999999999999 0291841244 8599999999999999
187166170197239283315326311271213152100 66 63 9415222028533435634631026020 817HS 658326201235699999999999999 1221641336 6099999999999999
207165145156197251302338348325273204135 76 43 47 9116124031035937435230420 818HS 749349205437499999999999999 2 91441424 4099999999999999
244185140126150203267324360365331268191116 55 27 4310018126533637938234720 819HS 838367213438699999999999999 2531261510 2699999999999999
288221158117113151215285344377372328256174 98 41 23 5412421129536039037720 820HS 924380221239199999999999999 3361091553 2399999999999999
329262192131 99109160232304359384368313237157 86 39 37 8316024732337538720 821HS10 7384224738899999999999999 416 971633 3299999999999999
357299229161108 90116176250318365378350291218144 84 54 6812520328134437620 822HS1049379231937899999999999999 455 891711 5399999999999999
369326263195134 95 92130194264323358359325268202141 96 8411217224230735020 823HS1131363235036299999999999999 533 881748 8499999999999999
362339289228167118 9310414720826931733933229825019715112312515921227031620 824HS1215341999999999999999999999 612 93182712099999999999999
34133730625720315211510311916021226229831430628024320517415816619623827920 825HS 02134313 931499999999999999 656103191115899999999999999
30932030927923819215112311613016320424427428928927525122520319219621524320 826HS 059320142729199999999999999 751115201519199999999999999
27129129728926623419716213612513115418622125227428528327025123021420821420 827HS 156297162128699999999999999 9 812522 020899999999999999
23125127028128226924421117614512512113516320023927329530329427324622020220 828HS 3332831757303999999999999991044121234619899999999999999
19820923125727928928426322818614611610411414519023928431532531428524721020 829HS 51329018583259999999999999912 4104999999999999999999999
183175188219256288307305280238187137100 84 9713719325230433734332328323420 830HS 625309194434499999999999999 05217413 4 8499999999999999
188158153177220268307328323290237177121 81 69 9214421027532835535131726620 831HS 719330202235799999999999999 1391511351 6999999999999999
210161135141179234289330347331286224158101 66 6510216623830334936434429720 9 1HS 8 2347205536499999999999999 2191331431 6199999999999999
238179134120143195257313350356326269201134 83 60 7712920027233136336032320 9 2HS 840358212436699999999999999 25312015 6 6099999999999999
265203147114118158221285337362352307242173111 72 6810416824230835336534020 9 3HS 913363214936599999999999999 3251111536 6599999999999999
289226166121106129184251313353362334277210145 95 74 9214521528433736135020 9 4HS 944363221136299999999999999 35410516 3 7499999999999999
307248186133105111153216282333358347304243179124 92 9413119326131835235220 9 5HS1012358223135699999999999999 4201021627 8899999999999999
32026620515011210313018324730434134732027021115611710612817824029833734720 9 6HS1041349225034899999999999999 445102165110599999999999999
32628122416912610611615621327131533432428823818814812713417022227631733620 9 7HS111033523 933699999999999999 510105171512699999999999999
32629124119014611711413818323528131031529626021818015515117121025529431720 9 8HS1141317233132099999999999999 537112174115099999999999999
31829525621116913712313116020224427829529227224321318817618120423727029420 9 9HS1220296235630299999999999999 6 9122181317599999999999999
30229226623119516314113514717320623926427527326024222220720120722424626720 910HS1319276999999999999999999999 65113519 020199999999999999
28028127024922319516915214615317119722324626126726425524223022122022623720 911HS 036282151126799999999999999 758146204022099999999999999
25026026526125023220818216114714415517620323225727528227826524723021721220 912HS 2 526517 828299999999999999 94214423 021299999999999999
21722924626126926725322719416213612412815118722826729530930428425422419920 913HS 4212701814309999999999999991114123999999999999999999999
186191212241271291295279245200153116 95 9912917923528732333732529324920520 914HS 54429619 233799999999999999 0141861221 9499999999999999
171156168202248291320326305258198138 90 66 7511718225231335336133729023220 915HS 644328194636299999999999999 1 41561315 6599999999999999
177138127151203264317352355323263190120 66 43 6211919827734237837633727520 916HS 736358202738299999999999999 14912714 4 4399999999999999
206145106104144211283344378375331259177102 47 32 6413622330636839437632120 917HS 82538221 539499999999999999 2321001450 3199999999999999
249174111 79 92148226305366396381326247163 88 40 38 8616725633538639636020 918HS 911397214239899999999999999 314 771533 3299999999999999
293215139 81 62 92161245323380400373311231150 83 48 6312320629135739138020 919HS 955400221639299999999999999 354 621613 4799999999999999
329256177107 62 60105181264336382388352288214143 89 7310316924831936737820 920HS1038391224637999999999999999 432 541651 7399999999999999
349289216144 85 57 7312720327833836936232326420114511011215221528133335920 921HS1119371231536099999999999999 510 57172710699999999999999
350309248182121 79 69 9615222028232734333029424619816014315619724929732920 922HS12 3343234433699999999999999 547 6818 414399999999999999
335314270216162116 90 9212217122627330431330127424120818517919522626329320 923HS1254313999999999999999999999 627 87184617999999999999999
30830428124420116012811211614017721825327628628326924922821320821623425520 924HS 017309141328699999999999999 718111195220899999999999999
27228027626023620617515013513314617019922925427228027826725123422121622020 925HS 110280161628199999999999999 83713222 221699999999999999
23124425526125924622519917214913613715217821124527429329728826724121519820 926HS 3152611749298999999999999991027135234919399999999999999
19320222124426427326925022018415012611913216320625129031431830126922919220 927HS 5132741840319999999999999991152119999999999999999999999
16816418121325028129829527022918213810810012016321727231433633130025420420 928HS 620300191833799999999999999 042162124710099999999999999
160137142174221270308324313277224167118 89 8912217824229933935032928322620 929HS 7 7324195035099999999999999 1201351329 8599999999999999
169128114135183243298335343319269206145 98 77 9314120827532835635031125320 930HS 745344201935899999999999999 15411414 5 7799999999999999
189134101104144207273327355349309248181121 83 791131752453093513603342792010 1HS 820357204536299999999999999 225 981437 7699999999999999
213150102 86110167238304350364340287220154102 80 961472162853383623493032010 2HS 85236421 936299999999999999 254 8615 6 7999999999999999
239171114 81 86130199271331363358319257190131 94 911271902603193553563222010 3HS 923366213236099999999999999 322 781534 8799999999999999
263195132 87 74102161233301347362339288225164117 991181692352973413553332010 4HS 953362215335599999999999999 349 7416 0 9999999999999999
283218154102 75 841291962653213513463102551971471181201562142743223453362010 5HS1022353221434699999999999999 415 73162611499999999999999
297238176122 86 791081632282883283393202772261781441331531982533003293312010 6HS1051340223433499999999999999 441 78165113399999999999999
304255198145104 86 981391952522983213172902492071731551601902342783083182010 7HS1122323225431899999999999999 5 7 86171715499999999999999
3032662171691281031011241672172622933032922652332031811761902202552842992010 8HS1157303231830099999999999999 536 99174717699999999999999
2952722361941561281141201451832232572782832732542322121991992122332572742010 9HS1248283235427999999999999999 612114183119899999999999999
279271250221190161140130135154182213241261270268259245230219214218228241201010HS1421270999999999999999999999 71013020 321499999999999999
252258255245227204179157142137145165193223249269279278267249230214205205201011HS 113258162328099999999999999 851137223020499999999999999
214229244256259251231203171143126124139170209250282302304289261228198177201012HS 3492591737305999999999999991038123234717199999999999999
172185211244272287285262224178135105 96112153207262307331330304260211168201013HS 5232891828334999999999999991152 95999999999999999999999
139136160205255298323321290237176120 81 70 94149218285335358348306246183201014HS 626325191135999999999999999 0381341249 6999999999999999
130100105146209275328357350308242169104 60 54 90159239312362377351293220201015HS 720359195237799999999999999 123 971340 5199999999999999
148 91 66 84142220297356383368314239159 91 50 53103182267338381382340268201016HS 8 9384203238799999999999999 2 6 651426 4599999999999999
187112 57 42 76149237318377397372310230150 84 52 69130214296359388371314201017HS 85739721 938899999999999999 248 411511 5199999999999999
235151 78 32 32 83165255334386396361296218143 87 69100168248321370379345201018HS 942398214338199999999999999 330 261552 6899999999999999
278197117 53 22 40101186272343382380339276205141100 98140208279337365355201019HS1026386221636799999999999999 4 9 211632 9399999999999999
308238162 92 42 30 61128208284340365352311255196147123136182243299337346201020HS11 9365224634799999999999999 447 2917 912399999999999999
321268202136 81 49 52 92155225286326338321284238194162154174216263302321201021HS1153338231632299999999999999 525 46174715399999999999999
315283234178126 87 71 84123176231276303307293265232202183183202233265288201022HS1243308235029499999999999999 6 4 71183118199999999999999
294281252213171134108101114145185226258278283276259237217204202212230249201023HS1354283999999999999999999999 652100193920299999999999999
261264255237210181154135127133153181211239260272273265250232216205204210201024HS 044264153927499999999999999 8 4127214120399999999999999
222234242245239224203179158143138147168196227255276284279263238212190179201025HS 24924517 828499999999999999 950138232017899999999999999
181195215237252257248227198168143130134155189228265292301292266230192162201026HS 45125718 0301999999999999991117130999999999999999999999
148154178213248273282271243205164132115122151196244287313316294255206160201027HS 558282183731799999999999999 012147121411599999999999999
128119138178227271301306286246197149114102119161216271312330319282229171201028HS 64330719 833099999999999999 048119125610299999999999999
123 97102138194253301326321288236179130 99 98130185247300334337309256192201029HS 721328193734099999999999999 121 951331 9599999999999999
132 89 76100153220283328343324277217158111 92107154218280327346330284219201030HS 75634320 434699999999999999 152 7614 4 9299999999999999
152 95 63 69112179252313348348314257194137100 96129188254310344344309249201031HS 830352203034899999999999999 222 611436 9399999999999999
179113 66 51 77136211282335356340294232170121 991131612252873323483272762011 1HS 9 4356205634899999999999999 252 5115 7 9899999999999999
208139 80 48 54 981682433083473513212672071511141101411982603123413362972011 2HS 936354212234399999999999999 322 45153710799999999999999
236167104 59 45 711292022723243473352942391841391191321762342883253343102011 3HS10 8347214733599999999999999 351 4516 711999999999999999
259195132 80 52 581001642332923293343092652141691381351632112633043233132011 4HS1040336221032399999999999999 420 50163613399999999999999
275219159106 69 59 831331962563013213132822391971641491601942392803053072011 5HS1112321223530999999999999999 448 5917 614999999999999999
283239185134 94 73 781111622182662973052902592231911701661842172532812932011 6HS114930523 429399999999999999 519 71174016599999999999999
283254212166125 97 87 991331792262642852882732482201961821831992242512692011 7HS1237289234727499999999999999 557 87182718199999999999999
2732622362011651321101041151431812202532722772692512292081941901982142332011 8HS1351277999999999999999999999 652103194919099999999999999
2482552502352101801511281161191381702062402662792782652432181961821791882011 9HS 1 7255152828099999999999999 817115214417899999999999999
206227245254251235207174142119112123151191234270293298285256219184157146201110HS 316254164629999999999999999 95611223 614599999999999999
153178213247272280268237194150114 96103134184238285315321301259208158121201111HS 4552801743322999999999999991116 96999999999999999999999
106119157210261299314302263208151105 80 87126187253307339339307250185124201112HS 6 4314183134399999999999999 0 31061218 7999999999999999
 81 68 91146215280327346328279214149 96 69 81131202273329357347300230155201113HS 7 1346191535899999999999999 052 671313 6899999999999999
 88 44 38 75146227300352368343286215145 90 67 88147223295347366342282203201114HS 754368195736699999999999999 139 3514 2 6799999999999999
123 55 15 21 72153241318368378346284211141 90 75106171248315357363325256201115HS 844379203736699999999999999 224 121449 7499999999999999
173 93 29 -1 18 81168256330373375337275204138 95 92133200271328357348299201116HS 932380211635999999999999999 3 8 -11534 8899999999999999
225143 68 14 -2 30100187270335368360319259194138108117163227289333346322201117HS1018370215234799999999999999 350 -2161610699999999999999
266193118 53 13 13 55126207280333352336295240184141126145192249298326324201118HS11 2352222732999999999999999 431  8165712699999999999999
291233166101 51 27 40 87154224284321328308269223179150147172215260295308201119HS114532923 230899999999999999 510 27173714599999999999999
295258205148 97 62 53 74119178235279302302282249212180163167190225258279201120HS1230305234028499999999999999 549 52182016299999999999999
283266231188143106 84 84106146192236267282280263237210187175179196220243201121HS1322284999999999999999999999 631 81191717599999999999999
256257243217184151125111112130160196229254268268256236213193180178187203201122HS 031258143026999999999999999 726109204117799999999999999
221234238233217194169147133130141164193222247263267259240217192173163166201123HS 158238155026799999999999999 843130221516399999999999999
180200219233238230213189165145136141159188220249269275266243212179152138201124HS 3522381654275999999999999991010136232013799999999999999
141160188219243255251232203172146131134155189228262284287271238196154122201125HS 5142561741288999999999999991120130999999999999999999999
109119149191233264278271245207168137122129158200246282300295266221168121201126HS 6 9279181830199999999999999 0 5109121212199999999999999
 90 84107152206256290300284248201156124114130170221269302312293250193134201127HS 653300185131299999999999999 042 83125411399999999999999
 87 62 70108167230283313315287241188141113112140190246293318315281224160201128HS 732318192332199999999999999 117 61133210899999999999999
 99 56 44 68122190257307330319281227172127106118159216272312325306258193201129HS 810330195532699999999999999 151 4414 910699999999999999
125 67 35 38 78144217283326336313266209155116108134184243294324322287228201130HS 848337202832799999999999999 225 31144510799999999999999
159 93 43 24 44 991712453043363332992471891401121181562122683103253082602012 1HS 924339205932599999999999999 3 0 24152011099999999999999
195126 66 28 26 621262012703193363202782241701301161361822382873163162842012 2HS10 0336213032099999999999999 334 22155511699999999999999
228161 97 47 24 39 891582292893243272992542021561271281592092602983132982012 3HS103533022 131399999999999999 4 7 24162912499999999999999
254194131 75 39 33 621191882522993203102762301841481331461832312732993002012 4HS1110320223230399999999999999 440 3117 313399999999999999
273224166109 65 42 51 891482122663013082902542121741481431632002422752892012 5HS114730923 929099999999999999 515 41174114299999999999999
281249201148100 67 56 721141702262702952952742402031711521521732062402662012 6HS1231298235627499999999999999 555 56182914999999999999999
274263233190145105 79 73 911301802292672862852662352021721551531691972262012 7HS1326288999999999999999999999 645 73193415299999999999999
250259253230196157121 97 901031361812262622822832682392041721491421511742012 8HS 1 6259143528599999999999999 751 89205714299999999999999
2052332512542422151801431141011071341752202602842902772462061651331171212012 9HS 244255154829199999999999999 912100221811699999999999999
145182220251268265243206164128105104126168218264294303288251201149108 85201210HS 42226916523039999999999999910341022325 8299999999999999
 87116163216261289293271230181136105 99120167223274308316296249188127 77201211HS 5402941748317999999999999991145 98999999999999999999999
 50 55 93153218275311319295249193141104 95119171232287321326297240170102201212HS 644320183932899999999999999 022 481247 9499999999999999
 47 20 31 79150226290331338311259198142102 95124181245300331329291226150201213HS 742340192833599999999999999 114 191342 9399999999999999
 78 22 -1 18 76155236304345349317262198140102 99135195259311336326279208201214HS 836352201433799999999999999 2 4 -11434 9599999999999999
129 57  4-12 17 83166249315351349312255192135102108150212273318335315261201215HS 926355205833599999999999999 252-12152210099999999999999
187109 40 -5-10 28 99183263323350339298241179129106122169229285321326297201216HS1013351214032999999999999999 338-1316 610699999999999999
237164 91 30 -3  4 52125205276325340320276220165125115139189245292316310201217HS1055340221931899999999999999 420 -5164711499999999999999
272211142 77 29 11 31 85156228286319321294249197152125127159207256291303201218HS1133324225530399999999999999 459 11172612299999999999999
286243184123 71 39 36 67122186246289306297265222179145131143176219258281201219HS12 8306233128599999999999999 535 3318 313199999999999999
282258215163114 76 59 69104156210256283288271240202168144139155186221250201220HS1243289999999999999999999999 6 9 59184413999999999999999
264258233195153116 92 86102137181224256272270252223191163146145159185213201221HS 012264132227499999999999999 646 86193614399999999999999
234243237217188156130114113129159194228251262257240215187162146142152173201222HS 1 6244141226299999999999999 732111204514299999999999999
197217228228215194170148135133145168197225246257254238213184157137129136201223HS 227230151725799999999999999 83713222 212999999999999999
155180205224231226210188166149143149169196224247259257241212177144119108201224HS 4 623116232609999999999999910 014323 710899999999999999
115138170204232246245229204176154142146165195228254268264242206163123 94201225HS 52624817182699999999999999911161422358 8499999999999999
 84 96127170214249267265245213178149135141165201238268280270239193142 97201226HS 62326918 4280999999999999991215135999999999999999999999
 67 62 83127181233271288281252213172140126137169212254283290271229174117201227HS 711289184729199999999999999 042 6013 312699999999999999
 69 43 47 81136199255293305289252205160128120139180229272297295265213150201228HS 754305192730099999999999999 123 41134711999999999999999
 90 44 25 40 87152221278312314289244192145117117148196248289307294253191201229HS 83531720 730799999999999999 2 3 25142911399999999999999
124 63 22 14 44102175245299324316280229175130109121162216267303311286234201230HS 915325204631299999999999999 243 1315 810999999999999999
165 97 40  8 14 57125201268314328308264209156118108133182238285312307270201231HS 953328212331499999999999999 322  5154610799999999999999
