 68 46 32 29 38 56 81106126139141133120104 90 83 83 9110211512312511810420 1 1I4 942141204312599999999999999 246 291527 8299999999999999
 85 66 51 42 43 54 71 92112128135135126113100 88 82 82 87 9610611211310820 1 2I41024136214211499999999999999 323 421630 8199999999999999
 98 84 70 60 55 58 68 84101116128133130122110 96 85 78 76 79 86 9510210520 1 3I41110133231210599999999999999 4 6 551749 7699999999999999
104 98 89 79 72 69 71 80 92106118127131128120107 92 79 69 65 68 75 85 9520 1 4I412 4131999999999999999999999 5 3 6919 8 6599999999999999
102105104 98 91 84 80 81 87 96108120128132128119103 86 69 57 52 54 64 7820 1 5I4 1 910513 213299999999999999 622 8020 9 5299999999999999
 93105113114110103 94 88 86 90 99110122131134130117 97 75 55 41 36 42 5620 1 6I4 244115135513499999999999999 750 862057 3699999999999999
 76 97114125127122112100 91 88 91100114127137139130113 88 61 38 24 22 3220 1 7I4 347127144213999999999999999 9 1 882139 2199999999999999
 53 80106127139139131116101 90 86 91104120135144143129105 74 43 19  7 1020 1 8I4 434140152414599999999999999 956 862219  699999999999999
 27 55 88119141151148135116 98 87 85 93109128144151145125 95 59 25  1 -720 1 9I4 51515116 5151999999999999991041 842258 -799999999999999
  2 27 62100133154160152133111 92 82 84 96116138153156145119 82 42  8-1220 110I4 5541601645157999999999999991122 812339-1699999999999999
-15  1 33 73113145162163150127103 85 79 85102125147160158141109 69 28 -420 111I4 63316517261619999999999999912 2 79999999999999999999999
-20-17  6 43 86125154166161143118 94 79 76 87108132153162156134 99 57 1820 112I4 71216718 916299999999999999 020-211242 7699999999999999
-10-21-11 17 56 99135159165155133107 85 74 75 89112136154160150125 89 4920 113I4 751165185416099999999999999 1 2-211323 7399999999999999
 14 -8-13  2 32 72111142159159145121 97 78 70 75 91113135149152140115 8120 114I4 831161194215399999999999999 144-1314 7 7099999999999999
 46 17  1  2 20 51 87121145156151134110 88 72 67 73 8910912814014112910720 115I4 910156203514299999999999999 226  01456 6799999999999999
 78 49 27 18 23 41 70101128145150141123101 81 68 64 70 8310111712712811920 116I4 949150213712999999999999999 310 171553 6499999999999999
102 80 58 43 38 45 62 86111131143143132115 94 76 64 59 63 74 8910311311720 117I41031144225811799999999999999 356 3817 1 5999999999999999
113102 87 73 63 60 66 80 98117132139137126110 90 72 59 52 53 61 74 8910220 118I41117139999999999999999999999 448 601822 5299999999999999
110112108 99 89 82 79 82 92105119130135133123108 88 69 52 43 41 47 60 7720 119I4 048112121313699999999999999 558 791942 4099999999999999
 94108116118113105 97 92 92 97107119129134133124107 86 63 44 31 28 34 5020 120I4 243118132013599999999999999 731 912050 2799999999999999
 71 93113126130126117107 98 95 98106118130136136126107 82 55 33 18 15 2520 121I4 4 1130142513799999999999999 9 3 952145 1599999999999999
 45 71 99122137141136123109 97 92 95105120133141139127104 74 45 20  7  620 122I4 45314115221429999999999999910 8 922230  599999999999999
 21 46 78110134148149138121104 91 87 92106124139147142125 97 64 32  8 -220 123I4 53315016 9147999999999999991055 872310 -299999999999999
  3 23 55 91123146155150134113 94 83 82 93111131146151142119 86 51 19 -120 124I4 6 81551651151999999999999991133 812347 -699999999999999
 -6  7 33 69106136154156145124101 83 76 81 97119139152151136108 72 37  920 125I4 63915717291539999999999999912 6 76999999999999999999999
 -5 -2 17 49 87122147157151133109 87 74 72 83104127146154147126 94 57 2520 126I4 7 815718 415499999999999999 020 -61236 7199999999999999
  3 -3  8 34 69105135152153140118 94 75 67 73 89112134148150137112 78 4420 127I4 735155183815199999999999999 051 -313 6 6799999999999999
 17  4  7 25 55 90121143151145126102 80 67 65 76 96118137146142124 96 6420 128I4 8 2151191214699999999999999 120  31337 6499999999999999
 36 17 12 23 46 77108133146146132111 88 70 62 66 80101121135138130109 8320 129I4 827148194713999999999999999 149 121410 6299999999999999
 55 34 23 27 43 68 96122139144136119 97 77 64 61 68 83102119128128116 9720 130I4 853144202712999999999999999 216 231447 6199999999999999
 74 53 39 37 45 63 87111129139137125107 87 70 61 61 69 83 9911211811610520 131I4 920139211311999999999999999 245 361531 6099999999999999
 89 72 58 51 53 64 82102119131134128115 98 80 67 60 60 68 79 9310310810620 2 1I4 950134221610899999999999999 315 511626 5999999999999999
 99 88 77 69 66 71 81 95110122128128121108 92 77 64 57 56 62 72 83 9310020 2 2I41026129235410299999999999999 352 661737 5699999999999999
102 99 94 87 83 82 85 92102112120124123116105 90 74 61 52 48 52 61 73 8620 2 3I41117124999999999999999999999 446 821858 4899999999999999
 96104106105101 97 94 94 97103111117122122116105 89 71 55 42 36 39 49 6420 2 4I4 2 8106123112299999999999999 632 942011 3699999999999999
 82 99112118119115108101 97 96100108116123125120108 89 66 44 28 21 25 3920 2 5I4 336119135112599999999999999 834 962110 2199999999999999
 60 84107124133133125113101 93 91 96106119129133127111 86 57 31 12  5 1220 2 6I4 427134145613399999999999999 947 9122 0  599999999999999
 32 61 92120139147142129111 95 85 85 93109126139143134112 80 46 15 -5 -920 2 7I4 5 61471549143999999999999991035 842245-1099999999999999
  4 31 67104135153157146126103 85 76 79 93114136150152138110 72 33  0-1820 2 8I4 5431571638153999999999999991115 752328-2099999999999999
-18  2 37 79119149163160142116 90 72 66 75 96122146160159139105 62 20-1120 2 9I4 6181641724162999999999999991153 66999999999999999999999
-25-18  9 50 95134160168157132102 75 60 59 75101130155166160135 97 52 1220 210I4 653168181016699999999999999 010-251231 5899999999999999
-15-22 -8 25 68112147166165146117 85 61 50 56 76105135158165155127 88 4620 211I4 727168185616599999999999999 050-221310 5099999999999999
 11 -9 -9 11 47 89128155165155131 99 69 49 44 54 78108136154158145117 8020 212I4 8 0165194415999999999999999 130-121350 4499999999999999
 44 17  5 12 36 71108139157157141114 83 57 42 42 55 7810613014514513210720 213I4 831159203414799999999999999 2 8  51433 4099999999999999
 77 49 31 27 39 63 93123145153146126 99 72 50 40 42 55 7610011913113111920 214I4 9 2153213013299999999999999 245 271520 3999999999999999
100 79 61 51 53 65 86110131143144133113 88 66 49 41 43 54 71 9010511511720 215I4 934145224211799999999999999 322 501617 4099999999999999
111100 87 77 73 76 87103119131137133122104 84 65 51 43 43 50 62 77 9110220 216I410 8137999999999999999999999 4 3 731730 4299999999999999
108109105 99 95 92 95101110119126128125116102 85 68 54 44 40 43 51 65 8020 217I4 037109105612899999999999999 5 2 9219 4 4099999999999999
 94106113115114110106104105108113118121121115105 90 72 55 41 33 33 41 5520 218I4 3 2115122312299999999999999 7151042032 3299999999999999
 74 94111122127126119111104100101105112119123120110 94 74 52 35 24 23 3320 219I4 41212714 712399999999999999 9221002135 2299999999999999
 51 76100121134138132121107 96 90 92100112123129127116 96 70 45 25 14 1620 220I4 4511381519129999999999999991018 902222 1399999999999999
 31 55 85113135145143131114 96 84 80 86 99116131138134118 92 62 34 14  720 221I4 52114616 9138999999999999991053 8023 0  799999999999999
 14 36 66100128146151142123101 82 71 73 85105126141145136113 82 49 22  520 222I4 5481511650145999999999999991123 702333  399999999999999
  5 20 48 83117142154150132108 84 67 62 71 91115137149148132103 69 36 1220 223I4 6141541725151999999999999991150 62999999999999999999999
  2 10 34 67104134152154141117 89 67 56 59 76101127146154145122 89 54 2420 224I4 637155175815499999999999999 0 3  21217 5599999999999999
  7  7 24 54 90123147155147125 97 71 53 50 61 84112137152152136108 74 4120 225I4 7 0155183115499999999999999 031  51243 4999999999999999
 19 11 20 44 77112139153151133106 78 55 45 49 68 94122142151144123 92 6020 226I4 72215419 315199999999999999 057 111311 4599999999999999
 34 21 23 40 68101129148151139116 87 61 45 42 54 76103127142144132108 7920 227I4 743152193714599999999999999 122 201340 4199999999999999
 53 35 31 41 63 92120140149142124 97 70 50 40 44 60 84108128137134118 9520 228I4 8 4149201313799999999999999 147 311412 4099999999999999
 71 53 44 47 63 86111132143142129107 81 59 44 41 49 66 8810912412812210720 229I4 826144205512899999999999999 213 431447 4099999999999999
 88 71 60 58 66 83103122135138131115 93 71 53 43 43 53 69 8810511511811220 3 1I4 849139214611899999999999999 239 571529 4299999999999999
101 88 77 72 75 84 99114126132129119103 84 66 52 45 46 54 68 83 9710610920 3 2I4 91413223 410999999999999999 3 9 721623 4499999999999999
107101 94 89 88 91 98107116123124120111 97 82 66 54 46 45 50 61 74 87 9820 3 3I4 948124999999999999999999999 350 871742 4599999999999999
106109109106103101101104108112116117115109 99 85 70 56 45 39 41 49 62 7820 3 4I4 124109105611799999999999999 5291011918 3999999999999999
 94108117121120116110105102102104109114116114106 92 74 55 38 28 27 35 5220 3 5I4 31812113 711699999999999999 8321012038 2699999999999999
 74 97117130136133124111100 93 91 96106116124126118100 76 50 27 13 12 2320 3 6I4 4 7136143912699999999999999 943 912138 1199999999999999
 46 75106131146148140123104 88 79 80 91107125138140130106 75 42 14 -1  020 3 7I4 4441491542141999999999999991024 782227 -399999999999999
 17 48 85120147159156139114 89 71 64 71 89114138153154138108 70 32  2-1120 3 8I4 51716016341559999999999999911 0 642311-1199999999999999
 -5 20 58100137161167155129 98 70 53 51 66 92124151166163142106 63 23 -520 3 9I4 5501671722167999999999999991136 502352-1399999999999999
-13  1 33 76119153170167146112 77 50 37 42 65 98133161173166139 99 56 1920 310I4 62117118 8173999999999999991212 36999999999999999999999
 -3 -3 17 54 97137164172159129 91 56 32 26 39 68104140165173161132 92 5220 311I4 651172185417399999999999999 032 -61249 2699999999999999
 22  8 16 41 79119152168165143108 70 39 21 22 41 72109141162165150121 8620 312I4 721169194116699999999999999 1 9  81327 1999999999999999
 54 33 28 41 69104136158164151124 88 54 29 18 24 46 7610913615215213711220 313I4 749164203015499999999999999 145 2814 7 1899999999999999
 84 62 50 53 69 94122145156153134105 73 45 26 22 31 51 7810512713713612520 314I4 815157212413899999999999999 220 491450 2199999999999999
107 88 75 71 77 92113132145147138118 92 65 44 31 29 38 55 77 9711412212320 315I4 842148223412499999999999999 254 711540 2999999999999999
117107 97 91 90 97108121132137134123106 86 66 50 40 38 44 56 71 8710111020 316I4 9 9137999999999999999999999 331 901644 3899999999999999
115115112108105105108113119124125121113101 87 72 59 49 45 46 52 63 77 9120 317I4 030115 94612599999999999999 4331051819 4599999999999999
104114119121119116112110109110112113113111104 94 82 68 55 47 43 46 56 7020 318I4 255121113111499999999999999 75310920 3 4399999999999999
 88105120128131127119110102 98 98101107112115112104 90 73 56 43 37 39 5120 319I4 35113114 311599999999999999 934 972114 3699999999999999
 70 92114130138137128114100 89 84 87 95107118124122112 93 71 50 35 29 3520 320I4 42313915171259999999999999910 9 8422 1 2999999999999999
 52 76103127142146138122102 84 74 72 81 97115129135130115 91 64 41 27 2520 321I4 44914616 5135999999999999991036 722238 2499999999999999
 37 60 90119141151147131108 84 67 60 66 83105127141144134111 82 53 31 2220 322I4 51415116431459999999999999911 2 6023 9 2199999999999999
 27 46 76108136152154141117 89 65 52 53 67 91118140152148130102 70 42 2520 323I4 5361551717152999999999999991127 502338 2299999999999999
 23 37 63 96128150158149126 96 67 47 42 52 75104132152157146121 89 58 3420 324I4 5581581749157999999999999991152 42999999999999999999999
 25 32 54 85118144158155136106 74 48 35 38 57 86118144158155138109 76 4920 325I4 619159182115999999999999999 0 5 251217 3499999999999999
 33 33 49 76108137155158144116 83 53 33 29 42 68100130151158148125 95 6620 326I4 639159185415899999999999999 030 311244 2999999999999999
 46 39 48 70 99128150157149126 94 62 37 26 31 50 80112138153152137112 8520 327I4 659157192715499999999999999 056 391312 2599999999999999
 62 50 52 68 92119142154151134106 74 46 28 25 37 61 9112014014814212510120 328I4 71915420 314899999999999999 121 491342 2599999999999999
 79 64 61 70 88111133147149138115 87 58 37 27 30 47 71 9912313714013111520 329I4 740150204314099999999999999 147 611414 2699999999999999
 96 80 73 76 87105124138144138122 99 73 50 35 30 38 55 7810112013013012220 330I4 8 1144213313199999999999999 215 731452 3099999999999999
110 97 88 86 91102116128136135126109 88 66 49 38 37 44 59 78 9711212112220 331I4 825136224412399999999999999 247 851540 3699999999999999
118111104 99 99103110119125127124115101 85 68 53 44 42 46 57 73 8910311420 4 1I4 856127999999999999999999999 334 981651 4299999999999999
120121118114111108108110113116118116111102 90 76 61 50 43 43 50 62 79 9620 4 2I4 04412110 211899999999999999 5311081831 4299999999999999
112123129130126119111105102102105110114115111102 87 69 52 39 34 38 52 7220 4 3I4 235130124611599999999999999 82810220 3 3499999999999999
 95117133142141133120106 94 87 88 96107119127126117 98 74 50 32 23 28 4520 4 4I4 328143142912899999999999999 923 872110 2399999999999999
 71100128147154149134112 91 75 69 75 90111130143144131106 75 45 23 15 2220 4 5I4 4 615415341459999999999999910 1 6922 2 1599999999999999
 45 78113143161163150125 96 70 54 52 65 90119145159159141110 74 40 17 1220 4 6I4 4391641627161999999999999991037 512247 1199999999999999
 25 54 92130159171165142109 74 46 34 39 61 94130159173168145110 70 36 1720 4 7I4 5101721716174999999999999991112 332329 1599999999999999
 18 37 72112148171175158126 86 50 25 19 32 62102140169180171144106 67 3820 4 8I4 54117618 3180999999999999991149 18999999999999999999999
 25 32 58 94133163176170144105 63 29 10 11 32 68109147172179166137101 6820 4 9I4 611177185017999999999999999 0 9 251226  899999999999999
 46 41 54 82117149170173157124 83 43 15  4 12 38 75115149169171156129 9820 410I4 639174193717299999999999999 046 4013 4  499999999999999
 73 59 61 78105135159169162139104 65 31 10  6 20 47 8211814515915914412220 411I4 7 7169202616199999999999999 123 581344  699999999999999
 99 81 75 82 99123145159160146120 87 54 28 15 16 31 57 8711613714714513420 412I4 734161212014899999999999999 159 751425 1399999999999999
118102 93 92100115132145151145129105 77 52 34 26 29 43 64 8811012613413420 413I4 8 1151222713599999999999999 236 911512 2599999999999999
127118109104105111121131138138130115 96 75 57 44 39 42 52 68 8610311712520 414I4 830138999999999999999999999 32110416 9 3999999999999999
128126121116113112115119123125123118108 95 81 67 57 51 51 57 68 82 9711020 415I4 0 3128 9 912599999999999999 4431121730 5099999999999999
121128129127122117112109109110112113112108100 90 79 67 59 55 57 65 78 9420 416I4 15412911 811399999999999999 7471091911 5599999999999999
110124133135132124114104 97 95 97102108113114110101 87 73 61 54 54 62 7720 417I4 256135134411499999999999999 9 4 952029 5399999999999999
 96116131141141133119104 90 82 81 87 99111121124120108 92 73 58 50 52 6320 418I4 333142145912499999999999999 937 812123 5099999999999999
 82105126142148143128108 88 73 67 71 84102120132135128112 90 69 53 47 5220 419I4 4 214815481369999999999999910 5 6722 3 4799999999999999
 69 93118140152151138116 91 69 56 56 68 89113133145144132110 84 62 48 4720 420I4 4271531628146999999999999991031 542236 4699999999999999
 59 81109135153158148126 97 69 50 43 51 72 99126147155148129103 76 56 4720 421I4 45115817 3155999999999999991057 4323 7 4799999999999999
 53 71 98127150161156137107 75 48 34 36 53 81113141158160147123 94 69 5420 422I4 5131611737161999999999999991123 332335 5199999999999999
 52 65 89118144160162147119 84 52 31 25 36 62 95128153164159140113 85 6520 423I4 5351631811164999999999999991150 25999999999999999999999
 57 63 82109137157164154130 96 61 33 20 23 43 75110141161165153130103 7920 424I4 556164184416599999999999999 0 3 571218 1999999999999999
 65 65 78101128150162159140110 74 42 21 16 29 55 89123150162160144120 9520 425I4 618163191916399999999999999 031 631247 1699999999999999
 78 71 78 96119142157159147122 89 55 29 17 20 39 6810213215215915113311220 426I4 640160195615999999999999999 059 711318 1699999999999999
 92 82 82 93111132149156150131103 72 43 24 19 28 50 8011013514915114212520 427I4 7 4156203815299999999999999 129 801352 1999999999999999
108 94 89 94106123138148148137116 89 61 39 26 26 38 60 8711313314314313520 428I4 729149213014499999999999999 2 2 891431 2599999999999999
122109101 99104115127137141137124104 81 59 42 33 34 46 65 8811012713613720 429I4 8 0141223813899999999999999 243 991521 3299999999999999
132123114108107110117125130131127116100 82 64 49 41 41 50 65 8510512113220 430I4 843131999999999999999999999 3471071629 4099999999999999
136134129121115110109111115119121120115104 90 74 59 49 45 49 62 79 9911820 5 1I4 011136101512299999999999999 5501091757 4599999999999999
132140141136127116106100 98101108115120121116103 87 69 54 45 46 57 75 9820 5 2I4 138142123812299999999999999 750 981925 4499999999999999
121139149150142127109 94 83 81 87 99114127134131119 99 76 56 43 42 54 7520 5 3I4 235151141513499999999999999 847 812035 4199999999999999
102129149159157142120 95 74 62 62 74 95118138149148133109 81 56 42 42 5620 5 4I4 317160152215099999999999999 930 612131 4099999999999999
 82113142162168158135105 74 51 40 46 66 96127152165161143114 83 57 44 4720 5 5I4 35316816181659999999999999910 9 402220 4399999999999999
 65 95128157173172153121 84 50 28 23 36 64101137164176170148116 84 59 5020 5 6I4 42717417 9176999999999999991047 2223 4 5099999999999999
 57 80112145169178168141102 61 28 10 12 32 67109147173182172148115 85 6520 5 7I4 4591781758182999999999999991126  82346 6099999999999999
 60 73 99131159177177158124 82 41 12  0  9 36 74117153176181169143113 8820 5 8I4 53117918461829999999999999912 5  0999999999999999999999
 74 75 91117146168177169143105 63 27  4  0 14 44 8412415617417516113711220 5 9I4 6 2177193417699999999999999 026 721245 -199999999999999
 92 84 90108132155170170155126 88 51 21  5  7 25 56 9212715416616515113120 510I4 633172202216799999999999999 1 5 841325  499999999999999
111 98 95104121141157164158139110 76 45 23 14 20 39 67 9912814815715414220 511I4 7 4164211315799999999999999 144 9514 7 1499999999999999
126112104105114127142152153144124 98 71 47 31 27 35 53 7710312614114714520 512I4 737154221014899999999999999 2271041451 2799999999999999
136124115110111118127137141139130113 93 71 54 43 41 49 64 8410412313514120 513I4 815142231714199999999999999 3191091542 4199999999999999
139133125117112112115121126129127120108 93 77 64 56 54 60 71 8710412013220 514I4 9 7129999999999999999999999 4361121644 5499999999999999
138138133126117111107107110114117118115108 98 86 75 67 64 66 75 8910512020 515I4 032139104811899999999999999 63110718 1 6499999999999999
132139140135125114104 97 95 97103110115117114107 96 84 74 69 70 77 9110720 516I4 137140125611799999999999999 759 951921 6899999999999999
124137144143135122106 92 83 81 86 96108118124123116104 89 77 70 71 80 9520 517I4 225145142312599999999999999 848 812026 7099999999999999
114132145150145132112 92 76 67 68 79 95112127135133124108 91 77 71 73 8420 518I4 3 1150152213599999999999999 923 672115 7099999999999999
103124142153154143122 97 74 58 53 60 77100122139146142128109 90 76 71 7720 519I4 33215516 714699999999999999 954 532157 7199999999999999
 93114137153159153134107 78 54 42 43 58 82111136152155147128106 87 75 7420 520I4 4 01591647156999999999999991024 412233 7399999999999999
 85105129150162161146119 87 57 36 30 39 62 93125149162161147125101 84 7620 521I4 4261631724163999999999999991054 3023 6 7699999999999999
 81 97120144161166156132100 65 37 22 24 42 72107139161168161142118 96 8320 522I4 45116618 0168999999999999991123 212338 8099999999999999
 81 91111135156167163145114 78 45 22 15 25 51 85122151168169157135112 9320 523I4 5171671836171999999999999991154 15999999999999999999999
 85 89104126148163167155129 95 59 30 14 14 32 63 9913415917016615012710620 524I4 544167191317099999999999999 011 841227 1299999999999999
 93 90 99116138156165161142112 77 44 21 12 20 43 7511114216116715914112120 525I4 612165195316799999999999999 044 8913 2 1299999999999999
104 95 97109127145158161151128 97 64 36 19 16 29 54 8611914516016115213520 526I4 642161203716299999999999999 119 951341 1599999999999999
117105100105117133147155153139116 87 58 35 23 24 39 64 9412314415615514620 527I4 717155212815799999999999999 2 01001424 2199999999999999
131117107105110120133143147143129108 82 58 39 30 33 48 71 9812314215115120 528I4 8 0147222715299999999999999 2501051515 3099999999999999
143130118110107110117127135138134123106 85 64 48 40 43 55 7610012214014920 529I4 9 1138233415199999999999999 3581071616 4099999999999999
150143132119109104104108116124129130123111 94 75 60 51 51 61 7910112314020 530I41034130999999999999999999999 5321031729 5099999999999999
150152145133118104 94 91 94102113124130129121106 88 72 60 58 65 8210312620 531I4 039152122513199999999999999 7 1 911845 5899999999999999
144155156147131111 92 79 73 77 89105122135140134120101 82 68 64 70 8610920 6 1I4 136157135814099999999999999 8 6 731956 6499999999999999
132152162160147125100 76 59 53 60 78102126144152148134113 91 75 69 76 9320 6 2I4 223163151115299999999999999 856 532058 6999999999999999
117142161169163143115 83 56 38 35 47 72102132155165161144121 97 80 75 8420 6 3I4 3 5169161216599999999999999 942 352153 7599999999999999
103129153170173161135100 64 36 20 22 40 71107141165175169150125101 85 8220 6 4I4 34417417 6175999999999999991025 192242 8299999999999999
 93115141164176174155123 84 46 19  8 15 39 75115150173180172151125103 9020 6 5I4 42117717561809999999999999911 7  72328 8899999999999999
 90104127152172179170145108 67 32  8  2 15 44 8312315717718116914712310320 6 6I4 4581791843181999999999999991149  2999999999999999999999
 94 99115138160175176161132 93 54 22  5  5 23 54 9413216117617616214111920 6 7I4 534177192917899999999999999 011 941230  399999999999999
104 99107124146164173168149118 81 46 20  8 14 35 6710413816217216815313320 6 8I4 611173201317299999999999999 052 991311  899999999999999
115104104114131149163166157136105 72 42 23 18 27 50 8111414216016515914420 6 9I4 648167205616599999999999999 1331031351 1799999999999999
127112105108118133148157156145123 95 67 44 31 31 43 65 9312114315615715020 610I4 726158214015899999999999999 2161051432 2999999999999999
136121110106109119132142148145132113 90 67 50 43 45 59 7910312614315115120 611I4 8 9148222515299999999999999 3 31061514 4299999999999999
142130118109105108116125133137133123107 89 72 60 55 60 72 9111112914214820 612I4 9 2137231514899999999999999 4 110516 0 5599999999999999
146138127115106102103109116123127125118107 93 80 71 68 72 83 9911613114220 613I41014127999999999999999999999 5161021654 6899999999999999
147144136124111101 95 94 98106114120122119111100 90 82 79 82 9110512013420 614I4 0 8147115312299999999999999 637 9418 0 7999999999999999
144147144134120105 92 84 82 87 97108118124124119110 99 91 87 88 9710912420 615I4 1 1147133312599999999999999 743 821912 8699999999999999
138148150144131114 95 79 70 69 77 91107122131133129119107 97 91 9310111420 616I4 149150144913399999999999999 833 682018 9199999999999999
130144153153143125103 80 63 55 58 71 90112130142144138126111 99 94 9610620 617I4 230154154614499999999999999 914 552114 9399999999999999
121138152158154138115 88 63 47 42 51 70 95121142153154144129112 99 95 9920 618I4 3 7158163115599999999999999 950 4222 0 9599999999999999
112130147159161151129100 70 45 32 33 48 74105134155163160146128110 98 9620 619I4 3411621712164999999999999991025 312241 9699999999999999
104121140157165162145116 83 51 29 21 29 51 83118147165170162144123106 9720 620I4 41316617501709999999999999911 0 212319 9799999999999999
 99111130150165168158134101 65 35 17 15 30 59 9513115817317215913911810220 621I4 4461691828174999999999999991136 142356 9799999999999999
 97104120140159170167151121 85 49 22 10 15 36 7010814216617617015413211220 622I4 52117119 7176999999999999991213  9999999999999999999999
100 99110128149165171163141108 71 38 15  9 20 46 8211915117017416514612520 623I4 557171194717599999999999999 034 981253  999999999999999
107 99102115135154166167155130 97 61 32 15 13 29 58 9312915617017015813920 624I4 636169203017299999999999999 114 991334 1299999999999999
119104 99105119138154163161146121 89 57 32 20 23 41 7010413515816816515120 625I4 720164211416899999999999999 158 991419 1999999999999999
132114102 99106119136150156153138114 86 58 38 30 36 54 8211314015816515920 626I4 81115722 116599999999999999 248 9915 6 3099999999999999
145126110 99 97102115129141148145133112 88 66 49 44 50 68 9312014315816120 627I4 914148225016199999999999999 348 961558 4499999999999999
154140122106 94 91 95105118131139139131116 96 78 64 60 66 8110312614615720 628I41033140234116099999999999999 458 911656 6099999999999999
159151136118100 87 81 83 92106120132137134123108 92 80 75 79 9211113114820 629I412 9137999999999999999999999 615 8018 3 7599999999999999
158159150133113 92 76 67 68 77 93111128139141135122108 95 89 9010111713620 630I4 034160134614199999999999999 726 661917 8899999999999999
152161160150130106 81 62 51 52 63 83107129144151148136121107 98 9810712220 7 1I4 12816215 815199999999999999 827 502030 9799999999999999
141156164162149126 97 69 47 36 38 53 7710613315316215914713011310310311120 7 2I4 219165161416299999999999999 921 35213510299999999999999
127146162169164147119 87 56 33 23 28 47 7711114116317216715213311510510520 7 3I4 3 816917 8172999999999999991010 22223110399999999999999
115133152167173164143111 75 43 21 14 23 48 8211915117217817015213111310420 7 4I4 3551731755178999999999999991055 14231910399999999999999
106119139159172174162136100 63 32 13 11 26 55 9213016017717916714712510920 7 5I4 4381751837180999999999999991138 10999999999999999999999
102108124145164175173155126 89 53 25 11 14 34 6710514116717917516013811720 7 6I4 520176191617999999999999999 0 21021219 1099999999999999
104101111129151168174167146114 78 45 22 14 24 48 8211915017017616714912720 7 7I4 6 0174195217699999999999999 0411011257 1499999999999999
109100102115135154167169158134102 68 41 25 24 38 65 9913215717016915613620 7 8I4 639170202617199999999999999 118 991333 2299999999999999
116102 97104119138155163161146121 91 63 42 33 38 56 8411514216016616014420 7 9I4 718164205916699999999999999 155 9714 8 3399999999999999
125108 97 97106121138151156150134110 84 62 48 45 55 7510112714816016015020 710I4 759156213116199999999999999 234 961442 4599999999999999
134116102 95 96106120134144146139124103 82 66 58 61 73 9311513615115715320 711I4 84414622 615799999999999999 318 941517 5899999999999999
141125109 97 92 94103115127135136130117101 86 76 72 77 8910712514115115320 712I4 940136224415399999999999999 411 921555 7299999999999999
147135119105 93 88 90 97107118126128125116105 95 88 86 9210211613114315020 713I41055128232915099999999999999 516 881643 8699999999999999
150143130115100 88 82 82 88 98110120125126121114106101 9910211112213414320 714I41235126999999999999999999999 628 811749 9999999999999999
149148140127111 94 80 72 72 78 9010411812713213012511811110810911512413520 715I4 023149141513299999999999999 735 71191410799999999999999
144149148140125105 85 69 60 60 69 8410312113514214213612611711211111612620 716I4 120150152814399999999999999 830 59203511199999999999999
137147152150139120 97 74 56 47 49 62 8310713014615415214313111911111011720 717I4 213153161915499999999999999 917 46213811099999999999999
128141153157152137113 85 59 41 34 41 59 8611614115916415914613011610810920 718I4 3 115717 11649999999999999910 0 34222610799999999999999
118132148160163154133103 71 43 26 23 36 61 9412815417017216214512511010420 719I4 3451631739173999999999999991041 2223 710499999999999999
108121139157168167153126 91 56 29 14 17 36 6810614116617817516013811710320 720I4 4271691817179999999999999991121 13234610099999999999999
100109126148166175169149117 79 43 17  7 16 42 7911915317618217315312910820 721I4 5 917518541829999999999999912 2  7999999999999999999999
 97 98111133155173178168143107 67 33 11  7 22 53 9313216418118116614311820 722I4 552178193118399999999999999 024 961243  699999999999999
 99 91 97114138161175177163135 98 59 29 12 14 34 6810814417118117515613120 723I4 63717820 818199999999999999 1 4 911324 1199999999999999
107 91 87 97116140161173172155126 91 56 31 21 28 52 8612315417417716614520 724I4 724175204517899999999999999 146 8714 5 2199999999999999
119 97 85 84 96116139157167164147120 88 60 41 36 47 7210313516017317115620 725I4 816167212217499999999999999 232 831448 3699999999999999
133109 90 80 81 93112132149157154139117 91 70 57 57 69 9211914416216816220 726I4 91415722 016899999999999999 323 791532 5599999999999999
146124101 84 76 77 87104122138146145135119100 85 77 78 9010913014916116320 727I41024147224116399999999999999 422 751621 7699999999999999
155138117 96 80 71 71 79 93110125136139135125113102 96 9810612013615015820 728I41156139233115999999999999999 532 701721 9699999999999999
158150134114 94 76 65 62 68 81 9811513013914113612811911311111612513714820 729I41347141999999999999999999999 650 62184411199999999999999
155156148133113 91 72 57 52 56 69 8810912914315014914213212311811912513620 730I4 033156152115099999999999999 8 5 52202111799999999999999
147155157150135113 88 65 48 41 45 60 8310913415216116015113812511711612220 731I4 144157162316299999999999999 9 9 41213911699999999999999
134147158161154137112 83 57 38 31 37 56 8411514316317116715413712111211120 8 1I4 25016117 91719999999999999910 2 31223311099999999999999
120135151163166157136107 75 47 28 24 34 59 9112615517317716815012911210420 8 2I4 3461661747177999999999999991048 23231510499999999999999
107120139158170170157132 99 65 37 21 22 38 6810413916617917716213911710220 8 3I4 4341721821180999999999999991129 192351 9799999999999999
 97105123146165175171153123 88 54 29 20 27 50 8412115317418017115012510420 8 4I4 51617518521809999999999999912 5 19999999999999999999999
 93 94108130153171176167144111 76 45 27 24 39 6710313816417817515913411020 8 5I4 554176192017899999999999999 023 921239 2399999999999999
 93 87 95114138160173173158131 98 65 41 30 36 57 8812215217117516514311820 8 6I4 630175194617599999999999999 055 8713 9 3099999999999999
 97 85 86 99120144162170165146118 86 59 43 40 53 7810913916217216715112720 8 7I4 7 6171201217299999999999999 126 831338 3999999999999999
104 87 81 87104126147161163153133106 79 59 51 57 7410012815216616715613620 8 8I4 743164203716899999999999999 159 8114 6 5199999999999999
113 93 81 80 90107128145154153141121 98 78 66 65 76 9511914115816415814420 8 9I4 82315521 216499999999999999 235 791435 6499999999999999
123102 86 79 81 92108126139145142131114 97 84 79 83 9511313214815815814820 810I4 910145213015999999999999999 317 7815 6 7999999999999999
133113 96 83 78 81 91106120131136134125114103 95 94 9911112513914915315020 811I4101013622 315399999999999999 4 7 781541 9499999999999999
140125108 92 81 77 79 8710011212312912912611911310910911312113114014614820 812I41137130224714899999999999999 510 77163310899999999999999
144134121106 91 79 73 74 80 9110411712613113212912512111912112513113714220 813I41340132235714499999999999999 626 7218 911999999999999999
144141133121105 89 75 66 64 70 82 9811512913914314113613012512212312713420 814I41515143999999999999999999999 742 64201412299999999999999
140144143136123104 84 66 55 52 59 75 9611813715015515214413312311811712320 815I4 12314516 715599999999999999 845 52213011799999999999999
132143150150142124101 76 54 41 39 50 71 9912715016316615914512911611011120 816I4 233151164616799999999999999 937 38221710999999999999999
121135150159159147124 95 64 39 26 28 45 7310714016417617416014012010510020 817I4 3291611721176999999999999991023 25225610099999999999999
107122143161171168151121 85 51 25 15 22 46 81120154177184175154129106 9320 818I4 41817117551849999999999999911 6 152332 9199999999999999
 92105127152172181174150115 75 39 15  9 24 55 95136169186186169142114 9120 819I4 5 41811828188999999999999991147  9999999999999999999999
 82 87107134162181187175146107 65 31 12 13 34 70113152180190181157126 9720 820I4 54918719 119099999999999999 0 8 811227 1099999999999999
 77 73 85110140168186187171139 98 59 30 18 26 52 9113216618618717014110920 821I4 635189193418999999999999999 046 7313 6 1899999999999999
 82 67 68 85113144170184182163130 93 59 37 33 46 7511214817418517715512420 822I4 72218520 518599999999999999 125 651345 3299999999999999
 93 70 61 66 86114143166176172152124 92 66 53 55 7210013215917617816413920 823I4 812177203617999999999999999 2 7 601423 5299999999999999
109 82 64 59 67 86112137156164159143120 97 80 74 79 9612014516417216715020 824I4 9 816421 817299999999999999 253 5815 2 7499999999999999
125 99 76 62 60 68 85106127143150148137123108 98 9610211613415016116315520 825I41015150214216499999999999999 345 591545 9699999999999999
139117 95 77 65 62 67 80 9711512913814113713012211611511912813914815415420 826I41152141222715599999999999999 451 61164411599999999999999
147133116 97 80 68 62 64 73 8610211813114014214113613112712713013614214620 827I414 4142234514799999999999999 617 62183612799999999999999
147143134120103 85 70 60 58 63 76 9311313114515215214713913112612412813420 828I41533153999999999999999999999 749 58204612499999999999999
141146146140127108 87 68 55 49 54 69 9011513715416216115213912611711411920 829I4 132147162016399999999999999 9 2 49215111499999999999999
129141150153147132110 85 62 46 41 48 67 9412314916517116414913011410510520 830I4 253153165517199999999999999 955 41223110399999999999999
114129146158162154134107 78 53 38 36 49 74105137162175173160138116100 9320 831I4 3491621725176999999999999991038 3523 3 9399999999999999
 98114135155168169156131 99 67 43 32 36 56 87122153173179169148122 99 8620 9 1I4 4331701752179999999999999991114 312332 8499999999999999
 86 98121146166176171151121 87 56 36 32 45 71106140167179176158131104 8420 9 2I4 5111761817180999999999999991145 32999999999999999999999
 76 84104131157174178167141108 74 48 36 40 61 92127157176179165140111 8620 9 3I4 546179184018099999999999999 0 0 761214 3599999999999999
 72 72 88113142166178175157128 94 64 46 43 56 82115147169178170149120 9220 9 4I4 61917919 217899999999999999 027 701241 4299999999999999
 72 65 74 96124151170176167144114 83 61 51 57 7710513616117417315613010120 9 5I4 653176192317699999999999999 055 6513 7 5199999999999999
 76 63 65 80105133156169169154130102 78 64 64 76 9912715216817216113911120 9 6I4 727171194417299999999999999 124 621333 6299999999999999
 85 67 61 69 88113138156163158141119 96 80 74 81 9712014316016716214612220 9 7I4 8 416320 516799999999999999 155 611359 7499999999999999
 96 75 63 63 75 94117138151154146131113 97 89 89 9911613515116016014913120 9 8I4 845154202716199999999999999 230 621426 8899999999999999
108 87 71 65 68 80 9811713314314413712511310410110511512914215215414913720 9 9I4 936144205215499999999999999 310 65145710199999999999999
120101 84 72 68 72 82 9711312613413613312612011511511812613414214614513920 910I41051136212314699999999999999 4 2 68153811599999999999999
129115 99 86 75 71 72 79 9110511712713313513313012812612612913213613813820 911I413 0135222513899999999999999 516 70171912699999999999999
134127116103 89 77 69 67 71 81 9511112513614314414213713212712512512813220 912I41453144999999999999999999999 650 67202012499999999999999
135136132123109 92 76 63 57 59 70 8810912914515515715114113012011511512120 913I4 043136154315799999999999999 813 56212511499999999999999
130139145143133115 92 69 51 43 46 62 8511314015916816615513712010710110620 914I4 219145161816999999999999999 913 4322 310199999999999999
118134150159157143118 88 59 38 30 37 59 90124154174179170150126103 90 8820 915I4 32115916511799999999999999910 2 302237 8799999999999999
 99120144164174169149117 81 48 26 21 35 64102140170186183165137107 84 7320 916I4 4121741722187999999999999991046 212311 7399999999999999
 78 98127156179187177151113 72 38 20 21 42 78120158184192180153118 86 6420 917I4 4591871753192999999999999991126 182346 5999999999999999
 59 72100135168190194179147106 65 35 22 31 59 98140174192190168134 96 6520 918I4 54419518231939999999999999912 6 22999999999999999999999
 48 51 72105143175194194175141100 63 40 35 50 82121158184192179150112 7520 919I4 630197185319299999999999999 022 471244 3499999999999999
 49 39 49 74110148177191187166133 97 68 53 55 75107142171186184163130 9320 920I4 717192192218799999999999999 1 0 391321 5199999999999999
 60 40 37 51 79114147172182175155127 99 79 72 8010012815617518017014511220 921I4 8 7182195018099999999999999 140 361358 7299999999999999
 79 53 40 42 57 84114142161168162146125106 94 9310312114316117116815412920 922I4 9 1168201917199999999999999 224 391436 9299999999999999
101 74 55 46 50 64 8611013214715315014012811711111312113414815716015414020 923I410 9153204916099999999999999 313 46151811199999999999999
119 97 77 63 56 58 68 8410212013314114314013512912612613013714314714714220 924I41151143213014899999999999999 415 56162612699999999999999
132117101 86 73 65 64 69 79 9310912313514314514414013513112913013213513620 925I414 5145231313799999999999999 545 64191212999999999999999
136131122110 96 82 71 65 65 72 8510212013714815315214513612612011711912520 926I41515153999999999999999999999 729 6421 211799999999999999
131136137132121105 87 72 61 59 66 8110212514415716115614312811410510410920 927I4 139137155416199999999999999 846 59214310399999999999999
121133143147142128108 86 67 55 53 63 83109135156166165153134114 98 90 9320 928I4 257147162316799999999999999 938 522213 9099999999999999
105124142155158149130105 79 59 48 51 67 93123150167172163143118 95 81 7820 929I4 3471581649172999999999999991017 482240 7899999999999999
 89109133154166165151126 97 70 51 46 56 79110140164175171152125 97 76 6720 930I4 4271671713176999999999999991050 4623 6 6799999999999999
 73 92119146166174167146117 85 60 48 50 68 97129158175176162135104 76 602010 1I4 5 21741735178999999999999991120 472332 5899999999999999
 60 75101132160176177163136104 75 56 51 62 87118149171178169145113 81 592010 2I4 5351791756178999999999999991147 512358 5199999999999999
 51 60 83114146170180174153123 93 68 57 62 80109139164177173154123 90 622010 3I4 6 71801817178999999999999991213 57999999999999999999999
 47 48 66 95128157175178165140111 84 68 66 78102130156173174161134101 702010 4I4 640179183717699999999999999 025 451239 6599999999999999
 49 43 53 76108139164174170153128102 82 74 80 98122147166172164143113 822010 5I4 713175185717299999999999999 053 4313 4 7499999999999999
 56 43 45 62 88119146164168159140118 98 86 86 97116139157167164149124 952010 6I4 749168191816799999999999999 122 421330 8599999999999999
 68 50 45 53 73 99126147159158147130113100 951001131311481581601511321082010 7I4 828160193916199999999999999 154 451358 9599999999999999
 83 62 51 51 62 821051271431501481391261141071071141261381491531491371192010 8I4 91515020 115399999999999999 230 50143010699999999999999
 98 78 64 57 59 69 861051231351411401351271211171181231311381431431371262010 9I41022142203014399999999999999 316 56151511799999999999999
112 96 81 69 63 64 71 84100115127135138137134130127125126128131133133130201010I41214138212613399999999999999 423 63171012599999999999999
123113101 88 76 68 64 68 77 91106122134143145144139132125121118119122126201011I414 6146999999999999999999999 6 1 64201111899999999999999
129128123112 98 82 68 60 59 67 82101122140152157153143130117107104107115201012I4 02112915 115799999999999999 735 5821 210499999999999999
126136141137125106 84 64 51 48 57 77103130152165167157140119100 89 87 96201013I4 2 7141153816899999999999999 843 472137 8699999999999999
113133149157153137111 82 56 41 39 53 79112143167177172154127100 78 68 73201014I4 311158161117799999999999999 936 382211 6899999999999999
 91117145166174167145112 78 49 34 37 57 90127160180184170142107 76 54 50201015I4 4 31741642185999999999999991021 332246 4999999999999999
 63 90125158181188176147110 73 45 35 44 70107145175189184159123 83 51 34201016I4 45118817131909999999999999911 3 352322 3399999999999999
 37 59 94135170192195178145106 71 48 43 59 90128163186191175141100 59 31201017I4 5381961743192999999999999991143 432359 2199999999999999
 21 32 61101144178196194173140103 73 57 60 80112148176190184159120 77 41201018I4 6251981812190999999999999991222 56999999999999999999999
 19 16 34 67108149178192186165134103 80 72 80103133162181185170140100 61201019I4 712192184218599999999999999 037 1513 0 7299999999999999
 31 16 20 41 75114149173182174155129106 91 90101122147167177172153121 86201020I4 8 2182191117799999999999999 118 151338 8999999999999999
 53 31 22 30 52 82115144162168161146127112104106118135152164166156136108201021I4 856168194116799999999999999 2 0 22141810499999999999999
 79 54 38 35 43 62 87113135149154150141129120116119127138148154151141124201022I410 2154201415499999999999999 248 3415 611699999999999999
102 80 63 51 49 55 69 88108125138144144140134128124124128133138139137130201023I41131145205913999999999999999 346 49162812499999999999999
118104 88 75 65 61 64 73 86102117131140144143139132126122120121123126127201024I41318144225912799999999999999 5 6 6119 912099999999999999
125120111100 87 77 69 68 72 83 97114130142148148142132121112107106110117201025I41426149999999999999999999999 647 68203610699999999999999
123128128122111 97 82 72 67 70 80 97117135149154151140124109 96 91 93101201026I4 12712815 715499999999999999 8 9 672114 9099999999999999
114127136138132118100 83 69 64 68 82103125145157159150132111 91 79 76 84201027I4 244138153816099999999999999 9 4 642145 7699999999999999
100119137148148139120 99 78 65 62 71 89114139157164159142117 91 72 63 67201028I4 33514916 516499999999999999 946 622212 6299999999999999
 82106130150159156140117 93 72 62 64 79103130153167166152126 97 70 54 51201029I4 4151591629168999999999999991020 612239 5099999999999999
 64 88117144162167158137110 85 67 63 72 92120146165171161137105 74 50 40201030I4 4501671652171999999999999991051 6223 5 4099999999999999
 47 69 99132158172170154129101 78 67 69 85110138161172168148117 82 52 35201031I4 5241731714173999999999999991120 662332 3299999999999999
 34 50 79114147169176168146119 93 75 71 81102129154170171157129 93 59 352011 1I4 5571761736173999999999999991148 712359 2799999999999999
 27 35 60 94130158174174160135109 87 77 81 97120145165171163140107 71 422011 2I4 6301761758171999999999999991215 77999999999999999999999
 26 26 44 73109142165174167149124101 87 84 94113136156167165148120 86 542011 3I4 7 3174182016899999999999999 028 241243 8499999999999999
 32 24 33 56 88121149165167157137116 99 91 94108127147160163153130101 702011 4I4 739168184316399999999999999 058 241311 9199999999999999
 44 30 29 44 69 99129150161158146128112101 99106120136150157152138114 862011 5I4 81816119 815799999999999999 131 281343 9899999999999999
 61 42 34 38 55 791061301471531491381241121061071151271391471481401241032011 6I4 9 5153193614899999999999999 2 8 34142010699999999999999
 79 59 45 41 48 63 851071271401451431351251171131141201271341381371291162011 7I410 7145201413899999999999999 254 41151711399999999999999
 98 80 64 53 50 55 67 851041221341411411371301231181161171201241271271232011 8I41132142213012799999999999999 355 5017 711699999999999999
115102 88 73 62 56 57 66 81 991171321421451431351261171101061071111171222011 9I413 2145999999999999999999999 520 56192110699999999999999
124121113100 84 70 59 56 62 76 95116135148153149139124108 96 89 90 98110201110I4 0 112414 415399999999999999 651 562023 8999999999999999
123132135128114 95 75 60 53 58 73 96121143158162154136114 91 75 68 73 88201111I4 148135144816299999999999999 8 5 5321 5 6899999999999999
109130146151144127102 77 58 51 57 76103132156169168152126 96 68 51 48 59201112I4 258151152517099999999999999 9 4 512143 4799999999999999
 83113141161167158136106 78 58 51 61 84115146169177168144109 73 43 28 31201113I4 354167155917799999999999999 954 512222 2799999999999999
 51 83121154175180167140108 78 59 57 71 99132161179180162129 88 49 21 11201114I4 4451801633182999999999999991039 5623 0 1199999999999999
 21 49 88130165185186170140107 80 65 68 86116148173184176150110 66 28  5201115I4 53418817 5184999999999999991122 642340  099999999999999
  1 18 52 96138172188186166137106 83 74 82103132161179182166133 90 48 14201116I4 62219017381839999999999999912 3 74999999999999999999999
 -2  1 23 60104144173185179159132106 89 86 97119145168178173151116 74 36201117I4 710185181117999999999999999 021 -41243 8599999999999999
 10  0  8 34 71111145169176169150127107 96 97110130152167170159135101 64201118I4 759176184517199999999999999 1 2  01324 9599999999999999
 33 14 10 22 47 80115143161165157141123109103107119135151159157144120 91201119I4 850165192016099999999999999 145  914 810399999999999999
 61 38 24 24 37 60 88116138151154147135122112109112122133143147143130110201120I4 94515420 014799999999999999 231 23145910999999999999999
 87 64 47 39 40 52 70 93115132143145141132122114111113118125131133129120201121I41049145205213399999999999999 321 38161011199999999999999
105 88 72 60 53 55 63 78 95113128137141138131122114108107108112117120120201122I412 1141222612099999999999999 421 53175910799999999999999
115106 95 83 72 66 65 71 82 96112126136141138131121110101 95 95 99105112201123I413 9141999999999999999999999 537 651936 9599999999999999
116117113104 93 82 74 71 75 84 98114129140144140130115100 87 80 80 87 98201124I4 03711714 114499999999999999 659 712030 8099999999999999
110119124122114102 89 78 74 77 87102120136146147140124105 85 71 65 68 80201125I4 212124144114899999999999999 8 9 7421 8 6499999999999999
 97114128134132121106 91 79 75 79 91109129145152149135113 88 67 53 51 60201126I4 313134151315399999999999999 9 2 752141 5099999999999999
 79102124139145139125107 90 78 75 83 99120140154156146125 97 68 47 37 42201127I4 4 0145154215799999999999999 945 752211 3799999999999999
 59 85113137152153144125104 86 77 79 91111133151160155137108 76 47 29 27201128I4 4391541610160999999999999991022 762240 2699999999999999
 40 65 97128151161158143121 99 83 78 85102125146160161148122 88 54 28 17201129I4 5151621636163999999999999991055 782310 1799999999999999
 23 44 76111142161166157137113 93 82 82 95115138157164157135102 66 34 15201130I4 54916617 1164999999999999991127 802340 1199999999999999
 12 26 54 91126153167166151128105 89 83 90107129150162162146117 82 46 202012 1I4 6231681728164999999999999991157 83999999999999999999999
  8 13 35 68105138160167160142119 99 88 88100119140156162153131 99 63 322012 2I4 658167175516299999999999999 011  81228 8699999999999999
 12  8 21 47 82118146162163151132111 96 90 95110129147157156141115 82 502012 3I4 734164182415899999999999999 044  713 1 9099999999999999
 24 11 14 31 61 95126149159155142123106 95 94103118135148152146128101 702012 4I4 814159185615299999999999999 120 101337 9499999999999999
 42 23 16 23 43 72103130148153148134118105 98 99108121134143144134116 912012 5I4 859153193414599999999999999 159 161421 9799999999999999
 65 42 27 24 34 54 801081301441481421301161051001011081181281341331251092012 6I4 951148202413599999999999999 244 24151810099999999999999
 88 66 47 36 34 44 62 85109129141144139129116106 99 981021101181231241192012 7I41051144214212599999999999999 338 341641 9899999999999999
108 92 74 57 47 45 52 67 88110128140144140129116103 94 89 90 961041131192012 8I41157144233512099999999999999 444 441819 8999999999999999
119113101 86 70 59 54 58 71 90111130143147142130113 96 81 73 72 79 921062012 9I41258147999999999999999999999 6 1 541935 7299999999999999
119125124115100 83 69 62 63 75 93115135148152145128106 83 63 53 52 63 81201210I4 123126135115299999999999999 719 612031 5199999999999999
103123136139131115 95 78 67 68 79 99122143156157145123 94 65 42 31 34 50201211I4 245139143615899999999999999 828 662118 3099999999999999
 76105132149153144126103 83 72 73 85107132152163160143113 78 44 20 11 19201212I4 349153151816499999999999999 927 7122 2 1199999999999999
 42 75111142161165154133108 87 76 78 93117142162169160135 99 60 25  2 -3201213I4 4451661558169999999999999991020 752246 -399999999999999
 11 41 80120152171172158134109 88 80 85103128153169171155125 84 43  9-10201214I4 53617416371729999999999999911 7 792329-1299999999999999
 -9 10 45 88128160175173157132106 89 84 92113138160172168147112 69 29 -1201215I4 6231761716172999999999999991152 84999999999999999999999
-14 -8 17 54 97136163174169150125103 89 88100121145163169160134 98 57 21201216I4 7 9174175416999999999999999 011-141234 8799999999999999
 -3-10  1 29 67107141163169160140117 99 90 93107128148161162148121 85 49201217I4 752169183316399999999999999 053-101315 8999999999999999
 19  1  0 16 44 80115143159160148129110 96 91 97111130146154150134107 76201218I4 834161191215499999999999999 134 -11357 9199999999999999
 45 22 11 15 33 61 92121142152149137120104 94 92 99112127139143136120 97201219I4 916152195414399999999999999 214 111441 9299999999999999
 70 46 31 26 33 51 76102125140145140128113100 92 92 98109120128130123109201220I4 958145204213099999999999999 254 261534 9199999999999999
 90 70 53 43 42 50 67 88109126137139133121108 97 90 89 93101110116117113201221I41044139214511899999999999999 335 411641 8999999999999999
103 89 74 63 56 57 65 79 96113127134134128118105 94 86 82 84 90 98105108201222I41134135231910999999999999999 423 5618 5 8299999999999999
107102 93 83 74 70 70 77 88102116127133133127115101 88 77 72 72 78 87 97201223I41229134999999999999999999999 523 691924 7199999999999999
105108107102 94 86 81 80 84 93105118129134134126112 95 78 65 58 59 67 80201224I4 115108132413599999999999999 641 802022 5799999999999999
 94107115117112104 95 88 85 88 96108121132138135124106 85 64 49 43 47 60201225I4 247117141213899999999999999 8 1 8521 6 4399999999999999
 78 98115125128123112100 91 87 90 99113127138141135119 96 70 47 33 30 39201226I4 347128145314299999999999999 9 6 872144 3099999999999999
 58 83108127138138129115101 90 86 91103119135144144132110 81 52 30 18 21201227I4 432139153014699999999999999 956 862219 1899999999999999
 37 63 93121140148144131114 97 87 86 95110128143150144125 97 64 34 13  7201228I4 51014816 4150999999999999991037 852252  799999999999999
 17 41 73107134151155145128108 92 85 88100119138151152140114 80 45 17  1201229I4 5451551636153999999999999991113 842326 -199999999999999
  2 20 50 86121147159156141121100 87 83 92109129147155150131100 63 28  3201230I4 61915917 9156999999999999991147 83999999999999999999999
 -6  3 27 62101133154160152134111 93 83 85 98118139153156144119 84 46 15201231I4 654161174315799999999999999 0 2 -61220 8399999999999999
