 80 64 52 42 35 36 44 57 73 92110121122118113107101 98 99 99 99 98 98 9420 1 1IO113512219 2 9999999999999999 425 341716 9899999999999999
 85 73 63 56 49 47 51 60 70 83 98110116116113109103 97 93 91 88 86 87 8720 1 2IO1227117999999999999999999999 452 47999999999999999999999
 84 79 72 67 63 61 62 66 73 81 91102110113112110105 98 90 83 78 74 73 7520 1 3IO1317113999999999999999999999 517 602148 7399999999999999
 78 79 78 77 75 74 73 75 79 84 90 97104109110109105 99 89 79 70 63 60 6120 1 4IO 1 1 79135811099999999999999 546 732216 5999999999999999
 66 73 80 84 86 86 86 86 86 88 92 96101106109109106100 91 79 65 54 48 4620 1 5IO14321109999999999999999999992244 46999999999999999999999
 51 61 74 86 93 97 99 98 95 93 94 97100104108111109102 93 80 65 49 37 3320 1 6IO 6 5 9915 611199999999999999 914 9323 9 3399999999999999
 35 45 61 81 97107111110106100 96 97100103108112114108 97 84 67 48 30 2120 1 7IO 6281111545114999999999999991020 962334 1999999999999999
 20 27 43 67 93112121122119110101 96 99103108113119119108 92 73 52 29 1120 1 8IO 64312316271209999999999999911 6 96999999999999999999999
  5 10 24 47 78109128134130121108 97 94100107114122127123107 84 60 35 1020 1 9IO 659134171212899999999999999 0 2  51146 9499999999999999
 -6 -7  4 25 56 94127142141132119103 92 92102112121130135126103 74 47 1920 110IO 724143175713699999999999999 034 -81226 9099999999999999
 -6-19-13  5 31 68110141150143129113 96 86 92105117127138141126 96 64 3520 111IO 755150184414199999999999999 110-1913 7 8699999999999999
  6-18-24-12 10 41 82125150151138123105 89 83 93108119130141141120 87 5620 112IO 831153193114399999999999999 149-241350 8399999999999999
 27 -1-20-21 -4 21 53 95134151145130115 98 84 82 94107117128138135111 7920 113IO 910151202013999999999999999 231-231436 8199999999999999
 51 25  0-14 -9 10 34 66105137145136122108 93 81 82 9210210912113012310020 114IO 952146211113099999999999999 313-141526 8099999999999999
 74 51 29  9  1 10 27 49 78111133136126114103 89 79 80 86 92 9810911611020 115IO103613722 611699999999999999 357  11625 7899999999999999
 91 72 55 39 25 23 32 46 64 88113127126117108 97 85 76 74 76 79 84 9410120 116IO1122128231010199999999999999 442 221744 7499999999999999
 97 86 74 64 54 46 46 54 65 78 95112120117109101 92 80 70 65 63 64 69 7920 117IO1211120999999999999999999999 528 452018 6399999999999999
 87 88 84 79 75 71 67 68 74 81 90100110114111104 95 86 74 61 53 49 50 5520 118IO 039 8913 111499999999999999 619 672125 4999999999999999
 66 78 85 87 88 89 88 86 86 90 94 99104109111107 99 90 79 65 50 39 35 3720 119IO 5 9 89135311199999999999999 730 862214 3599999999999999
 44 57 74 88 95 99102102 99 98100103104106110112106 96 85 71 54 36 25 2220 120IO 634103144711299999999999999 858 982253 2299999999999999
 26 36 55 78 96106111113111106103104107107109113114107 94 79 62 41 22 1120 121IO 71011315421159999999999999910 91032328 1099999999999999
 11 19 34 59 88109118120120114106102104108110113118119108 91 72 51 28  720 122IO 71312116361209999999999999911 2102999999999999999999999
  0  4 17 38 70103124128126120110100 97103109112118125123108 85 63 40 1420 123IO 657128172512699999999999999 0 4  01146 9799999999999999
 -5 -7  3 20 48 86119135133125115102 91 92102110115123131125103 77 53 2720 124IO 720136181013199999999999999 039 -81226 9099999999999999
  2-12 -8  7 30 63103133140131120106 91 83 89102111118129133121 95 68 4320 125IO 750140185013399999999999999 115-1313 4 8399999999999999
 17 -6-12 -2 18 44 81118139137124110 95 81 79 89102111121131130111 83 5720 126IO 822140192813399999999999999 150-121341 7899999999999999
 33  9 -6 -4 11 33 61 97128137128113 99 84 74 77 90102111121128120 97 7120 127IO 85413720 412899999999999999 223 -71418 7499999999999999
 48 27  8  1 10 28 50 79110129129116103 89 76 71 78 90 99108118120106 8320 128IO 927131203912099999999999999 254  11455 7199999999999999
 61 42 25 14 15 28 46 67 93116124117105 93 81 71 70 78 86 94103110107 9120 129IO 958124211611199999999999999 322 131536 6999999999999999
 72 55 41 29 26 33 47 62 82103116116107 96 86 75 68 69 74 80 87 95100 9420 130IO1028118215910099999999999999 349 251624 6899999999999999
 80 66 54 45 39 42 51 63 77 92106111107 98 89 80 71 66 66 68 72 78 86 8920 131IO10571112250 8999999999999999 414 391728 6599999999999999
 83 74 65 59 54 53 59 68 77 87 98106105 98 91 84 76 67 61 60 60 63 69 7620 2 1IO1125106999999999999999999999 441 531918 6099999999999999
 79 77 73 71 69 67 69 74 81 88 94100102 99 92 86 79 71 62 55 51 50 53 5920 2 2IO 0 1 79115410299999999999999 5 7 672054 5099999999999999
 68 74 77 78 81 82 82 84 87 92 95 98100 99 94 88 81 75 65 55 46 41 40 4320 2 3IO12211009999999999999999999992154 40999999999999999999999
 51 63 74 82 89 94 96 95 95 96 98 98 99 99 97 93 86 78 69 57 45 34 29 2820 2 4IO 6 8 961247 9999999999999999 750 952239 2799999999999999
 33 45 62 79 93103108108105101 99 99100100100 99 95 87 76 63 47 32 20 1420 2 5IO 63010914 0100999999999999991024 992313 1499999999999999
 16 26 44 68 91109118119115108100 97 98100102104106102 90 73 55 35 16  220 2 6IO 6431191554106999999999999991111 972345 -199999999999999
  0  7 23 47 79109126129125116103 93 90 95101106112116111 92 69 46 21 -120 2 7IO 65013017 3116999999999999991145 90999999999999999999999
-14-12  2 24 57 96127139135124110 92 81 83 93102111123129119 93 64 36  720 2 8IO 7 8139175712999999999999999 020-151221 8099999999999999
-18-27-17  3 32 72115143145132117 97 77 68 76 91103117134140122 90 58 2720 2 9IO 734147184714099999999999999 056-2713 0 6899999999999999
 -5-28-30-13 11 44 89132150142124105 82 61 58 71 88102122142143119 84 5320 210IO 8 6150193414699999999999999 134-321341 5799999999999999
 21-11-28-22 -2 24 61107142147132112 91 67 49 51 67 83100123143138111 7920 211IO 841149202114499999999999999 214-291424 4899999999999999
 50 20 -8-17 -5 16 41 78119142137118 99 78 55 43 48 63 77 9512013512610020 212IO 91714321 913599999999999999 253-1715 9 4299999999999999
 74 50 25  6  4 18 37 60 93123133122104 87 67 48 40 46 57 69 8810911911020 213IO 954133215911999999999999999 333  316 0 4099999999999999
 90 72 55 37 27 31 44 59 78102120120107 91 77 61 46 40 44 51 61 77 9410120 214IO1031122225810199999999999999 413 2717 2 4099999999999999
 95 84 74 64 55 52 58 68 78 91105112107 95 82 71 58 46 40 40 44 51 64 7820 215IO11 6112999999999999999999999 450 521829 3999999999999999
 85 85 82 80 78 75 76 81 87 93 98103103 97 87 77 68 57 46 38 35 36 41 5220 216IO 022 86113310499999999999999 519 752017 3599999999999999
 64 74 81 85 89 92 94 95 97100101100 99 96 91 84 75 67 56 45 34 28 28 3220 217IO10 91019999999999999999999992139 27999999999999999999999
 42 56 71 84 94101105107106105104103 99 96 94 91 85 76 66 55 41 28 20 1920 218IO 7 31079999999999999999999992238 19999999999999999999999
 24 36 54 76 94105111114113108104103101 97 94 95 95 89 78 65 52 35 19 1120 219IO 7151141529 95999999999999991410 942319 1199999999999999
 13 20 36 60 87107116118117111102 97 97 97 95 96101102 93 78 63 46 25  920 220IO 7131181637103999999999999991418 952354  499999999999999
  4  9 21 42 73103120122119113102 90 87 91 94 95102111109 95 76 58 37 1420 221IO 6411221726112999999999999991149 87999999999999999999999
 -1  0 10 27 54 90119128122114102 86 76 78 86 92 99111120113 92 71 50 2620 222IO 65712818 712099999999999999 026 -21219 7599999999999999
  3 -5  2 17 39 72109129128116103 86 69 63 72 84 93105121125110 85 63 4020 223IO 722131184512699999999999999 057 -51251 6399999999999999
 15 -3 -2 11 29 56 92123131120104 88 69 54 56 69 83 96113127124102 76 5420 224IO 749131192012999999999999999 128 -51324 5399999999999999
 30  8 -1  8 24 45 75109128124107 90 71 53 45 53 69 83100119127115 90 6620 225IO 817129195512799999999999999 156 -11357 4599999999999999
 44 22  7  9 23 41 64 94119124111 93 76 57 42 42 54 69 84103120120102 7820 226IO 843125203012399999999999999 223  61431 4099999999999999
 57 38 21 15 25 40 58 81107120114 97 80 63 46 38 42 54 68 85104115108 8920 227IO 9 912021 711599999999999999 249 1515 8 3899999999999999
 69 52 36 27 30 42 57 74 95111113100 84 70 55 41 38 44 54 67 84100105 9520 228IO 935114214810699999999999999 316 261550 3799999999999999
 79 65 53 42 40 47 60 72 87102108102 88 74 62 50 40 39 44 53 65 80 93 9420 229IO10 11082235 9599999999999999 344 391638 3999999999999999
 85 75 66 59 54 56 65 75 85 94102101 91 78 67 57 47 41 40 44 50 61 74 8420 3 1IO10251032336 8599999999999999 414 541737 3999999999999999
 85 80 76 73 71 70 74 81 88 93 97 98 92 81 70 62 55 46 40 39 41 46 55 6620 3 2IO1043 98999999999999999999999 445 701848 3999999999999999
 75 79 80 82 85 85 86 89 93 96 96 96 93 85 75 67 60 53 44 37 35 35 39 4720 3 3IO 952 969999999999999999999992018 35999999999999999999999
 58 70 79 87 94 98 99 99 99100 99 96 93 89 82 74 67 60 51 41 32 27 26 3020 3 4IO 9 01009999999999999999999992146 26999999999999999999999
 39 53 70 85 98107110109105102 99 96 94 91 89 85 80 72 60 48 35 23 16 1420 3 5IO 6 91109999999999999999999992239 14999999999999999999999
 21 33 52 76 98113119118112104 96 91 91 91 92 94 95 91 78 61 44 27 11  120 3 6IO 6161191557 95999999999999991133 912320  099999999999999
  3 14 31 57 89116127126119108 93 81 79 84 89 95105111104 84 61 40 17 -520 3 7IO 61912817 4111999999999999991139 792357-1299999999999999
-12 -5 12 35 69108133135125112 94 73 62 67 78 88102120129115 88 61 34  520 3 8IO 6361361754129999999999999991210 62999999999999999999999
-18-20 -5 16 45 88128144134117 98 73 49 43 56 72 88111137142120 88 59 2820 3 9IO 7 2144184114399999999999999 034-211245 4399999999999999
 -5-23-17  3 27 62109142144125103 79 49 28 30 48 67 89121148146118 86 5720 310IO 733147192615199999999999999 112-241324 2699999999999999
 23 -8-17 -3 18 44 83126146135111 87 59 29 14 23 43 63 91127149140111 8320 311IO 8 6146201215099999999999999 150-1714 5 1499999999999999
 55 23  0  1 18 38 64101133139119 94 70 42 16  9 21 39 61 9212613912610220 312IO 840140205813999999999999999 228 -31448  999999999999999
 80 56 31 19 26 42 60 83112130123101 78 56 31 13 11 22 38 59 8911612311120 313IO 913131214812399999999999999 3 5 191536 1099999999999999
 94 79 62 47 44 54 66 80 97114119105 85 66 48 29 17 16 24 37 56 8110010420 314IO 944119224710599999999999999 342 441630 1599999999999999
 98 89 82 73 68 70 78 86 94103109104 90 74 60 46 32 24 22 27 36 51 70 8420 315IO10 7109999999999999999999999 414 681740 2299999999999999
 89 90 89 89 88 88 91 96 99101101 99 91 80 68 58 48 38 30 27 28 34 45 5820 316IO 031 90 94610299999999999999 428 881914 2799999999999999
 71 81 88 94 99102104105106104101 96 89 83 75 68 61 53 44 36 29 28 31 3920 317IO 7491069999999999999999999992051 28999999999999999999999
 50 65 80 93103109112112110106102 96 89 83 80 78 73 66 58 48 38 29 25 2720 318IO 63311399999999999999999999922 6 25999999999999999999999
 34 47 66 87103112116116113106 99 94 89 83 81 84 85 79 70 61 50 36 25 2120 319IO 6431161542 85999999999999991352 812255 2199999999999999
 25 34 49 74 98113117117113104 93 87 85 83 81 85 93 94 85 73 62 48 31 2020 320IO 6171171636 95999999999999991355 812331 1899999999999999
 19 26 37 58 88112120117112103 88 76 74 77 79 83 94104101 88 74 61 42 2420 321IO 6 51201718105999999999999991143 74999999999999999999999
 16 20 30 45 73104121120111101 86 68 59 64 71 78 90107115105 87 72 55 3320 322IO 623123175611599999999999999 0 2 1612 5 5999999999999999
 17 17 26 39 60 91118124114100 84 64 48 47 57 69 82101120120104 84 67 4620 323IO 646125183212399999999999999 031 151233 4599999999999999
 24 16 23 35 52 78109125119102 84 64 43 32 40 55 70 90114128119 98 78 5820 324IO 71112519 612899999999999999 059 1613 3 3299999999999999
 36 20 22 34 48 69 97121123107 87 67 44 26 25 38 55 74101124128112 91 7020 325IO 735125194013099999999999999 125 191334 2399999999999999
 49 30 24 33 47 64 87112123113 92 72 50 28 17 24 39 58 82110127122103 8320 326IO 759123201512899999999999999 150 2314 7 1799999999999999
 63 43 31 34 47 62 80102119117 99 78 58 37 20 16 27 42 62 89115123112 9420 327IO 823120205312399999999999999 217 301442 1699999999999999
 77 59 44 40 50 63 77 93110116104 84 65 47 29 18 20 31 46 67 9311311410220 328IO 848116213411699999999999999 245 401520 1899999999999999
 88 74 61 53 56 66 78 89102110106 89 71 56 41 27 21 26 36 50 71 9310610420 329IO 912111222210799999999999999 316 5316 3 2199999999999999
 95 86 78 70 68 73 82 90 98104104 93 77 61 50 38 29 26 30 39 53 70 87 9720 330IO 9321052325 9899999999999999 349 671653 2699999999999999
 96 92 89 86 83 84 89 95 99101101 95 82 68 56 47 39 32 30 33 41 52 66 8020 331IO 926101999999999999999999999 424 831750 3099999999999999
 89 93 94 97 98 97 98101103102 99 95 87 76 64 55 48 41 34 31 33 39 48 6020 4 1IO 81610399999999999999999999919 1 31999999999999999999999
 73 85 94102107109108107106104100 95 89 83 75 67 60 51 43 35 30 30 33 4220 4 2IO 5 91099999999999999999999992039 29999999999999999999999
 54 70 87102112117117113108102 97 93 89 86 84 82 77 67 56 45 34 26 22 2620 4 3IO 5291179999999999999999999992156 22999999999999999999999
 36 51 71 95114123123118110 98 88 84 84 84 87 93 97 91 76 61 46 31 17 1420 4 4IO 5271231558 97999999999999991135 842247 1399999999999999
 21 34 52 80110128129122112 97 79 68 69 74 81 92108115105 85 66 46 24  820 4 5IO 5351301655115999999999999991122 672328  699999999999999
  8 20 37 60 95127138129114 98 74 52 45 54 66 80103127133116 91 69 43 1620 4 6IO 5571381743134999999999999991151 45999999999999999999999
  2  9 26 45 75115142140121101 77 47 25 26 42 60 83117145144121 95 70 3920 4 7IO 625144182914999999999999999 0 7  21226 2399999999999999
 11  5 19 37 60 95133148133107 83 53 20  5 14 35 57 89130155147121 96 6920 4 8IO 656148191415699999999999999 045  413 4  599999999999999
 37 15 18 35 54 79115144143119 91 63 30  1 -5  9 31 58 97138154141117 9420 4 9IO 72914820 015499999999999999 122 131344 -699999999999999
 68 40 29 38 56 73 98128143130101 74 46 15 -7 -6 10 31 6110213614413011120 410IO 8 1143204714599999999999999 159 291427 -999999999999999
 92 70 52 50 62 76 91112131131111 84 60 35  9 -4  0 15 35 6510012612911920 411IO 832134214013099999999999999 236 481514 -499999999999999
106 93 79 70 74 84 94105117123115 94 72 52 31 13  6 10 21 40 66 9411211520 412IO 859123224511599999999999999 312 7016 7  699999999999999
110104 98 92 90 94101106110113110 98 81 64 50 35 23 17 20 29 44 64 84 9920 413IO 9 8113999999999999999999999 346 901711 1799999999999999
104106107106105106109111111108104 96 85 74 63 53 43 34 29 29 35 46 60 7620 414IO 2 9107 72411199999999999999 4121051827 2899999999999999
 90100107112115116116115112107101 93 86 79 73 66 59 52 44 38 36 39 47 5820 415IO 5151169999999999999999999991956 36999999999999999999999
 72 87102112118121121118112106 99 91 84 80 79 77 73 66 60 52 45 41 42 4820 416IO 5271219999999999999999999992118 40999999999999999999999
 57 72 90108118122122118111101 94 88 82 79 80 85 85 80 73 66 58 48 43 4420 417IO 5301221533 86999999999999991311 792216 4299999999999999
 50 60 77 98115121120116109 97 85 80 78 76 78 87 94 93 86 78 71 60 48 4420 418IO 5121221623 95999999999999991310 762257 4499999999999999
 47 54 66 86109121120114106 93 77 68 68 70 74 84 98105100 90 82 72 57 4720 419IO 52212217 3105999999999999991129 672330 4599999999999999
 46 52 61 76 99119122114103 90 72 56 52 58 66 77 95112115105 93 83 68 5320 420IO 5421231740116999999999999991146 522358 4699999999999999
 46 51 59 70 90113124118103 88 69 49 38 42 53 66 85109124120106 93 79 6120 421IO 6 41241816125999999999999991211 37999999999999999999999
 49 50 59 69 84106124123108 90 70 47 28 25 36 51 71 99124132121105 90 7220 422IO 627126185013299999999999999 024 481240 2499999999999999
 54 49 57 68 81100121128115 95 74 51 28 15 20 35 54 82114135133118102 8420 423IO 650128192513799999999999999 050 491310 1599999999999999
 64 52 55 67 79 94115128123103 81 59 34 14 10 21 38 62 95126138130114 9720 424IO 71412920 213899999999999999 116 521343 1099999999999999
 78 61 57 67 79 92108124127112 89 67 45 22 10 12 26 45 7210613113512410920 425IO 739128204113699999999999999 145 571418  999999999999999
 93 76 66 68 80 92103117126118 97 75 55 35 18 11 18 33 53 8211212912811820 426IO 8 5126212513199999999999999 217 651456 1199999999999999
105 92 81 77 83 94103112120119105 83 64 47 31 19 17 26 40 61 8711212312120 427IO 829121221712499999999999999 251 761538 1799999999999999
113105 97 91 91 98106111115116109 92 73 57 44 32 24 24 33 47 66 8810711620 428IO 842116232511799999999999999 329 901626 2399999999999999
116113110106103105109113114112108 98 83 67 55 45 35 30 31 39 51 67 8510120 429IO 744114999999999999999999999 4151031721 2999999999999999
111115116117116114114115114111106100 91 79 68 58 49 41 36 36 42 52 65 8120 430IO 3 3117 72211599999999999999 5381141826 3599999999999999
 97110117122124123119115112108103 98 93 89 82 74 65 56 48 41 40 43 51 6320 5 1IO 4 81249999999999999999999991950 39999999999999999999999
 79 97113124128128124117108101 96 92 90 91 93 92 85 75 64 54 45 40 43 5120 5 2IO 4231281422 93999999999999991217 902112 4099999999999999
 63 80101121131131126118105 91 82 80 81 84 93104107 99 85 73 60 47 39 4320 5 3IO 4261321545108999999999999991055 8022 9 3999999999999999
 53 67 86112132137129118104 85 66 60 64 71 82101120124111 95 81 64 45 3920 5 4IO 4461371641125999999999999991059 602255 3999999999999999
 46 59 74 97126143138121105 84 58 40 39 50 64 84114138138122104 87 64 4420 5 5IO 5141431730141999999999999991129 372336 4199999999999999
 42 55 69 86114141148132109 87 60 30 16 24 40 60 91130152147128110 89 6320 5 6IO 54514918171539999999999999912 5 16999999999999999999999
 47 51 67 82102131152146121 95 68 35  7  1 15 35 62102143160150131112 8920 5 7IO 61815319 416099999999999999 015 461244  099999999999999
 64 55 66 82 97118144154137107 79 49 16 -6 -5 12 35 6811214915914713011220 5 8IO 652154195116099999999999999 053 551326 -899999999999999
 89 70 70 83 98112131149146122 92 65 35  6 -8 -2 15 40 7611814815314112720 5 9IO 725151204215399999999999999 131 681410 -899999999999999
111 93 83 88100112123137144132107 80 55 29  7 -1  6 23 48 8211814014313520 510IO 756144213814499999999999999 210 821458 -199999999999999
124113101 98104114121128134131116 93 71 50 30 15 10 18 33 56 8611413113420 511IO 820134224513499999999999999 249 981551 1099999999999999
130124118112112117122124125124116101 84 67 52 38 27 24 31 44 63 8710912220 512IO 758125999999999999999999999 3331121647 2499999999999999
127128126124122122123123121116111103 91 79 69 58 48 40 38 43 54 68 8610420 513IO 034128 63812499999999999999 4391221747 3899999999999999
117125128130129127124122118112105 99 93 87 80 73 66 59 53 51 54 62 73 8720 514IO 3121309999999999999999999991854 51999999999999999999999
102116125130131130126120113107100 94 91 89 88 85 80 75 69 65 62 63 69 7820 515IO 3521319999999999999999999992013 62999999999999999999999
 89104118127130129125118108100 93 89 86 87 91 94 92 87 83 79 74 70 70 7520 516IO 4 213015 7 94999999999999991219 862121 6999999999999999
 83 94108122129127122115104 92 84 80 80 82 89 98102100 95 91 86 79 75 7720 517IO 41412916 4102999999999999991142 802211 7599999999999999
 82 89100115126127120111100 86 73 68 70 74 83 96109112107102 97 89 81 7920 518IO 43312816481129999999999999911 7 682248 7999999999999999
 83 89 96109123128122110 98 82 65 55 55 62 73 89108121120114108100 89 8220 519IO 4541281727122999999999999991124 542318 8199999999999999
 83 89 95105119129126113 98 81 61 45 40 47 59 76100123132127119110 98 8620 520IO 51613018 5132999999999999991150 402346 8299999999999999
 83 88 96104116130132120103 84 63 41 29 32 43 60 86116137140132121108 9320 521IO 5391331840140999999999999991218 28999999999999999999999
 83 86 95103114128137129111 90 69 45 25 20 28 44 6710013114714413312010320 522IO 6 4137191714799999999999999 015 831249 2099999999999999
 88 85 93103113125138138122 99 77 53 30 15 17 30 50 7911514315114413111620 523IO 631140195515199999999999999 045 841322 1499999999999999
 99 88 91102112122135141133110 86 64 40 20 13 20 35 59 9212714915114112820 524IO 659141203615299999999999999 118 871359 1399999999999999
113 99 93100112121131139139123 98 75 53 33 17 15 26 43 6910213314914713820 525IO 729141212115099999999999999 154 931438 1499999999999999
126113104103111121128134137130111 87 66 48 31 20 22 34 52 7810813414514320 526IO 757137221414699999999999999 2331021522 1999999999999999
135126118112113120127130132130120101 80 62 47 34 27 30 43 61 8411013114020 527IO 815132231614199999999999999 3201111611 2799999999999999
139134130124120121125127127125121111 95 78 64 52 41 36 40 51 67 8710912820 528IO 7 9127999999999999999999999 42212017 4 3699999999999999
137137136133129124122123121118115112105 94 81 70 60 50 46 50 59 72 8910920 529IO 03813899999999999999999999918 3 46999999999999999999999
126135138138135129122117113109106105106105 98 89 79 70 61 57 59 66 77 9220 530IO 2151389999999999999999999991914 57999999999999999999999
110127137140137132124113103 97 95 94 98104109107 99 90 81 73 66 66 73 8420 531IO 2531401413110999999999999991040 942029 6599999999999999
 97114131141140133124112 96 83 78 79 83 93107119119111102 93 83 74 74 8220 6 1IO 3231421531121999999999999991015 782131 7299999999999999
 92104121139145138125112 95 74 60 59 65 75 92115132132123114103 90 79 8120 6 2IO 3551451629134999999999999991035 582220 7899999999999999
 91101113132148147132115 97 73 50 39 43 54 70 96127145144133123110 93 8420 6 3IO 42915017221479999999999999911 9 3823 5 8499999999999999
 90101111125144155146124102 79 51 27 21 31 47 70105141157152141129112 9520 6 4IO 5 51551812157999999999999991148 212346 8999999999999999
 90100112122137155159141114 89 62 32 11 11 25 45 7611715216415714513111220 6 5IO 54116019 1164999999999999991229  9999999999999999999999
 97 97110122133148161156132103 76 47 18  3  8 25 49 8512815916715814513020 6 6IO 618162194916799999999999999 028 951313  399999999999999
112102107120131141154160148121 93 66 37 13  3 12 30 57 9513616116515514320 6 7IO 655160203916699999999999999 1 91021359  399999999999999
128114110117129138146154153137110 83 59 34 15 11 21 41 6810413915815915020 6 8IO 730155213016199999999999999 1511091446 1099999999999999
140129119118126135140144147141123 99 77 57 38 24 23 34 53 7911113915315220 6 9IO 8 0147222415499999999999999 2361171533 2299999999999999
146139131125125131136137137136128111 92 75 60 46 37 39 49 66 8911513614620 610IO 811137232614799999999999999 3271241620 3699999999999999
146143138133128128131131128126123115102 89 78 67 56 52 55 65 78 9711713320 611IO 634131999999999999999999999 43112817 5 5299999999999999
141142140137133128126124121118115112107 99 90 83 75 69 67 70 78 8910411920 612IO 0441429999999999999999999991750 67999999999999999999999
131138139138134128123118113109107106105103 99 95 89 85 81 81 84 90 9911020 613IO 2 01399999999999999999999991836 81999999999999999999999
121131136137133128120112105100 97 97 99102104104101 98 95 93 93 9510010720 614IO 2391371422105999999999999991029 971944 9399999999999999
115124131135133126118108 98 89 85 86 90 9610411011211010710510310210410820 615IO 3 61351547112999999999999991021 85205910299999999999999
114120127133133127117106 94 81 74 73 78 86 9811111912111911711310910811020 616IO 3301341647121999999999999991036 73215310899999999999999
115119125132134129119107 93 77 64 60 63 73 8710612213013112812411711211120 617IO 35213417351319999999999999911 1 60223511199999999999999
115120125131136134124110 95 77 60 49 49 57 72 9311713514114013512711711220 618IO 4161361813142999999999999991130 48231111299999999999999
114120125131138140132117100 81 61 44 38 43 55 7610413214815114613812611520 619IO 44514118451519999999999999912 0 38234611299999999999999
112117125131139145143128109 88 66 44 31 30 40 58 8511914715915714913612220 620IO 5171461918160999999999999991232 29999999999999999999999
112113122130138147151142122 98 76 52 31 22 27 42 65 9813415916615914713220 621IO 553151195216699999999999999 02211113 7 2299999999999999
118111117128137145153153138113 88 64 40 22 19 29 48 7511114716716715714420 622IO 631155203016999999999999999 1 01111344 1899999999999999
129116114122134142150156151131104 78 55 33 20 21 35 56 8612315516816415320 623IO 711156211116999999999999999 1411131425 1899999999999999
140127117118128137144150153145122 96 72 52 33 23 28 44 66 9613015716615920 624IO 755153215716699999999999999 22611615 9 2399999999999999
149138127119121130137141145147137115 91 72 54 38 32 39 55 7610413415616020 625IO 844147224616199999999999999 3171191556 3299999999999999
154146137127121122128131133137138129110 91 76 61 48 45 53 68 8611013615220 626IO 941139234115599999999999999 4191201645 4599999999999999
155149143136126119118119120122127129123109 96 84 72 62 61 68 80 9611613620 627IO1051129999999999999999999999 5411181738 6099999999999999
149150146140132121112108106106109116122121113104 95 86 79 78 83 9310512120 628IO 038151121812399999999999999 8431061839 7799999999999999
137147147142135125113101 94 91 92 98108118122119113107101 95 93 9710611520 629IO 132148135912299999999999999 913 911947 9399999999999999
127139147145137127115100 85 76 75 79 8810311912812812412111510810511011720 630IO 219148152712999999999999999 942 75205310599999999999999
124133144149144131118103 85 67 59 61 68 8110212413713913613212611711411920 7 1IO 3 11491638139999999999999991017 59215011499999999999999
127132140149152142125108 90 68 49 44 49 60 7910613414915014614113212112020 7 2IO 3441531735150999999999999991056 44224011999999999999999
126134139147156155140119 98 76 51 34 32 41 57 8111614616015915414513312220 7 3IO 4271571822161999999999999991138 31232712199999999999999
122132140146154162157137112 88 63 37 22 24 38 58 8912815916916515614513020 7 4IO 51116219 4170999999999999991221 21999999999999999999999
121125136144151160166156131104 79 52 27 16 23 40 6510114116917416615414120 7 5IO 556166194517599999999999999 01312013 4 1699999999999999
126120127139147154164166150123 96 71 44 22 17 28 48 7611415317417316215020 7 6IO 640167202617699999999999999 0571201347 1699999999999999
135123120130141148155163160141114 88 65 41 25 25 39 60 8912615917316715520 7 7IO 72216421 717399999999999999 1401191429 2299999999999999
144131121122132141147153157150129104 83 63 43 33 38 54 7510313616116615820 7 8IO 8 3158214816799999999999999 22412015 8 3399999999999999
148138127121124133138142147148138118 98 81 65 51 47 56 70 9011514215715720 7 9IO 842149223015999999999999999 3 91211546 4799999999999999
150142133124120124129131134138137126109 95 82 71 63 64 74 8710312514315120 710IO 923138231115199999999999999 3591201621 6299999999999999
149143136128121118119121122125128126116105 96 87 80 78 82 9010111513114220 711IO1010128235214599999999999999 5 21181652 7799999999999999
145142137130122115112110110112116119118112106101 95 92 93 9810411312413420 712IO1113119999999999999999999999 7481101720 9299999999999999
140140137132124115108102 99 9910210811311411311110810610510711111612313020 713IO 030141125711499999999999999 839 98175210599999999999999
136138137132126117107 98 91 87 88 9410211011511811911911711711812112412920 714IO 1 113816 511999999999999999 920 87185111799999999999999
134137137134128120109 97 86 78 75 79 87 9911212112713013012812612612713020 715IO 130137172613099999999999999 959 75204112699999999999999
133136137136131123113100 85 73 66 65 72 8410111813113914214013613213013120 716IO 2 513718 5142999999999999991037 6522 313099999999999999
133136138139137129118105 89 73 60 55 57 67 8510712914415115114613913313120 717IO 2511391831152999999999999991111 54225413199999999999999
133136139142143139127112 95 76 59 47 44 51 67 9011914415816115714813713020 718IO 3451431851161999999999999991144 44233412899999999999999
129134139144148149141125105 84 63 44 34 37 49 7010013315917016715814513220 719IO 4411491913170999999999999991217 34999999999999999999999
124127136143149155155143121 96 73 49 31 25 34 52 7811315017317616715413820 720IO 534157194017799999999999999 0121241252 2599999999999999
124119126138146154162161142115 87 62 38 21 21 36 58 8912816418017616214720 721IO 625164201218199999999999999 0511191330 1999999999999999
130116115126139148159168162138108 81 55 31 18 25 43 6810114217318117015420 722IO 714168204818199999999999999 1331131410 1899999999999999
139121110113126137147160168159132103 78 53 31 24 35 55 8011415217517516120 723IO 8 4168212717899999999999999 2171091451 2499999999999999
146131114105111123132142157164151125100 79 56 39 38 51 69 9312515717116520 724IO 85416422 817199999999999999 3 51051535 3699999999999999
152139124109102108116123134149154142121102 84 66 55 57 70 8510613315616320 725IO 948154225116399999999999999 3591021620 5499999999999999
155143132118104 99101106112124138142133119107 94 82 75 79 8910211813815320 726IO1049143233615599999999999999 5 5 9917 7 7599999999999999
154146136125112100 93 92 94100112125132128121114107100 9710010811712814120 727IO12 5132999999999999999999999 639 921759 9799999999999999
149147139129119106 93 84 81 82 8810011512412712612512211811611812312913520 728IO 02114914 212799999999999999 812 8119 311699999999999999
142146143135124113100 85 74 69 71 78 9110812313113513613613313013013413720 729IO 1 8146172513699999999999999 914 69202313099999999999999
140143145142132120108 92 76 63 58 61 69 8510612613914514714714213813714020 730IO 2 014518211479999999999999910 6 58213913699999999999999
142143145147143132117102 84 65 51 48 53 64 8411113615115615615314513813720 731IO 3 11471829156999999999999991051 47223913799999999999999
141144145148152147133114 96 75 54 40 39 48 64 8912115016316416015314213320 8 1IO 4 51521831165999999999999991134 38232613299999999999999
134140144147153158151132110 89 66 43 31 35 48 68 9913616417216715814713320 8 2IO 5 21581856172999999999999991214 31999999999999999999999
125129139145150159164152128104 81 56 34 27 36 54 7811415317517416415213720 8 3IO 551164192717799999999999999 0 81251252 2799999999999999
122117126138145153165166149121 97 73 48 29 30 44 64 9213116517817015614220 8 4IO 63616820 017899999999999999 0471171329 2799999999999999
125111113125137145156167163140113 90 67 43 32 40 57 7810914617117315914520 8 5IO 717168203317599999999999999 12611014 4 3299999999999999
130113105111125135144157164153128104 84 62 45 43 55 73 9512515516916214720 8 6IO 75616421 616999999999999999 2 41051437 4299999999999999
133119105102111123132143155156140117 98 80 63 54 59 73 9011113815816014920 8 7IO 834157213716299999999999999 24210115 8 5499999999999999
136123109100101110119128139148144127109 95 81 70 69 78 9110612514515414920 8 8IO 91314822 715499999999999999 323 991537 6899999999999999
138126115103 97 99106113122133138132118106 96 87 82 86 9510611913414614720 8 9IO 956138223514899999999999999 411 9716 4 8299999999999999
139129119109 99 94 96 99105115125128123115108102 97 9710311011912913814320 810IO104812823 114399999999999999 512 941632 9699999999999999
139131123114104 95 90 90 92 9810811712111911611511211011211712212813413920 811IO12 2121232613999999999999999 644 8917 611099999999999999
138132125118110100 90 85 82 84 9010111111712012312512412412512813113313620 812IO1617125234913799999999999999 8 9 8218 012499999999999999
137134127121114105 94 84 78 75 76 84 9610811812713313713613513413513513520 813IO1721137999999999999999999999 913 74194613499999999999999
136135131125119111100 88 76 69 66 68 78 9311012513714614814614213913713620 814IO 0 913617561489999999999999910 6 66999999999999999999999
136136135131126118107 94 79 67 58 56 62 75 9411613615115715615014313713520 815IO18191589999999999999999999991048 56232013599999999999999
135136137138136130118103 86 69 54 46 47 57 7510012815216416515914913813020 816IO 2491381833166999999999999991124 45233612999999999999999
129133137141144145136118 97 77 57 40 34 40 56 7911114516817316615514112620 817IO 4381461849173999999999999991158 34999999999999999999999
119123132139146155156141116 91 67 43 26 25 39 60 8812716318017516214612720 818IO 536158191318099999999999999 0 61191233 2399999999999999
110107118130141154168166143113 85 58 32 18 24 43 6810214517718316915213220 819IO 626170194218499999999999999 0411061310 1799999999999999
110 94 98113128142162178170141109 81 52 26 18 32 54 8011816118417815813920 820IO 713178201518599999999999999 120 931348 1899999999999999
117 93 82 91109124143168180166135106 79 50 29 30 47 69 9613417018016614520 821IO 759180205118099999999999999 2 1 821428 2799999999999999
125102 81 75 87103119141167174157129105 81 56 43 50 67 8611214617016915120 822IO 847175212717399999999999999 245 7515 8 4399999999999999
131113 91 74 73 83 96112136158161145125107 88 71 65 74 8910412615116315420 823IO 93816322 316399999999999999 334 711549 6599999999999999
137120104 85 72 72 79 89104127144146135123112101 91 91 9910912013514915220 824IO1035147223915299999999999999 431 701631 9099999999999999
141126112 98 83 73 70 74 81 9511412813212912512111611311412012613213914420 825IO1153132231114499999999999999 547 70171411399999999999999
141131119108 96 83 73 68 68 74 8510111512412813113313313213213413613713820 826IO1622133232213899999999999999 725 68181513299999999999999
138134126117107 96 84 72 64 62 66 76 9110812213314014514614414214114013820 827IO1751146999999999999999999999 849 62999999999999999999999
136134131126118108 96 83 69 59 56 60 70 8610712814215015415314914414013920 828IO1824154999999999999999999999 955 56999999999999999999999
136133133133130121109 95 80 64 52 50 55 67 8711413915415815815414613713420 829IO18251599999999999999999999991045 49999999999999999999999
134133132136140137124108 93 75 56 44 45 55 70 9512715316316115614813512520 830IO 412140181416399999999999999 1481321124 4423301239999999
124129131134143149142125106 89 67 47 39 45 58 7810914416516715814913511820 831IO 5 41491832168999999999999991159 39999999999999999999999
111116125130138152157144122102 82 58 40 39 50 66 9112716017116314913511720 9 1IO 547158185717199999999999999 0 01111232 3799999999999999
101100111122131146161160140116 96 73 49 38 45 61 7910814516916815213611820 9 2IO 627164192617199999999999999 033 9813 4 3899999999999999
 98 87 94109121135154166156132108 88 65 46 44 57 74 9612715816815613812020 9 3IO 7 5166195416899999999999999 1 6 871334 4399999999999999
100 83 80 92108122140160164147122101 80 60 50 58 73 9011414316215914112320 9 4IO 741165202116499999999999999 140 7814 3 5099999999999999
104 85 73 78 92107124145159155134113 94 76 62 62 75 9010713015115714512620 9 5IO 817160204715899999999999999 214 731430 6099999999999999
109 92 76 70 79 92106125145153142124106 91 78 72 79 9210512114015114613020 9 6IO 855153211215199999999999999 251 701456 7299999999999999
114 99 83 72 71 80 91105124140142131117105 94 86 87 9610711813114314413320 9 7IO 936143213614599999999999999 332 701524 8599999999999999
118105 92 79 72 73 79 89103121132131123115108102 9910311212012713514013420 9 8IO1025133215814099999999999999 421 721554 9999999999999999
122109 99 89 79 73 74 78 8610011412312312011811611411411812412813213413320 9 9IO1130124221513599999999999999 523 73163011399999999999999
124113104 96 88 79 73 73 76 83 9410711612012312612812812813013213313213120 910IO2036133999999999999999999999 640 72999999999999999999999
126117108101 95 86 77 72 70 71 77 8810211312213113814013913813713613313020 911IO17 5140999999999999999999999 8 4 70999999999999999999999
126121114108102 94 84 74 67 64 65 71 84 9911513014214915014614213713312920 912IO1736150999999999999999999999 922 64999999999999999999999
127124121117112104 93 81 69 60 55 57 66 8110112314315415715414713813012620 913IO17521579999999999999999999991016 55999999999999999999999
125124125126126120107 91 76 61 49 44 50 63 8210913715716416015113912511620 914IO 33112618 016499999999999999 1231241056 4423301159999999
116120124130138140129109 89 70 50 36 35 47 64 8912315517016615514112210520 915IO 4421401815170999999999999991132 332352 9999999999999999
 99106116125139154155136110 86 62 38 25 31 49 70102142171175161144124 9920 916IO 53215718381779999999999999912 8 25999999999999999999999
 81 83 97112129153171166139110 83 54 28 22 36 57 8212016118017114912710220 917IO 61817219 818199999999999999 024 801245 2199999999999999
 74 61 71 91109134166183169138109 80 48 27 29 49 71 9913917417915913310820 918IO 7 3183193918199999999999999 1 1 611323 2599999999999999
 79 53 48 64 85108140174184164134107 79 50 37 47 67 8811715417616814111620 919IO 748185201217799999999999999 140 4714 1 3799999999999999
 90 61 41 43 61 81107143172175154130107 82 60 57 71 8810713316116815012420 920IO 835178204616999999999999999 223 391439 5699999999999999
100 76 51 38 44 60 78105139162160143126109 91 79 83 9610912314315715213220 921IO 925164211815899999999999999 3 9 381517 7999999999999999
110 90 69 50 42 48 59 7610112914514413412511610710310811712513414314613620 922IO1023146214514699999999999999 4 2 42155410399999999999999
118101 85 70 56 50 52 60 73 9411512813113012912712412512813213513613713320 923IO1156131214713799999999999999 510 50162912499999999999999
122109 97 87 75 63 57 55 60 70 8510211612413113613914014014013913613212820 924IO18 0140999999999999999999999 642 55999999999999999999999
122115107 99 91 81 70 62 57 58 65 77 9311012513714514915014714213713212520 925IO1735150999999999999999999999 818 57999999999999999999999
119116114110105 96 87 75 64 57 56 62 73 9111213314615215415214413612912320 926IO1755154999999999999999999999 935 56999999999999999999999
118114115119117110101 90 77 63 54 55 61 74 9512214315315515214513312211720 927IO 319119174715599999999999999 1141141027 5499999999999999
114112113121128125114103 91 74 59 52 55 64 8010613515315615114413111510520 928IO 415128174215699999999999999 11911211 5 5223291049999999
105107110117131138130116103 88 69 54 52 60 71 91121149158152142129111 9420 929IO 4581381759158999999999999991137 512347 8999999999999999
 89 96103111127143146132115100 82 61 51 56 68 82106138158156141127109 8820 930IO 53714718221599999999999999912 6 51999999999999999999999
 75 79 91102117139154148129111 94 73 56 55 65 79 97124152159146127108 862010 1IO 614155184715999999999999999 015 741235 5399999999999999
 66 61 73 89105127151159145124105 86 66 56 64 78 93114141157151131110 892010 2IO 649159191215899999999999999 044 6113 2 5699999999999999
 65 51 56 72 90111138158156137117 98 78 63 64 77 92108131151154137114 932010 3IO 724160193615599999999999999 115 511328 6199999999999999
 70 51 45 56 73 93119147158148129110 92 75 69 77 92106123143152142120 992010 4IO 8 0158195915299999999999999 148 451354 6899999999999999
 78 57 44 46 59 76 98127149151138121105 89 79 81 931061191341461441261052010 5IO 838153202214799999999999999 222 431421 7899999999999999
 87 68 52 45 50 63 80103129144141129116104 93 89 961081181281381411301112010 6IO 919145204414299999999999999 3 0 451451 8999999999999999
 93 78 63 52 50 56 67 841061271361321241161091031041121201271321351301162010 7IO10 713621 113599999999999999 343 49152210399999999999999
 99 85 74 63 56 55 61 70 851041201271261231211191171201251291311311281182010 8IO1113127203113199999999999999 434 54155711799999999999999
104 91 82 74 65 59 59 64 72 841001131211241271301311301311331331291251192010 9IO1922133999999999999999999999 534 59999999999999999999999
109 98 88 82 75 68 62 61 64 70 81 94108119128135140141139137135130124118201010IO1642141999999999999999999999 644 61999999999999999999999
112104 97 91 85 77 69 63 60 61 66 76 90107123136145148147142135128122116201011IO17 7148999999999999999999999 815 60999999999999999999999
112109107104 98 90 80 70 61 55 55 61 73 90111132147152151145135123114109201012IO1713153999999999999999999999 931 54999999999999999999999
108108111116117109 96 82 69 56 47 49 59 73 94121145157155147135119102 95201013IO 336117171715799999999999999 0341071021 472314 949999999
 96101107120132133119101 84 66 48 40 46 60 78104137159161150135117 93 76201014IO 43313517341639999999999999911 2 402333 7399999999999999
 75 84 95111134152148128106 85 61 40 36 49 67 88121155169158138117 91 63201015IO 52115318 0169999999999999991140 35999999999999999999999
 50 58 74 92119151169158133109 84 55 37 41 59 78104140169169147121 95 63201016IO 6 6169183017399999999999999 0 5 501218 3699999999999999
 36 31 47 68 93130167178161135110 82 53 42 54 74 94123157174160130102 72201017IO 65117919 217499999999999999 041 291255 4299999999999999
 38 16 20 41 64 96139174178157133109 81 59 57 74 93112140166168144112 84201018IO 737180193517199999999999999 120 151333 5599999999999999
 53 22  9 19 39 65101144171169150130109 86 73 79 96111128150163153125 96201019IO 82417320 616499999999999999 2 2  91410 7399999999999999
 70 41 18 12 23 42 67103140159155141128112 98 94103116126138150151135108201020IO 916160203515399999999999999 248 121447 9399999999999999
 84 62 40 24 21 31 47 70102130144142135128120114115122130135139141134117201021IO1019144205114199999999999999 340 21152411399999999999999
 97 79 63 47 36 34 40 52 72 96118130133133133131130131135136135132127118201022IO1243133185713699999999999999 443 3316 313099999999999999
105 91 80 69 57 49 45 48 57 71 89107121129136140142141140138134127120113201023IO1615142999999999999999999999 6 0 45999999999999999999999
106 99 92 85 77 69 60 55 55 60 70 85102118132141146148145140133124116108201024IO1651148999999999999999999999 731 54999999999999999999999
102101100 97 92 86 78 69 62 59 62 70 84102122137146148147140130119111103201025IO17 8148999999999999999999999 857 59999999999999999999999
 98 97102106104 99 93 85 75 66 63 66 73 87108129143147144139128113102 96201026IO 317106165914799999999999999 036 97 956 6399999999999999
 93 92 98109115112104 98 89 76 67 66 71 79 95118138145142135124108 92 84201027IO 4 811517 314699999999999999 040 921037 652325 849999999
 84 86 92105120124117108101 89 75 68 71 78 88106130144142132120104 84 70201028IO 44812417211459999999999999911 8 682333 6899999999999999
 69 76 84 97117132131120110100 85 72 71 78 87 99121141145134118101 80 60201029IO 5251341743146999999999999991136 702356 5399999999999999
 53 60 71 86108132142135122110 95 79 71 77 87 97114135147139121101 80 56201030IO 6 114218 61479999999999999912 3 71999999999999999999999
 41 42 55 71 94122144147135120105 88 75 75 86 97110129145145127105 83 59201031IO 637148182914899999999999999 025 391229 7399999999999999
 37 29 38 55 76106136152147132116 99 82 75 83 96109124141148136113 89 652011 1IO 712152185214899999999999999 055 291255 7599999999999999
 41 25 26 39 59 85119146153142127110 93 81 82 95108120135146142121 97 742011 2IO 748153191514799999999999999 127 231322 7999999999999999
 51 30 22 29 44 66 96129149148136121106 91 86 94107119130141143129105 832011 3IO 827151193814499999999999999 2 0 221352 8699999999999999
 62 41 27 25 35 52 75106133145141130118105 97 98108119127135139132113 912011 4IO 9 9145195913999999999999999 236 241424 9699999999999999
 71 54 38 30 32 43 60 83110132138134126118111107111120127131134131118 992011 5IO 95913820 713499999999999999 316 29145910799999999999999
 79 64 51 40 36 40 51 66 871101261321301261231201201231291311301261191052011 6IO11 513219 713199999999999999 4 1 36154112099999999999999
 88 73 62 53 45 43 47 57 70 881071211271291311311301301301311281231161082011 7IO1456131184813199999999999999 453 4317 013099999999999999
 96 84 73 65 58 51 49 52 60 71 861031171271331371381371331301261201121062011 8IO1558138999999999999999999999 553 49999999999999999999999
100 94 86 78 71 64 57 54 55 61 71 841011171301381421411361291201131061012011 9IO1619142999999999999999999999 710 54999999999999999999999
 98 98 98 95 87 79 71 63 57 56 61 71 85103123138144143137128115102 94 91201110IO1616144999999999999999999999 838 552342 9099999999999999
 90 94102109108 99 88 78 67 57 55 62 74 89110133146146138127111 91 77 73201111IO 322110162714799999999999999 941 552254 7399999999999999
 76 82 95113126123111 98 85 68 56 56 67 80 97122145152142127110 87 62 50201112IO 4201271651152999999999999991029 542314 5099999999999999
 53 63 78101129143137121106 88 67 55 61 75 90110137157153133111 88 58 33201113IO 5 91441720158999999999999991110 552346 2699999999999999
 27 38 54 77112146158147129111 89 66 59 70 87103126153163147120 93 63 30201114IO 5561581753163999999999999991150 59999999999999999999999
  8 11 28 50 82125159166151133113 88 68 69 84101118142163162136104 74 41201115IO 643167182716699999999999999 023  61228 6699999999999999
  8 -6  3 24 51 90136166167151133112 89 76 83100116132153165152121 88 57201116IO 73016919 016599999999999999 1 4 -613 7 7699999999999999
 24 -3 -9  3 26 56 98141164161147130112 94 89100116128142156157136105 75201117IO 820165193315999999999999999 147-101346 8999999999999999
 46 18 -2 -4 10 32 63104140156152141129115104105116127136144149141119 91201118IO 91415620 114999999999999999 234 -5142610399999999999999
 66 42 20  7  8 21 41 70105133145143136129121117119127133136137135123103201119IO101614620 813799999999999999 325  615 911799999999999999
 82 63 46 30 21 23 34 51 75102125135136135133129127129131131128124118107201120IO1141137182913299999999999999 420 2016 812799999999999999
 92 78 66 54 43 37 38 47 60 78 99118129133136137135132130128122115108103201121IO1453137999999999999999999999 518 36999999999999999999999
 96 87 79 72 64 57 52 53 58 67 81 98114126133137138135130124117109100 95201122IO1546138999999999999999999999 624 52999999999999999999999
 92 90 88 84 80 75 70 65 64 67 74 84 99114127134136135130121111101 93 87201123IO16 3136999999999999999999999 745 642358 8599999999999999
 85 87 91 93 91 88 85 80 76 73 75 81 89102118129133131126117105 92 83 79201124IO 255 9316 413399999999999999 9 2 732354 7799999999999999
 78 81 89 98101 99 96 93 88 82 80 83 88 96108123131129122113100 84 71 67201125IO 358101161713199999999999999 954 802315 6799999999999999
 68 72 82 96107109106103 99 92 86 85 89 95103117128130122110 96 79 61 53201126IO 4441101637131999999999999991031 852320 5299999999999999
 54 60 71 89108118118113109101 92 87 90 96102113126132125111 96 77 56 41201127IO 52311916591329999999999999911 2 872343 3799999999999999
 38 45 57 76101122129125118110 99 90 89 96103111123133131117 99 79 56 35201128IO 6 11291721134999999999999991131 88999999999999999999999
 25 29 41 60 87116134136129119107 94 88 93102111122134137126106 84 61 36201129IO 637137174513799999999999999 011 251159 8899999999999999
 19 16 25 43 69102131143139129116101 90 90 99110120132140135116 93 69 43201130IO 712143181114099999999999999 041 151228 8899999999999999
 20  9 13 27 50 82117141147139126111 96 89 96107118129139141127103 78 542012 1IO 748147183814299999999999999 113  91259 8999999999999999
 29 11  7 16 34 61 96129146146135122106 95 94104116126135141135115 89 642012 2IO 82514819 514199999999999999 146  71332 9399999999999999
 41 20  8 10 23 44 73108135146141130118106 99103113124131136136124101 752012 3IO 9 6146193113799999999999999 222  714 9 9999999999999999
 53 34 18 11 17 33 55 83114136142136127118109107112121128131131126111 882012 4IO 953142194613199999999999999 3 1 11145210699999999999999
 65 48 32 21 18 27 43 64 90116133137132126121116114118124126124122114 992012 5IO1046137185512699999999999999 343 18154511499999999999999
 79 61 47 36 27 28 37 52 70 931151291321301281251201181191201181141101032012 6IO1153132185012099999999999999 429 2617 511899999999999999
 91 75 62 52 43 37 38 47 60 75 94113126130130129126121116113109105100 992012 7IO1326130999999999999999999999 521 36999999999999999999999
 96 89 78 69 61 53 48 49 56 66 79 96113125131131128123115106 98 93 89 872012 8IO1430131999999999999999999999 623 482251 8799999999999999
 90 93 92 87 79 72 65 60 59 64 73 84 99115128132129123115102 88 78 74 732012 9IO 121 9415 013299999999999999 741 592244 7399999999999999
 76 86 97102 98 91 85 78 70 67 71 80 91104121133133125114101 82 64 55 54201210IO 3 2102153113599999999999999 855 672232 5399999999999999
 58 68 86106115112105 98 88 77 73 79 89 99113130139133117101 82 58 38 32201211IO 41011516 513999999999999999 952 732257 3299999999999999
 37 47 65 92119129125117108 94 81 78 87 98109124141144129108 86 61 33 14201212IO 5 61291641145999999999999991040 782333 1199999999999999
 12 23 40 67103133142136126114 96 83 84 96108120136150146123 96 70 40 10201213IO 5571421718151999999999999991124 82999999999999999999999
 -6 -1 15 38 74116146151143131115 96 85 92106118131147155143114 84 54 21201214IO 645152175715599999999999999 013 -612 7 8599999999999999
 -7-17 -7 13 42 84128154156145131113 95 90100115126139153154135103 71 40201215IO 733157183615699999999999999 056-171249 8999999999999999
  8-15-19 -5 18 51 95137157154142128111 97 96109122132143152146122 91 61201216IO 820158191415299999999999999 140-201332 9599999999999999
 32  4-14-13  3 28 63105140154148137124110101104116126133140143133108 79201217IO 9 8154195114399999999999999 225-16141610199999999999999
 54 29  7 -5  0 17 41 73110138146141131122112107111120126128131129117 94201218IO 957146202313199999999999999 310 -515 410799999999999999
 71 51 32 16 10 18 33 55 83113133137133127121114111114118119118117113101201219IO1050137183711999999999999999 355 10155811199999999999999
 83 67 53 40 30 28 36 50 67 90112126129127124120114111112111108105103 98201220IO1152129999999999999999999999 437 28999999999999999999999
 89 77 67 59 51 46 47 54 65 78 95111120123123121117111106103 99 94 91 90201221IO1312123999999999999999999999 517 46999999999999999999999
 87 82 76 71 67 63 62 65 70 77 87 99110117119119115110103 96 89 84 80 79201222IO1415119999999999999999999999 551 622251 7999999999999999
 80 82 82 80 79 77 77 77 79 82 88 94102110115116113108100 91 81 73 68 67201223IO 132 82144811699999999999999 611 772242 6799999999999999
 70 76 82 86 88 88 89 89 88 89 91 95100105111114113107 98 88 75 63 56 54201224IO15141159999999999999999999992245 54999999999999999999999
 58 65 76 88 95 98 99 99 98 96 95 98101104109113114109 99 87 73 57 45 40201225IO 644 99153911599999999999999 938 9523 6 4099999999999999
 43 51 65 83 98107109109107102 99 99102105109114117113104 90 74 56 39 29201226IO 62210916 4117999999999999991028 982334 2799999999999999
 28 36 50 71 94111118119116109102 99101105109114119119111 97 80 60 39 22201227IO 63611916321209999999999999911 7 99999999999999999999999
 16 20 33 55 83109124129125118107 99 98102108114121125121107 88 67 43 22201228IO 65912917 412599999999999999 0 4 161140 9799999999999999
  8  7 17 37 65 98124135135127115102 95 97105113121128130119 99 76 52 27201229IO 723136173913099999999999999 034  61213 9599999999999999
  7 -1  4 20 45 80115137142135123109 96 92 99110119127134131114 88 63 37201230IO 750142181613499999999999999 1 4 -11248 9299999999999999
 13 -3 -5  6 27 57 95128144143132118103 93 94104116124132136127104 76 50201231IO 822145185313699999999999999 138 -61325 9299999999999999
