120 97 72 50 36 31 38 53 74 95112122123116105 93 83 79 83 9310712012913020 1 1IS1137124223813199999999999999 454 3117 2 7999999999999999
123108 89 69 53 44 44 52 67 85102115121121114104 93 84 81 83 9110111111820 1 2IS1225122233411999999999999999 532 4318 5 8199999999999999
118112100 85 71 60 55 57 65 78 93107117122121114104 93 83 78 78 83 9110020 1 3IS1317122999999999999999999999 614 551929 7799999999999999
106108105 97 87 77 69 65 67 74 85 99111121125123116104 91 79 71 69 72 7920 1 4IS 053109141212599999999999999 7 9 652057 6999999999999999
 89 98103104100 93 84 77 73 74 80 91104116126130127117103 86 71 59 55 5820 1 5IS 23710415 413099999999999999 820 7322 5 5599999999999999
 67 81 94104108106100 91 83 78 78 84 95109124134136131117 98 77 57 44 3920 1 6IS 412108155113699999999999999 932 772256 3999999999999999
 45 59 77 95109115114106 96 86 79 79 87101118133143144133114 89 63 40 2620 1 7IS 5181161633145999999999999991031 782340 2399999999999999
 24 34 54 78101118124121110 97 85 78 79 90108128145154150134108 77 46 2220 1 8IS 6 71241714154999999999999991120 77999999999999999999999
  9 11 28 55 85111128132125111 95 81 75 80 96118141158163154131 99 63 2920 1 9IS 650132175516399999999999999 020  812 4 7599999999999999
  4 -5  4 28 60 94122136136125108 90 76 73 83103129153169171155125 87 4820 110IS 729138183617299999999999999 1 1 -51246 7399999999999999
 13 -9-13  3 33 70105131142137121102 83 72 72 87112140164177174152117 7520 111IS 8 9142191917899999999999999 141-141328 7099999999999999
 34  1-17-14  8 43 82116139144134116 95 77 68 73 9212014817118017214510720 112IS 84814420 318099999999999999 223-181410 6899999999999999
 65 25 -5-17 -8 19 56 94126143143129108 88 71 66 74 9612515217217716413520 113IS 929145204917799999999999999 3 5-171455 6599999999999999
 97 57 21 -3 -9  5 35 71106132143139122101 82 67 65 76 9812515016616815320 114IS1010144213716999999999999999 347 -91543 6499999999999999
124 89 53 23  6  6 23 53 86116136142134116 96 77 65 64 76 9712014115415420 115IS1053142223015699999999999999 429  31634 6399999999999999
139114 84 54 31 20 25 43 70 98123138139129112 92 75 64 64 73 9011012713820 116IS1137140233113999999999999999 513 201734 6299999999999999
138126106 83 61 44 38 45 62 85108127138137126109 91 74 63 61 67 79 9511020 117IS1225139999999999999999999999 559 381847 6099999999999999
121123117103 87 71 60 56 63 77 95115130138136126110 91 74 61 55 56 65 7820 118IS 047123132013999999999999999 652 562016 5499999999999999
 93105112112105 94 83 74 71 76 87102118132139138128111 92 72 56 45 43 4920 119IS 225113142114099999999999999 757 712145 4399999999999999
 62 78 95107112110103 94 85 81 83 91105121135143142131113 91 68 47 33 2920 120IS 411112152414499999999999999 914 812256 2999999999999999
 34 49 70 91108117118111101 91 84 85 93107124139148147135114 88 61 36 2020 121IS 5311191624149999999999999991028 832350 1599999999999999
 16 24 43 68 94115125124116103 91 83 83 93110129146155152137111 81 50 2420 122IS 6261261716156999999999999991127 82999999999999999999999
  8  6 20 44 74103123132128116100 86 78 81 94115137154162155134104 70 3820 123IS 7 813218 316299999999999999 035  51215 7899999999999999
 12 -1  4 23 52 85114132135126110 93 78 73 80 98122146162166153127 93 5720 124IS 744136184416699999999999999 115 -11256 7399999999999999
 25  3 -3  8 33 66 99125137134120101 83 71 70 83106132154167165146115 7920 125IS 816138192216899999999999999 151 -31333 6999999999999999
 44 15  0  1 20 50 83114133138128110 90 74 66 71 8911514116116815813410120 126IS 847138195716899999999999999 224 -214 7 6699999999999999
 65 33 10  3 13 38 69101126137134119 99 80 66 64 75 9712414816216214611820 127IS 916138203116499999999999999 255  31441 6399999999999999
 85 52 26 12 14 31 59 89116133136126108 88 71 62 66 8210613014915815113120 128IS 94313621 415899999999999999 323 111514 6299999999999999
102 71 44 25 20 30 52 79106126135131117 98 79 66 62 70 8811113214614813620 129IS1011135213914899999999999999 350 201550 6299999999999999
114 87 61 41 31 35 50 73 97118131133124108 89 73 64 64 75 9211212813713420 130IS1038134221613799999999999999 416 311629 6299999999999999
120100 77 58 45 43 52 69 90110125132128117101 84 71 64 66 77 9310812012420 131IS11 8132225912499999999999999 442 421714 6499999999999999
120107 90 74 61 55 57 69 85103118128129123111 96 81 70 65 67 76 8810010920 2 1IS1143130235711299999999999999 511 541811 6599999999999999
112108 99 87 76 69 67 72 82 96110121127127120109 95 81 70 64 64 69 78 8820 2 2IS1227128999999999999999999999 546 671929 6399999999999999
 97102101 97 90 84 80 79 83 91102113122127127120109 95 81 68 59 56 58 6620 2 3IS 125102132612899999999999999 636 7921 2 5699999999999999
 77 88 96101101 98 94 90 88 90 95104114123129130124113 97 79 62 49 43 4420 2 4IS 332101143813199999999999999 8 5 882218 4299999999999999
 53 67 83 97106110108103 97 92 91 95103115127136138132118 97 74 52 35 2720 2 5IS 5 8110154713899999999999999 946 912315 2699999999999999
 29 42 62 84104117121118109 99 91 88 92103119135146149141122 95 66 38 1820 2 6IS 6 11211647150999999999999991057 88999999999999999999999
 10 17 36 63 92115129131123110 96 85 81 88104125146160162149124 90 54 2320 2 7IS 640132173916399999999999999 0 3 101151 8199999999999999
  2 -3 10 36 70104129140138124106 88 75 74 86108135159174173154121 82 4120 2 8IS 716141182717599999999999999 046 -41237 7399999999999999
  8-11-10 10 44 83118142148139119 97 76 65 67 85113145171184178153115 7120 2 9IS 752148191418599999999999999 128-131321 6499999999999999
 30 -3-17 -9 19 58 99133152151135110 85 64 55 63 8611915317818817714710620 210IS 82715420 018899999999999999 2 9-1714 4 5599999999999999
 61 21 -6-13  2 36 77117146157148126 99 72 53 48 61 8912315617918416913620 211IS 9 2157204618599999999999999 248-141448 4799999999999999
 95 54 19 -1  0 22 57 97132153156141115 87 61 45 44 61 9012315317217315520 212IS 938157213317599999999999999 327 -41533 4299999999999999
123 86 51 24 12 21 46 80115142155151131105 77 54 41 44 62 8911914315715520 213IS1014156222315899999999999999 4 5 121620 4099999999999999
138111 81 54 36 32 45 71100128147152143122 96 71 51 42 46 62 8510812813820 214IS1051153231913999999999999999 442 321711 4299999999999999
136122102 80 62 53 55 69 91114134146146134115 92 70 53 46 48 60 76 9411020 215IS1130148999999999999999999999 519 521814 4599999999999999
118118111 98 85 75 71 75 87104121135142140129111 92 73 58 49 48 54 65 7820 216IS 030120121714299999999999999 6 1 711939 4899999999999999
 92102107106101 95 89 87 90 98109121131136135127113 96 78 62 50 44 45 5220 217IS 218107132113799999999999999 658 872123 4499999999999999
 64 79 93103108108105101 97 96100107117126133135130118102 83 64 47 37 3420 218IS 432109144613599999999999999 842 962247 3499999999999999
 40 54 72 91107116117114107100 95 96102112124134139136124106 84 60 40 2720 219IS 54711816 8139999999999999991024 952344 2499999999999999
 24 33 51 74 98116125125118106 95 88 88 96110126140147143129106 79 52 3020 220IS 6271261710147999999999999991128 87999999999999999999999
 17 18 32 56 84110128133128115 99 85 78 82 94113134149155148129101 70 4120 221IS 657133175815599999999999999 026 161213 7899999999999999
 19 11 19 39 69100125138137124106 88 74 70 78 97121144159161148122 90 5720 222IS 724139183816299999999999999 1 2 111249 7099999999999999
 29 12 11 27 54 87117137143133115 93 74 63 65 81105133155166162141110 7620 223IS 750143191316799999999999999 133 101322 6299999999999999
 44 20 11 19 43 74107133145141124101 78 61 55 65 88116144163168155128 9520 224IS 814146194616899999999999999 2 1 111353 5599999999999999
 61 33 17 18 35 64 97126144146133111 86 64 51 53 70 9812715216516214211220 225IS 838147201816699999999999999 228 151424 5099999999999999
 79 49 28 22 33 57 88118140148140121 95 71 52 46 56 7910813615516015012620 226IS 9 1148205016199999999999999 252 221454 4699999999999999
 95 66 42 30 34 53 81110134147145130106 81 59 46 47 62 8811513915115013420 227IS 923148212315399999999999999 316 301526 4499999999999999
109 81 57 42 40 53 75102127143146137117 92 69 51 44 51 70 9511813614213520 228IS 946147215814299999999999999 339 3916 0 4499999999999999
117 94 73 56 50 56 73 96119136144140126104 81 61 49 47 57 76 9711612812920 229IS1011145223813099999999999999 4 2 501638 4699999999999999
120104 86 71 62 63 73 91111128139140132115 95 75 59 51 52 62 78 9510911720 3 1IS1039141232711899999999999999 427 611722 5099999999999999
117109 97 85 76 73 78 89105120131137134124108 90 73 61 54 55 62 74 87 9920 3 2IS1113137999999999999999999999 454 731822 5399999999999999
105107103 96 90 86 86 91100111122129132129120107 91 76 64 56 53 57 65 7620 3 3IS 04210712 113299999999999999 529 861952 5399999999999999
 87 97102104103100 98 98100105111119125129129123112 97 81 66 54 47 46 5320 3 4IS 257104132413099999999999999 645 972133 4599999999999999
 64 79 93105112114112108104101102106114123131135132122106 86 65 46 34 3220 3 5IS 45711415 713599999999999999 9181012246 3199999999999999
 39 55 76 97114124126121112103 95 93 98110124138147146135114 87 59 35 2020 3 6IS 5441261627148999999999999991047 932340 1699999999999999
 17 29 51 80108128138136125110 94 83 81 90108130150162161146118 84 49 2120 3 7IS 6181391727164999999999999991142 81999999999999999999999
  5  7 25 56 91123144150140122100 80 67 68 83109139164178174152117 77 3920 3 8IS 650150181817999999999999999 025  41227 6699999999999999
  9 -3  5 31 69109141158156138112 85 62 51 57 80113148176188180151112 6820 3 9IS 72215919 618999999999999999 1 7 -41310 5199999999999999
 29  2 -4 13 47 89129158166155129 97 67 44 37 50 8011815618319117714410320 310IS 755167195219199999999999999 146 -41352 3699999999999999
 60 24  4  6 31 69112148169168147115 81 49 29 28 47 8212215818218516613320 311IS 827171203918699999999999999 224  21434 2699999999999999
 93 55 26 15 26 56 94133161172162135100 65 36 21 25 49 8412215417217115120 312IS 9 0172212617499999999999999 3 1 151517 2099999999999999
120 86 55 35 33 51 82117148167168150121 86 54 30 20 29 53 8511714315615220 313IS 933170221515699999999999999 336 3216 2 2099999999999999
134108 82 61 51 57 77105133154164158137108 77 49 31 26 35 56 8210812813620 314IS10 7164231113699999999999999 410 511650 2599999999999999
132119102 84 72 70 79 98120139153155145125100 74 52 38 35 42 58 77 9611020 315IS1042156999999999999999999999 443 691746 3499999999999999
118117110101 92 86 88 97110125138145144134117 97 77 60 48 44 47 56 69 8320 316IS 023118112414599999999999999 519 8619 4 4499999999999999
 96105109108105102100101106113122130134134127116101 85 70 57 50 47 51 6020 317IS 223109122513599999999999999 6131002053 4799999999999999
 72 86 99109113114112109106106108114120125128127120109 94 78 62 50 43 4420 318IS 440114141412899999999999999 8351062224 4399999999999999
 52 67 85102115122122118111103 99 99104112121129132128117100 81 61 45 3720 319IS 5331231556132999999999999991029 982322 3699999999999999
 38 50 69 91112126131128118105 94 87 88 96109124136141136122101 78 55 3820 320IS 6 213117 1141999999999999991124 86999999999999999999999
 31 37 54 78105126138137127111 94 80 75 80 94113133147150141122 96 69 4520 321IS 627139174715199999999999999 0 2 3112 2 7599999999999999
 31 29 42 66 94122140145137119 98 78 66 65 77 98123145157156141115 86 5820 322IS 651145182515999999999999999 035 281234 6399999999999999
 36 27 34 55 84114139150146129105 81 62 53 60 80107135156164155133104 7320 323IS 713150185916499999999999999 1 4 2713 4 5399999999999999
 47 31 31 47 74106134152153139115 88 63 47 46 61 88119147163164148121 9020 324IS 735155193216699999999999999 130 291334 4499999999999999
 61 40 33 43 67 98128150157148126 97 69 46 37 45 6810013115516515713510620 325IS 75715820 416599999999999999 155 3314 3 3799999999999999
 76 52 39 43 62 90121146159155137109 78 51 34 33 50 7811114015715914512020 326IS 818159203616099999999999999 218 381433 3299999999999999
 91 66 49 46 59 84113139156159146120 90 61 38 29 37 59 8912014315314812920 327IS 84016021 915499999999999999 242 4515 4 2999999999999999
105 81 62 53 60 79106132151159152131103 74 48 32 30 44 69 9812414114413420 328IS 9 2159214514599999999999999 3 5 531536 2999999999999999
115 94 75 64 64 77 99123143155154140116 88 62 42 32 37 54 7810212313313220 329IS 927156222513599999999999999 329 631612 3299999999999999
121105 89 77 73 79 95115134147151144127103 79 57 42 38 45 61 8110111612320 330IS 954151231412499999999999999 355 731653 3799999999999999
121112100 90 84 85 94108124137145144134117 96 75 58 47 44 51 63 79 9510720 331IS1026145999999999999999999999 422 841747 4499999999999999
114114109103 97 95 98105115126134138137128114 97 79 64 53 49 51 60 72 8620 4 1IS 028115111313999999999999999 459 9519 7 4999999999999999
 99108112113111108106106109115121127132132128118104 88 72 58 49 47 51 6220 4 2IS 234113124113399999999999999 6251062049 4699999999999999
 77 94108118122122118113108105107112119128134135130117 98 78 58 44 37 4020 4 3IS 421123144213699999999999999 9111052211 3799999999999999
 53 73 95116130135132124112101 93 93100113128142149145130107 81 55 35 2620 4 4IS 5 71351610149999999999999991035 9223 9 2699999999999999
 31 49 75105130145148138122103 86 75 76 88109133154164160141112 79 48 2620 4 5IS 5411481713165999999999999991127 742356 1899999999999999
 18 28 53 87121148160155138113 87 65 55 60 80110141167178171146111 74 4120 4 6IS 61316018 7178999999999999991212 55999999999999999999999
 20 17 34 66105141165170156129 97 66 43 35 47 76113150177186174145107 6820 4 7IS 645171185618699999999999999 039 151254 3599999999999999
 36 19 24 49 87127160178173150115 78 45 23 21 40 7511715518118616913810020 4 8IS 718179194318799999999999999 118 181336 1999999999999999
 64 36 27 40 71110148175183168137 98 59 26  9 14 39 7812015617817815812820 4 9IS 751183203018199999999999999 156 271418  899999999999999
 93 62 43 42 62 96132164182180157121 81 44 15  4 15 43 8112015116716414420 410IS 824184211816899999999999999 232 4015 1  499999999999999
117 89 66 55 63 86118149172180169142106 68 35 13  8 22 49 8311614115214720 411IS 85718022 915299999999999999 3 7 551545  799999999999999
130109 89 74 72 84106133156170170155127 94 62 35 19 18 32 56 8411012813620 412IS 93117223 713699999999999999 341 711632 1799999999999999
132120106 93 86 88101120139154161156140115 88 62 41 31 32 43 61 8110111520 413IS10 6161999999999999999999999 415 851725 3099999999999999
122121115107100 98102111124137146148142128109 88 68 53 44 44 50 62 77 9320 414IS 021122104714899999999999999 454 981835 4399999999999999
106114117116112109107109114121128134135131122109 93 78 65 55 52 54 61 7320 415IS 2 9117114913599999999999999 6 210720 9 5199999999999999
 87102113120121119115111108109112117122126127123114102 87 74 62 54 53 5920 416IS 354121134212799999999999999 8281082138 5399999999999999
 71 87104119127129125117109101 98100106114123129128122109 94 77 62 53 5120 417IS 44612915301299999999999999910 9 982240 5199999999999999
 59 74 94114129137135126113 99 89 85 89 99113126136137129114 95 75 59 5020 418IS 51813716381379999999999999911 1 852323 4999999999999999
 51 63 83106128142144136121102 85 74 72 81 98117135145144133113 91 69 5320 419IS 5441451727146999999999999991138 722357 4899999999999999
 48 55 73 97123143152147131109 86 68 59 63 80103127145153148131108 83 6220 420IS 6 815218 6154999999999999991211 59999999999999999999999
 49 50 65 89116141156156142119 92 67 51 48 60 84112138155158146125 99 7420 421IS 631158184215999999999999999 027 481241 4799999999999999
 56 50 59 81109136156163153130101 72 48 37 42 63 92124148161157139114 8820 422IS 654163191616199999999999999 054 501311 3799999999999999
 66 54 57 74101130154166162142113 81 52 32 29 43 7110413515516115012910320 423IS 716167194916199999999999999 119 531341 2899999999999999
 79 62 58 70 94123149166168154127 94 61 35 22 28 50 8211514215715513911620 424IS 738169202315899999999999999 144 581412 2299999999999999
 92 73 63 69 88114141162170162140108 75 45 24 20 34 61 9312414615314512720 425IS 8 2170205815399999999999999 210 631444 1999999999999999
106 86 72 71 83106132154167167151123 91 59 34 21 24 43 7210212814414513420 426IS 828169213614799999999999999 236 701518 2099999999999999
117 98 84 77 83100122144160166158137108 77 50 31 24 33 54 8110712813813620 427IS 856166221913999999999999999 3 4 771555 2499999999999999
125110 96 87 87 96114133150160159146124 97 70 47 33 32 42 62 8510712313120 428IS 927161231313199999999999999 334 861638 3199999999999999
128119109100 95 98108123137149154150137116 92 69 51 40 40 49 66 8510311720 429IS10 6154999999999999999999999 4 9 951733 3999999999999999
125124119112107104107114124135143146142131115 95 75 59 48 46 52 65 81 9820 430IS 02712511 114699999999999999 5 21041846 4699999999999999
113123126125120115111110113119126133138139133120103 84 67 54 48 50 60 7720 5 1IS 2 6126123413999999999999999 6471102014 4899999999999999
 95114127134134128120112105103106114124134140140131115 95 74 57 47 46 5620 5 2IS 327135142614199999999999999 8551032132 4599999999999999
 75 98120137145144134120105 93 87 89100116134147151144126103 78 56 43 4320 5 3IS 4171461552151999999999999991012 872232 4199999999999999
 56 79107133152158151134112 90 73 66 71 88112137156163155135107 78 54 4120 5 4IS 45615816581639999999999999911 6 662322 4099999999999999
 43 61 90122151167168153127 98 71 51 45 55 80111143166173163138108 77 5320 5 5IS 5321701754173999999999999991152 44999999999999999999999
 42 49 73106141168180172148115 80 48 28 26 44 75113149173178164137105 7520 5 6IS 6 7180184617899999999999999 0 7 421236 2599999999999999
 53 47 61 91127160183187170138 99 60 28 11 15 38 7511615217417616013210220 5 7IS 641188193517899999999999999 048 471320 1099999999999999
 74 57 59 79111146175191186161124 82 43 13  1 11 39 7811915217016915112520 5 8IS 717192202417299999999999999 127 5614 3  199999999999999
 98 76 66 74 98130161184191178148109 68 31  7  1 15 45 8312014916215714120 5 9IS 752191211316299999999999999 2 4 661447  099999999999999
118 96 80 77 90115144169185184165134 96 58 27  8  8 25 54 8711914215114520 510IS 82818622 515199999999999999 241 771531  699999999999999
131113 97 87 90105128151170178171151120 86 54 30 18 21 37 63 9111613414020 511IS 9 517823 114099999999999999 318 871617 1799999999999999
135124111100 96101115134151163166157137111 82 57 38 31 35 50 70 9311312620 512IS 944166999999999999999999999 357 9617 7 3199999999999999
131129121112105104109120133145153152143127105 83 64 50 45 49 60 76 9411020 513IS 0 6131102915499999999999999 44410418 5 4599999999999999
122127127122116111109112118127135140140134122105 88 73 62 57 58 67 79 9520 514IS 124128112914199999999999999 5561091916 5799999999999999
110122129130126120114109108111117124129132129121109 95 82 71 65 64 71 8220 515IS 24113013 113299999999999999 7451082032 6499999999999999
 97113126134135130122112104100101106114123129130125115102 88 76 68 67 7420 516IS 339136144313099999999999999 920 992138 6799999999999999
 87104121135142141132119105 93 87 88 96108121131135131120106 90 77 69 6920 517IS 42014316 1135999999999999991021 872229 6899999999999999
 78 95114133146150144129111 93 79 73 77 90107124137142136124106 89 75 6920 518IS 45215016581429999999999999911 5 7323 9 6999999999999999
 73 86106128147156154141121 97 76 62 60 70 89111132145148139123104 86 7320 519IS 5201571743148999999999999991141 592343 7099999999999999
 71 80 99122144159163153133106 79 58 47 51 67 92119141152151138119 98 8120 520IS 5461631823153999999999999991215 47999999999999999999999
 72 76 91115139159169164146118 88 60 40 36 47 71100129150157150133112 9220 521IS 61116919 015799999999999999 014 721248 3599999999999999
 78 75 86107132156171173159133101 68 41 27 30 49 7811113915515714512610520 522IS 637174193615899999999999999 043 751320 2699999999999999
 87 78 82 99124149169178170148117 82 50 27 20 31 56 8912114615715313811820 523IS 7 4178201215799999999999999 113 771354 2099999999999999
 98 84 82 92114140163177178163134100 65 36 19 20 37 66 9913014915514613020 524IS 733180205015599999999999999 143 811429 1799999999999999
111 94 86 89105129153171179173151120 85 53 28 18 25 47 7710813414915013920 525IS 8 4179213215199999999999999 214 8515 6 1899999999999999
123106 94 91 99118140161174176164139107 75 46 27 22 34 57 8611413614614420 526IS 839177221814699999999999999 248 911547 2299999999999999
133119106 98 98109127146163171169154129 99 70 45 31 31 43 66 9211613414220 527IS 918172231214299999999999999 327 971632 2999999999999999
139130118108103105116131147159165161146123 96 70 50 39 40 52 72 9511713320 528IS10 6165999999999999999999999 4131031726 3899999999999999
140138130121112108109117129141152156153141121 98 76 58 48 48 58 76 9711820 529IS 01614011 915799999999999999 5181071829 4699999999999999
133141141134125116109107111120131141148149141125105 84 67 56 54 63 7910020 530IS 126142123315099999999999999 6491071939 5499999999999999
121138147147140128116105 98 99106117131143148145132114 94 75 63 59 66 8320 531IS 23114814 914899999999999999 827 982049 5999999999999999
105128146156155145129111 94 83 81 89103122140151151141123102 82 67 63 7120 6 1IS 324157153415399999999999999 943 812152 6399999999999999
 89114139158167163147124100 78 64 61 71 91116140156159149130108 86 71 6720 6 2IS 4 91671645159999999999999991043 612246 6799999999999999
 77 99126153172177167145115 85 59 43 42 57 82113142161165155134110 88 7420 6 3IS 4511771745166999999999999991134 412335 7199999999999999
 73 87112141168184184167138103 69 40 25 28 47 78114146165168156135110 8920 6 4IS 5311871840169999999999999991222 24999999999999999999999
 77 80 98126156181193187163128 89 52 24 12 19 44 7911714916716815413210920 6 5IS 610193193116999999999999999 019 7613 8 1299999999999999
 90 82 89111140169190196183154116 76 39 14  6 19 47 8412115116516314812720 6 6IS 650196202016699999999999999 1 2 821352  699999999999999
106 91 88100124152178194194175143104 64 31 10  8 25 55 9112515116115614120 6 7IS 72919621 816199999999999999 142 871436  799999999999999
122104 93 95110134160182192186164130 93 57 29 14 17 36 66 9912914915514820 6 8IS 8 9192215515599999999999999 222 921520 1399999999999999
134117103 97102119142164180184174151119 85 54 32 24 31 50 7810713114614820 6 9IS 849184224314999999999999999 3 3 9716 3 2499999999999999
141128114104101109125145162173173161138109 81 56 41 37 46 65 8911313214220 610IS 930175233214499999999999999 3451011646 3799999999999999
143135124113106106113127143156163160148128104 80 62 52 52 61 78 9911813320 611IS1015163999999999999999999999 4321051730 5099999999999999
140140133123114108108114125138147152149138121102 84 70 64 65 74 8910612220 612IS 02614111 615299999999999999 5301071818 6399999999999999
135141140133124115109107111119129137141139131118103 89 79 74 76 84 9711320 613IS 122141121314199999999999999 6461071914 7499999999999999
127138143142135125114106102104110119128133134130120108 96 87 82 84 9210420 614IS 218144134013599999999999999 8131022016 8299999999999999
119133144148146137124110 99 92 93 99110121130134132124113102 93 88 89 9820 615IS 3 8148151013499999999999999 928 922117 8899999999999999
111127141152154149136119101 87 80 80 89103118131137137129118106 96 91 9420 616IS 3491541624138999999999999991024 792210 9199999999999999
104119137151160159149131109 88 72 65 69 82101120136143142133120106 96 9320 617IS 42616117201449999999999999911 9 652255 9399999999999999
 98111130148162168161145121 95 72 56 52 61 80104127143150146134119105 9520 618IS 45816818 6150999999999999991148 522334 9499999999999999
 95104122142161173173160137108 79 54 41 42 58 8211013515115514713311610220 619IS 5301741847155999999999999991225 40999999999999999999999
 95 98113134156173181174154125 92 61 39 30 38 59 8912014515715714512811120 620IS 6 3181192615999999999999999 010 9413 1 3099999999999999
 99 95104123147169184185172145111 76 46 26 24 38 66 9913015216115514112320 621IS 63718620 416199999999999999 046 951339 2399999999999999
106 97 98112135159180190186165134 98 62 34 20 24 44 7510913915716115113520 622IS 713191204416199999999999999 123 961417 1999999999999999
117103 97103121146169187192182157122 85 52 27 19 29 53 8611914615915914720 623IS 752192212516199999999999999 2 1 971457 1999999999999999
130113101 99109129154175189190175147112 77 46 27 24 38 65 9712815015915520 624IS 83319122 915999999999999999 241 991540 2399999999999999
142126111101102114135157176186184166138105 72 46 32 33 50 7710713415215820 625IS 919187225615899999999999999 3261001624 3099999999999999
152139123110102105117136155172179175158131101 73 51 41 46 63 8811613915420 626IS1010179234615899999999999999 4181021712 4199999999999999
157150137122109102104115131148162169166151128102 78 61 53 59 76 9912314420 627IS1111170999999999999999999999 51810218 3 5399999999999999
156158150137122108100100108121137150158157146128107 87 72 67 72 8710813020 628IS 040159122415999999999999999 632 9919 1 6799999999999999
149160161152138121105 94 91 96107122137149152146132115 97 84 79 83 9711620 629IS 135162135115299999999999999 755 9120 3 7999999999999999
137155166166156139119100 85 78 80 91107126141150148138123107 95 89 9210520 630IS 230167152115099999999999999 916 7721 9 8899999999999999
124145163173172159139115 91 72 62 63 75 95118138151153145131115102 95 9820 7 1IS 3231741640154999999999999991024 612212 9599999999999999
112132154172181177161136108 80 57 45 47 62 86114139155159151136120105 9820 7 2IS 4141811747159999999999999991122 4423 8 9899999999999999
103118140163181189182161132 99 67 43 31 36 54 8311514316016315413812010520 7 3IS 5 21891842164999999999999991213 31235910099999999999999
100106124148172190195183158124 88 55 31 22 30 54 8612014916416515313611720 7 4IS 54919519301669999999999999913 0 22999999999999999999999
103100110131157181196197181152115 77 44 23 18 32 59 9412915516716314913020 7 5IS 634199201416799999999999999 0451001344 1899999999999999
112101101115139165187199195174142104 67 37 20 22 40 7010513815916615814220 7 6IS 716200205516699999999999999 128 991426 1999999999999999
123107 99104121146171190197188164130 93 60 35 25 32 54 8511814616116215120 7 7IS 757198213316399999999999999 2 9 9915 5 2599999999999999
134116103 99108128152175190191177151118 84 56 38 35 47 7210113015116015620 7 8IS 837192221016099999999999999 248 991541 3499999999999999
143126111101101113133156174184181164137107 78 56 46 49 65 9011613915415720 7 9IS 916184224615899999999999999 3281001615 4599999999999999
150136120107101104118137156170174167150125 99 77 62 58 66 8410612814615520 710IS 955174232315599999999999999 4 91011648 5899999999999999
154144130116105102107120136151161162154137116 96 80 71 72 8310012013715020 711IS1038163999999999999999999999 4551021722 7099999999999999
154151140127114105102107118131143150150142129112 97 87 83 87 9811312914320 712IS 0 2154112815199999999999999 5501021759 8399999999999999
152154149138126113104101104112123133139140135125113103 96 94 9910912213520 713IS 046154123614199999999999999 6591011844 9499999999999999
147154154149138124111101 96 9710311312313113413212711811010510410811612820 714IS 13615514 913499999999999999 820 95194510499999999999999
140151157157150138123107 94 87 86 9210311612713413513212511811211011312120 715IS 229158154813599999999999999 935 85205711099999999999999
132145156162161152137118 99 83 74 74 81 9611212713814113913212311511211520 716IS 32116217 3141999999999999991034 7322 411299999999999999
124137151163169166153134111 88 69 60 62 73 9211413314514914513512411511220 717IS 4 91691756149999999999999991122 59225911299999999999999
116128144160173177170153128100 73 54 46 52 70 9412114215415614813612211220 718IS 45417718381569999999999999912 4 46234511099999999999999
110117133153171184185173150119 87 58 39 35 47 7110113115316316014813211720 719IS 5361861916163999999999999991245 35999999999999999999999
108108120140163183194191173143108 72 43 28 29 48 7711214216316816014512720 720IS 618195195216899999999999999 0281071325 2699999999999999
111103108124149174194202194170135 96 59 32 21 29 54 8812415417017015713920 721IS 7 1202202917299999999999999 11010314 5 2199999999999999
119104 99108130157183202206192163125 85 49 26 21 36 6610213816417416915220 722IS 74520621 717499999999999999 152 991445 2099999999999999
131111 98 97110135163189204204186154115 76 45 27 28 49 8111815017117516420 723IS 830206214617599999999999999 236 961525 2599999999999999
145123104 93 96112138165188201197176144107 73 46 35 43 66 9913215917417320 724IS 917201222517599999999999999 321 9316 6 3599999999999999
159138117 99 90 95112137162182191185164135103 74 54 49 61 8511514416617520 725IS10 719123 617599999999999999 410 901648 4999999999999999
169153132111 95 88 94110132153170177171153129103 81 68 68 8110412915316920 726IS11 3177235017499999999999999 5 4 881731 6699999999999999
174166149128108 93 87 91104121140155162158145127108 92 84 86 9911814015820 727IS1210162999999999999999999999 6 7 871818 8499999999999999
170172163147127108 92 84 85 9310812413914814914213011710610010211212814520 728IS 039173133714999999999999999 725 83191510099999999999999
161171172164148128108 90 79 75 80 9210812513814514313712711811211212013320 729IS 136173152014599999999999999 853 75202911199999999999999
148163173174166150130107 86 71 64 66 78 9611613414614914513612711911712220 730IS 2411751653149999999999999991014 63214811699999999999999
134149165176179171154131105 80 61 51 53 67 8911413715215615214212911911620 731IS 3461791758156999999999999991118 51225711699999999999999
121134151169182185177157129 99 71 49 40 45 62 8911914416016315514212711520 8 1IS 4471861845163999999999999991210 40235211199999999999999
111118134155176190192180156124 91 60 39 33 42 65 9612915416716615413712020 8 2IS 5391931923168999999999999991254 33999999999999999999999
108107117138162184197196179150115 80 50 32 31 47 7510914216417116414812820 8 3IS 626198195817199999999999999 0381061333 3099999999999999
111101104120144170191201195172140103 69 43 31 38 60 9112615417017015713820 8 4IS 7 7201203017299999999999999 11810014 9 3199999999999999
117101 96104125152178196200188161126 91 60 40 37 51 7811114216417216514820 8 5IS 74620121 017299999999999999 155 961441 3699999999999999
126107 94 94108133160183196194175146112 80 56 44 50 70 9913015517016915620 8 6IS 822197212817199999999999999 231 921511 4499999999999999
136115 98 90 96115140165184190182160130100 74 57 55 68 9212014616417016320 8 7IS 857190215517099999999999999 3 5 901538 5499999999999999
146125106 92 90101121145166179179166143117 91 73 65 71 8911313715716716620 8 8IS 932181222216899999999999999 341 8916 4 6599999999999999
154135116 99 90 92105125146162169165151130108 89 78 78 8910813014916216620 8 9IS10 9170225116699999999999999 419 901630 7799999999999999
160145127110 96 91 95108125142153157151137121105 93 89 9410712414215616320 810IS1052157232316499999999999999 5 2 911657 8999999999999999
162153139122107 96 92 9710712113414214413912911810810110210912013414815720 811IS1146144999999999999999999999 555 92172910199999999999999
161158149135120106 96 92 9510211312313113413312812111511211411912913915020 812IS 0 216113 813499999999999999 7 6 92181311299999999999999
157159156147135120106 95 88 88 9310211312313013213212812512212212513214020 813IS 056159151413299999999999999 835 87193112299999999999999
149157160158150137121105 90 80 77 81 9110511913113814013813312812512613120 814IS 2 8160165514099999999999999 955 77211912599999999999999
140150160165164156141121100 81 68 64 69 8310212213814715014513812912312320 815IS 3221661747150999999999999991055 64223612299999999999999
128140154167175174163143118 91 68 53 50 60 8010513014915915814913712511720 816IS 4251751824160999999999999991143 50233011699999999999999
117126142161178187184169143111 79 53 38 40 56 8311414316216916214813111620 817IS 5181881857169999999999999991226 37999999999999999999999
108110125147171191200193171138101 65 39 27 35 59 9312915817417516214212120 818IS 6 6200193017799999999999999 01610713 6 2799999999999999
104 98105126154183203210198169130 89 53 28 23 38 6910814517218317515613120 819IS 65121020 318399999999999999 059 971346 2299999999999999
108 91 88102129162192212214196162120 79 44 25 27 50 8612716218318617114620 820IS 737215203718799999999999999 141 881424 2399999999999999
118 94 80 82101133167196213210188151110 71 42 30 41 6910714517518918316220 821IS 822214211118999999999999999 224 7915 2 3099999999999999
134106 83 72 79102134168194207199175140103 70 48 45 61 9212816118318917620 822IS 9 9207214618999999999999999 3 8 721540 4399999999999999
151122 95 75 68 78102133163185193184160130100 75 61 65 8511514617218618420 823IS 958193222318799999999999999 354 681617 6199999999999999
167141113 88 72 68 79101127152169175166148124102 85 80 8810813315717518220 824IS105317523 218299999999999999 444 681655 8099999999999999
176158134109 87 73 71 80 97117137151156151139124110100 9910812514416117320 825IS1159156234717799999999999999 542 701736 9899999999999999
176169152131109 90 77 73 78 8910412013314114113612812011511512213314716020 826IS1334142999999999999999999999 657 73182911599999999999999
168170164151133114 96 81 73 72 79 9010512013213914013713212712512713414420 827IS 046171154214099999999999999 836 7220 012599999999999999
155163167164154139120100 83 70 64 67 78 9511413114314714614013312712512920 828IS 2 716717121479999999999999910 9 64214812599999999999999
138150161169169161146125102 79 63 55 58 71 9211613815115615214313112111720 829IS 33417018 0156999999999999991114 5423 011799999999999999
121132148164175177168150125 98 72 53 46 53 71 9712614916216215313912311120 830IS 44317718331639999999999999912 1 46235010899999999999999
108115131151170183185172149120 89 62 45 42 55 7911014016116916314812911120 831IS 53618619 2169999999999999991240 41999999999999999999999
 99100112134159180192189171142110 78 52 40 45 65 9512815617217115813711520 9 1IS 619193192917399999999999999 029 981314 4099999999999999
 97 89 95115142169189197187163130 96 66 46 42 55 8211514716917616714712320 9 2IS 657197195517699999999999999 1 5 891344 4199999999999999
100 85 83 97122152178195195178149116 83 58 46 52 7310413616317717415713220 9 3IS 731197201917899999999999999 137 821411 4699999999999999
107 86 76 82103132161184194187164133101 73 56 54 69 9612715517417716514220 9 4IS 8 5194204317899999999999999 2 9 761436 5399999999999999
116 92 75 73 86111141168185187173147117 89 69 61 69 9111914716817717115220 9 5IS 83718821 517799999999999999 241 7215 0 6199999999999999
127101 80 70 74 93120147169179174156131105 83 72 74 8911313916117417416020 9 6IS 911179212817699999999999999 313 701522 7199999999999999
138113 90 74 70 80101126149164168158140118 98 84 81 9010913215416817316520 9 7IS 946168215217399999999999999 347 701545 8199999999999999
147125102 83 73 74 87106127145155154143127111 98 92 9510812614516016816620 9 8IS1025156221916999999999999999 424 7216 9 9199999999999999
154136116 96 82 76 79 9110812413714314113212111010410311012313815116016320 9 9IS1113143225116399999999999999 5 7 75163510299999999999999
158146129112 96 84 80 83 9210411612713213212712111611411512213214215115720 910IS1226132233715899999999999999 6 5 8017 711499999999999999
157152142128113 99 88 82 82 87 9610611712412812912812612412512813414014720 911IS1445129999999999999999999999 731 81181412499999999999999
152154151144132118103 89 79 75 77 84 9611012313213713813613212912813013520 912IS 057154164513899999999999999 911 75205412899999999999999
142150156157152141124105 86 71 63 64 74 9011012814214914814313412612112120 913IS 2431571727149999999999999991025 62222612099999999999999
128139152164168164150129103 78 59 49 52 66 9011614015616115614412911610920 914IS 4 41681757161999999999999991117 48232010899999999999999
110122140160176183177158129 97 67 45 36 44 66 9713015617016915713711710020 915IS 5 318318271729999999999999912 1 36999999999999999999999
 93 99118144171191198187161125 88 54 33 29 44 7511214817318117215112510020 916IS 554198185718199999999999999 0 4 931242 2899999999999999
 82 78 91118151182204207191158117 77 44 26 30 54 9213216718718616813910820 917IS 641208192818999999999999999 045 781320 2599999999999999
 81 64 65 86120158191211209187150108 69 40 29 41 7311415418319518415712320 918IS 72721320 019599999999999999 127 621358 2999999999999999
 90 63 50 58 85123162194209203177139100 65 43 41 62 9713717219319517514320 919IS 813210203319799999999999999 2 8 501434 3999999999999999
107 74 49 42 56 86124161189199189162129 95 67 54 61 8612115618319518716220 920IS 9 019921 719599999999999999 251 421510 5499999999999999
128 93 63 43 41 58 88123155177183171148121 95 76 72 8511014116818619017620 921IS 949183214119099999999999999 336 391546 7299999999999999
149117 85 59 44 46 63 89117143160163154137117100 90 9210712915217218217920 922IS1045164221818299999999999999 424 431621 8999999999999999
163138110 83 62 52 54 67 8710812814114514013011911010611012213915516717220 923IS115414523 117299999999999999 520 51165910699999999999999
167153132110 88 71 62 61 69 82 9711312513213413112612111912212913914915720 924IS1343134999999999999999999999 634 61175611999999999999999
160157148133115 97 82 71 65 67 74 8610111612713413613413112712512713213920 925IS 0 3160155713699999999999999 817 6520 112599999999999999
146151153148138124107 90 75 65 62 67 79 9611513114114414213512712011812120 926IS 14615317 214499999999999999 953 62215811899999999999999
128138148155154147132113 93 73 60 56 62 77 9812114015115214513312010910520 927IS 3291561736152999999999999991056 56225910599999999999999
110121136151162163154137114 89 67 54 51 62 83109135153160155142124107 9520 928IS 43816418 3160999999999999991140 512340 9299999999999999
 93102119140159171170157135108 81 59 48 52 69 96125150164164151131109 9020 929IS 5271721828166999999999999991215 48999999999999999999999
 81 84100124149170179173154127 97 70 52 48 60 84115144165171161141115 9120 930IS 6 7179185217199999999999999 015 801245 4899999999999999
 74 70 81105133161179182170145115 85 61 50 55 75105136161174170151125 972010 1IS 643183191517599999999999999 046 701312 5099999999999999
 73 61 65 84114145170183179160131101 74 57 55 70 961271561741761611351052010 2IS 716184193717799999999999999 117 601337 5499999999999999
 77 58 53 66 92125155176181170145116 88 67 59 68 901191481701781691461162010 3IS 748182195917899999999999999 147 5314 0 5999999999999999
 86 61 48 52 72103135161175173155130103 80 67 69 861121411641771741561282010 4IS 821176202017899999999999999 217 471423 6699999999999999
 97 69 50 45 57 82113142162168159139115 93 78 74 841061321561721751631402010 5IS 854169204217699999999999999 248 451446 7499999999999999
110 82 58 46 49 66 92120144157157145125105 89 82 861021251471641721661492010 6IS 92915921 617299999999999999 320 451510 8299999999999999
123 96 71 54 48 57 76100123141148144131116101 92 921011181381551651651552010 7IS10 8148213316699999999999999 354 481534 9199999999999999
135111 87 68 56 55 65 831031211331371331231121041001041151301441551601562010 8IS105513722 416099999999999999 435 5416 010099999999999999
143125104 85 70 62 62 71 851001141241281261211151111111151241341441501522010 9IS12 6128224715299999999999999 526 61163411199999999999999
147137122105 89 76 68 66 71 81 93106116123126125123121120122126132137142201010IS1413126999999999999999999999 643 66175012099999999999999
145143137126112 96 82 71 65 66 73 84 99113125132134133129124121120123128201011IS 0 914516 413499999999999999 824 65204612099999999999999
135142146144136122104 85 69 59 56 63 77 97117134144146141132121112107109201012IS 214146164614699999999999999 946 56221310799999999999999
118131144154157149132109 85 63 49 46 55 76102128148158155144127109 95 90201013IS 3451571718158999999999999991044 4523 3 9099999999999999
 94109131152168172162140110 80 54 38 38 54 82115145165170159139114 91 74201014IS 4481721748170999999999999991130 362347 7099999999999999
 70 81104134163182185170142107 73 45 32 38 62 97134164180176156127 95 68201015IS 5411861819181999999999999991212 32999999999999999999999
 51 52 71103140173192192172139101 66 40 33 47 78117155182189175146109 74201016IS 630195185118999999999999999 028 491251 3399999999999999
 45 31 39 66105146179197192167132 94 62 42 42 64100140174193191167131 90201017IS 717197192419599999999999999 110 311329 3999999999999999
 53 26 18 33 65107148180193183157123 89 62 50 59 86123160187197184154114201018IS 8 4193195719799999999999999 152 1814 6 5099999999999999
 73 38 15 13 33 68109147173181170145115 88 68 64 80109143172191191172138201019IS 853181203219499999999999999 235 111442 6399999999999999
 99 61 30 13 17 39 72108140161165154133110 90 79 82100127155176186180157201020IS 94416621 718699999999999999 320 121518 7899999999999999
124 89 56 31 20 26 47 75105130146148140125109 97 92 99116137158171175165201021IS1041149214517599999999999999 4 8 201555 9299999999999999
143115 85 58 40 33 38 54 76 99119131135130122112106105111124139152160160201022IS1153135223016199999999999999 5 2 33163810499999999999999
150133111 88 67 53 46 49 59 75 92108120126127124119114113117124132141146201023IS1335127233414799999999999999 611 46174611399999999999999
146140129113 95 79 65 57 56 61 72 86102116125130129125120116114116121127201024IS1520130999999999999999999999 743 56195911499999999999999
133137136130119104 89 75 64 58 60 69 84102119131137136129120111105103107201025IS 122137161913799999999999999 913 58214410399999999999999
115125134138136126112 95 78 64 57 59 70 87108128141145140128114100 91 89201026IS 3 91381655145999999999999991018 572241 8999999999999999
 96108123137144143132116 96 76 61 55 60 75 97121141151150138121101 84 75201027IS 42114517231529999999999999911 3 552320 7599999999999999
 77 89107128144152148134114 91 71 57 55 66 87112137154158149130106 83 67201028IS 5111521748158999999999999991139 552354 6199999999999999
 61 69 88113136153158150131107 83 64 55 60 78103131153164159141115 88 64201029IS 55215918121649999999999999912 9 55999999999999999999999
 50 51 67 93122147161160146123 98 75 60 58 71 95123149165167152126 96 67201030IS 628163183516899999999999999 025 491236 5799999999999999
 45 38 48 72102133155164157137112 87 68 60 67 88115143164171162138107 74201031IS 7 2164185717199999999999999 056 3813 2 6099999999999999
 47 31 32 51 80114143160162148126101 79 66 67 82107136159172169150120 862011 1IS 735163192017399999999999999 126 291327 6499999999999999
 54 31 24 34 59 92124149159154136113 91 74 69 781001271521691721591331002011 2IS 8 8160194317399999999999999 156 231352 6999999999999999
 67 39 23 24 41 70103132150153142123102 84 75 78 941181431621711651451152011 3IS 84315420 817199999999999999 227 211417 7499999999999999
 83 52 30 22 30 52 82111135146144130113 95 83 81 901091321521651661531292011 4IS 919147203516799999999999999 3 0 221444 8099999999999999
 99 69 44 29 27 40 63 90115133139133121106 94 88 911031221411551611561402011 5IS 95913921 516199999999999999 336 261512 8799999999999999
115 88 62 43 33 36 50 72 95115127130125115105 97 961011141291431521531452011 6IS1049131214015499999999999999 416 321545 9599999999999999
129107 83 62 47 40 44 57 75 941111211241211151091041041091191291391441442011 7IS1156124222914599999999999999 5 7 40163110499999999999999
137123104 85 67 54 48 50 60 74 911061171231231201151111101111161231301352011 8IS1331124235213799999999999999 614 4718 411099999999999999
137133123109 92 75 61 52 51 58 70 871041191281311281221151091051061101182011 9IS1459131999999999999999999999 739 51202310599999999999999
126133135130118102 83 66 53 49 54 67 86107126138141136126112100 91 89 94201110IS 149135155114199999999999999 859 492147 8999999999999999
106121135143141130111 89 67 51 45 50 67 91117139151151141123102 83 70 68201111IS 32214316301539999999999999910 3 452241 6899999999999999
 78 96119140153154141118 91 66 48 42 51 73103133155165158139113 85 61 47201112IS 43215517 6165999999999999991054 422328 4599999999999999
 47 63 90121148164164148121 91 64 46 43 58 86120151171175160131 97 63 36201113IS 5291661740176999999999999991139 42999999999999999999999
 24 30 53 87124155172169149120 88 61 46 49 70103139169184179154118 78 41201114IS 621173181518599999999999999 012 231221 4599999999999999
 14  5 18 48 88128160174168145115 85 61 52 61 88123157182190176144102 60201115IS 711174185119099999999999999 055  513 1 5299999999999999
 22 -2 -5 14 48 90131160170161138110 83 64 61 77106140171189188166130 87201116IS 8 0170192819199999999999999 139 -61340 6099999999999999
 45 10 -9 -6 17 52 93130155161150129104 83 70 74 93122152176187179153115201117IS 84916120 618799999999999999 223-101419 6999999999999999
 74 36  7 -6  1 25 59 95127146149138120101 85 79 87107133157174178166139201118IS 941150204517999999999999999 3 9 -71458 7999999999999999
103 67 34 11  3 13 35 65 96122136137128115100 90 88 98115136155166165150201119IS1036138212616799999999999999 356  31539 8799999999999999
125 95 64 38 22 18 27 46 71 95115127128122112102 96 96104118133146152149201120IS1139129221215299999999999999 447 171627 9599999999999999
136116 91 67 48 35 33 41 56 75 94111121123120113106101100105114125133138201121IS1253123231213899999999999999 543 33173610099999999999999
135126111 92 74 59 49 46 51 62 78 94109119124122116109103 99100105112120201122IS1411124999999999999999999999 651 461919 9999999999999999
125125120110 97 82 69 59 55 58 67 80 96112123128126120110100 93 90 93 99201123IS 039126151412899999999999999 8 6 5521 0 9099999999999999
108116121120113102 89 76 65 60 62 71 85102119131135130120106 92 81 77 80201124IS 223121155913599999999999999 916 6022 7 7799999999999999
 88101113122124119108 93 79 68 62 65 76 93112129140140131115 96 78 66 62201125IS 3471241633141999999999999991010 622253 6299999999999999
 68 82 99115127129123110 94 78 67 63 69 84105125141148143127105 81 61 49201126IS 44813017 3148999999999999991053 632330 4899999999999999
 49 61 80102122134135125110 91 75 65 66 77 97119140152152139116 89 62 42201127IS 5351361730154999999999999991128 64999999999999999999999
 34 41 59 84110130140137124105 86 71 66 72 89112135153159151130101 69 42201128IS 615140175615999999999999999 0 4 3412 0 6699999999999999
 26 24 38 63 92120138143135119 98 80 69 69 82104128150162160143115 81 49201129IS 652144182216399999999999999 036 231229 6799999999999999
 24 13 20 41 71103129143142130111 90 75 69 76 95120144161166155130 97 62201130IS 727145184816699999999999999 1 8 131258 6999999999999999
 31 11  8 22 49 82114136144137121102 84 72 73 87110135156167163144114 792012 1IS 8 1144191716899999999999999 141  71327 7199999999999999
 44 18  5  9 30 61 94122139140129112 94 79 74 81100124147163167156131 982012 2IS 837141194716799999999999999 214  41357 7499999999999999
 63 32 10  5 16 41 73103127137134121104 89 79 79 911121351541641611441162012 3IS 914138201916599999999999999 249  41429 7899999999999999
 83 51 24 10 11 27 53 83110128133127114 99 87 82 871011211401551601521322012 4IS 956133205516099999999999999 326  815 4 8299999999999999
104 73 45 24 14 20 38 63 90112126129122110 98 90 87 941081251401501521422012 5IS1043129213715299999999999999 4 8 141546 8799999999999999
122 96 68 44 28 22 30 47 70 94113124126120110100 93 92 981091231351421422012 6IS1139126223114399999999999999 455 221642 9299999999999999
133115 93 69 49 35 32 39 54 75 96113124126121112103 96 93 961041141241322012 7IS1245126234513499999999999999 551 3118 2 9399999999999999
134127114 95 75 57 44 40 45 59 78 98116127130126116105 95 88 87 911001112012 8IS1352130999999999999999999999 656 401944 8799999999999999
122128126117102 83 66 52 47 50 63 82103122134138132119104 89 77 71 74 832012 9IS 122128145013899999999999999 8 7 472112 7199999999999999
 98113125130124111 93 74 59 51 54 67 88111132145147137119 98 76 59 51 53201210IS 257130153914899999999999999 915 512217 5099999999999999
 66 86108126136133120101 80 63 55 58 73 97123145157155140115 87 59 38 29201211IS 4161361623158999999999999991015 542310 2899999999999999
 33 51 78106130143141127106 84 66 57 63 82109137159168161139107 72 40 17201212IS 52114417 51689999999999999911 7 572359  899999999999999
  8 17 41 74108135149146130108 85 67 61 70 93122151171176162133 96 56 22201213IS 6181491746177999999999999991154 61999999999999999999999
 -2 -7  7 37 74111140152147129106 83 67 65 79105136163180179159124 83 42201214IS 710152182818299999999999999 046 -81239 6499999999999999
  7-14-15  5 38 78116142151143125102 81 68 71 89117147172183177151113 71201215IS 8 015119 918499999999999999 132-171322 6799999999999999
 30 -2-18-14 10 45 84119142147137118 97 79 71 78 98126154175181168140101201216IS 847147195118199999999999999 217-1914 4 7199999999999999
 60 23 -5-15 -5 20 55 91122139140128110 92 78 75 85107133156171172156126201217IS 934141203317499999999999999 3 1-151445 7499999999999999
 90 53 21  0 -4  9 34 66 98122134132120104 89 79 79 91112134153163159141201218IS1020135211516399999999999999 344 -51528 7899999999999999
113 81 49 24 10 11 26 50 78103122129125114100 88 81 84 96113131145150144201219IS11 7129215815099999999999999 426  91614 8199999999999999
127102 75 50 32 24 28 43 64 87107120125120110 98 88 84 87 96110124133136201220IS1156125224713699999999999999 5 9 2417 9 8499999999999999
129114 94 73 55 43 39 45 58 76 94110120123118109 98 89 85 86 93103113120201221IS1250123234712299999999999999 553 391818 8499999999999999
122117106 91 75 62 54 53 58 70 84100113121123119110 99 89 82 81 85 92101201222IS1346123999999999999999999999 643 521946 8199999999999999
108111109102 92 81 71 65 63 68 78 91105117125126121110 97 85 75 71 73 80201223IS 110111144112699999999999999 742 632111 7199999999999999
 89 99105107104 97 87 78 72 71 74 84 97111123130130122109 92 76 64 58 60201224IS 252107152913199999999999999 850 702215 5899999999999999
 69 81 94105110109102 93 84 77 74 79 89103119131137134122104 83 63 49 44201225IS 418110161113799999999999999 952 7423 3 4499999999999999
 48 61 78 96109116115107 96 85 78 76 82 95112128140143135118 94 69 47 33201226IS 5201171647143999999999999991042 762343 3099999999999999
 30 39 58 80102117123120109 96 84 77 78 87104123140149147133109 81 52 30201227IS 6 71231720149999999999999991124 76999999999999999999999
 18 21 36 60 87111125128121108 93 80 75 80 95115136151156147126 97 64 34201228IS 646129175315699999999999999 019 1712 1 7599999999999999
 14  7 17 39 68 98121132130119103 87 76 75 86105128148160159143116 82 47201229IS 722133182616299999999999999 054  71236 7499999999999999
 18  2  2 19 47 79109129135128114 96 81 73 78 93116140159166158136103 66201230IS 75613519 116699999999999999 129  01310 7399999999999999
 31  6 -5  3 26 58 91119134134123106 89 76 74 83103128151166168153125 89201231IS 831136193616999999999999999 2 4 -51345 7399999999999999
