238268273251207152100 63 51 6610716422527831031429225019915212111212615820 1 1IZ 141274144031699999999999999 756 51205211299999999999999
198234255255232193147105 79 76 9613618823928030029627022918414412011512920 1 2IZ 229258152030199999999999999 838 74214511499999999999999
15719222424224222419215512210310312215820124327328627825221417313811611020 1 3IZ 33124516 728699999999999999 930100224711099999999999999
12314818121223323922820417414612812513916720223726227326524120516513010620 1 4IZ 45123917 52739999999999999910401252355 9899999999999999
 9810913416920523324724522719917014813814416519522825326525923519815511620 1 5IZ 62024818112669999999999999912 7138999999999999999999999
 89 79 9012016220724426726925222218715714014015718822325226625923218914020 1 6IZ 736270191226699999999999999 057 79132913799999999999999
 95 65 57 7311116321926529229427423619315513213115018522525827226122617520 1 7IZ 83629620 527299999999999999 150 57143412999999999999999
119 70 40 37 6211117423829031631428624018814512112314919123727128126121620 1 8IZ 925319205128199999999999999 237 34152611999999999999999
155 93 43 17 22 5811919226231433532528723217513111112115620525428628725720 1 9IZ1010336213429199999999999999 320 15161111199999999999999
201132 66 18 -1 15 6313421428633334732627821715811710512516922427329929020 110IZ1052347221630099999999999999 4 3 -1165210599999999999999
247181107 41 -2-11 17 7615523830834835031826219714010610413418624429030720 111IZ1134354225830799999999999999 445-12173210199999999999999
287234161 84 21-15-13 26 94179263327356346303241174122 9710714720426230320 112IZ1214357234131299999999999999 528-191812 9699999999999999
310279217141 65  7-19 -6 44119207287341357335283216151106 9211215921927520 113IZ1254358999999999999999999999 610-191853 9299999999999999
308306267201124 52  2-13 11 69148234307349351317258190130 93 9011816922920 114IZ 026312133335599999999999999 653-131936 8799999999999999
280306296253187113 49  9  5 37 99178258319346336293231165112 85 8912217420 115IZ 114307141334799999999999999 737  22021 8399999999999999
231277297284241180114 59 30 33 69130203272319334314268207146100 80 8812120 116IZ 2 7297145533499999999999999 823 272112 7999999999999999
171224265283272235183127 83 61 68101155218273308314290244188133 93 76 8420 117IZ 3 7283154131599999999999999 916 602211 7699999999999999
114159209249269266240198153116 97100127170219263289292269228176127 89 7020 118IZ 4212711635294999999999999991021 952319 6999999999999999
 75100142190233261268254224186152129125140171210247270274256219171123 8320 119IZ 5502691740275999999999999991143124999999999999999999999
 61 60 8212217322326128027725421918115213714216419723225726525121616811720 120IZ 720281185226599999999999999 031 58131613799999999999999
 74 47 43 6410716322227029830127924219816013713515318622425426425121516420 121IZ 836303195826499999999999999 139 42143613399999999999999
109 61 31 28 5210016423028531732029525120015512812514718522725927025321120 122IZ 935322205427099999999999999 238 26153612399999999999999
155 95 45 17 17 4810417524730333232929624418714111612014919424027227725220 123IZ1023335214127999999999999999 329 13162211499999999999999
202139 77 29  6 15 5612019626832034032528322416612310712216121225828528120 124IZ11 4340222228799999999999999 413  617 010799999999999999
245186119 58 15  3 24 7414622329133233831025719514010710413218123527829520 125IZ113934023 029599999999999999 453  2173410199999999999999
277229164 95 38  7  8 43104180255312337325284224163115 9611015020525929320 126IZ1211337233529999999999999999 528  318 5 9699999999999999
296265207137 71 23  6 24 73142219286327332304251187131 96 9412217223027820 127IZ1239335999999999999999999999 559  61835 9199999999999999
300288244179109 51 17 17 51111185257310332317273213151105 86 9913919525020 128IZ 01030113 533299999999999999 630 1319 5 8699999999999999
288297271218151 86 40 23 40 87154227288323323292238175121 88 8411115821320 129IZ 045298133132799999999999999 7 0 231936 8299999999999999
262288283248191128 74 42 42 73128195259304320302259201143100 81 9012417320 130IZ 121290135832099999999999999 731 3820 9 8099999999999999
225264279265226172118 76 60 72110166226276304302273225169120 88 81 9913520 131IZ 2 1279142730799999999999999 8 5 602047 8199999999999999
182227257265248211165122 94 88106143192241276289276243196147107 85 8410420 2 1IZ 24826515 028999999999999999 845 872132 8299999999999999
140182221246252238209173141121118134165203238262266251219177136102 84 8520 2 2IZ 347252154326799999999999999 9381172229 8299999999999999
103135173210236247241221194168149143151171198225242246234206170132100 8120 2 3IZ 5 824716442479999999999999910561432340 7799999999999999
 78 92122160200233252256244221194170155153164184208228236229206171132 9520 2 4IZ 64225618 4236999999999999991240152999999999999999999999
 70 62 7510514819623826827927024621317915414314916919722424023721517612920 2 5IZ 8 3279192324199999999999999 054 6214 914299999999999999
 85 53 41 54 8914119925329030429426221917514112613316019723325525322617820 2 6IZ 9 4304202625799999999999999 159 41151012699999999999999
122 68 31 19 35 7914221127331432630826621216012210912416120925227627023420 2 7IZ 953326211927899999999999999 256 18155710999999999999999
175109 48  8 -1 23 77151229296336340311258195138102 9712317222927729828420 2 8IZ103734322 729899999999999999 347 -21639 9599999999999999
236167 91 27-12-14 21 86169253319352344303240171114 85 9213019025330031520 2 9IZ1118353225231599999999999999 434-181719 8499999999999999
290231153 73  9-24-16 30106195280340359337283212142 91 73 9314321027531920 210IZ1157359233732799999999999999 519-261758 7399999999999999
323287219136 55 -3-26 -5 52136227307353356319254179112 70 66 9915822929320 211IZ1234360999999999999999999999 6 1-261836 6399999999999999
328322276203119 44 -5-14 19 86172260327356341290219144 84 56 6510717324420 212IZ 02133113 935699999999999999 642-151915 5499999999999999
302327311260187108 43  8 13 55126209286335345314255181112 64 48 6811718320 213IZ 1 7327134334699999999999999 723  51955 4899999999999999
251300316295244176108 56 35 50 97164238298328321280218149 89 53 49 7512520 214IZ 156316141833099999999999999 8 5 352039 4799999999999999
187247288298278233176121 83 73 91135192250292306288245187127 79 53 54 8020 215IZ 250299145630699999999999999 851 722128 5099999999999999
126182233269280266232189148120113128161203244270275257218170120 81 60 6020 216IZ 356280154227699999999999999 9491122229 5799999999999999
 81120167213248266263243213182157146150169196223242247234205167126 90 6820 217IZ 52226716462479999999999999911131452347 6299999999999999
 62 76106148193234261272264243214185164155160176198218229226207175137 9920 218IZ 7 427218182309999999999999913 8155999999999999999999999
 71 58 64 8913018022926828928826823519716414414115517920722823321918814620 219IZ 829291194823399999999999999 112 57144014099999999999999
102 66 47 49 7512017823628330830728223919114912412214117521224124923419720 220IZ 927311205225099999999999999 224 45153612099999999999999
147 96 54 33 37 6912318925330232431527822617012610511114218723226326724320 221IZ1011325214026999999999999999 320 31161610499999999999999
196138 81 38 21 34 76139211277320330307259198141102 9311415821226028527920 222IZ1048331221828799999999999999 4 5 211648 9299999999999999
241183118 60 23 17 43 97168242302331324285227163110 85 9212918524328730020 223IZ1118333225330099999999999999 442 151716 8499999999999999
278227160 92 39 14 24 66131207276321331305252186125 85 7710315421727430620 224IZ1145332232531099999999999999 514 141743 7699999999999999
303265202130 66 24 17 45101175249306331318274210144 92 69 8112318524929720 225IZ12 9332235631499999999999999 543 151810 6999999999999999
314293240170100 45 21 33 78146221287325326292234166105 68 65 9514921527520 226IZ1232331999999999999999999999 610 201836 6299999999999999
309308272210139 76 37 32 63121194263313328306255189123 75 57 7211617724120 227IZ 028314125432899999999999999 638 2919 3 5799999999999999
290309292244180114 64 44 58102166235292320312272211145 89 57 57 8714020220 228IZ 1 1309131732199999999999999 7 6 431930 5399999999999999
259294297269218157103 69 66 93143205263300307281230169110 68 53 6710616120 229IZ 136300134130899999999999999 737 6320 0 5399999999999999
219265287280248200148108 89 97129177229270289279244192136 89 61 59 8112220 3 1IZ 21628814 928999999999999999 812 882035 5799999999999999
174224260274264235195155127117129158196234259265247211165119 83 65 68 9120 3 2IZ 3 5274144426599999999999999 8571172122 6499999999999999
129174217248261256235206176154146152171196221237238223194157119 89 73 7320 3 3IZ 41226215342399999999999999910 41462228 7199999999999999
 91123162202235255259249228204181165160166181199214220214195166132100 7720 3 4IZ 54625917 22209999999999999911561602358 7099999999999999
 70 7910514318622725827327225622919817015314915817820121922421318614810820 3 5IZ 7262751852225999999999999991347148999999999999999999999
 74 56 57 8112217422727129629928024420016013212513816720323424924221016220 3 6IZ 837301201125099999999999999 125 54145212499999999999999
108 62 34 32 5810717123729132132129324418813810710312616921926228127022820 3 7IZ 93032521 928299999999999999 235 29153910199999999999999
167101 44 11 10 44105181257316343333291230164110 82 8812518324529431129120 3 8IZ1014344215831199999999999999 331  61620 8099999999999999
237163 87 25 -7 -1 43116202282338355331275203132 81 63 8313420427432233220 3 9IZ1053355224433499999999999999 420-101658 6399999999999999
300234151 70 10-15  3 59141231310354355314246168 98 55 51 8615122930034220 310IZ1130360232834799999999999999 5 5-151736 4899999999999999
341297222136 57  4 -9 22 89176265332359340284208128 65 36 48 9717025231920 311IZ12 4359999999999999999999999 547-101812 3599999999999999
350337284206121 50 10 13 56129216295344349312245165 90 40 27 5311219026920 312IZ 012351123735399999999999999 626  61849 2699999999999999
327346323266190113 54 30 47 98171250313340325274202124 60 25 28 6512920620 313IZ 05634613 834099999999999999 7 6 301927 2299999999999999
277323332303247179114 72 62 87140207271312319290233162 95 45 25 38 8114420 314IZ 143333134132199999999999999 746 6120 6 2599999999999999
214274309311283234178129100100127173226271293286251196136 82 46 37 55 9620 315IZ 234314141529499999999999999 831 962050 3799999999999999
152211260288290269232190154134135155188225252262250218174127 87 61 56 7120 316IZ 335292145726299999999999999 9271322145 5599999999999999
105150198240266275265241211184165159167184205222228221201171136105 83 7420 317IZ 45627516 022899999999999999105515923 3 7499999999999999
 8110413917921925126927226023720918416616016417719220521020318515812810120 318IZ 63927317562109999999999999913 5160999999999999999999999
 84 81 9412216120624727628828025622218515513813815117520021822120918114520 319IZ 8 7288194422299999999999999 043 80143313699999999999999
109 82 70 7910815220525529130529526221716913211311614017621424124823219620 320IZ 9 4305204824999999999999999 2 6 70152011199999999999999
150104 70 56 67103157218274310317295251195141104 9210814719724327227224520 321IZ 945318213127699999999999999 3 4 561554 9299999999999999
197140 88 53 45 66113176243297324317280223161108 80 8411717023027729828520 322IZ101832522 729899999999999999 347 441623 7899999999999999
243183119 67 39 44 79138209274318327302250184122 79 68 9014020526730731320 323IZ1046328223931599999999999999 422 371650 6799999999999999
283226158 93 48 35 56107176247304329317273209141 86 59 6810917324229932520 324IZ1110330231032599999999999999 453 351715 5899999999999999
312266199128 70 39 44 83146220285324326292233163 99 59 52 8113820927632020 325IZ1133330234133099999999999999 521 371741 5099999999999999
328297238167100 55 43 68122192262313329307254186117 65 44 5910517124330220 326IZ1155329999999999999999999999 549 4318 6 4499999999999999
328317272207137 81 53 62103166236294324315273208138 78 43 43 7613520627220 327IZ 012329121632599999999999999 616 521831 3999999999999999
315324297243177115 75 66 92143208270310315285229160 96 51 36 5510216723520 328IZ 043325123931899999999999999 645 651856 3699999999999999
290317310272216155106 83 91127181240286305290245183119 66 39 42 7512919420 329IZ 11731913 330599999999999999 715 821924 3699999999999999
255297309292250198147112103120159209255283284255206146 92 54 41 57 9615120 330IZ 154309133128799999999999999 7501021956 4199999999999999
210261292296275237193153130128147180219250264255223177127 84 57 53 7211020 331IZ 23929814 626499999999999999 8351262040 5299999999999999
160212254279283267237202172153150162185211231239229204168129 94 72 68 8220 4 1IZ 340284145723999999999999999 9411502145 6799999999999999
112154199239266277270250223195173162162173190207218218205181149116 90 7620 4 2IZ 5 727716312199999999999999911291602319 7699999999999999
 8010013517822225828028527324721418215814614816418721022622621017914010220 4 3IZ 6462861834228999999999999991319145999999999999999999999
 75 66 7811015821126029430729626522117613811912114318021925026124720915820 4 4IZ 8 2307195726199999999999999 057 66142411799999999999999
106 65 45 54 90146211272315329312269212154109 89 9813418724328529927923120 4 5IZ 857329205629999999999999999 212 451511 8899999999999999
166100 49 26 37 81148224293337344314258188123 77 64 8613720627332033030120 4 6IZ 941346214533299999999999999 311 251552 6399999999999999
240163 89 35 14 34 88165248317352345300231154 87 48 47 8515123130434834920 4 7IZ1020355223135499999999999999 4 1 141631 4299999999999999
308237154 78 28 16 47110194277337357332272194114 53 26 41 9417125732836420 4 8IZ1056357231636599999999999999 446 1517 8 2699999999999999
353302226142 71 31 32 74144228303347347305234151 76 26 15 4611019428034320 4 9IZ1129353999999999999999999999 528 261745 1499999999999999
367345288211132 71 45 59110183261321345324268191110 45 10 16 5913121629620 410IZ 0 136712 234599999999999999 6 8 451822  899999999999999
347358329270197127 80 68 94148218283324327291227150 78 26  8 28 7915323420 411IZ 045360123433199999999999999 648 681859  899999999999999
302341342309252187130 98 98128181241290311297253188119 59 24 20 4810217220 412IZ 13134613 731199999999999999 730 931937 1799999999999999
243299326322289239185142121127157201247278284262218160103 59 37 42 7212320 413IZ 221328134328599999999999999 8161202019 3699999999999999
184243287307302275234192160145150173204234252251230194149107 75 61 68 9420 414IZ 317308142725499999999999999 9141452111 6199999999999999
136185233269288287269240207180164162173191210222223211187156126101 88 9020 415IZ 42829015352249999999999999910381612223 8799999999999999
10713817721725227528227325222319417115815716718219820820919917915312810820 416IZ 5572821736210999999999999991233156999999999999999999999
10110813016320324227228728426423219616214013314116218921322622420717814520 417IZ 721288192422799999999999999 0 2101135613399999999999999
11710010011815319724328029929527022818214011410912515819923525525423119320 418IZ 820300202625899999999999999 130 97144410899999999999999
149111 89 88110152205258297312299261209154110 88 9412517322626828727724220 419IZ 9 2312211028799999999999999 232 851518 8799999999999999
192139 96 75 81114166226280314317289238176119 80 70 9214020226230231128720 420IZ 936319214631299999999999999 317 741548 7099999999999999
239178120 79 67 86131192256305324309265202136 83 57 6610616923929732732120 421IZ10 4324222032999999999999999 354 671615 5699999999999999
282221155 99 68 70103160227287322322287228159 96 55 47 7513220427532533920 422IZ1030327225233999999999999999 427 651642 4699999999999999
316264196131 83 67 86133198264312326304253184115 62 39 51 9716524130534020 423IZ1054327232434399999999999999 458 6717 9 3899999999999999
336298237169110 77 79113170237294323315273209138 76 39 36 6812720127432520 424IZ1118325235634299999999999999 528 731735 3399999999999999
342322273209144 98 82100147209270311318289233163 96 48 29 46 9316123629920 425IZ1142320999999999999999999999 557 8218 1 2999999999999999
335334301246182128 97 97129182241290312298253189121 64 32 33 6612419526520 426IZ 02933912 731299999999999999 628 931828 2899999999999999
315334320278221164121105119158211262295298269214149 88 45 30 46 9115422320 427IZ 1 3334123530199999999999999 7 11051858 3099999999999999
283320326303258204156125121142182229268286275237182122 71 41 39 6511417620 428IZ 14132813 828699999999999999 7401191935 3699999999999999
239289316315289246199159138138160194231259267250213164113 72 51 55 8212820 429IZ 227319135026799999999999999 8281352022 5099999999999999
185241284306304282245205171152151166191219240246234205165123 89 69 70 9120 430IZ 326308145024799999999999999 9341492128 6799999999999999
130180230271296300285255219185161152157175198220233233216186149114 88 7920 5 1IZ 44230116272359999999999999911 81522258 7999999999999999
 9012016421425929130429627023319315913913514917620723424824322018213910220 5 2IZ 6 73041816249999999999999991241135999999999999999999999
 80 8010314619925329531631228423918814311310712416020624927728025621215720 5 3IZ 720318193728299999999999999 030 77134710699999999999999
107 74 66 87133194257307332324288231169115 82 7810515521727531231628723220 5 4IZ 816333203831999999999999999 146 651437 7699999999999999
167106 65 56 80133202271323344327278210139 81 51 57 9716323830534334330520 5 5IZ 9 2344212934899999999999999 247 551520 4999999999999999
241167101 60 54 86146220291338347316254177103 48 28 4710117926233136535620 5 6IZ 943349221836799999999999999 339 5216 1 2899999999999999
310239162 98 62 65104170246311346338292220139 67 22 15 4911420028635037520 5 7IZ102034823 437599999999999999 426 581640 1399999999999999
357304231156 97 71 84131199271325343318259181102 39  7 15 6013422230435920 5 8IZ1055343235037499999999999999 510 711718  599999999999999
373347290218149101 87110161228291329329290223145 72 21  3 25 7915724331720 5 9IZ1130334999999999999999999999 552 871757  399999999999999
360363331273205145109106136189250300322306257189115 52 15 12 4410418126020 510IZ 03536712 532299999999999999 6341031835  999999999999999
322353348312255194145120126160210262297304278226160 96 46 23 31 6913020320 511IZ 121355124230599999999999999 7171191914 2299999999999999
271321341329292240188149133144177220260282279249200143 90 54 42 57 9715420 512IZ 2 7341132328499999999999999 8 41331956 4299999999999999
218274312325311276230187156146157184217246260253226186140 99 74 68 8512120 513IZ 257325141126099999999999999 8591462045 6799999999999999
171224270300309296266228191164154160179203225237234215186151120 99 9410820 514IZ 35430915182389999999999999910 71542146 9499999999999999
13717722126028729728826323019616815315216418420522222722020017314512411420 515IZ 5 0297165622899999999999999113315023 711499999999999999
12014217521425127929228726523219516214013414416619422023723922519916814020 516IZ 6132931836240999999999999991253134999999999999999999999
12312213816920824828029629126722818414511911212615719723526026625122018120 517IZ 716297194726799999999999999 034121134811299999999999999
145121116132166210255290304294261213161118 93 9311816221426129029327123020 518IZ 8 5304203729599999999999999 1441161430 8999999999999999
182139112109131172223271304310289244186129 87 70 8312318124329331931327920 519IZ 844311211932099999999999999 23710715 5 7099999999999999
227172126102107138188244292316309272215151 94 60 56 8514020927632333831920 520IZ 917317215633899999999999999 3201011536 5499999999999999
274214155113 98114156213270310319295244178112 63 42 5510016724230634334520 521IZ 947320223234999999999999999 359 9816 7 4299999999999999
313258194138105103131182242294319311270208138 78 40 36 6612519927432935220 522IZ101532123 835399999999999999 4341001637 3499999999999999
339297236174125104116156212270309318291237168101 51 29 43 8815623230134420 523IZ1044319234335399999999999999 5 810417 7 2999999999999999
351325275213155118111136183241290315305263200130 70 34 29 5811518826332120 524IZ1113316999999999999999999999 5421101738 2799999999999999
349343306251191142118124159210263301309283231164 99 49 27 38 8014521928720 525IZ 018351114431099999999999999 6171161810 2699999999999999
334348330286229174135123140180231276301295259201135 77 38 30 5310417224420 526IZ 055348121930399999999999999 6541231846 2999999999999999
304339342316268213164135132155196242279293278237179118 67 39 41 7112619320 527IZ 13534513 029399999999999999 7351301927 3699999999999999
260312338334303255203161138140164202243272280263223169115 72 50 56 8814120 528IZ 221340134928199999999999999 8251362018 4999999999999999
204265311332325294249201163142144164197233259268255222176128 89 68 7210020 529IZ 315333145426899999999999999 9261402121 6799999999999999
148205262304325320292250204165141137153182216246262259235197153113 88 8520 530IZ 41832616202639999999999999910411362238 8399999999999999
10514619925329732031929425320516113112113216020023926727526122818313810520 531IZ 5273231753276999999999999991159121999999999999999999999
 93104139190245293321323298253199148111 9510614018824028130129426021115920 6 1IZ 634325191430299999999999999 0 1 9313 5 9599999999999999
117 95101134185244295326327298246184125 83 67 8312518625030333032428823220 6 2IZ 733331201933299999999999999 118 9414 1 6799999999999999
172123 96100133188250303332328290229160 96 54 43 6712119326832735534530420 6 3IZ 823335211535699999999999999 223 941449 4399999999999999
243178125 98104141199263314336322273204130 67 30 28 6312720728734637135620 6 4IZ 9 733622 637199999999999999 319 961533 2499999999999999
309244177126103115156217279323334307249175100 42 14 24 6814022630536037620 6 5IZ 947335225537799999999999999 4 91021616 1399999999999999
355304237172126111130176237294327325286221146 75 26  9 30 8316024532036620 6 6IZ1027331234237599999999999999 4561111657  999999999999999
373345291225165127121148197256304325310262194120 57 19 14 4510518426533120 6 7IZ11 6325999999999999999999999 5401191738 1199999999999999
366364329273209157129133165216270308317291237169101 47 21 28 6713220928320 6 8IZ 026369114531899999999999999 6221261818 1999999999999999
338361349309252193149132144181231277305302269214149 88 46 32 49 9516123320 6 9IZ 1 9361122630899999999999999 7 41321857 3299999999999999
298340351330286231179144136155193239277295285248194136 85 55 52 7712518920 610IZ 15035113 929599999999999999 7471361937 4999999999999999
254307336337310265213169143142163199239269280266231183133 93 72 7710615420 611IZ 230340135728099999999999999 8331392020 7199999999999999
211267308327320290247201163144145166198232257265252222182141109 9610313220 612IZ 313327145426599999999999999 92514221 9 9599999999999999
17522527130331430427523519316014314416118922024425424722519215813212012620 613IZ 4 131416 6254999999999999991027141221011999999999999999
15018722926829430329226522718815513613515017720923725425423921218115413920 614IZ 4573031732256999999999999991135133232613799999999999999
14015818922726228829728725922017914412211913516620424026527326123520117020 615IZ 5582971853273999999999999991239118999999999999999999999
14914415818722426028729628425321016312410110012216120925528729728525421420 616IZ 656296195729799999999999999 0451441332 9899999999999999
175149141154185226265292299281242191140 99 79 8511716722527831232130226420 617IZ 746299204832199999999999999 1521411416 7899999999999999
216172142136153189235276301300273224166111 72 60 7712118324930533633731020 618IZ 828304213234099999999999999 2461351455 6099999999999999
263208162134133158201251291309297257199136 82 51 50 8013620627632935234320 619IZ 9 6309221335399999999999999 3321301532 4699999999999999
306252194149128137170220270305311286234169106 58 37 49 9215823330134735920 620IZ 942313225235999999999999999 41312816 8 3699999999999999
339293234178139128147189242289314307268207139 79 39 31 5711118426032335820 621IZ1017315233036299999999999999 4521271644 3099999999999999
358327275214162132132161210263304317296246180112 57 29 34 7213521228634020 622IZ1053317999999999999999999999 5291281721 2699999999999999
363351311254194149129141179231281313314281224154 89 42 25 43 9116123930820 623IZ 0 9363113231899999999999999 6 712918 0 2599999999999999
353363340292232176139130151195248293316306265203134 73 35 29 5711318726420 624IZ 048364121331799999999999999 6461291840 2799999999999999
326360358326272212161132133161207258298313296250187121 67 37 41 7613721120 625IZ 128363125831399999999999999 7281291924 3499999999999999
283337360349310254195150128135167213261297306286241180119 72 49 59 9815920 626IZ 210361135030799999999999999 8151282013 4999999999999999
230295340354337294238183142125134166211256289299281240185131 88 70 8111820 627IZ 256354145129999999999999999 9 812521 9 7099999999999999
175240298335344324280226173135119127157200245280294283250203153114 9610220 628IZ 34734516 42949999999999999910 91192214 9599999999999999
13418424229332633331227021716612610811314018323127229529427022918314312020 629IZ 4443341728297999999999999991117107233011799999999999999
120144186237285316323304263210156113 91 9312016622027030431329626021316920 630IZ 5473241851313999999999999991224 89999999999999999999999
139131147183231277310318299257200142 96 70 7210215321527531833532328623720 7 1IZ 64931920 433599999999999999 0501311326 6899999999999999
187150136147181228275309317295248187125 76 50 54 8914821828633535534330420 7 2IZ 74731721 635599999999999999 2 41361421 4899999999999999
250195154136147182231279312316289236171106 57 34 44 8615222830035136935320 7 3IZ 83931822 136999999999999999 3 71361512 3399999999999999
310252194151136150188240288317315280221152 88 42 25 43 9216424431636337420 7 4IZ 926320225037599999999999999 4 11361559 2599999999999999
352303242185146136157201254299321310267203133 72 32 25 5110818326333036920 7 5IZ1010322233437599999999999999 4481361643 2399999999999999
372341287225171140139168217270310323301250183115 59 29 32 6813120828534320 7 6IZ1052323999999999999999999999 5311351725 2699999999999999
370361322264203156135146183235285318319288231163 98 51 33 48 9416123730720 7 7IZ 014371113332399999999999999 6 913518 3 3399999999999999
353365344296236180142134155199251297320310270210144 86 50 45 7212519526820 7 8IZ 051366121332099999999999999 6461331840 4399999999999999
326357354320267208158133136167214265303315296250190128 80 57 6510216123020 7 9IZ 124360125431599999999999999 7221301915 5699999999999999
294338353336293237182143129142178226272301304279231174121 84 74 9313719620 710IZ 156353133630799999999999999 8 01291951 7499999999999999
259311340340312265211163134129149187232272293290263218168125 99 9912416920 711IZ 229344142329599999999999999 8401282031 9699999999999999
22427831633132028724019015113013115419023126528227825321517414012312815320 712IZ 3 4331151828399999999999999 926128211812299999999999999
19424128331031529926522117714412813115218622425627427325522519116314915220 713IZ 3453161628276999999999999991020126221914899999999999999
17320624427729729828124920916913812212414417821625027327926824421418717020 714IZ 4363001751279999999999999991122121233916799999999999999
16818120623826628428627124020116112811111213316821125228229528926723620520 715IZ 5382881911295999999999999991226109999999999999999999999
181172178200229258278282267235193149113 94 9612116221326229931631128725020 716IZ 643283201631799999999999999 1 51721323 9299999999999999
211181166170192225258281286268230181132 93 75 8211316422428032133832929720 717IZ 74228721 833899999999999999 2161651414 7499999999999999
253207171155163190229268292292267221165111 72 57 7211317424230234335433720 718IZ 832295215435599999999999999 31115515 0 5799999999999999
297244194158146161197243284305299264208145 89 52 45 6912119026332436036320 719IZ 917306223636699999999999999 3561461544 4399999999999999
336286228176144141166211262302318301255191123 67 36 38 7313521128734537220 720IZ10 0318231637399999999999999 4371391627 3399999999999999
364326269208158134142177230283320327299242171102 49 26 39 8515523631136220 721IZ1042328235537899999999999999 51613317 9 2699999999999999
377357309246185142128148192250303334330291226152 83 36 23 4710418126433420 722IZ1124337999999999999999999999 5541281751 2399999999999999
374376343287221162128126156208268318341327279209134 70 31 30 6513021129220 723IZ 03338012 834199999999999999 6331231833 2699999999999999
353380368323260194141117127165222282327341319266195122 65 37 47 9116024120 724IZ 110381125434299999999999999 7131161915 3699999999999999
315364376351298232168124110128173231289328335309255187121 73 55 7312219120 725IZ 148377134333799999999999999 75511020 0 5599999999999999
267330364363328270205148112106130176233287321326299250189132 94 8410515320 726IZ 227368143832899999999999999 8411052049 8399999999999999
21628133135234130224518413410510312717222627630931629625520415712511813620 727IZ 310353154431799999999999999 934100214711799999999999999
176229282320333318280227172126100 9812016121226129731030027123018916014920 728IZ 35933317 4311999999999999991035 9623 114999999999999999
159188229271301312300266218167123 96 9010714519524728931331429526122218920 729IZ 4583121834316999999999999991145 89999999999999999999999
170170188219255284297289261216166120 89 78 9212817923728832233432128924720 730IZ 6 9297195733499999999999999 0311681256 7899999999999999
207179168179206241274292289263218165115 79 64 7711417123529533735334130620 731IZ 72229421 335399999999999999 15916814 3 6499999999999999
259211174159168197236274297295267218161106 67 52 6710917224330835336835120 8 1IZ 826299215736899999999999999 3 815915 1 5299999999999999
310255201162148162197243285308303268214151 94 55 44 6511518425932536637320 8 2IZ 919310224237599999999999999 4 01481551 4499999999999999
348298238183147141164208259302320307264202136 80 46 44 7413220628234337320 8 3IZ10 5321232137599999999999999 4421401634 4199999999999999
368331274212161135142176228281320329304251184118 66 43 53 9416023630835820 8 4IZ1046330235437399999999999999 5181341713 4299999999999999
373352304242182141129150195252304334329292231161 99 57 47 7212519627133320 8 5IZ1123336999999999999999999999 5511291747 4699999999999999
366363327270207154126130165218276322339321272206138 83 56 6210116423730620 8 6IZ 024369115933999999999999999 6221241819 5499999999999999
353366344295232172130119138184241296332334303247180118 76 65 8813920727720 8 7IZ 051366123533899999999999999 6521181849 6599999999999999
333360353315257195143116120152203261309331321281223160109 82 8712318024720 8 8IZ 117362131233299999999999999 7231141920 8099999999999999
30734635332928022016312411112716722127331132230326020415111310111916121820 8 9IZ 143355135132299999999999999 755111195410199999999999999
27632234233229624418814111511413818123127630430728524519815613113015319420 810IZ 211342143630999999999999999 831111203312899999999999999
24328931832330326421416613011412114718823327129329427524320617515816118120 811IZ 242324153229699999999999999 912114212215799999999999999
21525328430129827523819515612811712515018622726228328827725322520118618420 812IZ 32030216472899999999999999910 5117223518399999999999999
19722024626827927525622518915412811712214417721725328029329027425022520520 813IZ 4152801818294999999999999991112116999999999999999999999
19519721023025026326425122519115512611011113016420725128730831229827224020 814IZ 535266194231299999999999999 019194122710899999999999999
211191185194215239260268259233196154117 95 9311315220425730233033531828420 815IZ 7 1268204433699999999999999 1521851335 9199999999999999
242203176167179207241270284275244198146102 75 73 9814620827132335335432820 816IZ 8 8284213335799999999999999 2541671434 7199999999999999
284231185156151172211256292306292251193132 81 53 56 9014922129234637236420 817IZ 9 1306221537399999999999999 3401501525 5199999999999999
327271211162137142176226279318328304251182113 60 36 47 9116124231636838420 818IZ 948329225538499999999999999 4191351612 3599999999999999
363313249185139123142188248306343344308243166 94 42 26 4810418326934238420 819IZ1032348233339099999999999999 4571231656 2599999999999999
386351290220157119116148205272331361351302229148 77 32 27 6112821329936420 820IZ1115362999999999999999999999 5341131738 2499999999999999
392377328259187129103115159224294349369347290213132 67 33 41 8716224932820 821IZ 0 8393115936999999999999999 6121031819 3199999999999999
379389357297223153106 94118172242311358367336275198122 68 48 6812320028220 822IZ 043391124436999999999999999 649 931859 4899999999999999
349382373328260186124 89 90125184255318356357322260189124 82 7610516223520 823IZ 117383133136299999999999999 728 851941 7499999999999999
306355369345292223155104 82 9213219325931534534230725319113911011214319620 824IZ 151370142334899999999999999 810 81202710799999999999999
258313345344312258194136 96 83 9813819425430332832629925520716714615017520 825IZ 229349152533199999999999999 857 83212214599999999999999
217264303321313281233179131 99 8910313818723928431131630127023420118217920 826IZ 312321164431799999999999999 954 89223917899999999999999
193221252279292286261223179138108 9610413017222026529931531329426423320720 827IZ 41129218223169999999999999911 7 96999999999999999999999
193194207229252268270256228190151118 99 9811715320125229632433231929025320 828IZ 539271195233299999999999999 0281921233 9699999999999999
217190179186206233258271266243206162122 94 8610113819024930334035233830320 829IZ 716271205735299999999999999 2 71791352 8699999999999999
256209174158166192229264286285260217166117 83 73 8913219225931935736534320 830IZ 828288214636699999999999999 3101581454 7399999999999999
298242188151140156194242285308303270217158105 70 64 8813920828033937036720 831IZ 920310222537399999999999999 3531401543 6299999999999999
333277214161130131162212267311329313268206141 88 60 6410016123530735737420 9 1IZ10 1329225737499999999999999 4281271623 5799999999999999
355307243180134118136180240298336340309252184119 73 57 7612619527133436920 9 2IZ1037343232537299999999999999 4581181657 5799999999999999
366330270204146115117151208273326352339293227157 97 65 6610216423830835620 9 3IZ1111352235037099999999999999 5261111727 6199999999999999
369346293227163118105126175240303346354325268197130 83 68 8913920928133920 9 4IZ1143356999999999999999999999 5531051755 6899999999999999
367356313250183128100106144204270326354345302238169111 81 8512218325431820 9 5IZ 013368121535599999999999999 619 981823 7899999999999999
357361329272205144103 94118168232295338349325274210148105 9311416322729220 9 6IZ 036364124835099999999999999 646 931852 9299999999999999
339356338291228164114 9110013719325630933833530124819014011411815020326220 9 7IZ 058356132434199999999999999 714 90192211299999999999999
313341337303248187133 98 9211415821527131332831628023118314813615018623420 9 8IZ 12234314 332899999999999999 743 91195713699999999999999
281315324305263210157116 9610213117622827530631429926722719116816418021120 9 9IZ 149324145031499999999999999 816 96204116399999999999999
24828129929527123118514311410411514318422926929430129126723821119419020020 910IZ 221300155330199999999999999 859104214519099999999999999
22024426427326724621417814512311412214518021925628329629428025923621620520 911IZ 3 627317232979999999999999910 1114233720399999999999999
20421222624125025023921718915813311911913516420324327830131030328325622720 912IZ 43125219 2310999999999999991130117999999999999999999999
20419119120222124025225223720917413911310411414318623628331833432830326520 913IZ 630254201433499999999999999 13018913 010499999999999999
223188167166184214247272279265230183135 98 81 8912417723929834135834631020 914IZ 75228021 535899999999999999 2331641410 8099999999999999
258205162141146176222269303313291244183122 76 57 7011418025432136637635220 915IZ 849313214837799999999999999 31713915 6 5699999999999999
302238176132118136182242300338342309248174104 55 39 6211819527834738538320 916IZ 936345222638999999999999999 3561181555 3999999999999999
343279207143105103138198270333367360314240158 86 40 34 6913622230737039520 917IZ102136923 239599999999999999 433 991639 3199999999999999
375320246170111 85 99148220298359385365307227142 73 37 44 9116825633638620 918IZ11 4385233639499999999999999 5 9 841721 3599999999999999
391353285206132 83 72102164243321376389358293211130 71 48 6912620629135820 919IZ1147390999999999999999999999 545 7118 1 4899999999999999
388372319244164 98 64 69112182263337381382343276197125 80 7210416624431820 920IZ 0 9388123238799999999999999 622 611841 7099999999999999
367375342279201127 74 55 7512619927834237436632526119013210110614420427320 921IZ 041377131837699999999999999 659 551922 9999999999999999
330358348304238165102 64 59 8714221228233635834730825219515013214317923120 922IZ 11435914 935999999999999999 739 5720 813199999999999999
285323334313266205143 94 69 7210215421627632033832929825421017716517420220 923IZ 15033415 933899999999999999 823 6621 416599999999999999
240277299300278238188139103 85 9011615921126129931931729826723420719219320 924IZ 232303162632199999999999999 918 84222719199999999999999
20723025226726825322519015312310610512215419624027930631630928825923020720 925IZ 33426918 4316999999999999991033103999999999999999999999
19419520522223824724623220817714712311211814017722226730332432630827723920 926IZ 524248193432899999999999999 029193121111299999999999999
20417917017619622224625825423420216413010910612516221326731334034232028020 927IZ 718259203634599999999999999 2 4170133810599999999999999
231185153143155186226262284282258216168125 97 9211415921828033035635131720 928IZ 827286212035799999999999999 2561431440 9199999999999999
265206155125124150196248292313305269216158110 83 8411617123930434936434420 929IZ 913314215536499999999999999 3331211526 8099999999999999
297234171124105120162222282325337314265201138 92 74 8813319827033036335920 930IZ 950337222436699999999999999 4 310516 3 7499999999999999
322262193133 99 98131189258317350346308246176116 79 761071642363053523652010 1IZ1024353224936599999999999999 431 941635 7399999999999999
340286217150101 85105156225295346363340287217149 97 77 921392062783363632010 2IZ1055363231236499999999999999 457 8517 4 7799999999999999
351307241170111 80 85125188262326362360321258187125 89 881211802513153542010 3IZ1126366233436199999999999999 522 781732 8499999999999999
357323263192127 83 73 98152224295346364344293226160111 941121592242903392010 4IZ1157364235635699999999999999 547 7218 0 9499999999999999
356335283215146 93 69 791211852573193543543192631981421111121441992623162010 5IZ1229358999999999999999999999 612 68182810799999999999999
345338298237169109 73 69 971502172833323503352932361791381231391792342882010 6IZ 01934713 235099999999999999 637 67185912399999999999999
325332306255192131 86 69 821221802443003333383142702191731461451682092572010 7IZ 043333133834099999999999999 7 4 68193314299999999999999
296314304268214157108 79 771011462022593033253222962562141801641691922272010 8IZ 1 9315142132799999999999999 735 75201516399999999999999
262286291272234187140104 87 931201622122602963133082872562231971851882042010 9IZ 141292151731399999999999999 815 86211818499999999999999
227250264263246216179143116103108129165207249282301304291268241217200194201010IZ 227266163930599999999999999 91410223 319499999999999999
199211227240244237219193163136118114126152190231270297311307289261230203201011IZ 3552441817311999999999999991046113999999999999999999999
184178185202223241249243222191156126108109130168215264304328329310274230201012IZ 6 6249193433299999999999999 056178122810699999999999999
189160149158185221256278279257217168122 92 86106150209270322351350321272201013IZ 734281202935499999999999999 2 21491345 8599999999999999
214162127119139181235285316317287233169110 72 64 90144215288345371360317201014IZ 832321211337299999999999999 2471181444 6399999999999999
253184126 94 96131191261321354348305237161 95 56 53 89155235312366382356201015IZ 921356215238299999999999999 327 901534 4999999999999999
297221146 89 67 84136211291354381364309231149 83 49 57104179264338381379201016IZ10 7381222738599999999999999 4 4 671619 4799999999999999
335263180106 58 50 84151236319378394365301219138 78 56 76132212294358382201017IZ105139523 138299999999999999 441 4817 1 5699999999999999
360301220137 70 37 46 94171260340389394355287206132 83 74106168246320366201018IZ1136398233537499999999999999 518 351743 7299999999999999
369330260177 99 45 28 51110192280352389383339271195132 98101140204275333201019IZ1221392999999999999999999999 555 271824 9499999999999999
360344292218139 72 33 31 66131212293353378365320256190140119132173232291201020IZ 0 836013 837999999999999999 633 2719 711999999999999999
331339310253182113 60 36 45 87151227297345361345303247193155144160198246201021IZ 042341135836199999999999999 713 35195414499999999999999
289313308275221159103 64 52 68109168234291330341326291246204175167180208201022IZ 120315145534199999999999999 756 52205216799999999999999
243272284275245202154111 84 77 92127176230278310323314288253219193182186201023IZ 2 528516 432399999999999999 848 76221318299999999999999
202224244253249230200166134111103112137175219261293311310294266234204185201024IZ 31225417283139999999999999910 0103999999999999999999999
177183197215230237232216191163138122121136165204246284309316304277240202201025IZ 5 7237185231699999999999999 0 3177113512099999999999999
172156155170195222243251243220188155130119127153194242286317327313279233201026IZ 7 0251195532799999999999999 13115413 611999999999999999
185147128131154192234267281272243202159124109116147195250299331335312266201027IZ 8 8281204033799999999999999 222126141110899999999999999
210155116102117155208261299311294253200149111 98112152209270319343334296201028IZ 854311211534499999999999999 2591021459 9899999999999999
238174119 87 87119174239297331332301247186131 97 94121172236297338346320201029IZ 932336214434799999999999999 330 831537 9199999999999999
266198132 85 68 87136205276331353338292229163113 90101142204270323348335201030IZ10 6353221034899999999999999 358 681610 9099999999999999
290224153 93 60 63102166242311354360329271203141101 94121175241302341343201031IZ1038363223434799999999999999 425 571641 9299999999999999
310250177110 63 50 73128202279338365352307243176123 991101512122773263442011 1IZ1110365225834499999999999999 452 491711 9999999999999999
324272203132 75 46 54 951612393093533613332792141541151091351862493043352011 2IZ1142363232233899999999999999 518 45174110799999999999999
330291228157 93 52 44 701261982723293563473082501891401181271652202773182011 3IZ1215357234732999999999999999 544 43181211799999999999999
328303250183116 66 43 55 961602322973403503282822251711361291511942472932011 4IZ1248350999999999999999999999 610 43184412899999999999999
316307268209144 87 53 48 741251912593133403373072592071641421461742172612011 5IZ 014317132334399999999999999 639 46192014099999999999999
293300279233175117 73 53 62 971522152743173333222902452001671541631902272011 6IZ 04530114 533399999999999999 712 5320 415499999999999999
261281278251207156108 76 65 801171692262773113233112812422041771661731942011 7IZ 123282145832399999999999999 755 6521 516699999999999999
222247261256234198156117 91 83 951271722232693013143072832492151871721712011 8IZ 21726116 831499999999999999 854 83223217099999999999999
184204226241245233209175140113 991031251632092552923123122942622251901652011 9IZ 3442451731314999999999999991018 98999999999999999999999
155160179205231248251236207169133108100113146193244289318325308272226180201110IZ 539252184732699999999999999 0 91541153 9999999999999999
144126130154193234268283274242196147108 89 96129182242296332340318272214201111IZ 7 8283194634199999999999999 1191251314 8899999999999999
156112 92102138192251298321311271213152102 77 84121182250311348350317258201112IZ 812321203335499999999999999 211 921418 7599999999999999
187121 75 60 82133204276332354338289220150 95 69 81126194269330360349301201113IZ 9 5355211536199999999999999 254 601511 6999999999999999
229150 82 41 38 74140223304360377352294218144 90 71 91144217291345362335201114IZ 953378215336299999999999999 335 3416 0 7199999999999999
273192111 47 17 28 78156246328379387352288211139 92 82111170243312353352201115IZ1040389222935899999999999999 414 151645 8099999999999999
309237153 75 21  4 30 91176268344386384343276201136 99100137198268325349201116IZ112739023 534999999999999999 453  41729 9599999999999999
331276199117 48  7  5 42111198286352383372327261191136111121163223285327201117IZ1213384234233799999999999999 533  1181211099999999999999
335304242165 90 32  6 17 63134219298353372354308245183139125142185240290201118IZ13 0372999999999999999999999 613  5185612599999999999999
318312273211140 75 31 17 38 88158236304347357334289232179146139160199246201119IZ 020320134735799999999999999 654 17194413899999999999999
284299285245188126 74 42 39 65114179247303335338315273223180154151170203201120IZ 1 2299143734199999999999999 737 37203714999999999999999
239267275259224176126 86 65 67 92137194250295320321299262220184161157170201121IZ 151275153232399999999999999 825 62214315699999999999999
195223244251240214178140109 92 94115153199246284306307290259222187163154201122IZ 255251163530999999999999999 924 9123 515499999999999999
160177201222235234219193163136118116129158196237273296301287259222185156201123IZ 4262361746301999999999999991041115999999999999999999999
140140156181209232242237218190160137126133155190231269294302289258216172201124IZ 611242185230299999999999999 02813812 812699999999999999
137117117137171210245264264245212175143126128150187232273300306288249199201125IZ 729267194430799999999999999 129114132412599999999999999
148109 91 97128175227270293291264223177139119122149192242286310308279229201126IZ 824295202631399999999999999 214 90142111799999999999999
170115 78 68 88133193255301320309272221168128111121156208261302317302258201127IZ 9 832121 031799999999999999 250 6815 711099999999999999
197133 80 52 56 92152222287329338315267207152116107129174231284316316284201128IZ 946339213132099999999999999 323 50154610799999999999999
227159 94 50 36 57109180256317348343307250187135108113147200258303320303201129IZ102235022 032099999999999999 354 36162210699999999999999
255188118 61 30 34 72136214287338354335288226166123109127172229283315314201130IZ1057354222831999999999999999 424 27165510999999999999999
278218147 82 36 23 44 961692473123493493182632011471171181481992563003152012 1IZ1131354225731599999999999999 453 22172811399999999999999
296246179110 53 23 27 651282042773293503362942371781341181331722262763062012 2IZ12 5350232731099999999999999 523 2118 111899999999999999
305270211142 78 34 21 42 911612363003393443182702121601281251501952462872012 3IZ1239346999999999999999999999 554 21183612399999999999999
303286240177111 57 27 29 621201922623163413342992471921491291361672122572012 4IZ 0 0303131634299999999999999 627 23191412899999999999999
287291264213151 91 47 29 43 851472172803233373212812301801451331461782202012 5IZ 037293135633799999999999999 7 4 29195813399999999999999
258279275245195137 85 50 41 611061672322883233303092692201751451371501802012 6IZ 121281144433199999999999999 749 41205213699999999999999
217249266261234190139 94 64 59 781211772362873173213012622161741451351442012 7IZ 217267154032399999999999999 844 5822 013599999999999999
169202234253254235200156115 86 77 911271772322793093152982622161721391232012 8IZ 334256164531699999999999999 953 77231812299999999999999
127149182218247259251225185143109 92 981251702232713043153002632151651242012 9IZ 5 82591754315999999999999991116 92999999999999999999999
101101123162208249276279258218171129102 98120162216268305318303262206147201210IZ 637280185731899999999999999 030 981239 9799999999999999
 99 71 71 98147207262300310291248193142106 96115158215271311323302253188201211IZ 750311195232399999999999999 131 681351 9699999999999999
121 68 40 45 81142214282327339316268206147106 95115161222280319325294235201212IZ 850339203932799999999999999 222 381452 9499999999999999
162 90 37 13 27 74147229303350359331276209147106 97122173236293325321279201213IZ 944360212332899999999999999 3 8 131546 9699999999999999
211132 60 11 -4 20 79159247321364367333274205143107104135190253304326309201214IZ103437122 532699999999999999 353 -4163410199999999999999
257183104 36 -5 -9 25 92177265335370365325263194138109114151208268311321201215IZ1122373224632299999999999999 436-12172010799999999999999
293233156 79 19-11 -4 40112199282343368355309246180131112127169226280312201216IZ12 8369232731699999999999999 519-1318 411299999999999999
310272207132 61 11 -7 11 63137221297347360338288225165126117139185239285201217IZ1251361999999999999999999999 6 0 -7184611699999999999999
306293249184113 51 13  7 35 91166244309345346316263203152122123151197246201218IZ 0 8306133235099999999999999 641  5192911999999999999999
283294274227164101 50 24 29 64123194263314337328292239184142122129160202201219IZ 052294141233899999999999999 721 22201312199999999999999
245273276253208152 98 59 45 58 97154217275313324307268218170136124134163201220IZ 138278145332499999999999999 8 2 4521 212499999999999999
201236258258236196150107 78 72 89127178232277304307286249204162133124133201221IZ 231261153730999999999999999 847 71215912499999999999999
158191222242244227197160126104100116149191236271291290270235194156129119201222IZ 337245162829399999999999999 942 9923 611899999999999999
125147177208230239231209180151130124134160194231262279278260227187149119201223IZ 5 12391728281999999999999991053124999999999999999999999
106110131163199229246247231205175150138141160190225255273273254220177134201224IZ 631249183127599999999999999 016105121813799999999999999
102 86 92117156201240265271256227191160140139155185222254273272249209160201225IZ 745271192727599999999999999 115 86133613799999999999999
113 78 64 75109159214261290295276239196158134132151185226261279272241192201226IZ 841296201427999999999999999 2 4 64143613099999999999999
136 85 53 45 66112173236287314313285239189147124126152194239273284267225201227IZ 926317205428499999999999999 245 44152512299999999999999
167107 57 31 34 68126196263311331319281228174133116127162211257285286256201228IZ10 7331213129099999999999999 323 2816 611699999999999999
203138 77 33 17 34 81149223289330338315267209155120114136180232275294281201229IZ104533922 629499999999999999 359 17164311299999999999999
238175107 49 15 12 43102177252311340336301246186137112118152202254290296201230IZ1121343224129899999999999999 434  9171811099999999999999
268213144 77 26  4 16 61129207279328344325280220163122110129172226273298201231IZ1157344231630099999999999999 5 9  4175311099999999999999
