 94 78 64 50 40 39 48 60 7710012213413513112611810810210210210310611110920 1 1J21133135222211199999999999999 432 38173510299999999999999
100 87 76 67 58 53 56 64 75 89108123130131128124115106 99 96 94 94 9710020 1 2J21231131231510199999999999999 5 6 532036 9399999999999999
 99 92 85 79 73 69 68 73 79 88100113123127128125119109 99 91 86 83 84 8820 1 3J21330128999999999999999999999 535 682116 8399999999999999
 92 93 91 88 85 82 81 83 87 93100109117123126125120110 99 88 79 73 72 7520 1 4J2 041 93141512699999999999999 557 812142 7299999999999999
 81 87 92 95 95 94 93 93 95 98103109115119123124121112 99 86 74 63 59 6220 1 5J2 337 95144912599999999999999 615 9322 7 5999999999999999
 68 77 88 98104105104103103103105110115119122125124116102 86 71 57 47 4620 1 6J2 445106152412599999999999999 8381032237 4599999999999999
 53 63 77 94109117117114112109107109115120122125128124110 91 72 55 38 3020 1 7J2 52711816 31289999999999999910 91072312 3099999999999999
 34 45 61 81105124131128123117111107110118123127131133124103 80 58 37 2020 1 8J2 6 313116441349999999999999911 31072350 1499999999999999
 15 24 41 63 91121140143136127117107104111120127133139138122 96 68 43 1920 1 9J2 6401441727141999999999999991149104999999999999999999999
  3  3 17 40 69105138154151140127113102102112123132141148142119 87 57 2920 110J2 717155181014899999999999999 030  0123210099999999999999
  3-10 -4 16 44 80121152162153138123107 97101114127137148153141112 78 4720 111J2 756162185315399999999999999 111-101314 9699999999999999
 17 -8-16 -4 21 53 93135161163150134116100 94102116129141152154136104 7020 112J2 835165193615599999999999999 153-161357 9499999999999999
 39 10-11-12  4 31 66107144162158144127110 96 93103117129141151148127 9520 113J2 916163202115299999999999999 234-141441 9299999999999999
 65 36 10 -5  0 19 46 80118148158150136121105 93 9310211312413614413811620 114J2 95715821 814499999999999999 316 -51530 9199999999999999
 89 63 38 18 10 18 37 62 93125147150141128115100 90 91 9710511412613212420 115J21040150215913299999999999999 358 101626 8999999999999999
106 86 66 47 33 31 41 57 78104128141140132122109 95 86 85 88 9310111211720 116J21123142225911799999999999999 440 301740 8499999999999999
112100 87 74 62 54 55 64 77 93112128135132125115102 88 78 74 74 78 86 9720 117J212 7135999999999999999999999 521 531936 7499999999999999
103102 98 93 86 79 76 79 85 94105118127129126119108 94 79 68 61 58 62 7120 118J2 023103125212999999999999999 6 2 762054 5899999999999999
 83 92 98101102100 98 97 98102107114120124125122113101 85 69 55 46 43 4820 119J2 340102134112599999999999999 649 972150 4399999999999999
 58 72 87100109113114114113112113116119121123124119108 93 76 58 41 31 3020 120J2 623114144012499999999999999 9 61122239 2999999999999999
 36 49 67 88107118124126125122119118120121122125125118104 86 67 46 28 1820 121J2 71812615381269999999999999910321182324 1799999999999999
 19 28 44 69 96117129133134130123119119121121124129129118100 80 58 34 1520 122J2 7411341630130999999999999991121118999999999999999999999
  8 12 24 46 78109130137139135127118114117120123129136133118 96 73 48 2220 123J2 746139171813799999999999999 0 5  8115611499999999999999
  4  1 10 27 56 94125141143139131118109108114119126137144136116 91 66 3720 124J2 74514318 314499999999999999 042  1123010799999999999999
 11 -2  1 14 38 73113140148144135122107100104112120131144148135111 84 5620 125J2 8 2148184614999999999999999 118 -313 610099999999999999
 27  4 -2  6 25 54 94130149149140127111 97 94101112123137149148129103 7620 126J2 827151192715199999999999999 151 -21343 9399999999999999
 47 20  4  5 19 42 74113143152145133118101 90 91102113125140149142119 9220 127J2 85715220 714999999999999999 224  21422 8999999999999999
 67 41 19 11 19 37 62 95129149149138125110 95 87 9210211212513814213010620 128J2 929151204714399999999999999 256 1115 4 8799999999999999
 83 61 39 25 26 39 58 82111137147142130118104 91 88 9310211012113213111620 129J210 3147212713399999999999999 327 241549 8799999999999999
 95 76 59 45 39 46 60 78 99122139141132122112 99 90 88 93 9810511512111720 130J21037141221012199999999999999 356 391640 8899999999999999
103 87 75 63 56 57 68 81 95111127134131123115105 95 87 86 88 92 9810611020 131J211 8135225811099999999999999 422 551742 8699999999999999
105 95 85 78 73 72 77 88 98108119126127122114107 98 89 82 80 81 83 89 9620 2 1J21135128999999999999999999999 441 711916 8099999999999999
 99 97 92 89 86 85 89 96104111117121123120114107 99 90 81 75 71 71 74 8120 2 2J2 0 2 99114912399999999999999 445 852038 7099999999999999
 88 93 96 96 97 97100104110115119121121119114109101 91 81 71 63 58 59 6420 2 3J211301219999999999999999999992127 58999999999999999999999
 73 82 92101106108110112115117120122122120117113107 96 83 71 59 49 44 4620 2 4J211311239999999999999999999992210 44999999999999999999999
 55 66 81 98112118120120121119119120123122120119116107 93 76 61 45 32 2820 2 5J2 740121121912399999999999999 9521192253 2899999999999999
 34 46 63 86110126132130127123117115117121122123125123110 90 69 49 29 1520 2 6J2 6 813216141269999999999999910561152336 1299999999999999
 13 24 42 66 97126142143137129119109108113120125131136132114 88 62 36 1220 2 7J2 6341441711137999999999999991140107999999999999999999999
 -1  2 18 43 75113143154149138124109 98100110120130142149140115 84 54 2320 2 8J2 7 515518 114999999999999999 018 -21222 9899999999999999
 -3-12 -3 19 50 90132158161149133114 96 88 94108122138153158143113 79 4520 2 9J2 738162184815999999999999999 059-1213 2 8899999999999999
 12-11-15  1 28 65108148166160143123101 83 80 91108125144161162141108 7320 210J2 813166193416499999999999999 139-161343 7999999999999999
 39  7-11 -7 14 45 83126157165152132110 88 74 75 8910712614716215813310120 211J2 848166202016399999999999999 219-121426 7299999999999999
 69 37 10  1 11 35 65102138159157140120 99 78 68 72 8710312214315414612320 212J2 92316121 715599999999999999 257  11511 6799999999999999
 95 68 42 24 22 37 59 86117143153144126108 89 71 64 70 82 9611413314013120 213J2 957153215714099999999999999 334 2116 1 6499999999999999
112 92 73 54 45 50 64 82103126142142130114 98 81 67 62 66 74 8610211812320 214J21030144225512399999999999999 410 451659 6299999999999999
117105 94 82 73 71 78 89102115129135129117105 91 76 64 59 60 64 73 8710120 215J211 0135999999999999999999999 443 701820 5999999999999999
106106103100 96 94 96102109115122126125118108 98 86 73 61 54 51 52 60 7220 216J2 017107112112799999999999999 5 5 942016 5199999999999999
 85 94100106109111113116119121122122121117111103 94 83 70 58 48 41 41 4720 217J211 01229999999999999999999992133 40999999999999999999999
 59 73 88101112120125127128128126123119116112108102 93 81 68 53 40 32 3120 218J2 7581289999999999999999999992235 30999999999999999999999
 38 51 69 90108121129134135131127124120115113112111104 94 80 65 46 31 2320 219J2 7381359999999999999999999992325 22999999999999999999999
 23 32 49 73 99118130136137133126121118115112114118116108 95 79 59 38 2220 220J2 74513716221189999999999999914 7112999999999999999999999
 16 19 32 55 85113130137138134124115111110110113121127124111 95 75 51 2820 221J2 745138171412799999999999999 0 5 16134711099999999999999
 14 13 21 39 69104129140140135123109101101104109118131137130112 92 68 4120 222J2 730141175813799999999999999 037 12122810099999999999999
 18 10 15 29 54 90125143145138126109 93 88 93101112127143145131109 85 5820 223J2 735146183914699999999999999 1 4 101255 8899999999999999
 30 13 12 24 44 76114143151144130113 93 80 80 90102118137151147128102 7620 224J2 755151191915299999999999999 132 101328 7899999999999999
 48 24 14 22 40 65 99134153151137119 99 80 71 77 91106124144153142119 9320 225J2 821155195815399999999999999 2 0 1414 3 7199999999999999
 67 41 24 25 39 61 88120147154143125107 87 71 69 79 9411012914614813210720 226J2 849155203615099999999999999 228 221440 6899999999999999
 83 61 41 34 43 61 83108134150146130112 95 78 68 70 82 9611213014213711820 227J2 918151211614299999999999999 256 341518 6799999999999999
 97 78 61 50 52 66 84102122139143132115100 86 73 68 73 84 9611012513212420 228J2 945144215713299999999999999 322 491558 6899999999999999
107 91 78 68 66 74 89103116128135130116102 90 79 70 69 75 83 9310511712020 229J210 8135224412099999999999999 346 651640 6899999999999999
112100 90 84 81 85 96108117123127126116102 91 82 74 68 68 72 79 87 9810720 3 1J21020128234410999999999999999 4 3 811730 6799999999999999
109104 99 96 95 97103113120124124122115104 92 83 76 69 64 64 66 71 79 8920 3 2J2 949124999999999999999999999 359 951840 6399999999999999
 98102104104106108112118123126125122116107 97 88 79 71 64 59 56 56 61 6920 3 3J2 9171269999999999999999999992026 55999999999999999999999
 81 92102109114117119122125126125123118111104 96 88 78 68 59 50 44 44 5020 3 4J2 9151269999999999999999999992136 43999999999999999999999
 61 75 91108120125127127126123121120119115110107103 93 79 66 52 39 30 3020 3 5J2 6451279999999999999999999992229 29999999999999999999999
 39 54 74 98120133136133129122115112113114114116118114100 82 63 44 26 1620 3 6J2 55313616 01189999999999999911 41122315 1699999999999999
 19 32 53 80111136145143134123110101100106112118127133126108 84 59 34 1220 3 7J2 61114617 4133999999999999991133 992359  499999999999999
  4 12 31 58 93128151154143128111 93 85 89100112126142149138113 84 54 2420 3 8J2 63915517551499999999999999912 9 84999999999999999999999
  2 -1 13 38 71111146161155137116 93 74 70 80 96115136156161144114 82 4820 3 9J2 7 9162184316299999999999999 040 -21247 6999999999999999
 17 -1  3 23 52 90131160164148125 99 74 57 58 74 95119146166166144112 7820 310J2 740166192916999999999999999 119 -21326 5599999999999999
 44 16  6 17 41 73110146165158135109 81 57 45 52 72 9512215116816213810720 311J2 812165201516999999999999999 157  614 7 4599999999999999
 76 45 25 23 40 65 94128155160144118 92 66 45 40 51 70 9412214916115112820 312J2 84316121 216199999999999999 233 211449 3999999999999999
103 77 54 43 49 67 89113138153147126102 78 56 40 39 51 68 9011613914713720 313J2 913153215214799999999999999 3 8 421534 3799999999999999
119101 84 70 67 77 93109125140143130109 88 69 51 40 41 51 64 8310612412920 314J2 941144224912999999999999999 341 661625 3999999999999999
122113104 95 90 93103113121129134128113 95 80 66 52 44 44 49 58 73 9210720 315J210 2134999999999999999999999 4 9 901727 4399999999999999
112112112111110110115121124125126123113100 88 78 66 55 48 46 46 51 63 7920 316J2 021113 95312699999999999999 4231091920 4599999999999999
 92101108115120123126129130127123118112102 93 86 79 70 60 52 45 42 44 5420 317J2 74013099999999999999999999921 7 42999999999999999999999
 68 83 97110121129133135134129123116109103 97 93 89 83 74 64 52 42 37 3920 318J2 7101359999999999999999999992216 37999999999999999999999
 48 62 81100117128135137135129122114108102100 99 99 95 88 78 65 50 38 3320 319J2 65913799999999999999999999923 9 33999999999999999999999
 36 46 64 88110125133136134126117110104100 99103107107102 93 80 63 45 3420 320J2 7 21361629108999999999999991344 992348 3199999999999999
 31 37 51 75102123133136132123111101 97 96 96102112119117107 94 78 57 3920 321J2 6531361714119999999999999991317 95999999999999999999999
 31 33 43 63 92120136138133123107 92 85 86 90 98111126131124110 92 71 4820 322J2 643139175413199999999999999 015 301218 8499999999999999
 33 31 39 56 82114138145138125108 88 74 72 79 90104124140140127108 86 6220 323J2 654145183114299999999999999 038 311238 7199999999999999
 40 32 38 52 74104135150146131112 90 70 60 65 78 94115138150144124102 7820 324J2 71515119 915199999999999999 1 2 3213 7 6099999999999999
 53 37 38 51 70 95126149153139118 96 73 55 53 64 82102126149155140117 9420 325J2 740155194615599999999999999 128 351339 5299999999999999
 70 50 42 51 69 90115141154146125102 80 59 48 52 68 8811013515315113210820 326J2 8 7154202415599999999999999 156 421413 4799999999999999
 87 67 54 55 71 90109130147148131107 86 66 50 46 56 74 9411613915014212120 327J2 83315021 415099999999999999 224 521447 4699999999999999
101 84 70 66 75 92108123136143133111 89 72 57 47 49 62 79 9711813614113020 328J2 856143214614199999999999999 251 651522 4699999999999999
113 98 87 81 83 96111121129134130114 93 75 63 52 48 53 66 80 9611512813020 329J2 912134223413199999999999999 317 801559 4899999999999999
120109101 96 95102114123127128125115 96 79 66 57 51 49 56 66 78 9210811920 330J2 856128233412099999999999999 339 951640 4999999999999999
120115110108108110118126129127122114101 84 71 62 56 51 50 55 62 72 8510020 331J2 8 2129999999999999999999999 3481081734 5099999999999999
110114115116118119122126129127122115105 93 80 71 63 56 51 49 50 55 65 7820 4 1J2 8 512999999999999999999999919 5 49999999999999999999999
 93106115121125126126126126124120115108100 92 84 75 66 58 50 44 43 47 5720 4 2J2 7 71269999999999999999999992050 43999999999999999999999
 73 90107122130132131127123117114111108105102 99 94 84 72 60 48 38 34 3920 4 3J2 4581329999999999999999999992155 34999999999999999999999
 52 70 92115132139137130121111102100101103106110113108 94 78 61 44 30 2720 4 4J2 51113915551139999999999999910591002247 2699999999999999
 35 52 74101128144145136123107 92 84 85 93101112124130122104 83 61 38 2320 4 5J2 5341461657130999999999999991118 832332 2199999999999999
 23 36 56 84116143153146129109 87 70 65 73 86103122141147135112 86 59 3420 4 6J2 6 11531749147999999999999991150 65999999999999999999999
 21 25 43 68 99133156156139115 89 64 48 49 63 83107135157159142116 87 5720 4 7J2 631159183716199999999999999 014 201227 4699999999999999
 33 25 35 57 85118149162152126 97 68 42 30 38 58 84114147167165144116 8620 4 8J2 7 2162192316999999999999999 053 2413 6 3099999999999999
 57 37 37 53 77105136159160139109 78 48 25 20 33 57 8612015317016214011320 4 9J2 73316320 917099999999999999 131 351346 1999999999999999
 86 62 50 57 76 98122147159148121 90 61 34 16 17 34 58 8812315316315313320 410J2 8 3159205616399999999999999 2 7 501427 1499999999999999
111 89 72 69 81 98116134150150131102 74 49 27 15 20 37 59 8812014515014020 411J2 831152214615099999999999999 241 681511 1599999999999999
126111 97 88 91104116127138143134111 86 64 45 28 21 28 41 60 8511213113420 412J2 857143224313599999999999999 314 871558 2199999999999999
128122115108106112121126130133130116 95 76 61 47 35 31 36 45 58 7910211620 413J2 912133999999999999999999999 3451051652 3199999999999999
120121122121119121126129128125122114100 85 74 64 53 45 41 42 46 56 73 9120 414J2 213122 7 712999999999999999 4111191812 4199999999999999
104112119125128129130131128121115109101 90 82 76 70 62 55 49 46 47 54 6820 415J2 6451319999999999999999999992025 46999999999999999999999
 84 98110122129133133131127119111104 98 93 88 85 83 78 71 62 54 48 47 5420 416J2 5331339999999999999999999992138 47999999999999999999999
 66 82 99115126133134130124115106 99 94 91 91 92 93 91 85 77 67 56 49 4920 417J2 5421341542 93999999999999991335 912231 4999999999999999
 56 69 88107123131133129121109 99 93 89 88 91 97102102 98 91 81 67 56 5120 418J2 5461331634103999999999999991252 8823 9 5199999999999999
 53 62 78 99120131133129119105 91 83 81 82 87 96108114111104 94 80 65 5520 419J2 54313417101149999999999999912 3 812336 5399999999999999
 54 60 72 92115133137131119104 86 72 69 72 80 91108122125118107 93 76 6120 420J2 5491371744126999999999999991152 69999999999999999999999
 55 60 70 86109132143138123105 85 66 56 59 69 83102123137134122106 89 7020 421J2 6 8143182013899999999999999 0 0 551213 5699999999999999
 58 59 69 84103128146146131110 88 65 48 45 55 71 91116139148138121103 8320 422J2 631148185614899999999999999 026 571241 4499999999999999
 66 59 68 83100121142151141118 93 69 47 35 40 56 77102130151153137117 9720 423J2 658151193315599999999999999 054 591313 3599999999999999
 78 65 67 81 98115135149147127100 75 52 34 29 41 62 8611314215715113211220 424J2 724151201215799999999999999 124 641346 2999999999999999
 93 78 72 81 98114128142147134108 81 59 39 27 30 47 69 9412214715514412520 425J2 750147205315599999999999999 154 721420 2699999999999999
108 93 83 85 98114125134141136115 88 65 47 32 27 35 54 75 9912614514813520 426J2 812141213614999999999999999 225 821455 2799999999999999
120108 98 94100114125131134133120 96 71 54 40 31 30 41 59 7810012413913820 427J2 823134222614099999999999999 256 941533 2999999999999999
128118112107107115125130130128120103 81 62 49 39 33 35 46 61 78 9811913020 428J2 722130232713199999999999999 3291061616 3399999999999999
130125121118116118124129128124118108 91 73 59 50 42 37 40 48 60 75 9411320 429J2 720129999999999999999999999 4 911617 9 3799999999999999
123126127126125123123125125121115109 99 85 73 63 54 46 42 42 48 57 72 9120 430J2 212127 72012599999999999999 5191231822 4199999999999999
108121128131131128124121118114110107102 96 88 80 71 61 52 46 43 46 55 7120 5 1J2 3281329999999999999999999991959 43999999999999999999999
 90108123133136133126117110103100 99 99100 99 97 91 81 69 58 48 43 45 5620 5 2J2 3561369999999999999999999992115 43999999999999999999999
 72 92113130139138129117104 92 85 85 89 95102109111105 93 78 64 50 43 4620 5 3J2 4211401549111999999999999991029 842212 4399999999999999
 59 77 99122139144136120102 84 69 65 70 81 93109123128120104 86 68 52 4520 5 4J2 4491441651128999999999999991054 6523 1 4599999999999999
 51 66 86110134148145128106 83 60 46 46 58 75 96120139143132113 92 71 5420 5 5J2 5191491743144999999999999991129 442345 4999999999999999
 50 60 78 99124146153140116 88 60 37 26 32 50 73102133154154139119 96 7220 5 6J2 55015418321579999999999999912 7 26999999999999999999999
 57 58 73 92114139155152130 99 69 39 16 11 24 46 75111145163160142120 9720 5 7J2 622157191816499999999999999 026 561246 1099999999999999
 75 65 72 88107129150158144115 82 50 21  3  4 21 47 8011915316615814011920 5 8J2 65415820 316699999999999999 1 4 651327  199999999999999
 97 80 77 88105122140154152130 97 66 36 11 -2  4 24 51 8512415316115113520 5 9J2 725156204916199999999999999 141 7614 9 -299999999999999
118100 89 92105119131144151140113 82 55 29  8  2 11 31 56 8912514715014120 510J2 756151213815199999999999999 217 881453  299999999999999
130117105101107119127135141140123 96 71 50 29 14 12 22 38 61 9112113713820 511J2 825142223213999999999999999 2531001539 1199999999999999
133127120113113119126128131132125106 84 67 51 35 25 25 33 45 64 9011412520 512J2 848132999999999999999999999 3311111629 2499999999999999
128128127124120121125125122121118109 93 79 68 57 46 39 38 43 51 67 8810720 513J2 1 9128 63312599999999999999 4171201730 3899999999999999
117123127129127124123122117112109105 97 87 79 73 66 57 52 50 51 57 70 8720 514J2 2571299999999999999999999991911 50999999999999999999999
103114123129131128123118112105100 97 94 90 86 84 80 75 68 62 58 58 63 7420 515J2 3481319999999999999999999992040 57999999999999999999999
 89104117126131129123115107 98 92 89 88 89 90 91 91 88 83 76 70 65 65 7020 516J2 4161311524 91999999999999991144 882135 6499999999999999
 81 95110123130130124114102 91 83 80 80 84 90 96100 99 95 90 82 74 70 7220 517J2 4301311620100999999999999991119 802214 7099999999999999
 78 89104119130131125114100 85 74 69 71 76 85 96107110107101 94 85 77 7520 518J2 44013216561109999999999999911 8 692245 7599999999999999
 79 88 99115130135129116100 83 66 58 59 66 76 91109120120114105 95 84 7820 519J2 4571351731121999999999999991120 572315 7799999999999999
 80 88 98111127138136122103 84 63 48 45 52 65 82103124133128118107 94 8320 520J2 52013918 6133999999999999991145 442347 7999999999999999
 79 86 97109123138143131110 87 65 44 33 37 51 69 92119139143133119106 9120 521J2 5471431843144999999999999991215 33999999999999999999999
 81 83 95108120134145141120 94 70 47 28 23 34 53 7610513415214913411810320 522J2 616146192115399999999999999 020 811248 2399999999999999
 89 83 91106118130142146132104 77 53 31 17 19 36 59 8611814615814913211520 523J2 64514620 015899999999999999 054 831323 1599999999999999
100 89 89102117128137145140117 87 61 38 20 12 20 41 66 9512815315714412820 524J2 713145204215899999999999999 129 8714 0 1299999999999999
113101 94 99114126133139141128100 71 48 29 15 12 26 47 7210213315215113820 525J2 740141212615499999999999999 2 5 941438 1199999999999999
125114104102110123131134136131113 85 60 41 25 15 18 33 53 7710613314714420 526J2 8 2136221514799999999999999 2431011520 1499999999999999
134124116110111119127130130129120 99 75 55 40 27 20 25 39 58 8010713014020 527J2 8 5130231214099999999999999 32610916 5 2099999999999999
137132126120115116121124124122119109 90 71 56 44 33 28 34 45 61 8210712620 528J2 712124999999999999999999999 4211151657 2899999999999999
134134132128122116115116115113113110101 87 74 62 51 41 38 41 51 65 8510720 529J2 0291359999999999999999999991758 38999999999999999999999
123132134133127119111106104102102103103 99 91 82 72 61 52 47 49 57 70 8920 530J2 2 7134112710499999999999999 9261011913 4799999999999999
108124133136132122111 99 91 86 86 90 96100102100 93 83 72 63 57 57 64 7820 531J2 255136135910299999999999999 931 862031 5699999999999999
 95112127136136127113 97 82 71 68 72 80 91101110112106 95 84 73 65 65 7220 6 1J2 329137154411299999999999999 956 682136 6499999999999999
 86102119133139134118 99 79 61 50 49 58 72 89107121125119107 94 82 73 7320 6 2J2 4 21391649125999999999999991030 482230 7199999999999999
 82 96111127140141128106 82 58 38 29 34 48 67 91117135138129117102 88 7920 6 3J2 43514217421389999999999999911 8 292317 7899999999999999
 81 92106120136146140119 92 65 38 18 13 23 42 67 98129147147137123106 9120 6 4J2 5 91461830149999999999999991149 13999999999999999999999
 84 90102116130145149135107 77 48 20  2  2 17 40 7010714015615214012510720 6 5J2 544150191515699999999999999 0 0 841231  099999999999999
 92 90 99112125140151148126 95 64 34  7 -7 -2 17 43 7711814915915113812320 6 6J2 620152195815999999999999999 040 891313 -799999999999999
105 94 97109121133146152141114 82 53 24  0 -8  1 21 49 8712615215514613420 6 7J2 656152204115699999999999999 119 941356 -899999999999999
119104 98105117127137147148130101 72 46 20  1 -2 10 30 58 9513014914813920 6 8J2 733149212515099999999999999 157 981439 -399999999999999
129116105104112122129136143137117 90 66 44 22  9 10 22 41 6810213014113920 6 9J2 810143221314299999999999999 2361031524  799999999999999
133126116108110117122125131133124104 82 64 46 29 21 25 35 52 7610512713420 610J2 847133231013499999999999999 32010816 9 2199999999999999
132129124116111112116116118121120110 94 79 67 53 41 36 40 49 62 8410712320 611J2 928122999999999999999999999 4151111657 3699999999999999
128129128124116112110109107107109108 99 89 80 72 62 54 52 55 61 73 9110920 612J2 117129101611099999999999999 8271061749 5299999999999999
120126128128122114107103 98 95 96 98 98 93 89 84 79 72 67 66 67 72 83 9720 613J2 2251281122 9999999999999999 916 951851 6599999999999999
111120126128125117107 98 91 85 84 87 90 93 93 92 90 86 82 78 77 78 83 9220 614J2 2591281348 9399999999999999 948 8420 5 7799999999999999
104115123127126120109 96 85 77 73 75 80 87 93 98 99 97 94 91 87 86 87 9320 615J2 3201281553 999999999999999910 8 7321 3 8699999999999999
101110119126128122110 97 82 69 63 63 69 77 88 99107108105101 98 93 92 9520 616J2 3401281641108999999999999991025 622149 9299999999999999
101108116125129125113 98 82 65 53 51 56 66 79 95110118117112107102 96 9620 617J2 4 41291718118999999999999991048 502231 9699999999999999
102109115123130131120102 84 65 48 39 41 52 66 85107124130125118110102 9720 618J2 4331321755130999999999999991117 382312 9799999999999999
 99107115121130135129111 89 68 48 31 26 35 50 70 9512213913913112111010020 619J2 5 41351832141999999999999991151 262352 9699999999999999
 97103113121128137138124100 75 52 31 17 17 32 52 7710913715014513312010820 620J2 5381391910151999999999999991228 15999999999999999999999
 97 97107119127135142137116 87 61 37 17  6 13 33 57 8812315015714713211820 621J2 613142194915799999999999999 031 9613 6  699999999999999
104 96100114125133141144132105 75 49 25  6  2 14 37 65 9913415715714412920 622J2 649145203015999999999999999 110 961346  199999999999999
114102 97106120130137144142124 94 64 39 17  2  3 20 44 7310914215715213920 623J2 725145211215899999999999999 150 971427  099999999999999
125112102101111123131137142135113 84 57 35 15  4 10 28 52 8211614415314620 624J2 8 4142215815399999999999999 23210015 9  499999999999999
134122111103105114123128134136126103 77 55 36 19 13 21 39 61 9012014114620 625J2 847136224614699999999999999 3191021554 1399999999999999
139130120110103105111116120126127116 96 76 58 42 29 26 35 51 71 9712213720 626J2 937127234014099999999999999 4161031641 2699999999999999
139134127118107100100102105110116117108 94 80 66 52 43 42 50 63 8110312320 627J21037117999999999999999999999 531 991732 4199999999999999
134135131124113100 92 89 88 91 97105108104 97 87 77 66 59 59 65 75 9010820 628J2 039135115510899999999999999 737 881830 5899999999999999
123131132127118104 90 79 73 71 76 85 96103105103 98 89 81 75 74 78 8710020 629J2 13913214 510599999999999999 842 711943 7499999999999999
113124130130123109 92 75 62 54 55 62 75 89102110113109103 96 90 87 90 9820 630J2 227131155211399999999999999 928 5321 2 8799999999999999
108118127131128116 98 78 59 44 36 40 51 67 86105119124121115107100 96 9920 7 1J2 3 913117 0124999999999999991011 3622 5 9699999999999999
106114122130133125108 86 64 42 26 21 27 42 62 8711313013413012411510610220 7 2J2 3501331754134999999999999991054 21225710299999999999999
106113120127135135122100 75 51 27 11  9 19 37 63 9412414014213712811610620 7 3J2 4311371838142999999999999991138  8234210499999999999999
104110117124133141136118 92 65 39 14  0  2 16 37 6910613614814613812711320 7 4J2 5141411916148999999999999991221 -1999999999999999999999
103105113121129140146136112 84 57 28  4 -6  0 17 43 7911914515114513512220 7 5J2 556146195215199999999999999 02210313 4 -699999999999999
107100105115124134146148132105 77 49 20 -1 -6  5 25 54 9313015015014112920 7 6J2 639149202815299999999999999 1 11001346 -699999999999999
114101 98107117126138148145125 97 70 43 17  1  2 15 37 6810713814914413420 7 7J2 72114921 514999999999999999 140 981426 -199999999999999
122107 97 99108118127138145137115 90 66 41 19  9 15 30 52 8311814114413720 7 8J2 8 3145214314599999999999999 221 9615 6  999999999999999
128116103 96100108115124134138126105 83 64 43 27 23 32 46 67 9612413913820 7 9J2 845138222414099999999999999 3 6 961544 2399999999999999
131123112101 96100105110118126126114 96 80 65 49 39 41 50 63 8210612713420 710J2 93012823 713499999999999999 357 961622 3999999999999999
132126120109 99 95 97 99102109116114103 91 81 70 59 55 59 67 78 9411312620 711J21019117235412999999999999999 5 4 951658 5599999999999999
129127123116105 96 91 90 90 93100105104 97 90 84 77 72 72 76 83 9110411620 712J21117106999999999999999999999 740 901731 7199999999999999
124125123119111100 90 84 80 80 84 92 97 98 96 94 91 87 85 87 90 9510211020 713J2 0441251241 9899999999999999 836 7918 2 8599999999999999
118122122119113103 91 80 73 69 71 77 85 93 98100100 99 97 97 9810110511020 714J2 134122153310099999999999999 913 691833 9799999999999999
114118120119114105 92 80 68 60 59 63 72 83 9410310810910710710610610811120 715J2 217120164010999999999999999 945 59203910699999999999999
115117119120117108 95 81 67 54 48 49 58 69 8410011311811811611411110911120 716J2 2571201718118999999999999991017 47215910999999999999999
115118119121121115101 84 68 52 39 35 41 53 69 9011112612912612111611110920 717J2 3391221749129999999999999991053 35225010999999999999999
113118120122126124112 93 73 55 37 24 24 35 52 7310112613913813112311510720 718J2 4231261823140999999999999991131 22233310599999999999999
106113120124128132128110 85 62 41 21 11 16 32 54 8211514115014413312110920 719J2 5 81331858150999999999999991210 10999999999999999999999
101104114123129136140130106 77 52 27  7  1 12 33 60 9413115415614413011520 720J2 552140193415799999999999999 0141011251  199999999999999
101 96103116126135145146129100 70 42 16 -2 -3 13 38 7010914416115514012420 721J2 635147201216199999999999999 055 961332 -599999999999999
107 94 93104118129141151147125 93 63 34  9 -5  1 21 49 8312215216015013320 722J2 719151205116199999999999999 136 911413 -599999999999999
116100 89 92105119131143151143118 87 58 31  9  1 12 34 62 9613215415514120 723J2 8 4151213015799999999999999 219 881454  199999999999999
125109 94 86 91104116128141146135110 83 58 34 17 16 29 50 7710813715014520 724J2 852146221115099999999999999 3 5 861536 1499999999999999
132118103 89 83 88 98108121133136124103 82 63 44 33 36 49 68 9011613714220 725J2 943137225114399999999999999 357 831618 3299999999999999
135123111 96 83 79 82 88 97110122124115101 87 72 59 54 58 69 8410212113320 726J21042125233313599999999999999 5 0 7917 1 5499999999999999
134126116104 89 77 71 71 75 84 97109113109103 95 86 78 75 80 87 9711012220 727J21158113999999999999999999999 625 701748 7599999999999999
128126120110 97 81 68 60 57 60 70 83 97105108108106100 96 95 9710110811520 728J2 014129143310999999999999999 8 1 571847 9599999999999999
122124121115104 89 72 58 47 43 46 57 72 8810211211611711511211010911111420 729J2 056124163311799999999999999 9 6 43204810999999999999999
118121121119111 98 81 63 47 34 30 35 47 64 8410411812512712612211811511620 730J2 150121175612799999999999999 959 30221611599999999999999
117119120122119109 93 74 55 36 22 19 26 40 60 8611112713413413212511811520 731J2 3 21221841135999999999999991048 1923 611599999999999999
116118119122125121107 89 68 46 25 12 11 20 37 63 9512213613913813112111320 8 1J2 4 412519 1139999999999999991134 10234111199999999999999
112115117121127131124107 85 63 38 16  5  7 20 41 7310813414314213612511220 8 2J2 4561311917143999999999999991216  4999999999999999999999
105107112117125135138127105 82 57 29  8  2  9 25 52 8912414414613912911420 8 3J2 544139193814699999999999999 0141051255  299999999999999
100 96102111119131143143126102 77 50 22  5  4 16 37 6810713814914413311920 8 4J2 62914520 414999999999999999 048 961332  399999999999999
101 90 91100111122138149143122 97 71 43 19  8 14 30 54 8812414714813812420 8 5J2 712149203415099999999999999 125 8814 6  899999999999999
108 91 83 88100111125142149138114 90 65 40 21 18 29 47 7310613614914312920 8 6J2 75514921 614999999999999999 2 4 831440 1799999999999999
115 98 84 80 88 99111126141143128105 83 62 41 31 35 49 67 9112014114413420 8 7J2 837144213914599999999999999 245 801512 3099999999999999
121107 92 80 80 88 98109123135132116 97 80 63 49 46 55 69 8510612813913520 8 8J2 920136221213999999999999999 330 791544 4699999999999999
124113101 88 79 81 87 94104117125120106 93 81 70 63 66 76 8710011512913220 8 9J210 6125224413299999999999999 420 791613 6399999999999999
125115106 96 84 78 79 83 88 98109114109100 93 86 80 79 85 9410211011912520 810J21059114231212599999999999999 520 781639 7999999999999999
122115108100 90 80 75 74 76 81 90100105103100 97 95 94 9610110711111511920 811J212 8105232911999999999999999 645 741658 9499999999999999
119114107101 93 83 75 69 67 68 74 84 9410010310410510510610911311511611720 812J22258117999999999999999999999 811 67999999999999999999999
116113108102 95 86 76 67 60 57 60 67 78 9010110811311411511611711811811820 813J22225118999999999999999999999 9 3 57999999999999999999999
116113110106 99 89 78 67 56 48 46 51 62 76 9110711812312312312111911811820 814J21741123999999999999999999999 947 46999999999999999999999
118116113111107 98 84 70 57 44 35 35 44 58 76 9811813013213012612011511320 815J217451329999999999999999999991029 34224811399999999999999
116117116117117112 99 80 63 46 30 22 26 39 58 8211013314213913212311410720 816J2 34811718 9142999999999999991110 21232410699999999999999
107113117120125128119100 77 55 33 16 10 19 37 62 9312614715014112911510220 817J2 4491281839151999999999999991152 10999999999999999999999
 96101111119128137139125100 73 46 21  3  2 17 41 7210914215815313812110320 818J2 540140191215899999999999999 0 1 961233  199999999999999
 89 87 97111123137150148128 98 68 38 11 -3  2 23 51 8612615516214912910920 819J2 627151194616299999999999999 039 861313 -499999999999999
 89 77 80 95112128146159152127 95 63 32  7 -1 11 35 6610314016115813911720 820J2 714159202016399999999999999 119 761353 -199999999999999
 96 76 68 76 93112131151161150122 91 61 32 12 11 28 54 8411914915914812620 821J2 8 0161205515999999999999999 2 1 681432  999999999999999
105 84 66 62 73 91109130150156142116 89 63 39 27 32 51 7410113015015013420 822J2 848156212915299999999999999 245 621511 2699999999999999
113 93 74 60 59 70 85103124142145131110 90 70 54 49 58 74 9211313414313620 823J2 94014622 314399999999999999 333 581550 4899999999999999
119102 85 68 56 57 65 77 93113128131121108 96 83 74 74 83 9410712113213320 824J21038131223413499999999999999 428 551628 7299999999999999
122108 94 79 63 54 53 57 66 81 99113117115110105 99 95 9710310911512212620 825J2115711723 112699999999999999 537 5217 7 9599999999999999
122111100 88 75 61 51 47 48 54 68 85 9910811311611611511411511711711811920 826J2153511723 812099999999999999 719 47174811499999999999999
118113105 96 85 72 58 47 40 38 44 56 73 9010411612312712712612512212011720 827J21745127999999999999999999999 848 38999999999999999999999
115112108103 95 84 71 56 42 33 30 35 48 66 8710712213113413413112612111720 828J21829135999999999999999999999 951 29999999999999999999999
114111109109105 97 85 70 53 37 26 23 30 44 66 9111412913613813512711911520 829J218511389999999999999999999991044 23999999999999999999999
112110109112114110100 85 69 49 30 20 20 29 46 7210212513613813612811610820 830J2 358114185613899999999999999 1401091130 1999999999999999
106106107112119123116102 86 66 43 24 16 20 33 55 8611713514013612811510120 831J2 453123185514099999999999999 0 910612 7 1699999999999999
 96 98102108118130132121104 84 60 36 19 17 26 43 71105133143140130115 9820 9 1J2 54013319 814399999999999999 0 8 961239 1699999999999999
 86 85 92101112128141139123102 79 53 29 19 23 37 59 9112514514613411910020 9 2J2 622142193014899999999999999 034 841310 1999999999999999
 82 73 78 89102119139149141120 97 72 46 27 25 36 54 8011314115114212510620 9 3J2 7 3149195615199999999999999 1 7 731339 2499999999999999
 86 69 66 76 90106127146151136113 90 66 43 32 38 54 7410113014914813211220 9 4J2 744151202515199999999999999 142 6514 8 3299999999999999
 93 74 62 64 77 93111132148146128105 84 63 47 45 57 74 9411714014813711820 9 5J2 824149205414899999999999999 220 611438 4499999999999999
100 83 66 60 66 80 95113133143136117 98 81 66 58 63 78 9310912714013812220 9 6J2 9 6143212214199999999999999 259 6015 7 5899999999999999
105 90 75 64 61 70 82 95112128133124109 95 84 76 75 84 9710811812913212320 9 7J2 950134214713299999999999999 340 611535 7499999999999999
107 93 82 71 63 64 71 81 92107120122114105 98 92 90 9410311211712112412020 9 8J2104012322 112499999999999999 425 631559 9099999999999999
108 95 85 77 68 63 65 70 77 8710111111311010610510410511011712012011911520 9 9J21144113202412099999999999999 517 63161310399999999999999
107 96 86 79 73 66 62 62 65 71 81 9410410911111311411511712112312211811420 910J220 9123999999999999999999999 627 61999999999999999999999
107 99 90 83 76 69 62 57 55 57 64 75 8810111011712112312412412412311911520 911J21929124999999999999999999999 8 5 55999999999999999999999
109103 96 90 83 74 65 57 50 46 48 57 70 8610311712612912912712412011711520 912J21721130999999999999999999999 911 46999999999999999999999
112107104100 95 85 74 62 50 40 35 40 52 68 8911112813613513112511711110920 913J2172213699999999999999999999910 1 35225810999999999999999
110110109111111104 90 73 57 41 28 25 33 49 71 97124141143137127115104 9720 914J2 3331111742144999999999999991046 252313 9799999999999999
 99105110116123125114 95 73 52 31 17 18 31 52 79111139151146133117100 8620 915J2 4391251810152999999999999991129 162344 8399999999999999
 83 91103114127139139123 98 72 46 22 10 16 35 61 93128153157143123102 8120 916J2 5311411840158999999999999991210 10999999999999999999999
 68 71 85102120140154151129 99 69 40 16 10 22 45 75110144162155133108 8320 917J2 620155191116299999999999999 020 681250  999999999999999
 62 53 62 82103127152165156130 98 67 38 18 18 36 62 93128156162145118 9120 918J2 7 7165194416399999999999999 059 531329 1599999999999999
 65 46 43 57 80105133158168154126 97 67 41 29 36 57 8211114115915312910120 919J2 754168201615999999999999999 140 4214 7 2899999999999999
 75 51 36 38 55 78104134158162146121 96 72 52 48 60 8010212514615213711220 920J2 842163204715399999999999999 223 341445 4799999999999999
 86 63 42 32 37 54 75100129149150136118 99 82 70 72 8510111613214313912020 921J2 934152211614399999999999999 3 8 311522 6999999999999999
 96 75 56 39 33 39 52 70 93118135136127117106 96 92 9710711512313113312220 922J21032137214213399999999999999 359 331558 9299999999999999
104 86 70 54 41 36 40 49 62 8310511912212111911611211211612012212312411920 923J21158122215112499999999999999 459 36163411199999999999999
108 93 81 70 57 46 40 40 44 54 72 9110511412012512612612612712512111811420 924J21857127999999999999999999999 632 40999999999999999999999
107 98 89 82 73 62 51 43 39 39 47 63 81 9711112313113413413212812211511020 925J21725134999999999999999999999 826 38999999999999999999999
105100 95 91 86 78 67 55 44 36 35 43 58 77 9611512813513713512912111310720 926J21754137999999999999999999999 937 35999999999999999999999
102 99 98 98 97 91 83 71 56 43 34 34 42 58 7910312213313713512811810910220 927J218101379999999999999999999991032 33999999999999999999999
 98 97 98103107104 97 87 72 55 40 34 36 46 64 89114130135134126114102 9420 928J2 410107181113699999999999999 1 5 971114 3399999999999999
 92 92 95103113117112102 88 71 52 38 35 41 55 77105128137134126113 96 8420 929J2 456117181313799999999999999 014 921147 352354 809999999
 80 83 89 99114126127118104 87 66 47 38 41 51 69 96124140139129114 95 7720 930J2 5361281827142999999999999991213 38999999999999999999999
 67 70 79 91107127138135120102 82 60 44 41 51 66 88116140146136118 98 772010 1J2 614139184914799999999999999 015 671239 4199999999999999
 60 56 65 79 97119140147137118 97 76 55 45 51 65 84108134150145126104 822010 2J2 653148191515199999999999999 044 5513 7 4599999999999999
 60 47 51 65 84105131150150134112 91 70 54 53 65 83102125146150135111 892010 3J2 731153194215199999999999999 118 471335 5199999999999999
 67 48 42 52 70 90114139153147127106 87 70 61 67 83100117136147140119 952010 4J2 810153201014799999999999999 152 4214 5 6199999999999999
 74 56 43 43 57 75 96120142149138119102 87 75 74 861011141271381391231002010 5J2 851150203514099999999999999 228 411435 7399999999999999
 80 64 50 43 48 63 80 99122139141128113101 92 87 911041161231281311231042010 6J2 935142205313199999999999999 3 5 4215 4 8799999999999999
 84 69 58 48 46 54 67 82 991191321311211121061011011081181231241241191072010 7J21024133194912499999999999999 343 46153210099999999999999
 88 73 63 55 49 50 58 68 80 961131231231181151141131151211251241201151072010 8J21125124191812699999999999999 426 49155911399999999999999
 93 78 68 61 55 51 52 57 65 76 911071161191201221221221241261251201141072010 9J21919126999999999999999999999 520 51999999999999999999999
 97 85 75 68 62 56 52 51 54 60 71 87102114121126129128127125123119113108201010J21617129999999999999999999999 642 51999999999999999999999
101 94 86 79 72 64 56 50 47 48 54 67 84101117128133133130124119113109106201011J21626134999999999999999999999 820 46999999999999999999999
103100 97 94 88 78 67 56 47 41 41 51 66 85106125137138133125115105 99 98201012J21641139999999999999999999999 924 402242 9899999999999999
100102104108107 99 86 70 56 42 34 37 50 69 91116136144139128113 98 86 82201013J2 32710817 4144999999999999991015 342253 8299999999999999
 87 95104114123123111 93 73 54 37 30 37 54 76102130148148135116 96 77 65201014J2 43112417321509999999999999911 1 302323 6499999999999999
 67 78 93109127140138122 99 75 52 34 30 42 62 88117144156146124100 75 54201015J2 52414218 2156999999999999991143 29999999999999999999999
 45 54 72 93117142156150129103 76 50 34 36 53 76104133156157137109 80 53201016J2 613157183315999999999999999 0 0 451224 3399999999999999
 33 30 45 69 96126155167156132104 76 52 41 49 69 93120147160150123 91 60201017J2 7 116719 516199999999999999 039 2913 4 4199999999999999
 33 17 21 41 68 99134162170155130104 79 58 54 68 89111134154156136105 73201018J2 748170193715899999999999999 120 161342 5499999999999999
 44 20 10 18 41 68101137162165149127105 84 71 74 89107124142152144118 87201019J2 83616620 815299999999999999 2 2 101420 7099999999999999
 60 35 15 10 21 43 68101134154153140125109 94 88 95108120131141142127100201020J2 927156203614399999999999999 247  91457 8899999999999999
 75 53 32 17 16 27 44 67 97126141140132124115107106113121126130133127109201021J21024142205913399999999999999 335 15153510599999999999999
 87 68 52 36 26 25 33 46 64 90114126128128127123119120125126124123120111201022J21155128184612699999999999999 431 24161711999999999999999
 95 80 69 57 45 37 35 38 46 61 83103115122128131130128128127122116112107201023J21515131999999999999999999999 545 35999999999999999999999
 99 88 80 74 65 55 47 43 42 46 59 77 95109121130134134131126120112105101201024J21619134999999999999999999999 748 42999999999999999999999
 97 92 88 85 81 74 65 56 48 45 48 59 76 93110124132135132125117107 99 94201025J21653135999999999999999999999 9 6 45999999999999999999999
 92 91 92 94 93 89 82 72 61 52 48 52 63 79 99116129133131124113101 92 87201026J2 323 9417 913399999999999999 046 9110 1 4899999999999999
 86 87 92 99102101 96 88 76 64 55 53 59 71 88109125133131123110 96 83 77201027J2 418103171413399999999999999 0 0 861043 532331 779999999
 77 81 88 99109113109101 91 77 64 58 60 68 82102123134133124110 93 76 66201028J2 4561131724135999999999999991113 582331 6599999999999999
 66 71 80 94111122122115104 91 75 64 63 69 81 97118136139129113 94 73 57201029J2 5301241743140999999999999991138 622353 5299999999999999
 52 58 70 85105125134129117104 88 72 65 70 81 95113134144138119 98 76 54201030J2 6 613418 71459999999999999912 4 65999999999999999999999
 41 43 56 73 94120140144133117101 83 70 69 80 94109128145146129105 81 58201031J2 642144183414899999999999999 022 401233 6899999999999999
 38 31 41 59 80106134151147132114 97 80 72 78 93108123139148139115 88 652011 1J2 71915219 214899999999999999 054 3113 4 7299999999999999
 43 28 28 44 65 89118145155146127110 94 81 79 91107119132143143124 97 722011 2J2 758155192914599999999999999 128 261337 7899999999999999
 51 33 24 31 50 72 98127150153140122108 94 87 91106119127135139129106 792011 3J2 839154195413999999999999999 2 3 2414 9 8799999999999999
 58 41 28 26 38 58 79105132148146133119108100 97106118126130132128112 872011 4J2 92215020 913299999999999999 239 251443 9799999999999999
 65 50 37 29 32 45 63 83107131142138128119113108110118126128126124114 962011 5J21011142184812899999999999999 317 29152010899999999999999
 74 58 47 37 33 38 51 66 841071261341321261231191171191251271241191131022011 6J211 8134185112799999999999999 359 3316 411799999999999999
 84 67 56 48 41 38 43 53 66 831041211291291291281251221231241211161111042011 7J21240129185212499999999999999 449 38171612299999999999999
 93 79 68 59 52 45 43 46 54 66 831021181271311321311261221191151111071042011 8J21458132999999999999999999999 552 43999999999999999999999
 99 91 82 74 66 57 50 46 47 54 66 83102118130135135129121113106101 99 982011 9J21527136999999999999999999999 715 46999999999999999999999
 99 98 96 92 84 74 64 55 49 48 55 69 87106123135139134123110 98 88 84 86201110J21552139999999999999999999999 836 4822 7 8499999999999999
 91 97103107105 97 84 71 59 51 50 58 74 93113132142140127110 93 77 67 67201111J2 317107161914399999999999999 937 492229 6699999999999999
 75 86 99112122121109 94 78 63 53 53 65 82102123141147136116 94 71 53 45201112J2 4241231650147999999999999991028 5123 3 4599999999999999
 51 66 84104125138135121102 84 66 56 59 74 93114135150147128101 74 48 30201113J2 5191391722151999999999999991115 552341 2699999999999999
 27 39 60 84113140153147129109 88 69 61 69 86105127147155143115 84 53 26201114J2 6 91531755155999999999999991159 61999999999999999999999
 10 13 31 57 88123153163153134112 90 73 70 82100118139155154132 99 66 35201115J2 657163182915799999999999999 022  91240 6999999999999999
  9 -3  6 28 57 93132161166153134113 92 79 82 96113130147156146118 83 52201116J2 74416719 315699999999999999 1 4 -31320 7899999999999999
 22 -1 -7  6 30 61 99138162162149132113 96 89 96111124137149151133102 70201117J2 831165193615299999999999999 148 -81359 8999999999999999
 42 15 -3 -4 11 35 65103138156153142129115102100110121130138145139117 88201118J2 92015720 914599999999999999 233 -61438 9999999999999999
 62 38 16  4  6 20 41 69104133145143136128118110112120126129133134123102201119J21013146204013599999999999999 320  3152011099999999999999
 79 60 41 24 16 19 30 47 72102125134134132128122118119123123122123120108201120J21126134182812399999999999999 410 16161011799999999999999
 91 75 63 49 36 30 33 40 53 74 99117125129131130125121120118114111110106201121J21412131999999999999999999999 5 8 30999999999999999999999
 97 86 77 69 59 50 45 45 49 59 77 97112121128132130124119114107101 99 98201122J21511132999999999999999999999 627 45999999999999999999999
 96 91 86 83 78 70 63 58 56 58 67 82 98112122129131127119110101 93 88 87201123J21546131999999999999999999999 8 5 562243 8799999999999999
 89 90 91 91 90 86 80 73 68 65 67 76 89103116126130128119108 96 85 79 77201124J2 259 9116 513099999999999999 9 8 652251 7799999999999999
 79 84 90 96 99 98 94 88 82 76 74 77 85 97111123130129120108 93 78 69 66201125J2 412 99161813199999999999999 952 742254 6699999999999999
 69 75 85 97105108105101 94 87 81 82 87 95107120131132123109 93 75 60 54201126J2 4531081635133999999999999991026 8123 7 5499999999999999
 57 65 76 92108117116112105 97 89 85 89 96105117130136129114 95 75 56 44201127J2 5261181658136999999999999991056 852332 4299999999999999
 43 52 65 82104122128124116107 97 89 89 96105115128139138122101 79 57 39201128J2 5591281726140999999999999991129 88999999999999999999999
 31 37 51 69 93119136138129118107 95 89 94104114125137143133111 86 63 40201129J2 634139175614399999999999999 0 2 3112 3 8999999999999999
 24 23 35 54 77107135148143131118104 93 91100113123133143142123 96 70 47201130J2 711148182714499999999999999 035 211238 9099999999999999
 26 15 20 38 60 88121147154144129115101 93 96109121130139144134109 80 552012 1J2 749155185714499999999999999 110 141314 9299999999999999
 33 16 11 23 44 69100133154154141126113101 97105118128134140138121 93 662012 2J2 829157192614199999999999999 147 111351 9699999999999999
 44 24 11 13 29 51 78110140155150136124113104104114125131134136128106 782012 3J2 912155195213699999999999999 225 10143010299999999999999
 55 36 20 13 19 37 59 85116142150143133123115109112121128130130128116 932012 4J2 957150201113099999999999999 3 4 13151210999999999999999
 68 49 34 22 18 28 45 65 911191391441381311241171131171231251241231181042012 5J2104814419 012599999999999999 346 1816 211399999999999999
 83 64 49 37 27 27 37 52 71 951201351381351311251181141151171161151141092012 6J2114913919 811799999999999999 431 26171311499999999999999
 96 80 66 54 43 36 37 46 59 77 991201321361351301231151091071051041051062012 7J213 5136225210699999999999999 521 36211010499999999999999
102 94 83 73 62 52 47 48 55 67 84104121132136134127117106 97 92 89 91 952012 8J21411136999999999999999999999 620 4721 9 8999999999999999
 99100 97 91 83 73 64 59 58 64 75 91109124134137132120106 91 79 72 72 772012 9J2 046100145313799999999999999 732 582132 7199999999999999
 86 95102106103 95 85 76 70 68 73 85100115128137137126109 90 72 58 51 55201210J2 3 7106152913899999999999999 849 6822 7 5199999999999999
 65 79 94109118117109 98 88 80 77 82 94108122134141135118 95 72 51 35 32201211J2 42411916 514199999999999999 953 772247 3199999999999999
 40 56 75 98120132130121110 97 87 84 91103116129141144131107 80 54 30 15201212J2 5221321642145999999999999991048 832329 1399999999999999
 15 28 49 75106133145141131117103 91 90 99111124138148145125 96 66 36 11201213J2 6131451720149999999999999991136 89999999999999999999999
 -2  3 21 46 79117145155148136121104 93 95107119132145153142116 83 52 21201214J2 7 0155175915399999999999999 012 -21220 9299999999999999
 -3-12 -2 19 49 87128154159150137120103 96102114126139151153136105 72 41201215J2 744160183815499999999999999 056-1213 2 9699999999999999
 10-11-15 -1 23 56 98137158158147133117102 99108120131143153148125 94 63201216J2 827160191715399999999999999 140-161342 9999999999999999
 33  5-11-10  6 31 65107142155151141129113103104114124133143148138113 84201217J2 911156195614899999999999999 224-13142310299999999999999
 58 31  7 -4  2 18 42 76114141148143135124112105109117123130138139125101201218J2 956148203614099999999999999 3 7 -415 610599999999999999
 77 56 33 16 10 18 33 55 86118137140136131122112108111115118123128125111201219J21046140211812899999999999999 351 10155710899999999999999
 92 74 58 41 29 28 35 48 68 95119131133131128120111108108108109112115111201220J2114613322 411599999999999999 435 27182110899999999999999
 99 86 75 64 52 45 47 53 63 80101119127129129125117109104101 98 97100102201221J2132912923 010299999999999999 518 452040 9799999999999999
 99 92 85 79 72 65 62 64 69 77 91107119125127127122112102 95 89 85 85 89201222J21423128999999999999999999999 6 1 622125 8499999999999999
 92 92 90 88 86 82 78 78 79 83 90100111120125127123115104 92 82 75 72 75201223J2 028 92145212799999999999999 646 782158 7299999999999999
 80 86 90 94 95 94 92 91 90 91 95101108116123126125117106 92 78 67 62 62201224J2 4 0 95151512799999999999999 755 902222 6199999999999999
 67 76 85 95101103103102101 99100104109114120126127121109 94 78 63 52 50201225J2 512103154212799999999999999 916 992246 5099999999999999
 54 63 76 91105111112111110107104106110114119124129126114 98 81 63 46 38201226J2 54211216131299999999999999910111042315 3899999999999999
 41 50 63 81102118123121118114108106109115119123130132124106 86 66 46 31201227J2 6 512316471339999999999999910571062347 2799999999999999
 27 34 48 67 92118132133128122114106105111118123129136134118 95 73 51 30201228J2 6341341723136999999999999991140105999999999999999999999
 17 19 32 50 76108134145141132122111103105114122128136141133110 84 59 35201229J2 7 714518 014199999999999999 022 16122010299999999999999
 15  6 15 33 57 89124148152143131119106100106118127134142143127100 71 46201230J2 742153183614499999999999999 059  6125810099999999999999
 21  3  1 15 37 66103138157154142128115103101111123131139146141119 88 60201231J2 820158191214699999999999999 137  0133710099999999999999
