 80 57 39 31 35 50 71 94115131138135124111 98 89 87 9310211312212612211120 1 1J610 713821 612699999999999999 311 311545 8799999999999999
 93 74 58 46 43 50 65 83102119130133128119107 96 88 86 90 9710411011311020 1 2J6105113322 111399999999999999 347 431649 8699999999999999
101 88 75 63 57 57 65 78 93109121129130125115104 92 84 80 81 86 92 9810220 1 3J61138130232910399999999999999 427 561816 8099999999999999
102 98 90 81 73 69 70 76 87100113123129129124113100 86 76 70 69 73 80 8920 1 4J61232130999999999999999999999 518 681941 6899999999999999
 97101101 97 90 84 79 79 84 93104117126132131124110 93 77 63 55 53 60 7120 1 5J6 134102132713299999999999999 634 792038 5399999999999999
 84 97107111108101 94 88 85 87 96108121131136135124105 84 63 46 37 38 4920 1 6J6 3 5111141813799999999999999 8 4 852124 3699999999999999
 66 85103117123120111101 92 86 89 99113127138143138122 98 72 47 28 20 2520 1 7J6 4 612315 514399999999999999 914 8622 5 2099999999999999
 42 66 91115131136130118104 91 85 89102118135147151141119 88 57 29  9  520 1 8J6 45413615501519999999999999910 9 852246  499999999999999
 17 41 70102129145147136120102 88 83 90106126144156157142112 76 40 10 -720 1 9J6 5361481633159999999999999991056 832327 -999999999999999
 -6 13 44 79115143156153138117 97 83 80 92113135154165161138103 62 24 -520 110J6 6171571715166999999999999991139 80999999999999999999999
-18-10 16 52 92129155163154134111 90 77 80 97121144163170160131 91 48 1020 111J6 656163175717099999999999999 0 7-181220 7799999999999999
-16-23 -8 24 64105141162164149126102 82 74 82103128152168170154121 79 3620 112J6 735165183917299999999999999 048-2313 0 7499999999999999
  1-20-19  2 37 78118150164159141116 92 76 73 85108133154167164143108 6820 113J6 813164192216899999999999999 129-221341 7299999999999999
 29 -1-15 -8 18 54 93129154160150130106 84 72 73 88110132151159153130 9720 114J6 85216120 715999999999999999 2 9-151424 7199999999999999
 61 27  4 -2 10 37 71106136153153140119 97 79 70 73 8810712614114613811820 115J6 932155205614699999999999999 250 -21512 7099999999999999
 89 59 34 18 17 32 57 87116139149145131111 91 75 68 71 83 9811412613112520 116J61013149215613199999999999999 332 1516 9 6899999999999999
109 88 65 46 37 39 53 75100122138144138124105 86 71 64 65 73 85 9811011620 117J61057144231811799999999999999 418 361722 6399999999999999
115106 92 77 64 58 61 72 89108125137139133119101 82 67 57 54 59 69 82 9620 118J61147140999999999999999999999 511 571852 5499999999999999
106111109102 91 82 77 77 85 98113126136138131118 99 78 60 47 41 43 53 6920 119J6 114111124613899999999999999 623 762013 4099999999999999
 86102113117114106 97 90 88 92102115128136139133118 96 73 51 34 26 29 4120 120J6 3 1117135013999999999999999 754 882114 2699999999999999
 60 83105121128126118107 97 92 94104117130140143135117 93 66 40 21 13 1820 121J6 415128144914399999999999999 912 9222 5 1399999999999999
 35 58 86113132139135125110 97 90 93104119135146149138116 87 56 28  9  320 122J6 5 71391542149999999999999991011 902249  399999999999999
 13 34 64 96125143147140125107 91 86 92106124142154154139112 79 45 16 -120 123J6 5481471630156999999999999991059 862330 -399999999999999
 -1 14 41 75110138152150138118 98 83 81 91109130150160156135104 68 33  620 124J6 6231531714161999999999999991139 80999999999999999999999
 -6  1 22 54 90125149156148130107 86 75 78 94115138157164153127 92 55 2120 125J6 655156175516499999999999999 0 7 -61216 7499999999999999
 -1 -5  9 36 71108139155154140118 94 75 70 79 99123146161162145114 78 4220 126J6 725157183316499999999999999 043 -61252 6999999999999999
 13 -2  3 24 55 90124148156147127104 81 68 69 84106129150160154131 99 6420 127J6 75515619 916099999999999999 116 -21326 6699999999999999
 32 10  5 18 43 76109137152150135113 90 72 65 72 90112133149152140114 8320 128J6 823153194415399999999999999 146  414 0 6599999999999999
 52 27 14 18 38 65 96124143149139121 99 79 66 65 77 96116133142139123 9720 129J6 851149201814399999999999999 216 141434 6499999999999999
 70 45 29 26 37 60 86112133143140126107 87 72 64 68 81 9811512713112410720 130J6 917144205413199999999999999 243 251510 6499999999999999
 85 63 46 39 43 58 80103122135138129114 96 79 68 64 70 82 9610911711811020 131J6 943138213611999999999999999 310 381551 6499999999999999
 95 79 64 54 53 62 78 96114127133130119104 88 74 65 64 69 79 9010010610620 2 1J61011133223510799999999999999 337 531642 6399999999999999
101 91 80 72 67 70 79 92107119127129123113 98 83 70 62 60 63 70 79 89 9620 2 2J61044129999999999999999999999 4 9 671755 6099999999999999
 99 98 94 89 84 82 85 91101111120125125120110 97 81 67 57 52 52 58 68 7920 2 3J6 019 99113212699999999999999 455 821928 5199999999999999
 90 98103104101 97 95 95 97103111119124125122113 98 80 62 48 39 37 44 5720 2 4J6 239104125112599999999999999 638 942043 3799999999999999
 73 89104114118115109103 98 96100109118126130129119100 78 55 36 23 21 3120 2 5J6 358118142013099999999999999 849 962140 2099999999999999
 49 71 95115129132126116105 95 91 96107120132139139126102 73 45 20  6  620 2 6J6 447132152614099999999999999 958 912229  499999999999999
 21 46 75105130144143132117100 87 83 91107125142152149131101 66 31  4-1020 2 7J6 5271451621152999999999999991047 832314-1099999999999999
 -5 17 49 85120146156150132111 89 76 76 89110134154164157133 96 55 17-1120 2 8J6 6 415617 9164999999999999991130 742356-2099999999999999
-20 -8 20 59100137160163149126 99 76 65 70 90116143165172160129 88 44  520 2 9J6 6401641755172999999999999991211 65999999999999999999999
-20-23 -3 32 75118152168163142113 84 63 57 68 93123152172175157121 77 3320 210J6 714168183917699999999999999 037-251250 5699999999999999
 -3-21-15 11 50 94134162169155129 98 70 52 52 69 97128156172170147110 6720 211J6 748169192417399999999999999 116-221330 5099999999999999
 27 -2-11  2 33 72113147165162142113 82 57 45 51 72100129153165158133 9820 212J6 82216620 916599999999999999 154-121410 4599999999999999
 61 28  8  7 26 58 94129153161150127 97 69 49 43 52 73 9912514415114212020 213J6 854161205715199999999999999 232  51453 4399999999999999
 90 61 37 26 33 53 82112138152151136111 85 61 46 43 54 72 9411513013412720 214J6 926154215213499999999999999 3 9 261540 4399999999999999
110 88 68 53 50 59 78101123140146139123100 77 58 46 45 53 67 8410111311820 215J6 95914623 511899999999999999 346 501637 4499999999999999
115105 93 81 73 74 82 96112127136137129114 95 75 58 48 45 49 58 71 86 9920 216J61036138999999999999999999999 428 721754 4599999999999999
107110108103 96 92 93 97106116124130129123111 94 77 61 49 42 42 48 59 7320 217J6 1 4110112613099999999999999 527 921934 4199999999999999
 89102112116115111107104103107113119124126122113 98 80 62 47 36 32 37 4920 218J6 315116125212699999999999999 7331032056 3299999999999999
 66 86105119126126121113105101102107115123128128119103 83 61 41 27 22 2920 219J6 427127142812999999999999999 9181012154 2299999999999999
 44 66 91114130136133124111 98 92 94102114126135136126107 82 56 32 17 1520 220J6 5 71361535137999999999999991015 922240 1499999999999999
 25 45 73103128142143134119101 86 82 87100117134146145131107 77 47 22  920 221J6 5371441627147999999999999991055 822319  899999999999999
 12 28 54 87119142150144129107 86 73 73 84103125145155150130101 67 35 1220 222J6 6 31501711156999999999999991130 712353  499999999999999
  5 15 38 70105136153153139117 91 70 61 68 86110136155161149123 89 53 2320 223J6 62915517501619999999999999912 3 61999999999999999999999
  5  7 25 55 90125150158149127100 74 56 55 69 93120146162161142110 74 4020 224J6 655158182616499999999999999 025  41235 5399999999999999
 15  6 18 43 77112143159156137111 82 58 48 55 75103131153162153128 94 5920 225J6 72016019 116299999999999999 054  613 6 4899999999999999
 30 14 16 36 66100132153158145120 92 65 48 46 60 85113138154156139111 7820 226J6 745159193415799999999999999 122 121336 4499999999999999
 48 27 21 34 59 90121145155149128101 74 52 43 49 69 95120140149143122 9420 227J6 8 715520 714999999999999999 149 2114 6 4399999999999999
 66 44 33 37 57 84112135149148133109 82 59 45 44 56 7810212313613912710620 228J6 828151204113999999999999999 214 331435 4399999999999999
 82 61 48 47 59 80105127141145136116 91 68 51 44 48 63 8410411912812511320 229J6 848145211912899999999999999 237 4615 7 4499999999999999
 96 78 65 60 65 80100120134139135121100 78 60 48 46 53 67 8410011111611320 3 1J6 9 614022 811699999999999999 3 0 601545 4599999999999999
104 92 81 75 76 84 98113126133133125109 91 73 58 49 48 54 65 78 9110110620 3 2J6 928134233010699999999999999 325 751639 4799999999999999
106102 96 91 89 92 99108118125128125117104 89 74 60 51 48 50 57 67 79 9120 3 3J610 3128999999999999999999999 359 8918 6 4799999999999999
 99105107107104103103106109114119122121116107 95 79 64 51 43 40 44 54 6820 3 4J6 213107111412299999999999999 5201031957 4099999999999999
 84 99111119120117113108104103107112118122122117105 87 67 48 33 26 29 4220 3 5J6 345120134112399999999999999 8421032113 2599999999999999
 61 83105124133133126116104 95 92 97107119129135131117 93 66 40 19 10 1520 3 6J6 429135151213599999999999999 951 9222 9 1099999999999999
 34 60 90118140148143129111 93 80 79 89105124141150146126 96 62 29  5 -320 3 7J6 5 51481612151999999999999991037 782256 -399999999999999
  8 33 66103135155158145124 98 76 64 67 84108134156165157131 94 53 17 -620 3 8J6 53815917 3165999999999999991117 632338-1199999999999999
 -9  8 41 81121153167162140111 80 57 49 59 83114145169176161129 87 44  820 3 9J6 6111681750176999999999999991156 49999999999999999999999
-11 -6 19 57101141167172157127 92 60 39 38 56 86122155177179159123 79 3720 310J6 643173183618199999999999999 019-121234 3699999999999999
  6 -5  7 39 80122157174168144109 72 42 27 33 57 91128160178174150113 7220 311J6 715175192117999999999999999 057 -51312 2699999999999999
 35 12 10 30 64104141166172156125 88 53 28 21 34 62 9613115917016213710320 312J6 74517220 617199999999999999 134  81351 2199999999999999
 68 40 27 34 58 90124152166161138105 70 40 23 23 40 67 9912915015714712420 313J6 814167205315799999999999999 210 261430 2099999999999999
 97 71 52 49 61 85112138155158144119 88 58 35 24 29 46 71 9712113714013220 314J6 841159214614199999999999999 244 481512 2499999999999999
115 96 80 70 73 86106126141149144127103 77 54 37 32 37 52 70 9110912112520 315J6 9 8149225412599999999999999 318 701559 3299999999999999
120111101 93 90 94105118129137138130114 95 75 57 45 41 44 53 66 81 9610720 316J6 936138999999999999999999999 354 9017 2 4199999999999999
114115114110107106108113119125127126119108 94 79 65 55 48 47 51 59 71 8520 317J6 057115101212799999999999999 4471061845 4799999999999999
 98110117121120118114112112113115117118116110101 88 75 62 51 45 45 51 6320 318J6 319121114711899999999999999 7511122031 4499999999999999
 80 97114125129128122114107102102105110116120119111 98 81 64 48 39 38 4620 319J6 415130141912099999999999999 9341012136 3799999999999999
 61 82104124135137131120106 94 88 90 98109121130130120104 83 60 41 31 3320 320J6 4431371531131999999999999991013 882221 3199999999999999
 45 66 92118137144140127109 90 77 75 82 96114132142140126104 78 51 32 2520 321J6 5 71441621143999999999999991043 742257 2599999999999999
 33 51 78108134149149137116 92 71 62 65 80101125144153146126 98 68 40 2420 322J6 52915117 2153999999999999991113 612329 2299999999999999
 25 40 65 96128150157147126 99 72 54 50 62 84111138156159145119 87 55 3120 323J6 5531571740160999999999999991143 492359 2299999999999999
 22 31 54 85118147161157138110 79 53 40 45 65 93124150164159138107 73 4420 324J6 6161621815164999999999999991213 40999999999999999999999
 27 27 46 74107139160163148121 88 58 37 34 48 75106136158164152125 93 6120 325J6 640164184916599999999999999 027 251242 3399999999999999
 38 30 41 67 98129154164155131 99 67 41 29 35 57 88119146161158139110 8020 326J6 7 3164192216299999999999999 054 301310 2899999999999999
 54 40 43 62 90120145160158139109 76 48 30 28 43 70101129150157147124 9620 327J6 724162195515799999999999999 121 391337 2699999999999999
 71 54 50 62 86113137153157144118 86 57 35 26 33 54 8211013314714713311020 328J6 743157202914999999999999999 146 5014 5 2699999999999999
 88 70 62 67 84107130146152145125 97 68 44 30 29 42 65 9111413113913412020 329J6 8 015221 813999999999999999 210 621435 2899999999999999
102 86 76 76 86104123139146144131108 81 57 40 32 36 50 71 9311112412812320 330J6 818147215612899999999999999 234 751511 3299999999999999
112100 91 87 91102117131139140133117 96 74 55 42 38 42 54 71 8810311411820 331J6 839141231111899999999999999 3 0 8716 0 3899999999999999
116111105101100104112121129133131123110 94 76 60 49 43 45 53 65 79 9310520 4 1J6 913133999999999999999999999 3381001716 4399999999999999
113117117115112110111113117121123123119111100 86 70 56 47 43 45 54 68 8420 4 2J6 135117102512399999999999999 5161101910 4299999999999999
100114124128126121115109105105109114119122120113 99 80 62 46 35 34 42 5920 4 3J6 3 8128131712299999999999999 8321052040 3399999999999999
 80103123137141135124111 98 90 89 96108120131135129112 89 63 40 25 23 3420 4 4J6 353141145813599999999999999 934 892141 2299999999999999
 56 84113137151151139120 99 80 71 73 87106127145152144123 93 61 33 16 1620 4 5J6 42915316 1152999999999999991017 702230 1499999999999999
 33 62 95129154164156135108 80 59 51 60 82109138160167156129 93 57 26 1220 4 6J6 5 21641654167999999999999991057 512314 1199999999999999
 17 41 75113147169170153123 89 57 37 35 52 81116149173177161129 90 52 2420 4 7J6 5341721743178999999999999991135 332355 1499999999999999
 14 27 56 94133164177169141105 66 35 19 25 50 85124159181180159125 85 5020 4 8J6 6 61781829183999999999999991213 19999999999999999999999
 27 26 45 78117152175178158123 83 45 17  9 23 54 92132165181176152118 8220 4 9J6 637179191518299999999999999 034 231251  999999999999999
 52 38 44 69102137165177168141102 62 28  8  8 28 6110013716517516514211120 410J6 7 617720 017599999999999999 111 371329  599999999999999
 82 60 55 68 93123150168170152120 82 47 20  8 15 38 7010513615716215213120 411J6 735172204716399999999999999 147 5414 7  899999999999999
107 86 73 76 91114137156163156133101 68 40 21 16 27 49 7710613014514713820 412J6 8 2163213914899999999999999 222 721447 1699999999999999
123107 94 89 95110127142152151138116 89 63 42 30 29 41 59 8010212113213320 413J6 828153224313499999999999999 256 891530 2899999999999999
129120111105104110120131138141136123104 84 65 51 43 43 51 64 79 9511012020 414J6 855141999999999999999999999 3351031625 4299999999999999
124124122118114114117121125128128123114101 87 74 63 56 54 57 64 75 8810220 415J6 032125 92912899999999999999 4351141751 5499999999999999
114122126127124120116114113114115116116112106 96 85 74 65 59 57 61 71 8420 416J6 235127111111799999999999999 8 11131947 5799999999999999
100115126132132127119110103100101105110116118115107 95 81 68 58 54 58 7020 417J6 32813314 211899999999999999 9171002059 5499999999999999
 86105123135139135125111 97 87 85 89 99111122128126116101 83 65 53 51 5820 418J6 357139151612999999999999999 949 852145 5099999999999999
 73 94117136146144133115 96 79 70 72 83 99118133140135121101 78 59 48 5020 419J6 42114616 5140999999999999991018 702222 4799999999999999
 63 84109133150153143124100 76 60 56 65 83106129146150140120 96 71 52 4620 420J6 4441531646150999999999999991047 552254 4699999999999999
 54 74 99127150160154135109 80 56 43 47 64 89117143157155139115 87 62 4820 421J6 5 81601724158999999999999991116 432326 4699999999999999
 49 65 90118145162163147120 89 58 37 33 46 70101131155164155134106 78 5720 422J6 53316518 0164999999999999991145 322356 4999999999999999
 49 59 81109138160168158133100 66 39 25 30 51 82115145164165150124 96 7120 423J6 5581681835167999999999999991214 24999999999999999999999
 56 57 75101129153167165144112 77 45 24 20 35 63 96129155167161140114 8820 424J6 622169191016799999999999999 025 541243 1999999999999999
 68 62 72 94121146163166153124 89 55 30 17 23 45 7711013915916315112910420 425J6 644167194516499999999999999 054 621312 1799999999999999
 83 72 74 90114138156164157135102 68 39 21 18 31 58 9012014415715514011920 426J6 7 5164202215899999999999999 122 711342 1799999999999999
 99 85 81 89108130149159158143116 84 53 31 20 24 42 69 9812414215014413020 427J6 72616021 315099999999999999 150 801415 2099999999999999
113 99 91 93105123140152155147128101 72 47 30 25 33 52 7710112213614013520 428J6 749155215414099999999999999 220 901455 2599999999999999
124112103100105116130142147146135116 92 68 49 36 33 41 57 78 9811612813320 429J6 81814823 413399999999999999 2551001545 3399999999999999
130123116110109112120129136138136127111 93 73 56 45 41 46 58 74 9211012320 430J6 9 4138999999999999999999999 3491091656 4199999999999999
130132128123117113113115119124128128124114101 84 67 54 46 46 54 68 8710620 5 1J6 047132103412899999999999999 5391131830 4599999999999999
122134139136129120111104102104111118124127124114 97 78 61 48 44 49 64 8520 5 2J6 21113913 212799999999999999 8 01021959 4499999999999999
108128143149144132116100 88 83 87 98112126136138129110 87 65 48 40 46 6420 5 3J6 3 2149144113999999999999999 9 4 8321 5 4099999999999999
 89116140155158148128105 83 67 63 71 89111133149154143121 94 67 47 39 4820 5 4J6 342159154815499999999999999 950 622158 3999999999999999
 70 99129154168164146118 88 61 44 44 59 84114143163167154128 97 67 47 4220 5 5J6 4181691643168999999999999991032 422245 4299999999999999
 56 82114145169176164137102 66 38 24 30 53 85121154175176159131 98 68 5020 5 6J6 4531761734178999999999999991112 242328 4899999999999999
 51 69 99132161179178156121 82 44 18 10 24 53 91130164182179159129 97 7020 5 7J6 5261811822183999999999999991151 10999999999999999999999
 57 64 87117149173183172142103 62 26  5  5 25 59 99139170183176155126 9620 5 8J6 55918319 918399999999999999 010 571230  299999999999999
 75 69 81106135161179179159125 84 45 15  2  9 34 6910814417017816814712120 5 9J6 631181195417899999999999999 049 6813 9  199999999999999
 97 82 83 99123148168177168143107 69 36 13  7 20 46 7911514616516815713820 510J6 7 3177204016999999999999999 126 811348  799999999999999
117100 92 98115135154166167153125 92 60 34 19 19 35 59 8911814215515514620 511J6 734169212915799999999999999 2 4 921428 1799999999999999
131116105103111126141153159154137112 84 59 40 31 35 50 71 9411713614514420 512J6 8 6159222514599999999999999 2421021511 3199999999999999
137127117111112119129138145146139124103 83 64 51 46 50 62 78 9611412813620 513J6 841147234013799999999999999 32511016 0 4699999999999999
137133127120116116120125130133133127116102 87 73 63 59 62 70 82 9611112420 514J6 928134999999999999999999999 43011517 5 5999999999999999
132135134129122117113113115118121123121115106 95 84 74 69 69 74 84 9711120 515J6 11013511 012399999999999999 6421131833 6899999999999999
124134138136130121111104100101105112117121120114104 92 81 74 71 76 8610020 516J6 212138131812199999999999999 8211001953 7199999999999999
116130140143138128114100 90 85 88 96107118126128122111 97 84 75 72 78 9020 517J6 251143144312899999999999999 9 6 852050 7299999999999999
107125141149148137121102 84 72 71 78 92109125136137130115 99 84 73 73 8220 518J6 322150153913899999999999999 941 702134 7299999999999999
 98118138152157149131108 85 65 56 60 74 94116136147146134116 97 81 72 7620 519J6 3511571624148999999999999991013 562213 7299999999999999
 90110132151162160143119 91 65 47 43 54 75101127148157151135114 94 78 7420 520J6 41916317 5157999999999999991045 432249 7399999999999999
 83102124147163168156132101 71 46 33 37 55 83113141160164153133110 90 7720 521J6 4481681744164999999999999991116 322325 7699999999999999
 79 93116139160171167146115 82 51 29 24 36 62 94127154169166150128105 8720 522J6 5161721822170999999999999991148 232359 8099999999999999
 80 87107131153169173159131 96 62 34 19 22 42 7310814016417216414512210020 523J6 54417319 0172999999999999991220 17999999999999999999999
 87 86100122145164173168147113 77 44 22 14 26 52 8612015016817015813711520 524J6 612174193817299999999999999 033 841254 1499999999999999
 98 90 96114136156169172159131 95 61 33 16 17 34 64 9813015516716414913020 525J6 640172201816899999999999999 1 6 901329 1499999999999999
111 99 97107127147162169165146115 81 50 27 17 24 45 7510613515516215614120 526J6 71017021 116299999999999999 140 9614 7 1799999999999999
125110103105118135152162164155133104 73 46 28 23 33 55 8311113515115614920 527J6 743165215115699999999999999 2171021450 2399999999999999
136123112108112123138150157156145124 98 71 49 35 33 43 63 8811313414715120 528J6 825157225015199999999999999 3 21081541 3299999999999999
145135124114111114122133142147146137120 98 76 57 45 43 51 68 9011313214520 529J6 923148235914999999999999999 4 31111641 4299999999999999
149146137125115109109114121130136138134122105 86 68 56 52 57 72 9211413320 530J61050138999999999999999999999 5331091754 5299999999999999
147152149139126112102 97 98105116127134136130117 99 80 66 59 62 75 9511720 531J6 1 8152124513699999999999999 716 971913 5999999999999999
138153158154140122103 88 79 79 89104120135143142130112 92 75 66 67 8010120 6 1J6 2 4158142314499999999999999 827 782023 6599999999999999
125146161166157138113 89 69 58 61 74 95119140153154143123101 82 71 73 8720 6 2J6 250166153515699999999999999 920 582123 7099999999999999
110135157171171157131100 71 48 39 45 64 92122148165166153132108 87 76 8020 6 3J6 33217316351689999999999999910 6 392216 7699999999999999
 97121147169179174152119 84 52 29 23 35 60 93128158175175160137112 91 8220 6 4J6 4111801728177999999999999991050 2323 4 8299999999999999
 89109134159178184171142106 67 35 15 14 32 63100137168182179162137112 9320 6 5J6 4491841817183999999999999991132 122348 8899999999999999
 88 99121146170185184164130 91 53 22  8 13 36 7010914717418517815913411120 6 6J6 52718619 3185999999999999991214  7999999999999999999999
 96 96110133157177186178153117 78 42 16  8 19 46 8111915417618217115212920 6 7J6 6 5186194718299999999999999 030 941254  899999999999999
109 99104121143164179182168140104 67 36 17 16 32 59 9312815817417416214420 6 8J6 642183203017699999999999999 110 991334 1499999999999999
124108104113130149166176173155126 93 62 37 25 29 47 7410413515816716415220 6 9J6 719177211316899999999999999 1491041414 2499999999999999
136120109109119135150163168161142115 87 61 43 37 45 63 8711313815415915420 610J6 758168215715999999999999999 2291081455 3799999999999999
143130117111113123135147155157148130107 85 65 53 51 61 77 9812013915015220 611J6 839157224515399999999999999 3141111537 5199999999999999
147138126117112114121130139145144136122104 87 72 65 66 75 8910612413914720 612J6 929145233914999999999999999 4 91121623 6499999999999999
148144135124115110111115121128134134129119106 93 82 76 78 85 9811312814020 613J61036135999999999999999999999 5261101717 7699999999999999
147148143133122111104102104110118125128127121111100 91 86 87 9310411813220 614J6 036148121512899999999999999 6591021823 8699999999999999
144150149142130116103 94 90 92100110120128130126118108 99 93 93 9911012520 615J6 127150135513099999999999999 8 7 901933 9299999999999999
138149155152141125107 91 79 76 81 92107121132137134126114104 97 9710411720 616J6 21115515 713899999999999999 855 762035 9699999999999999
132146157160153137116 94 76 64 63 73 89108127142147143132119107 9910010920 617J6 25016016 214799999999999999 935 622128 9899999999999999
124140155164163151129103 78 59 49 53 69 9111513815315715013612110710010320 618J6 3271651649157999999999999991012 49221510099999999999999
115132150164170164145117 88 61 43 38 48 70 9712615016516515413812010610020 619J6 4 41701731167999999999999991049 38225810099999999999999
107123142160172174162136103 72 45 30 31 48 7610713816317417015513611710420 620J6 4401751812174999999999999991126 28233910199999999999999
102113132152170179175155124 88 55 31 20 29 52 8511915117317917015213111320 621J6 51618018521799999999999999912 4 20999999999999999999999
103106121142162178183172146110 73 41 20 17 32 61 9613116217918016614612520 622J6 552183193118299999999999999 0171021242 1699999999999999
109103111130152171182182165134 97 61 32 16 19 39 7110814216918117615913920 623J6 629184201118199999999999999 0561031321 1499999999999999
119107106118138159175183177156122 86 52 27 17 26 50 8311915017217816915220 624J6 7 8183205217899999999999999 13410414 2 1799999999999999
132115106109123143161175179169145112 78 49 29 25 38 63 9512815517117316220 625J6 750179213617499999999999999 2161051445 2499999999999999
145126112106111125142158169170159136107 77 52 37 37 52 7710613515816916820 626J6 838171222217099999999999999 3 31061531 3599999999999999
156139122109105110121136150159160150131106 81 61 50 52 66 8911514015916720 627J6 936161231216799999999999999 3591051621 4999999999999999
164152136119106100103112124137147150144130111 91 74 66 68 8010012314516020 628J61051150999999999999999999999 5101001719 6599999999999999
166162150133114 99 91 91 97109124136144144136121104 90 82 82 9210913014920 629J6 0 6166123014599999999999999 634 901826 8199999999999999
163168163149129108 90 78 75 81 94112129142148145134119105 95 9410111713620 630J6 1 2168141014899999999999999 751 751941 9399999999999999
154167171165148124 99 77 63 58 65 8210412614515615614713211710610210912420 7 1J6 155171153015899999999999999 853 58205210299999999999999
142160172176166145117 89 63 47 43 53 7410012815216616715714212511110711420 7 2J6 247176163316899999999999999 945 43215310799999999999999
130149167179180166141109 77 50 33 32 46 7210313516217617616414612711310920 7 3J6 3351811727178999999999999991033 30224610999999999999999
118135155174185183164135100 65 38 23 27 46 7511014517218418016614612511120 7 4J6 4221861814184999999999999991119 22233310999999999999999
110122142162181190183160127 90 55 29 19 27 51 8412115618018718016214012020 7 5J6 5 619018561879999999999999912 2 19999999999999999999999
109112127148169186191180153117 80 47 25 21 35 62 9613416618418617415413220 7 6J6 550192193418799999999999999 0161081243 2099999999999999
113107115132154175189189172142107 71 42 26 28 47 7611114617318418016414320 7 7J6 631191201118499999999999999 0561071322 2599999999999999
122108107119138159177187182161131 97 65 41 33 42 64 9312615617518017015320 7 8J6 712187204618099999999999999 1351061359 3399999999999999
133115105109123142161175180170148119 89 63 46 45 59 8211013916217417216020 7 9J6 751180211917599999999999999 2131051434 4499999999999999
142124110105112126143158169169157135109 84 65 56 61 7810012514816516916320 710J6 832171215317099999999999999 25310515 8 5699999999999999
149133117107106113126140152159156144125104 85 73 70 79 9611613715416416420 711J6 915159222816599999999999999 3371051542 7099999999999999
155141126113105105112122133143148144134119104 91 84 85 9511112814415716220 712J610 614823 616299999999999999 4291041618 8399999999999999
158149135121109102101106115125133138136130119108100 9710010912213614915720 713J61116138234916099999999999999 53410117 1 9799999999999999
160155145131116104 96 94 9710611612613213413112511711110911111812914115220 714J61256134999999999999999999999 650 94175810999999999999999
158159154142127110 96 87 83 87 9710912113213813813412712111811812413314520 715J6 040159143513999999999999999 759 83192311799999999999999
154160161154140122103 86 75 71 77 8910512213714714914413612812312112613620 716J6 137161154514999999999999999 854 71204612199999999999999
148158164164156138116 93 74 61 59 68 8510612814715816015314313212312112620 717J6 234165163816099999999999999 942 58214912199999999999999
138152163171170157135108 81 59 47 48 62 8411113815917116915914513112011820 718J6 3251711722171999999999999991026 45224011899999999999999
127142158171179175157129 98 68 44 34 40 60 8812015117318117516014312511520 719J6 41317918 21819999999999999911 9 34232411499999999999999
116129147166181187179155122 86 54 31 24 36 63 9713316418418717615713611820 720J6 4591871841188999999999999991151 24999999999999999999999
110115132154175190193179149112 73 41 21 20 39 7110914717719218917214912620 721J6 542194191819399999999999999 0 61091231 1899999999999999
110106117138162183196195175141100 62 31 17 23 48 8412416118619418516413920 722J6 625198195419499999999999999 0461051312 1699999999999999
116103104119143168188198191167130 90 54 28 20 34 6310013917219119117615220 723J6 7 8198203119499999999999999 1251011352 2099999999999999
127107 98104122146170188194183156120 83 52 33 32 51 8211815317919018416520 724J6 75319421 719099999999999999 2 7 981431 3099999999999999
141117100 95104123145166181184171146114 82 57 45 51 7110113416318218617520 725J6 841185214518699999999999999 251 941512 4599999999999999
154131109 95 92102119139158170171160139113 88 70 64 73 9311914616818017920 726J6 936172222418199999999999999 341 911555 6499999999999999
166145123103 90 89 96111128145157159152137118100 88 85 9411113215417017720 727J6104515923 717799999999999999 440 881642 8599999999999999
172159139118 99 86 83 88 9911513114415014914112811510710511212414115716920 728J61218151235817399999999999999 553 83174210599999999999999
173168155136114 95 81 74 76 8610211913514715114914113112412012313214515820 729J614 9152999999999999999999999 716 7419 412099999999999999
168172167155135112 91 74 64 64 74 9011113214915916015414513512812813414620 730J6 1 1172153716099999999999999 830 63203512799999999999999
158168173170157135110 86 65 53 53 64 8410813415616917016415213912912713320 731J6 2 9173164017199999999999999 932 52214512799999999999999
145159171178175159135107 79 56 43 45 59 8311214216717917816815313712512320 8 1J6 3131781727180999999999999991024 42223912299999999999999
131146162177185180161133102 71 47 36 41 60 8812215417818618116714712811720 8 2J6 4 818518 51869999999999999911 9 36232411699999999999999
118130148168185192183160128 94 61 39 32 43 6710013616818719017916013711720 8 3J6 4571921840190999999999999991151 32999999999999999999999
109115132153176192196182154120 84 53 35 35 52 8011615218019218717114712320 8 4J6 542196191119299999999999999 0 31091229 3299999999999999
106104115136160183197195176145109 74 47 36 44 67 9913516718819117915813320 8 5J6 624198194119299999999999999 04010313 4 3699999999999999
110 98102119142167187196188164132 97 66 46 44 59 8611915317919018516714320 8 6J6 7 319620 919199999999999999 116 981336 4399999999999999
118100 95104124148171187189176149118 87 63 52 59 8010813916718418617315220 8 7J6 740190203618799999999999999 150 9514 7 5299999999999999
128107 94 95109130152171181177160134107 82 67 66 7910212915517518317615920 8 8J6 81718121 218399999999999999 225 931435 6499999999999999
137116 99 93 99114133152166170163145123101 84 78 8410112314616517617616420 8 9J6 855170212817799999999999999 3 1 9315 2 7899999999999999
145125107 95 94102116133147157158149134117102 93 9310312013915616817216620 810J6 937159215317299999999999999 340 931529 9299999999999999
152134116102 94 9410311512814014714714012911810910611012113514916116716520 811J61031148222116799999999999999 426 93155910699999999999999
157143127111 99 93 93 9910912013113714013713212512112012513314315316016320 812J61156140225916399999999999999 526 92163712099999999999999
160152139124109 97 90 88 9210011112313213814114013613313213413814515215820 813J614 8141999999999999999999999 648 88175313299999999999999
160158151140124108 93 83 78 81 9010311813214415015114814313913713714214920 814J6 0 3160153815199999999999999 811 78201913699999999999999
156160161156144125105 87 73 65 68 80 9811813815416316315714814013313213820 815J6 140161162916499999999999999 915 65213713299999999999999
148158166169164149126101 77 59 51 56 73 9712314916817617216214813412512520 816J6 25916917 91769999999999999910 7 51222912399999999999999
134148163175181173153124 93 65 44 38 48 7110113416418318617716014012311420 817J6 3581811745187999999999999991052 37231211499999999999999
118133152172188192181154119 83 51 30 29 46 7611214918019519217515212810920 818J6 4491931819196999999999999991135 27235210499999999999999
104113134159183199201183151111 71 38 22 27 51 8812816719420119016713911320 819J6 5362021853202999999999999991216 21999999999999999999999
 96 96112138167192207204180143100 60 31 22 35 6510514718320220118215312320 820J6 620208192620499999999999999 031 941255 2199999999999999
 97 85 92113143173198209200172133 91 55 32 31 51 8612716519420419416813720 821J6 7 5209195820499999999999999 110 851333 2999999999999999
106 84 78 91116146176197204190161124 87 57 43 50 7511014717919819818015220 822J6 750204203020199999999999999 149 781411 4399999999999999
120 93 76 76 92117146172190192177150118 88 67 62 7410013216218619518716520 823J6 83819321 219599999999999999 231 741448 6199999999999999
136107 84 73 76 93116141163177177164143119 97 85 8610012314817118518617320 824J6 931179213518799999999999999 316 721526 8399999999999999
151125100 81 73 78 9211113215016216315514112511210610912214015817217917520 825J61037164221017999999999999999 4 8 7316 810699999999999999
162141119 98 82 75 78 8810312013614815315114513612812512813614815916817120 826J61214153225517199999999999999 513 7517 212599999999999999
166155138119100 85 77 75 81 9210712413814915415314914314013914214815516120 827J61423154999999999999999999999 642 75184413999999999999999
164162154140123104 88 75 70 72 82 9711613515116116316015314614013914214920 828J6 0 7164155016399999999999999 814 69204513899999999999999
156162164159146128107 87 71 62 63 74 9211514015917117216615514313313013520 829J6 149164164017399999999999999 923 61215213099999999999999
144155166171167153132108 83 63 54 57 71 9412215017118017716614913212112020 830J6 3 81711714180999999999999991015 53223612099999999999999
128142159174181175158132103 75 54 47 55 7510313516418218517615913711810820 831J6 4 51811743186999999999999991058 47231310899999999999999
112126145167184190180157127 94 65 47 46 60 8611915317919118616914512010220 9 1J6 4531901810191999999999999991135 442347 9799999999999999
 98108128152177193195179151117 83 56 44 51 7210313917119119317915612810220 9 2J6 53519618361949999999999999912 8 44999999999999999999999
 89 92109134162186199194172140105 72 51 48 63 9112515918619618816613810920 9 3J6 61319919 219699999999999999 020 881239 4799999999999999
 87 81 92115143171192198186159126 92 65 53 60 8311414717719419317514811820 9 4J6 650198192719699999999999999 052 8113 8 5399999999999999
 92 77 79 97123152177192191172143112 83 65 64 7910613716618719318115712820 9 5J6 725194195019399999999999999 123 761335 6299999999999999
101 81 74 84106133159178186178156128102 82 74 8110313015617718818316413720 9 6J6 759186201218899999999999999 154 7414 1 7499999999999999
110 88 75 77 92115139160174175162141118 99 88 8910312514916918018116814520 9 7J6 834176203118299999999999999 224 741425 8799999999999999
119 97 81 76 8310012114215716516114813111410310010812414416117217516815120 9 8J6 912165204917699999999999999 255 76144810099999999999999
129107 90 80 80 8910512313814915314913912811811411612614015416516916615520 9 9J6 95915321 816999999999999999 331 78151111399999999999999
138119101 88 82 83 9210411813013914314213713112712713113814815716216215720 910J61112143213516399999999999999 419 81154012699999999999999
146132117102 91 84 84 89 9810912113113814114214113913914014414815215515520 911J61347142223115699999999999999 534 83164313899999999999999
152145134121107 94 84 79 80 87 9811212613814815215214914614214014114414920 912J61528153999999999999999999999 723 79201814099999999999999
152153151143129112 95 80 69 67 74 8810712714616016516315514613613013013620 913J6 05415316 916599999999999999 846 67213112999999999999999
145154161163155138116 92 70 56 53 63 8310813515917417716915513812311611820 914J6 244163164317799999999999999 944 52221511599999999999999
129145161174177168145116 85 58 42 42 58 8511715017618818416814612310610020 915J6 3481781715188999999999999991031 40225510099999999999999
108127150172189191176147111 75 46 32 37 60 94132168192197184160131104 8720 916J6 4401921746197999999999999991114 312333 8499999999999999
 86102128158185202201180145104 66 37 28 42 72111152186203199177145111 8320 917J6 5272041818204999999999999991154 28999999999999999999999
 70 76100132166195210204177138 96 59 36 35 56 91133172199207192162125 9020 918J6 613211184920799999999999999 011 701233 3299999999999999
 65 58 72102138173201211199169130 90 58 43 51 7811515418720520117714210420 919J6 658211192020699999999999999 049 581310 4399999999999999
 72 53 53 74106142176199204189159123 89 66 60 7410413817119520218815812220 920J6 744205194920299999999999999 127 501347 5999999999999999
 87 59 48 55 78110144173191192176149120 95 81 8310112815718119419017013920 921J6 832194201819499999999999999 2 7 481423 7999999999999999
105 76 55 50 61 8411214016417717616314312310610010712414616618118417415220 922J6 925179204718599999999999999 249 50145910099999999999999
124 96 73 59 58 69 8711013315116116215414213012112012714015516717317115920 923J61030163211717399999999999999 336 57153812099999999999999
139117 95 78 68 67 74 8710412213714815215114614013613614014715415916215820 924J61214152215516299999999999999 435 66163313599999999999999
148134118101 87 77 74 76 83 9611112613914815315415114714414214314614915120 925J61434154231715199999999999999 6 6 7419 714299999999999999
150145137125111 96 84 76 73 77 8710312013815216016115715014213513213413820 926J61543162999999999999999999999 755 7321 913299999999999999
144148150145135120103 86 73 67 71 8310112314516116816715814513112111912320 927J6 147150161816999999999999999 9 8 67215211899999999999999
132143154160156144125103 82 67 61 68 8310713315717217416615113211410510620 928J6 3 8160164417599999999999999 957 61222510499999999999999
115131149164171165148125 98 75 60 58 70 92120149171181176160137113 95 8920 929J6 4 117117 7181999999999999991036 572255 8999999999999999
 97114136159176180169147119 89 66 55 61 79107138167184184170146118 92 7820 930J6 44518117311869999999999999911 9 552325 7699999999999999
 79 94118146172186185167140108 79 59 56 70 96127159183191180157127 96 732010 1J6 5241881755191999999999999991139 552355 6599999999999999
 65 75 98128158182192183159128 96 70 58 65 87117149177192189168138105 762010 2J6 6 019218191939999999999999912 8 58999999999999999999999
 59 61 79108140170189190174146115 86 67 65 81108139168188192177149115 832010 3J6 635192184319399999999999999 025 571237 6499999999999999
 60 52 64 89120152177189183161132104 81 72 80102131159181190182158126 932010 4J6 7 918919 519099999999999999 054 5213 4 7299999999999999
 66 52 54 73102133160179183170146120 98 84 84 991241501721841821651361042010 5J6 743183192418599999999999999 122 501329 8299999999999999
 76 56 51 62 85114141163174171155134113 98 931011211441641761781671441142010 6J6 818175194117999999999999999 150 511354 9399999999999999
 86 65 54 57 73 971221441601651581431261121051081201381561691731671501252010 7J6 855165195617399999999999999 219 53141710599999999999999
 99 77 62 58 65 821041241411521531471351251181171231351491611661631531352010 8J6 941154201316699999999999999 253 58144011699999999999999
113 92 75 65 64 72 871041201331421441401351301271281341431511571571531422010 9J61050144203815899999999999999 337 63151212799999999999999
127110 93 80 71 70 75 85 98111124134139141140138137137138142145147147144201010J613 7141213214899999999999999 445 69163313699999999999999
138128115101 88 77 71 71 77 88102117131142149150148143138134132132135139201011J61449150999999999999999999999 632 70201613299999999999999
141141137127112 95 80 68 63 66 78 95116136152160161154143131120115117125201012J6 027141153016299999999999999 8 9 63211511599999999999999
135144151151141123100 78 61 52 56 72 95122147166173168153134115101 96102201013J6 22915216 317399999999999999 912 522155 9699999999999999
117135153166167154130102 73 52 43 51 73103135163181182169145118 94 78 77201014J6 33616816351849999999999999910 2 432233 7699999999999999
 91114141166181181164134 99 67 45 39 53 82117152180193185162129 96 69 56201015J6 42918417 7193999999999999991046 392311 5699999999999999
 62 85116150179195190168133 96 62 43 44 64 98136171195198180147108 72 46201016J6 5181951739199999999999999991128 402349 3999999999999999
 40 54 84121159189202193166129 92 61 48 56 83119156187202194166127 85 50201017J6 6 520218102029999999999999912 8 47999999999999999999999
 29 30 52 88128167195203189160124 90 66 60 75105140173196200181146105 65201018J6 652203184120199999999999999 027 271246 6099999999999999
 34 21 30 57 95135170193196180152121 93 76 79 98127158183195189163125 85201019J6 738198191119699999999999999 1 6 211323 7599999999999999
 50 27 22 37 66102138168185184168144119100 92100120145168184186172143107201020J6 826187194018799999999999999 145 2114 0 9299999999999999
 73 45 30 31 48 75106136160172169157139122110109119136154169176171153126201021J6 91817320 817699999999999999 225 28143710899999999999999
 96 69 49 40 44 60 82107130149157156149138128122124132144155162162154137201022J61021158203716399999999999999 310 40151912299999999999999
116 93 73 59 54 58 69 85103122137145148146141136132133137142146149147140201023J612 0148211314999999999999999 4 4 54162113299999999999999
128114 98 84 73 67 68 74 84 98113128139146148146142137134132132133135135201024J614 2148224413599999999999999 523 67193613299999999999999
133127119108 96 84 76 72 74 81 93109125140149153150143134125119117118123201025J615 2153999999999999999999999 715 7221 111799999999999999
129133133128118105 91 79 72 71 79 93111131147157157150138123109101101107201026J6 136134153515899999999999999 833 71213410099999999999999
117129139143139127110 93 77 69 70 80 98120142158164159144125105 89 83 88201027J6 258143155916499999999999999 923 6822 3 8399999999999999
101118136150154146130110 89 72 66 72 87110135157169168154132106 83 69 69201028J6 35015416221709999999999999910 1 662231 6899999999999999
 81101125148161162150129105 82 67 66 79100127153172176165142113 84 62 53201029J6 4321631646177999999999999991034 6523 0 5399999999999999
 61 81108137160171166148123 97 75 66 72 91117145169181175154124 91 62 44201030J6 51017117111819999999999999911 6 662329 4299999999999999
 44 61 88120150171176164141114 89 72 70 84108136163181182166136101 68 43201031J6 5461761736184999999999999991137 682359 3399999999999999
 33 43 68100134162178175157132105 83 73 80100127154175184175149114 78 482011 1J6 62117918 11849999999999999912 7 73999999999999999999999
 30 31 50 81115147170178169147121 98 82 81 95119145167180178159126 90 582011 2J6 656178182418299999999999999 028 281236 7999999999999999
 34 26 37 62 95128156173173158136113 95 87 93113137159173177165138103 702011 3J6 731175184517799999999999999 057 2613 4 8799999999999999
 43 28 29 47 76108137159169163146126108 97 97109130151166172166147117 842011 4J6 8 716919 417299999999999999 126 261332 9699999999999999
 56 36 29 38 60 881171411561601521361201091041101241421571651641521291002011 5J6 847160192416699999999999999 157 29135910499999999999999
 71 49 37 36 48 70 961191381491501421301201131131211341481561581531381152011 6J6 934151194715999999999999999 233 35143011299999999999999
 90 67 51 42 44 57 76 971171331411421371301241201211271361441491481411282011 7J61037143202214999999999999999 318 42151612099999999999999
109 89 71 57 50 52 61 76 941121261361401391341291251241261301341361361322011 8J61211140213313799999999999999 420 50165312499999999999999
124111 96 80 66 58 56 61 73 891071241361441451411341261191151151181231272011 9J61343145999999999999999999999 546 55193611599999999999999
130128121108 92 75 63 56 57 68 85106127143153154146133119105 97 95100111201110J6 0 8130143515599999999999999 720 552044 9599999999999999
123133138135122103 83 65 54 54 65 86111136155164161147126104 85 73 74 85201111J6 210138151516599999999999999 832 522129 7299999999999999
103123141152150135112 87 65 52 53 68 93122149169174164141112 83 60 49 55201112J6 322153155117599999999999999 928 5022 9 4999999999999999
 74100129153167164145118 89 65 52 56 76105137165181180160128 92 58 35 29201113J6 4191681625183999999999999991016 512249 2899999999999999
 41 68103137166179173151121 90 66 56 65 90122154179189178149110 69 35 14201114J6 51117917 01899999999999999911 1 562329 1299999999999999
 15 35 69109147176187177152121 90 69 64 79106139169188189169132 89 48 16201115J6 6 01871734191999999999999991144 63999999999999999999999
  1  9 37 75117156182188175149119 91 75 76 95124154179190182154113 70 31201116J6 64718818 719099999999999999 0 8  11225 7399999999999999
  5 -2 13 44 84125160181183168143116 94 84 91113139164182185168136 95 55201117J6 734185184018699999999999999 048 -313 4 8499999999999999
 22  3  4 23 55 93130160175173157136114 99 95107127149167177172151118 81201118J6 821176191317799999999999999 128  11343 9599999999999999
 47 22 10 16 37 67100131155164160147131115105107119135151163166156134104201119J6 910165194616699999999999999 2 9 10142210599999999999999
 74 47 29 24 33 52 77104129146152149140128117112116125137146152151139120201120J610 5152202115399999999999999 252 2415 711299999999999999
 96 73 54 42 40 48 64 83104124137143141136128121117119124130135138135126201121J6111514321 513899999999999999 339 3916 911799999999999999
112 95 79 65 56 55 61 72 87104120131138139135129122117115115117121123123201122J61243139222612499999999999999 438 54181811599999999999999
118110100 88 76 69 66 69 76 89104119131138140137129119110104101102106112201123J61351140999999999999999999999 559 66201210199999999999999
116118115107 97 86 77 72 73 79 91107123136144144137125110 96 87 83 87 95201124J6 051118143214599999999999999 725 722058 8399999999999999
106116123123116105 92 81 74 75 83 97114132145151146133115 95 78 68 67 76201125J6 23012315 315199999999999999 828 742132 6699999999999999
 90107122131131123110 95 81 75 77 89106125144155155144124100 76 57 50 56201126J6 330133153215799999999999999 915 7422 3 5099999999999999
 71 91114132142139127111 93 80 75 82 97118139156163155136109 80 54 39 38201127J6 41614216 016399999999999999 955 752234 3699999999999999
 51 73 99125144151144128108 90 77 77 89109132152166165149122 90 58 34 24201128J6 4571511629167999999999999991032 7623 5 2499999999999999
 32 52 81111139155157145125104 86 77 83100123145163170161136103 68 38 19201129J6 53515816581709999999999999911 7 772336 1599999999999999
 17 33 60 93125151163158141120 98 83 80 92113137157170169150119 82 47 21201130J6 6111631726172999999999999991142 79999999999999999999999
  9 17 40 73107139160165155135113 94 83 87104127149165171161134 98 61 302012 1J6 648166175417199999999999999 0 7  91215 8399999999999999
 10  7 23 52 87121149164162147126106 91 87 97117140158168166147115 78 442012 2J6 724165182116999999999999999 039  61248 8799999999999999
 18  6 11 33 65 99131153162155138119102 93 95109130149162165155131 97 622012 3J6 8 1162184816599999999999999 112  51320 9299999999999999
 32 13  8 20 46 78109136153156146129113101 97104119138152160157142115 832012 4J6 841156191716099999999999999 147  71354 9799999999999999
 52 27 14 15 31 57 871151371491481371231111021021111251391491521461291032012 5J6 926150195215299999999999999 226 12143310199999999999999
 74 48 29 20 25 42 66 921171351431421331211111051051121231341401411341192012 6J61018144203914299999999999999 310 20152610499999999999999
 97 73 52 36 30 35 51 72 951171331401391321221121051031071141211271291252012 7J61120141215312999999999999999 4 3 30164610399999999999999
114 98 79 61 47 41 45 57 76 97118133141141134123110100 94 93 971051131192012 8J61229142234812199999999999999 5 8 411838 9399999999999999
120116106 90 73 59 52 52 62 79100121137146146137122105 89 78 74 77 871002012 9J61330147999999999999999999999 626 5120 3 7499999999999999
113122124118104 87 71 60 58 66 83105127144154152138117 94 72 56 51 57 72201210J6 147124142015499999999999999 744 582059 5199999999999999
 91112128136132118 99 81 67 63 71 90113136154162156136108 78 51 33 29 39201211J6 31013615 416299999999999999 851 632146 2999999999999999
 61 88116138149145130109 87 72 67 77 98124148165169156129 95 59 29 12 11201212J6 414150154616999999999999999 948 672230  999999999999999
 28 57 90124150161156138114 91 75 72 85109135159173172152118 79 40 10 -5201213J6 5 81611626175999999999999991039 712313 -599999999999999
  1 24 58 97134161170161141116 92 77 79 95120146168178170143105 62 23 -4201214J6 55817017 5178999999999999991126 762355-1399999999999999
-13 -1 27 65107144168173161139113 91 80 86105131156174178163131 90 48 11201215J6 64517317441799999999999999912 9 80999999999999999999999
-11-14  4 36 76117151170170155133108 90 84 95115140161175172151116 76 37201216J6 729172182317699999999999999 036-151250 8499999999999999
  5-10 -6 16 49 88125154166162146124103 90 90103124145162170161137102 65201217J6 81216619 117099999999999999 117-111330 8899999999999999
 31  6 -2  8 32 64 99131152158151135116100 91 96110128145157159147121 90201218J6 853158193916099999999999999 157 -21410 9199999999999999
 58 31 14 12 26 49 77107133147148140126110 98 94100113127140147145131108201219J6 936149201914899999999999999 236 111453 9499999999999999
 82 56 36 27 30 44 65 89113132141139131119107 97 96101110121129133129117201220J6102114121 413399999999999999 316 261544 9599999999999999
 98 78 60 46 42 47 60 78 98116130135133126115104 96 94 97102109116119116201221J6111113522 411999999999999999 358 421655 9499999999999999
107 94 80 67 58 57 62 73 88104119129133130123112101 92 87 87 90 96102107201222J612 6133233810899999999999999 445 561837 8699999999999999
107103 96 86 77 71 69 73 82 95109121130133130122109 95 84 76 73 76 83 91201223J613 2133999999999999999999999 544 691959 7399999999999999
100105106102 95 87 81 78 81 89100114126134136131119103 86 71 60 58 62 73201224J6 141106135113799999999999999 7 1 782051 5799999999999999
 86 99109113111103 95 88 83 85 93106119132140140131114 93 72 54 44 44 53201225J6 3 5113143414199999999999999 815 832131 4299999999999999
 68 87105118123120111100 90 85 88 97112126139146143128106 80 56 37 29 33201226J6 4 2123151314699999999999999 914 8522 7 2999999999999999
 49 70 94116130133127115102 90 85 90102119135147151142121 93 64 38 20 17201227J6 44713415501519999999999999910 3 852243 1699999999999999
 28 50 77105129142141131116100 87 84 93109127144155154138110 78 46 20  7201228J6 5271431627156999999999999991046 842318  699999999999999
 10 29 57 88119142151145131112 95 84 85 98117137153160153129 96 61 28  5201229J6 6 415117 3160999999999999991125 832353 -299999999999999
 -2  9 35 68102133153156145126106 89 82 88106127147160162147117 80 43 12201230J6 64115617381639999999999999912 3 82999999999999999999999
 -6 -5 14 45 81116144158155139119 99 85 83 95116138155164159137102 63 27201231J6 717159181216599999999999999 028 -81238 8299999999999999
