192222234224194152108 73 53 54 7812317923226828227324320316012610610512420 1 1J8 2 223415 628299999999999999 828 51213410399999999999999
156190214222211185148112 84 71 7810514819623826427025522518714911910310520 1 2J8 255222154727099999999999999 911 71222510199999999999999
124153183206214206185155126103 94102126163203235254256239210174139111 9720 1 3J8 4 121416352579999999999999910 4 942322 9599999999999999
 9911714517519921221019517214612611612013816719922724324322719916312810120 1 4J8 5232131731245999999999999991114115999999999999999999999
 86 8810613516919921822421419416914613112914016319221823423521919015311620 1 5J8 651224183423699999999999999 024 85124112899999999999999
 87 71 73 9312816920723424423721618715813712813515618621423123221418013920 1 6J8 8 5244193323499999999999999 124 6914 612899999999999999
 99 68 52 57 8312717822325426625723119616113512112715218621723423120816820 1 7J8 9 3266202323599999999999999 217 51151212199999999999999
120 77 47 34 45 8013419324327528426923619515612711412415519422523923019820 1 8J8 95128521 723999999999999999 3 5 3416 511499999999999999
150 99 55 27 19 38 8514921326329229527123118614611810912716520723724422620 1 9J81035297214824599999999999999 349 19165110999999999999999
185130 76 35 11 11 39 9616823328030329726522017413511110913618122324724620 110J81117304222725099999999999999 432  8173410699999999999999
219169109 55 18  0  8 4711418925229330729125220415912410511214919823825520 111J8115830723 825599999999999999 516 -1181610499999999999999
245208151 89 39  7 -5 11 6013521126930230628123618614511410211816321424920 112J81239308235125999999999999999 559 -5185810199999999999999
258241197136 75 28  1 -5 21 80159232283307301266217168129103 9912517522520 113J81318308999999999999999999999 643 -61940 9799999999999999
255258234186124 66 25  2  4 39105184250292306290248197150114 92 9613118320 114J8 038260135830699999999999999 728 -12023 9099999999999999
229255254227178118 66 29 12 21 63132206263295299274228177132 99 83 9413320 115J8 129258143830199999999999999 813 1221 8 8399999999999999
184227250248222175122 76 44 32 46 91156220268290285255208159116 86 76 9120 116J8 226252152029199999999999999 9 0 322156 7599999999999999
130179219242242220180135 96 69 60 76117172225262277267235191144104 77 6920 117J8 33124516 627799999999999999 953 602251 6899999999999999
 85121167207232238224195158124 99 91102134177219249259248219177133 95 6920 118J8 4482391659259999999999999991057 912353 6199999999999999
 61 74107151194225240236217187155130117120140173207232242233207169126 8820 119J8 61824118 2242999999999999991220116999999999999999999999
 61 51 61 9213718422424825424121518315413412713716219321923022420016311920 120J8 748254191023099999999999999 1 1 51135512799999999999999
 80 51 38 47 7812818222926127326323620116613912512915318521222522019615720 121J8 9 3273201422699999999999999 2 8 38151612499999999999999
111 69 40 26 36 7112718824027528827724520516613411712315018621522722019220 122J810 128821 922799999999999999 3 8 26161711699999999999999
148 99 57 28 17 31 7413620125428729627824119715612411012215619522323221920 123J81050296215423299999999999999 4 0 1717 411099999999999999
184135 84 44 19 13 35 8615321826729429426822417914011310712917021023423520 124J81130298223423799999999999999 445 12174310699999999999999
214171118 68 32 13 15 4810817723827929528324720015712310411014319022724320 125J812 5295231124399999999999999 525 10181810399999999999999
235204154 98 52 23 12 25 70137205257286289264220173134107 9911916321024020 126J81236291234724899999999999999 6 0 121848 9999999999999999
247230189133 79 40 18 17 45102172233273288276239190146112 9510013418322620 127J813 3288999999999999999999999 632 151917 9399999999999999
249246218169112 64 32 20 33 75139206257284283255210161121 95 8810815120020 128J8 023250132828799999999999999 7 2 201947 8799999999999999
237250237201149 96 55 32 31 58111177236273284268230180134100 82 8811916720 129J8 1 1250135428499999999999999 732 292018 8199999999999999
212240244224184133 87 55 42 53 91149209255277274245201153112 85 77 9413220 130J8 140246142127999999999999999 8 5 422051 7799999999999999
178217237235211171126 89 66 62 82125179228260269254219174130 96 77 7810120 131J8 224239145126999999999999999 841 612128 7499999999999999
140183215230225202167131102 86 89112152197233252250229194152114 86 73 8020 2 1J8 315230152625499999999999999 923 852211 7399999999999999
105143180209222219201174146123112115135166199224235229208175138104 81 7120 2 2J8 41922316 923599999999999999101711123 3 7199999999999999
 79103138174202219222212192168148135134145166190209217212194165131 99 7620 2 3J8 54322317 9217999999999999991137133999999999999999999999
 66 72 95128166199223234230214192168150140142156176194206205190162128 9420 2 4J8 714235182820799999999999999 0 8 66132014099999999999999
 68 56 59 8111716120223525225223620918015313513114216418820520819416412520 2 5J8 829254194120999999999999999 117 55144613199999999999999
 86 56 40 43 6710916121225127227125021717914612411813216119321521820116520 2 6J8 927274204122099999999999999 222 39154811899999999999999
119 74 39 22 26 5510616922726928828325521317013311010813016920723023120820 2 7J81017289213123499999999999999 320 21163710699999999999999
163108 58 23  6 14 50112183244285299286248200154119 9810313618522724724220 2 8J811 1299221824899999999999999 414  61721 9799999999999999
210156 94 42  8 -6  7 54126202261296303279232181136104 8910515020524626120 2 9J8114330423 326199999999999999 5 5 -618 2 8999999999999999
248207145 80 30 -1-11 10 68148224277304299263210159117 89 8311116722426120 210J81221306234827099999999999999 553-121842 8199999999999999
269249199132 69 23 -5 -8 24 93176246290305286240184135 97 74 8012118323920 211J81257305999999999999999999999 638-111922 7299999999999999
270272244189122 63 23  0  6 50126205265297297266213157111 77 62 8013219620 212J8 035275133230199999999999999 721 -220 0 6299999999999999
247272269236179117 66 31 16 32 85160229276294281240184130 88 60 56 8414020 213J8 12427414 529499999999999999 8 3 162040 5499999999999999
202247268261227175121 77 49 42 67121187243276280257211157108 71 50 55 8920 214J8 216269144028299999999999999 845 412121 4899999999999999
144200240258252222179134 99 77 76102149202243262258230186137 94 62 48 5720 215J8 314259151826399999999999999 932 7322 7 4799999999999999
 92141190228246245224191156127110110129164201229240232206168126 89 62 5120 216J8 42424816 524099999999999999103110723 4 5199999999999999
 60 89131176213236243233211184158140134143162187206215210191161126 92 6720 217J8 55324317 9216999999999999991155134999999999999999999999
 55 59 81117160200231248248234211184161145141149166185198199187164132 9920 218J8 732250183720099999999999999 015 54135014199999999999999
 71 55 53 6910314819523425826625522919716614112813114817219220019317213920 219J8 85326620 320099999999999999 136 52151912799999999999999
103 71 50 44 57 9314419824327228026623419515712711111714217419921020417920 220J8 95228021 921099999999999999 250 43161511199999999999999
141 99 64 40 34 50 93152210256283286264224179139109 9811414918821522421320 221J81037288215722499999999999999 350 331656 9899999999999999
180134 88 52 30 27 53105169228269289281247201156118 94 9512416921023423620 222J81114289223623799999999999999 438 261729 9199999999999999
214171119 72 40 22 29 67129195248280286264220172129 98 8510214519623324920 223J8114428723 924999999999999999 517 211759 8599999999999999
240205153 99 56 29 21 42 94162224266284274237187141104 83 8511917222225120 224J812 9284234125799999999999999 550 211825 8099999999999999
256234188130 79 43 24 30 68131199251279279252204153112 83 74 9414219924320 225J81232283999999999999999999999 619 231851 7499999999999999
262254219165108 63 36 29 51104173233271282264222169121 86 68 7511216822220 226J8 013262125328299999999999999 647 281917 6799999999999999
256263243198142 91 55 38 45 84147211259280272238187135 94 67 62 8513419220 227J8 046264131528199999999999999 715 371944 6099999999999999
238260256226178125 83 57 51 73123186240271274250205152105 72 56 6510215620 228J8 121262133727699999999999999 744 502011 5699999999999999
210246258245210163118 85 69 75107160214253267255220171122 83 59 55 7612020 229J8 15925814 226799999999999999 816 682041 5499999999999999
174219246251233198157122 98 90104139185226249249227189142100 69 55 61 8920 3 1J8 242252143025299999999999999 853 902114 5499999999999999
134182220241242226196164136118115130159194221232224200165125 90 66 58 6820 3 2J8 33424415 623299999999999999 9411142157 5899999999999999
 97138180214233237227205180157141137145164186204210203183154120 90 70 6220 3 3J8 44523815582109999999999999910521372258 6299999999999999
 71 95131170204228239237223201179160148146154169183193192180157127 97 7420 3 4J8 6202401729194999999999999991240146999999999999999999999
 62 65 8311515519522824925424422219516814613513715016918819719217214010520 3 5J8 749254191019799999999999999 020 61142313499999999999999
 74 54 50 64 9614119123526427326323619916313411711813616719721421219015320 3 6J8 858273202421599999999999999 144 50152911599999999999999
108 67 41 32 44 80135196248280289273237191148116 9910413517921723723420620 3 7J8 952289212123999999999999999 257 321618 9899999999999999
159103 56 25 14 28 73140209263294297272225173129 96 83 9914420024226025220 3 8J81037299221126199999999999999 4 0 1417 0 8399999999999999
215156 93 44 13  3 23 79156228279302295257202149107 78 7310316322426527820 3 9J81117304225827899999999999999 454  31740 7199999999999999
262214147 83 36  7  1 31 99181249291303282232173122 84 61 6911518424528120 310J81153304234428999999999999999 543 -11819 6099999999999999
288263207137 77 34  8 11 55131210268297295259200141 95 62 49 7113120426120 311J81226300999999999999999999999 627  51856 4999999999999999
291290256196130 76 38 20 34 89167237280295276228166111 70 43 42 8014821920 312J8 029294125729599999999999999 7 8 191932 3999999999999999
269292285246187128 82 50 41 68128199254283281249194135 85 49 32 45 9316220 313J8 116293132728699999999999999 748 4020 8 3299999999999999
226270287275236183133 94 70 71105162219259272258218164110 67 39 32 5510720 314J8 2 6287135927299999999999999 829 672046 3199999999999999
170226263276263229186145114 97104136182224248250229190141 96 60 40 41 6820 315J8 3 0276143525299999999999999 914 962127 3899999999999999
116171219251263255229196164138126132154185212225222202170131 95 66 52 5620 316J8 4 426315192269999999999999910121252218 5199999999999999
 80118163205236252251236212186163149147156172188198197185163134105 82 6820 317J8 52725316271999999999999999911401462329 6799999999999999
 69 84113150189223246254248231206180159146143150163176184182170149123 9820 318J8 7 42541819185999999999999991347143999999999999999999999
 81 74 8010113517721724726326224521718415413212212714616818619318716713920 319J8 82726520 219399999999999999 1 3 74151012299999999999999
109 84 70 70 8912617422025527427225021417413811110211414417720221320618220 320J8 92627621 821399999999999999 231 68155710299999999999999
146108 78 60 59 81126182232267282273241197152115 91 9011615819922623422020 321J810 9283215423499999999999999 335 571632 8799999999999999
186140 98 66 49 53 85141200248278283261218169125 92 77 9213318522724924820 322J81042285222925299999999999999 422 4717 2 7799999999999999
222176125 83 53 41 57104167225265283273237186137 98 73 7410716221625226520 323J8111028423 126599999999999999 459 411730 7099999999999999
252212158106 68 44 44 76135199250278279252203150106 75 63 8313319424427120 324J81133282233127499999999999999 532 401755 6399999999999999
271243192136 89 57 44 59108173232269281263220166117 80 59 6410316422426420 325J81154281999999999999999999999 6 1 441821 5799999999999999
279265224168116 77 54 54 88148212258279271236182129 87 59 52 7613019524720 326J8 0 2279121527999999999999999 629 501846 5199999999999999
276277250201148103 72 60 77126189242272274249200144 96 63 47 57 9816122220 327J8 033280123527799999999999999 658 601911 4799999999999999
263280268231181133 97 75 77109164221259272256216162110 70 47 45 7212618920 328J8 1 6280125727299999999999999 727 731936 4399999999999999
242272276255214167126 98 88102142195239261257228181128 83 53 42 54 9415220 329J8 140278132126399999999999999 759 8820 2 4299999999999999
210253273269242202161129109107128168211241249233198151104 68 47 47 6911420 330J8 219274134924999999999999999 8361052033 4499999999999999
169220255268260235200166139125127148180211229227208174133 94 65 52 57 8220 331J8 3 7268142723099999999999999 9231242114 5199999999999999
125174218248261256236208179156142142155177197208206191164131 99 74 62 6620 4 1J8 41226115222099999999999999910311402215 6199999999999999
 88124166207238255257245223196172154145148161176189195189171145115 88 7220 4 2J8 53825817 11959999999999999912131452341 6899999999999999
 69 8211014919122925526626024021218115413613113915718019720219316913610220 4 3J8 7 92661852203999999999999991354131999999999999999999999
 75 63 67 8912817722626227927625421817814211810811914718421422722119515420 4 4J8 821280201122899999999999999 115 6215 010899999999999999
109 72 51 49 69113173231273292287258211162122 95 8710715020124025724921520 4 5J8 918293211125799999999999999 237 471549 8799999999999999
163108 65 39 34 57111181244285301288247191138 98 73 7210616522526728226920 4 6J810 330122 328299999999999999 343 331632 6999999999999999
225163103 58 32 28 59124199260295302276222162111 74 54 6611618725028930020 4 7J81043303225030099999999999999 438 261712 5399999999999999
278224157 99 56 31 34 77149223275299292251189129 83 51 41 6813321027130420 4 8J81117300233631099999999999999 527 281750 4199999999999999
307276217151 98 60 39 53106181246285294271218154 98 58 34 36 8015422928420 4 9J81148295999999999999999999999 611 391827 3099999999999999
311306267208148101 68 56 81141211263286280243183121 72 38 23 41 9717324320 410J8 022313121828899999999999999 652 5619 2 2399999999999999
291310298256200148107 81 80114174232269278258212151 95 53 26 23 5411618920 411J8 1 8311124927899999999999999 733 761938 2199999999999999
251291304287246197152117 98106144196240262259231182127 79 44 26 34 7313420 412J8 156304132326499999999999999 814 972014 2699999999999999
200253285293275239198159130118131164203233245234204160114 74 47 39 54 9320 413J8 24729314 124599999999999999 9 11182054 3999999999999999
147203248275280266237202169145137146169196215220209184150114 83 63 59 7520 414J8 346281144922099999999999999 9581372142 5899999999999999
108153198237262270261239210181159148149161177191197192177153126101 85 8120 415J8 45827016 41979999999999999911221472248 8099999999999999
 9111514918822425126426124522019116614814014315417018218818316814712410520 416J8 62126518 2188999999999999991314140999999999999999999999
 95 9711214017621424626426625222619316113612112113615918319820119116914220 417J8 738267194320199999999999999 021 95143211999999999999999
117100 9410312916921324826927225522318314511510010412916519822022521318520 418J8 839273204922699999999999999 155 941518 9999999999999999
149117 94 85 94126173221258277274249207161121 92 83 9913818522424624822720 419J8 923278213425099999999999999 3 3 851554 8299999999999999
188145108 83 75 92133188237270281267230180132 94 72 7510816121425327026120 420J8 958281221127099999999999999 353 751624 6999999999999999
228180133 96 73 72101154211256279277248200147102 70 60 8013019224527728420 421J81026282224528599999999999999 432 691653 5999999999999999
262217164118 84 69 81124183237271281262218164113 75 53 59 9816022327029220 422J81051281231729399999999999999 5 7 681720 5299999999999999
285250199147106 78 74102157215259278271235182128 84 55 47 7112619325128720 423J81114279234929699999999999999 539 721748 4699999999999999
296275231179133 98 80 91133192243271274249200144 96 61 43 51 9315822427120 424J81136276999999999999999999999 611 801814 4299999999999999
295291258210162123 96 91117168222260273258218163110 70 45 41 6712319124920 425J8 021297115827399999999999999 642 891840 4099999999999999
285296279240192150117100108146198243265262233183128 82 51 38 50 9115421920 426J8 054296122226799999999999999 71410019 6 3899999999999999
267292291266223179143118111130172218250259242204152101 63 42 41 6611718120 427J8 128295125025999999999999999 7481101934 3899999999999999
239278293284254213173142124125149188226246244220179130 86 55 42 51 8413820 428J8 2 7294132524899999999999999 82712120 8 4299999999999999
198249281290277247210174147133137160192220233226202164122 84 59 51 64 9820 429J8 255290141023399999999999999 9171322054 5199999999999999
148202248276285274247214180155141143159184205216213194164128 95 72 64 7420 430J8 35528515162179999999999999910231402157 6499999999999999
103147195238268281275253222190161143138147166188204210201179149116 89 7520 5 1J8 51028116542109999999999999911511382321 7499999999999999
 78 9913518022626228128126323219516113512312714617420222022120617613910520 5 2J8 6302831835223999999999999991316123999999999999999999999
 82 75 8711816521726028528927123619114911810110412917021224124923720415920 5 3J8 740290195525099999999999999 052 75142210099999999999999
115 83 69 75105157216265292295273229176128 94 77 8512217723126727926422420 5 4J8 837297205827999999999999999 214 681513 7699999999999999
170119 82 63 67101161225274298295263209150102 69 56 7412619425429230228220 5 5J8 923300215130299999999999999 322 611558 5699999999999999
234174121 83 62 69111177240283299285241179119 75 47 42 7413921527631131620 5 6J810 3299224131899999999999999 419 611640 4099999999999999
289234173123 86 68 82132199257289292265210145 90 51 30 37 8315923529232220 5 7J81038294232832599999999999999 5 8 681719 2899999999999999
320285229172126 92 80103159223269288278238176114 66 34 21 4110017925230220 5 8J81110288999999999999999999999 554 801757 2199999999999999
325316276221170129101 97129186241274280257208146 89 48 23 22 5512119926420 5 9J8 014326114328199999999999999 637 951834 1999999999999999
307322306265214168131110117154207250271266234181122 73 38 22 32 7514321520 510J8 059322121727299999999999999 7191091911 2199999999999999
272307315294254208166134121135172217250260246210160108 65 38 31 51 9916320 511J8 146315125626099999999999999 8 11211948 3199999999999999
227276303304282244202164138131148181217240243226191147103 68 48 49 7412120 512J8 233307134024499999999999999 8481312028 4699999999999999
179234275295293271236198164143139154180207224225209180144108 80 67 72 9720 513J8 325297143422699999999999999 9421382114 6799999999999999
139188234268285282262231196166147142151170191206209200179151122100 90 9420 514J8 42228615472109999999999999910501412212 8999999999999999
11514818922925927527425722919616614513614015417419320320219016814312210920 515J8 5262771725204999999999999991212136233010899999999999999
10912314918522225226927025522719316113612312313816319020921620919016513920 516J8 6332721859216999999999999991326121999999999999999999999
12211512314517921825026927025322218414711810410712816320022723823221118020 517J8 734271201023899999999999999 058115142110399999999999999
148124113117140178220254272270248210165125 96 85 9612917622025126325322420 518J8 82427421 326399999999999999 21511215 3 8599999999999999
185147119106112141186231263276266234187139 99 74 71 9514219924727728326420 519J8 9 4276214528499999999999999 3131051538 6999999999999999
226181140111100114152202246272276253210157109 74 56 6610616622627329729420 520J8 938277222329999999999999999 3591001611 5699999999999999
264218171131105101126173223261277267231179125 82 54 48 7412819425329330720 521J810 7277225930799999999999999 439 991642 4799999999999999
292254205159123103110147198244271273248200145 96 60 42 51 9215722327630520 522J81035275233431099999999999999 5161021714 4199999999999999
307281237190148118108128173223259272259221167113 72 46 40 6411918724929220 523J811 1272999999999999999999999 5521081744 3999999999999999
310300265220176140118119151199243266265239191135 87 54 38 46 8514921627020 524J8 0 9310112826999999999999999 6271151814 3899999999999999
302308288248204164134121134173220254265252214162109 68 44 38 5911017724120 525J8 044310115726599999999999999 7 31211845 3799999999999999
286308304275233191156132128150191232257258235192139 91 56 40 44 7713420120 526J8 120309123226099999999999999 7411261919 3899999999999999
259296309297264222182150132135161201236253247220176126 82 53 43 55 9415320 527J8 2 1309131525399999999999999 8231301959 4399999999999999
217269300307291257215176148134140166202231244237210169124 85 59 53 6910820 528J8 24730814 824499999999999999 9131332049 5299999999999999
165224271299303286252212174146133139162194221235232210175134 98 73 66 8120 529J8 34230415182369999999999999910131332151 6699999999999999
116168222267294299283251211173143127130149180210230235221193155119 92 8120 530J8 444300164523599999999999999112312623 6 8199999999999999
 8911816321526028829628225121016813411411313116420223224724221918314311120 531J8 5512961815247999999999999991235111999999999999999999999
 93 93115156206254285295282249203156118 95 9211215220124226626824721016520 6 1J8 655295193527099999999999999 028 911339 9099999999999999
126102 95111150203252285294278240188137 96 72 71 9714820825828829327223020 6 2J8 752294204229499999999999999 149 951435 6899999999999999
181137108 97110151206256286291269224166112 73 51 55 9015322127630831328920 6 3J8 842292214031599999999999999 3 0 971524 4999999999999999
242189145113100116160217263287284254200139 87 51 35 47 9416523729232332420 6 4J8 924289223232799999999999999 4 110016 9 3499999999999999
294244192149118107128176231270284272232172112 66 36 26 4810518225330433020 6 5J810 3285232133299999999999999 4531071652 2699999999999999
325290240191150122117145195245274278255207146 90 50 27 26 5912320026731220 6 6J81039280999999999999999999999 5401151733 2399999999999999
331319280232186149126129163213254274268237184125 75 41 25 34 7614521927920 6 7J8 0 7331111627599999999999999 6241241812 2499999999999999
316326307267220178145130141179225259269255218164109 66 38 30 49 9916823620 6 8J8 051326115627099999999999999 7 71291851 3099999999999999
288317318294252207168140133152191232258261241201150100 63 42 43 7112519120 6 9J8 134321123826399999999999999 7481321929 4099999999999999
252295314307278236193158136136160197232252250227188141 97 67 54 63 9615120 610J8 215315132525499999999999999 83113320 8 5399999999999999
211263297307294262220180149134139163198227242238216180138102 78 72 8612220 611J8 256307141824399999999999999 9161332050 7199999999999999
173226269294297280247207170143132139162193218232229210179145114 96 9311020 612J8 34029915202329999999999999910 71322138 9299999999999999
14318823326828628526623419716213812813515618420922422621218815913311611420 613J8 42728816362279999999999999911 4128223911399999999999999
12815719423226227727525522418815413012012614617420322423122420517915313520 614J8 52127818 12319999999999999912 7120235313099999999999999
13013916119422825627026724721617814311810711413616920423224624322619917120 615J8 62027119202479999999999999913 8107999999999999999999999
148137141160190224253266262240205164127101 9110113017221525026726524621420 616J8 716267202426999999999999999 11513714 1 9199999999999999
180153137138157189226254266258230189144106 81 75 9313218423427128928325820 617J8 8 6266211629099999999999999 2281351446 7499999999999999
220181150132134157195233260266251215167120 83 63 64 9314420325729330529320 618J8 84826722 030599999999999999 3251311526 6099999999999999
260217176144128135166207245266264238193142 96 63 50 6210316322727830931320 619J8 926268224031599999999999999 41312716 4 5099999999999999
292252208167137126143180224256268256219168116 74 49 44 6912118725029531820 620J810 0268231931999999999999999 4551261641 4399999999999999
312282239195157132130156199241265266242196142 93 58 40 46 8214421227030820 621J81032269235632099999999999999 5351281717 3999999999999999
320305268223182149131139173219255269259225173118 74 46 37 5410116923628820 622J811 6269999999999999999999999 6141301754 3799999999999999
316317293252208169141132150190235264269249207152100 61 39 39 6612319425820 623J8 034320114327099999999999999 6531321833 3699999999999999
301320312280236193158136135161205246268266239192136 87 53 38 45 8314621720 624J8 112321122427099999999999999 7331321913 3799999999999999
276312322305267221179147130137169214251268261230182128 82 53 42 5710216820 625J8 152322131226899999999999999 8161301957 4299999999999999
236288317319295254207167138125138173217251265256226179128 86 60 54 7412120 626J8 23532114 726599999999999999 9 21252046 5399999999999999
185248294316312284241195155128119134170213246261255227185139100 76 72 9220 627J8 321318151226199999999999999 9531192142 7199999999999999
137196252293310302273230184145118111126161203239258258237201160123 99 9320 628J8 41231016292609999999999999910501112247 9299999999999999
110148200249285300292262220174134107 9911314719123225926725422518715012320 629J8 5 83001753267999999999999991152 99999999999999999999999
113123153197242276290282253210162121 92 83 9613218122926528127625221517620 630J8 6 8290191628299999999999999 0 21131256 8399999999999999
145129130153192235268281273244199149105 76 66 8011917523227529929927623720 7 1J8 7 8282203030299999999999999 1261271357 6699999999999999
196161138133151188231263276266234185133 89 60 51 6811317723928831531629220 7 2J8 8 4276213331999999999999999 2441321453 5199999999999999
251206168142134151190233264273259222169115 73 46 40 6311618525130032632520 7 3J8 854273222732999999999999999 3501331544 4099999999999999
297253208168141135156198240266270250207152 99 60 37 37 6712619926431033220 7 4J8 940272231633399999999999999 4451341632 3499999999999999
325292246201164139138166210250270267239191134 85 51 34 40 7914421627731720 7 5J81022271999999999999999999999 5321351716 3399999999999999
331316279232189155137144179224259272261227174119 74 46 36 51 9816723628920 7 6J8 0 033111 227299999999999999 6151361758 3699999999999999
320325302259213174146136153193238266271253213159106 67 45 43 6912419325620 7 7J8 039326114327299999999999999 6541361836 4199999999999999
301321314282237193158136136163207248270268243198144 97 64 49 57 9415422120 7 8J8 115322122527299999999999999 7301331912 4999999999999999
276309317299260214172142129139174218254269261231184133 92 66 60 7912418520 7 9J8 14831813 926999999999999999 8 61291947 6099999999999999
246291312308280237191154130125145183225255264251219174128 94 76 7910615520 710J8 220313135526499999999999999 8421242023 7499999999999999
213265297307292258214172139122125150189226251256242210170132105 9410313520 711J8 253307144625799999999999999 92112021 4 9499999999999999
18223327329529427323719515612811712615318922324524923721017614512311712920 712J8 32929715462509999999999999910 4117215211699999999999999
15920024127128427825421918014512111412515118521723924723921819116514614020 713J8 4112841659247999999999999991054113225314099999999999999
15017420623826127026223820516813611410811914517921323925225123521218716720 714J8 5 22701823253999999999999991151108999999999999999999999
157161178203229249257250228195159126104 9811013717421324626626925623220520 715J8 6 2257194126999999999999999 0131571251 9899999999999999
180164162173195221242251244221186148114 91 85 9913117522126028428827424720 716J8 7 5251204328999999999999999 1421611349 8599999999999999
214184162155165189218242251242215176134 98 76 72 9113018323627830230428520 717J8 8 2251213530699999999999999 2541551440 7199999999999999
252213178154147161191224248255241207162116 80 60 62 8813619725429631731220 718J8 850256221931899999999999999 3501471527 5899999999999999
286246204168145142163200236259260238196145 98 64 48 56 9114921527231132520 719J8 93326223 132599999999999999 4361401612 4899999999999999
312278233191156138143173216252269262231181126 80 50 40 5510116723629032120 720J81013270234132899999999999999 5191361657 4099999999999999
326304263217176146134148188234267277261221165108 66 41 37 6111618925730520 721J81053277999999999999999999999 5591341741 3599999999999999
328323291245199161136132158205252279281257209149 94 56 36 38 7313821427720 722J8 020329113428399999999999999 6401301825 3499999999999999
317330314274224180147127133169221266287282250197136 85 51 36 47 9316523920 723J8 057330121928899999999999999 72012619 8 3699999999999999
295326328301253203162131119135179233274290280243188129 83 54 45 6511919220 724J8 13433013 729099999999999999 8 01191952 4499999999999999
261308328319283232182143117112137186239276289276238185131 90 65 63 9014720 725J8 21132814 028999999999999999 8421102037 6099999999999999
216276312322303262210163126104106137188238273285273238190143107 87 8811820 726J8 25032215 028599999999999999 9261022127 8499999999999999
172232280307308284241191146112 9510213418323126528027224520516513311511720 727J8 3323101610280999999999999991014 94222411399999999999999
143187235273292289264224177134103 88 9612617221925627727725922819416314420 728J8 4212941732279999999999999991110 88233814199999999999999
142159191228259274271249212169127 96 82 8711415820624927828827925522319220 729J8 51927519 2288999999999999991215 81999999999999999999999
168158163185215243259258240207164123 91 74 7610114419724728430230027924620 730J8 628261202330499999999999999 1101571324 7299999999999999
211181162159174202232251253238205162119 84 65 65 8913619425129331631629420 731J8 739255213031999999999999999 2401581430 6299999999999999
258217182157150165196230251255238204157112 76 57 57 8413520026030432732420 8 1J8 841256222432999999999999999 3491501530 5499999999999999
297255212174148143163200237258259239199149102 68 50 54 8614521327331433120 8 2J8 93426123 933299999999999999 4421421622 4899999999999999
321287241197161139141170214250268263236189136 91 60 47 57 9916423228732020 8 3J81018269234732999999999999999 52613617 8 4799999999999999
328308266219178147133146186232265276263227175121 80 55 49 7012219125530120 8 4J81058276999999999999999999999 6 31321748 4899999999999999
323318286239194157134131158206251277280257213157106 72 54 58 9215322227820 8 5J8 020324113528299999999999999 6361291823 5299999999999999
312320300258210168138124136176227267285278246194139 95 68 59 7612319025320 8 6J8 048320121228599999999999999 7 61241854 5999999999999999
298317310276228181145122120146194244277286269230176126 89 70 7310416122620 8 7J8 114318125128699999999999999 7351181924 6899999999999999
279310314291248198155124111123160211256281281257213163119 91 82 9713919820 8 8J8 139315133128499999999999999 8 51111956 8199999999999999
25529531130026621817113311010813117522426127827224420215812310310312717320 8 9J8 2 5311141427899999999999999 836106203110099999999999999
22727229829927723719114911810311114118622926027126223519916313612313015820 810J8 23430115 327199999999999999 911103211112399999999999999
20024327428627825121116913410910311714919022825426425623520617815714815620 811J8 3 628716 326499999999999999 95010222 314899999999999999
18021324326326725422819215612610710412015118822324826125924422219918017120 812J8 3452671722262999999999999991038103231617099999999999999
17418921123224524723621318215012310610311814618121724626527026124322019920 813J8 4402481851270999999999999991139102999999999999999999999
184178185199216229235228209181149120101 9710813517321325027628728126223620 814J8 6 023520 828799999999999999 0571781248 9699999999999999
208184171172184203223234232213183148115 91 84 9512416721626129230529827420 815J8 72123521 730599999999999999 2291701356 8499999999999999
240204175158157174201229244242221185142103 77 68 8111516822627630932030720 816J8 824246215632099999999999999 3311551456 6899999999999999
275233192160143148174211245261255227183132 88 61 53 7011317624229432432820 817J8 915262224032999999999999999 4181421551 5399999999999999
306264217175144132146184230265278266228174117 73 47 43 6612119326131033320 818J810 0278231933499999999999999 5 01321642 4299999999999999
327294245196157130126152202253285291270223160102 61 38 39 7213821628132220 819J81044292235733699999999999999 5401241730 3599999999999999
336318274221174139119125164223274300299269212146 91 54 36 44 9016524330020 820J81127303999999999999999999999 6201171815 3599999999999999
331332301249195152121108128180243289309300262200136 86 54 42 6111819726820 821J8 032335121231099999999999999 6581081858 4299999999999999
315333319276220168129104102134195257298312297253191133 89 62 58 8815322820 822J8 1 5333125931299999999999999 736 991940 5699999999999999
288321325298248191143108 90 99143206264300309290245189138101 80 8412218620 823J8 137327135030999999999999999 814 892022 7899999999999999
251298317308272219165122 92 8110115021126329530228324319615312110711715520 824J8 211318144630399999999999999 853 8121 910699999999999999
210261293301284245195146107 83 8010515220825528529428024921117514913814720 825J8 249302155229499999999999999 937 7822 413899999999999999
178219256277278259223179137103 83 8410714819724227328728226223320317916620 826J8 3332801714287999999999999991030 81232016599999999999999
169187213238253254239211175138107 89 8710413818222726328529128025823020320 827J8 4332561850291999999999999991136 85999999999999999999999
184175180196215231238231211180146115 94 86 9712516721525828930329927924820 828J8 6 0238201630499999999999999 1 81751256 8699999999999999
215187168164175197219233234219191156121 94 81 8611115621026129831731429020 829J8 732235212231899999999999999 2461631416 8099999999999999
253213177153146161190221241245232201160120 89 73 7610415521627130932631820 830J8 845246221132799999999999999 3491461522 7199999999999999
287242198160135134159198235257260241203155112 80 64 7110716723128431832820 831J8 938261225132899999999999999 4341311616 6499999999999999
309268220175140123133171218256274270242194142100 71 60 7612419025329932320 9 1J81020275232332599999999999999 5101221659 6099999999999999
320288239191151124118144194244277287272231176125 87 65 63 9315222027731120 9 2J81055287235032199999999999999 5421171735 6199999999999999
321301257206162129112123166222268292291263212156109 78 65 7812319025329720 9 3J81127295999999999999999999999 61011218 5 6599999999999999
317308273221172135111109138192248287300286246190137 98 75 7410416222928220 9 4J8 01331812 030099999999999999 6361061833 7299999999999999
311313286239186142112100115159218269297298273225170124 93 81 9514020326320 9 5J8 034316123330199999999999999 7 110019 1 8199999999999999
301313297256203154117 96 98129183241282299290255205156119 97 9712617923920 9 6J8 05531313 929999999999999999 727 931931 9499999999999999
285307302270221169126 98 8910514920525628729427623819215212311112316021320 9 7J8 118308134729599999999999999 754 8920 311199999999999999
262292297278238188141107 89 9212016922226428628526422818915713713315219020 9 8J8 142298142928899999999999999 823 87204013299999999999999
234268283275248206161123 97 8910213618423026427927625622619617115715817620 9 9J8 2 9283152028099999999999999 856 89212615599999999999999
207239259262249220183145115 97 9511214718922925827227125723521119017717720 910J8 242263162727499999999999999 936 94223417599999999999999
18920822823923922720417314311710310211714718422024926827426825123020919220 911J8 3292411758274999999999999991033100999999999999999999999
18418619620821922321720217815012510810211213617020824327128528427024722020 912J8 459223192728799999999999999 019183115210299999999999999
195178171176189206220224215193163131106 94 9811815419924428130130228625620 913J8 649224203430499999999999999 2 41711317 9399999999999999
220186161151157179208233243236210173131 97 79 79 9914119725329631831729320 914J8 8 5243212732099999999999999 3 91511431 7699999999999999
252207168141132146181223256268257224175123 83 62 61 8613920626931233132220 915J8 9 2268221133199999999999999 3551321533 5899999999999999
286235185146121118146196248283292274229168111 70 48 50 8414922528832633620 916J8 950292225033699999999999999 4361161627 4599999999999999
314267209160124104113157220275306308280224157100 61 42 50 9717224930533320 917J81035311232533699999999999999 5151031716 4199999999999999
330295237179134103 92116175244297321316277214146 94 60 45 6412320327431820 918J81119323235833399999999999999 553 9218 1 4599999999999999
333314265203149110 85 86126195265311329315268203141 95 66 59 9015823529420 919J812 4329999999999999999999999 630 811843 5899999999999999
323322289231170121 88 71 86140214278318328307257196142103 80 8412519426120 920J8 028327125132999999999999999 7 6 711924 7799999999999999
304318302258197140 98 70 65 9315522628431732229724919615011710211516022220 921J8 059318134032499999999999999 743 6320 610199999999999999
274302302275226168118 82 62 6710516723228231031228824720316513712814618720 922J8 131306143431599999999999999 821 60205312899999999999999
235272287278246199149107 77 65 7711617322927329830128325221618416115516920 923J8 2 7287153830399999999999999 9 2 65214915599999999999999
199232256262251223184143108 84 77 9012417121925928529328426223420618417420 924J8 252262165729399999999999999 953 76231117499999999999999
179195215230236229210182150121100 9210012516220424427429029127625222419920 925J8 35823618312929999999999999911 1 92999999999999999999999
18117317718920421621921119316714011610310311814818923226929330129126623420 926J8 547219195530199999999999999 1 8173123110199999999999999
200173156153166188210224225212187156127106 9810613517922927330131129926920 927J8 735226205731199999999999999 23915214 1 9899999999999999
229188154133133154187220241246232202163127100 88 9612918123728331131729720 928J8 846246214431899999999999999 3311301510 8899999999999999
257209165130113123158203241264266245205158118 90 78 9313519625329631831320 929J8 935268222031999999999999999 41011316 0 7899999999999999
280231181138109103128177230268285278244194144105 80 7510215622127430831620 930J81013286224931799999999999999 4431011641 7499999999999999
296251197149113 94105148207259291298277231176128 93 75 841251892502943132010 1J81046299231231499999999999999 511 941714 7499999999999999
304267213161120 93 90120177239285306299264210155113 86 801051602252783062010 2J81117307233331199999999999999 537 881744 7999999999999999
308280230174128 96 82 97145209267302310289243187139104 87 961382002592972010 3J81147311235330899999999999999 6 2 821813 8799999999999999
308290247190139101 79 81115175239287309304271220168128103 981241762372832010 4J81219311999999999999999999999 627 761841 9799999999999999
303296261208153109 81 72 911412052622983082912502001571251101191572132632010 5J8 014304125230899999999999999 652 72191110999999999999999
293295271225170122 88 71 771121702312783023002742321881521291241451892392010 6J8 036298132730599999999999999 717 70194312399999999999999
275288275239189138 99 75 71 911371962502862992902602211841551401441712122010 7J8 1 028814 529999999999999999 743 70202013999999999999999
250271270247207160117 87 74 801101592132582862932802522181881651561641882010 8J8 127273145029399999999999999 813 7321 515699999999999999
220245255246221184144109 87 81 931251712192572802852752522251991791701752010 9J8 2 1255155028699999999999999 852 81221017099999999999999
192213229233225204175143115 96 92103131170212247271282278261238213191178201010J8 251233171228299999999999999 948 91234717499999999999999
174181194207215215204183156130109100105125158197235266285288276253224195201011J8 4262161842289999999999999991111 99999999999999999999999
173161161172190209220219205179148119100 96109138180227268294302291263226201012J8 626221195430299999999999999 1291591245 9599999999999999
187157138137154184217240246233202161121 92 81 89119169227277308316300262201013J8 748247204931699999999999999 23513514 7 8099999999999999
214168133113117146192239269277259219166116 81 65 73109170238291321323296201014J8 848277213532599999999999999 3231121513 6599999999999999
246190141106 91105150212267298303277225162108 72 56 67114185256306328319201015J8 939304221432999999999999999 4 5 9116 9 5599999999999999
278218158112 82 75104166238293321319283222156103 69 55 75133210277316326201016J81026324224832699999999999999 444 741658 5599999999999999
302248182125 85 62 68113188262313335324279213150104 73 66 97164238293319201017J81111336232032199999999999999 522 601744 6599999999999999
313274211146 96 63 49 69129210280325339320269205150109 84 86128196262302201018J81157339235031399999999999999 559 491827 8199999999999999
312291240174115 72 46 44 79148228291328335310258201154118100113160224276201019J81243337999999999999999999999 636 4119 910099999999999999
301297263206143 92 56 39 48 94167240296325326298251201160130120140187240201020J8 022303133233099999999999999 713 38195312099999999999999
277288274234178123 79 50 42 62113181246293317315288247205169145141162202201021J8 056289142431999999999999999 751 41204013999999999999999
241265268248209160113 77 56 55 80129189245285306303281248211180160157174201022J8 136269152330799999999999999 833 53213815699999999999999
202229244243225193154117 88 72 75 99140190237273293294279252220191171164201023J8 225246163429699999999999999 922 71225716499999999999999
172189207219221210189161132108 94 95112143184226261283290280258229199175201024J8 3382221754290999999999999991028 93999999999999999999999
160158167182198209209199179155131114108116139173214251279290285264233198201025J8 534210191129199999999999999 041157115710899999999999999
167145136144164189210221219203177149126112112129163207250281295289264227201026J8 719222201329599999999999999 2 3136133011099999999999999
185148123114127158195226243243225193157126107104122161211257288299288254201027J8 82924521 129999999999999999 255114144110399999999999999
208162123 99 98123168215251269264237196153119 98 97122170225270296299276201028J8 918270213730199999999999999 334 951533 9499999999999999
231179132 96 80 93135192244278290275236187142108 90 98135191246285301289201029J8 95729022 630199999999999999 4 6 801615 8999999999999999
252198144101 74 72103160222272300300272224172128 98 90111160220268295295201030J81031304223129999999999999999 435 691650 8999999999999999
267217160110 75 61 76125191253295312298258205155117 95 99136193248285296201031J811 4312225429699999999999999 5 2 611722 9399999999999999
278235177123 82 58 59 931552232783093122852371861421111011201682252702912011 1J81136314231629299999999999999 529 55175410099999999999999
285250196139 93 62 51 701201882512953133022652161701331121151482012512812011 2J812 8313233928799999999999999 556 51182510999999999999999
285262215158107 70 51 55 911522192733043092862441981581301191351782282662011 3J81240310999999999999999999999 622 49185711999999999999999
280268232178124 82 57 50 701191842452873062992692261851521321321582022442011 4J8 0 3280131330799999999999999 648 49193012999999999999999
268268244200147 99 67 52 58 911482112632953032882542141781511381471772162011 5J8 030271135030399999999999999 715 5120 813899999999999999
248259249218173125 85 61 56 731131702282722962972782452081761541471591862011 6J8 1 2260143429999999999999999 747 55205414799999999999999
218240244229198157116 83 66 66 881301832342722912912732432101801601541632011 7J8 143245152829499999999999999 829 64215615499999999999999
184208224227215190156121 93 78 79 991361832292652862882742472161861641532011 8J8 242228163828999999999999999 926 76231815299999999999999
155170190208217213197170139110 92 881011311732182562822902802552221881592011 9J8 4142171756290999999999999991045 88999999999999999999999
141138149171197217225217195164130104 91 96118157205251283296288262223180201110J8 6 122519 729699999999999999 0441371215 9099999999999999
144120113126157196230248247225189146110 88 85104145199252289304294261212201111J8 72625020 630499999999999999 1521131339 8499999999999999
161120 94 88108153207252277277253207155112 84 76 95141204261298309291248201112J8 831280205430999999999999999 245 871450 7699999999999999
189133 91 67 67100160227278304302270216158111 82 73 96150218273304306277201113J8 926307213430999999999999999 330 631549 7399999999999999
222157101 63 44 55103177249301325317277217158113 84 79109170237285305295201114J81016326221030599999999999999 412 431641 7799999999999999
253188122 72 39 29 53116197269317335320273213158116 91 92131195255291298201115J811 4336224429999999999999999 452 291728 8799999999999999
274221153 92 48 23 23 61134216284325337314265208159121101112157218268291201116J81151337231729299999999999999 531 19181310199999999999999
284248189122 69 33 16 28 77154232293327331303255203159127114133180234271201117J81237333235328299999999999999 610 15185711499999999999999
282265222161101 55 26 18 40 97173245297323321291245198159132127151196240201118J81325326999999999999999999999 649 17194212599999999999999
266267243198141 89 50 28 29 60119189253297316309278236194158137138163201201119J8 033270141331799999999999999 729 26202913499999999999999
236253249223180131 86 55 41 49 83139202256292306296267228190159142144166201120J8 11725415 530699999999999999 811 40212314099999999999999
197223236230207171130 94 69 60 72105154208254284294285258223187159144144201121J8 21123616 029499999999999999 857 60222814299999999999999
160184206217215199172140110 90 84 94122163208247274284276252219186158140201122J8 32121817 228499999999999999 954 84234513699999999999999
136147166188203209202183158133113105110131164203239266276270248216181150201123J8 45620918 82779999999999999911 8105999999999999999999999
129121129149176200214215203181155132119118131160197234262273267245209170201124J8 635216191027499999999999999 1 1121123411699999999999999
135111102111138174208230236226202171142123117127155195235263274265236195201125J8 75323620 327499999999999999 2 0102135411799999999999999
150113 88 83100139186227253260246216178143120111124157202243269274257220201126J8 850261204527599999999999999 245 82145611199999999999999
171123 86 66 70100152207252278280258218175137112107126167216254274270241201127J8 934282212027599999999999999 323 64154410699999999999999
193140 93 61 50 67113175234278297289257211165128106108138186234266274257201128J81013298215127599999999999999 356 50162510499999999999999
215161107 66 42 44 77136203261297306287246197153119105119159209251271266201129J81049307221827399999999999999 427 3917 210599999999999999
234183126 78 45 32 50 98165231281307304274229181141114111138184231262269201130J81124309224527099999999999999 458 32173710999999999999999
249204148 95 55 32 34 671271962562953082932552091661321151241612092482652012 1J81158308231226699999999999999 528 29181111599999999999999
258224172116 70 40 29 45 921582242743023022772351921541271211411832272562012 2J81231306234126299999999999999 558 29184612099999999999999
260239196141 90 52 32 33 631201882482883032922602171771441261291582012382012 3J813 5303999999999999999999999 628 29192212499999999999999
256249218170116 71 42 31 44 851482142662963012812442021651381271391712122012 4J8 013256134230299999999999999 659 3120 112799999999999999
241249235199150100 61 39 37 601081712322772992962712321911571351291451782012 5J8 051250142330199999999999999 736 35204712999999999999999
213236239222186140 95 61 44 48 761251872432812972902632241851521321291452012 6J8 139241151129799999999999999 820 43214112899999999999999
175206227230214183142101 71 57 62 891361932442792922842582201811481271232012 7J8 23923116 729299999999999999 915 56224612299999999999999
136163194217225216191156119 89 73 75 981391902382722872802552171771411172012 8J8 3592251711287999999999999991024 72235610999999999999999
109119146180210228228211181144111 90 861011351822302662832782532131681282012 9J8 5322301816284999999999999991144 85999999999999999999999
 99 88 97127169211239249239210171132104 92100129175225263281276249204152201210J8 659249191728299999999999999 1 4 8813 8 9299999999999999
107 76 64 75112166219257274267237193149115 96 98125173225264281272239186201211J8 813275201028199999999999999 2 3 641426 9499999999999999
129 82 50 40 58105171233278298291257208159121 98 98127178231268279264222201212J8 915299205627999999999999999 255 401531 9599999999999999
162102 56 27 22 49108182250296316305266213163125101103136190241271274250201213J810 9316213827699999999999999 342 211627 9899999999999999
199135 76 34 10 13 50119198265309324308265212164126105112151205250271265201214J811 0324221727299999999999999 427  8171710499999999999999
231174109 55 18  1 12 60135214277315324302256205160126110125168219256268201215J81147325225626899999999999999 510  118 411099999999999999
253211150 88 40 10  0 21 77154229285317318290243195153124116138183230258201216J81233321233626399999999999999 552  0184811599999999999999
261238191130 74 32  9  8 38 99175244292314307274228182144121121149194235201217J81316315999999999999999999999 633  5193111799999999999999
255251222173116 66 31 15 22 61125196256295308293256210168135118126157200201218J8 019256135830899999999999999 713 14201411899999999999999
234247238207159107 64 36 28 44 88151215266294298276238193154126116129161201219J8 1 6247143829999999999999999 753 28205811699999999999999
199227236225194151106 70 49 48 70115173229269288284259220178143120115130201220J8 156236151929099999999999999 834 46214611499999999999999
160193216224213187150112 84 69 73 97139190235266278269242205166134114111201221J8 25522416 427899999999999999 919 68224011099999999999999
126153182205214208187158128104 93 98119155196233258265254228193157126107201222J8 4 62141654265999999999999991014 92234110499999999999999
104117142171196210211197175149127115117133161195226248253243217183147116201223J8 5312121751254999999999999991123114999999999999999999999
 96 92104130163195216223216197172148131127137159189219240246235209172133201224J8 659223185124699999999999999 045 92124912799999999999999
101 80 76 91123163202231243238218189160138128133154185216237242229198157201225J8 812244194624399999999999999 143 76141112899999999999999
115 81 61 61 82123173219252265258233198163136123128152187219240240221183201226J8 9 8266203324399999999999999 231 58151412299999999999999
137 93 59 43 50 82133191241273283269237196157128116126157195228243237208201227J8 954283211324499999999999999 314 4216 311699999999999999
163113 69 39 30 47 91151213262290292269230186146119113132169210238245228201228J81034294214824699999999999999 352 30164511299999999999999
189138 87 47 24 25 54109175236279298290259215171134113116145187225246242201229J81111299222224799999999999999 429 21172311199999999999999
214166112 64 30 16 28 70133201257291299280242197155124111125162206239249201230J81147300225524999999999999999 5 5 1618 011199999999999999
233194140 86 43 18 14 38 92161226274297294265222178141116114139182224248201231J81222299232825099999999999999 540 12183611299999999999999
