 77 84 86 83 73 57 39 24 19 25 40 62 88112130139140131114 92 73 59 53 5520 1 1K1 151 86153614199999999999999 758 192219 5399999999999999
 63 73 81 84 83 75 61 46 35 32 37 51 71 94115129136134121102 80 62 49 4520 1 2K1 312 84161613699999999999999 852 3223 3 4599999999999999
 48 58 69 79 85 86 81 70 59 50 47 51 62 78 97114125129123109 88 67 50 3920 1 3K1 439 86165612999999999999999 957 472345 3699999999999999
 37 43 54 68 80 89 93 91 84 74 66 61 62 69 82 96109117118111 95 75 54 3820 1 4K1 6 8 931738119999999999999991121 61999999999999999999999
 29 29 38 52 69 84 97104104 99 90 80 73 70 73 81 92102108107 98 82 62 4120 1 5K1 735105182310899999999999999 028 2813 0 7099999999999999
 26 20 23 35 53 73 93108117119115104 91 80 74 73 78 87 95 99 96 86 69 4820 1 6K1 84911919 7 9999999999999999 1 9 191435 7399999999999999
 28 14 11 18 35 57 82104120130132126112 96 83 75 73 76 84 90 92 87 75 5620 1 7K1 9451321945 9299999999999999 147 111552 7399999999999999
 33 13  2  4 18 39 66 93116132140140131114 97 84 76 74 77 84 88 87 78 6320 1 8K110321412014 8999999999999999 221  21652 7499999999999999
 42 18 -1 -7  2 21 48 78106126139145142129111 95 84 78 78 82 87 88 82 6920 1 9K111141452039 8899999999999999 253 -71740 7799999999999999
 51 27  3-13-11  4 29 59 91117133142145139124106 92 85 82 83 87 91 88 7720 110K1115414521 7 9199999999999999 326-141821 8299999999999999
 61 40 14-10-20-11 10 39 71102124136142142133116100 90 86 85 88 93 94 8620 111K112341432142 9499999999999999 4 1-201854 8599999999999999
 72 53 30  3-17-21 -7 18 49 82111129137141138127108 93 87 85 86 90 96 9520 112K113131412227 9699999999999999 441-221916 8599999999999999
 85 69 50 25 -2-19-17  1 27 58 91117132138140135119100 86 81 80 83 89 9620 113K113521402322 9699999999999999 524-211946 8099999999999999
 94 84 69 50 25 -1-14 -9  9 35 66 97121134139139129110 89 76 71 71 76 8620 114K11430140999999999999999999999 613-152031 7199999999999999
 93 93 85 73 55 30  7 -3  2 20 44 73102123135139136122 99 77 63 58 59 6720 115K1 029 9515 813999999999999999 7 7 -42119 5799999999999999
 79 90 93 89 80 64 41 21 13 17 31 53 79105123133135128110 85 63 48 43 4620 116K1 153 93154713699999999999999 8 8 1222 9 4399999999999999
 57 72 86 93 95 90 77 58 41 32 34 44 62 83104120127127117 96 71 48 34 2920 117K1 345 95162812899999999999999 919 322259 2999999999999999
 34 47 65 82 95102101 93 78 64 54 52 57 69 84100112117115102 82 57 35 2120 118K1 5271031710118999999999999991047 522352 1799999999999999
 17 23 39 59 80 98110114111100 86 74 68 67 72 82 93102105101 88 69 45 2320 119K1 7 31141755105999999999999991235 66999999999999999999999
 10  7 15 32 56 81103119128128119105 90 79 73 73 78 86 92 94 88 76 57 3420 120K1 8321291842 9499999999999999 044  71431 7299999999999999
 13  0  0 10 30 57 85110128139141132116 99 84 76 72 75 81 86 85 79 66 4820 121K1 9421411927 8699999999999999 133 -116 4 7299999999999999
 24  4 -7 -4 10 33 62 92117135145147137119100 85 76 72 74 80 83 80 72 5820 122K1103914820 6 8399999999999999 217 -71710 7299999999999999
 38 14 -5-11 -4 14 40 71100123138146146133114 96 84 77 74 77 82 83 78 6720 123K111261472040 8499999999999999 256-111757 7499999999999999
 51 29  5-11-11  2 24 52 82109127138142138124105 90 82 78 78 83 87 85 7620 124K112 71432114 8799999999999999 332-131829 7799999999999999
 62 44 20 -2-13 -7 11 36 65 94116128134135127111 94 84 80 79 82 88 91 8520 125K112391362151 9199999999999999 4 7-131845 7999999999999999
 73 57 37 12 -6-10  2 23 50 79105121128130127114 97 84 78 77 80 86 92 9320 126K113 11302233 9499999999999999 443-111845 7799999999999999
 84 71 54 31  8 -6 -3 12 36 63 92113124128126118101 84 74 71 73 78 87 9320 127K113161282319 9499999999999999 520 -719 3 7199999999999999
 92 83 69 50 28  7 -1  7 24 49 77102119127127122107 88 72 64 63 68 76 8720 128K11337128999999999999999999999 6 0 -11938 6399999999999999
 92 90 81 68 49 27 11  9 18 37 62 89111124128125114 95 74 60 54 55 62 7420 129K1 012 9214 612899999999999999 642  82019 5499999999999999
 85 90 89 82 69 50 31 20 20 31 50 74 98116125127119103 80 60 48 44 48 5820 130K1 115 90143912799999999999999 726 192059 4499999999999999
 71 83 89 89 83 71 54 39 32 34 45 62 83103117122120108 88 65 46 36 35 4220 131K1 231 90151212399999999999999 814 322139 3499999999999999
 55 70 82 89 92 88 77 63 52 47 49 57 72 88103112114108 93 72 50 34 27 2820 2 1K1 354 92154611499999999999999 912 472220 2699999999999999
 37 52 69 83 92 97 95 87 76 67 62 62 67 76 88 98103102 94 78 57 38 24 1920 2 2K1 515 971623104999999999999991032 6123 6 1999999999999999
 22 33 50 68 85 97104106101 92 83 76 72 72 76 83 89 92 90 81 65 46 28 1620 2 3K1 64010617 7 92999999999999991228 712358 1199999999999999
 11 16 29 48 69 89104115118115107 96 85 76 72 72 76 80 82 80 71 56 38 2020 2 4K1 8 111818 1 82999999999999991427 71999999999999999999999
  7  4 10 26 48 72 95114126130127117103 88 76 70 68 71 75 77 74 65 50 3120 2 5K1 9 61301859 7799999999999999 052  41549 6899999999999999
 12 -2 -4  5 24 50 78104123135139134121104 87 75 68 67 71 76 77 73 62 4520 2 6K1 9591391948 7899999999999999 143 -51642 6799999999999999
 23  2-11-11  3 26 56 86113130140142135119 99 83 74 70 71 76 82 81 73 5920 2 7K110451422027 8299999999999999 228-131718 7099999999999999
 39 15 -8-19-14  5 33 65 96120134140139129111 92 80 75 74 78 85 90 85 7220 2 8K1112614121 1 9099999999999999 3 9-201737 7499999999999999
 55 33  6-17-23-11 13 43 76106125134136133120 99 83 77 77 80 87 95 97 8720 2 9K112 31362139 9799999999999999 349-231727 7799999999999999
 72 52 27 -1-21-20 -3 23 54 87113127131131124107 87 75 74 77 84 9410210020 210K11233131222310399999999999999 429-231737 7399999999999999
 88 72 51 24 -3-17-11  9 35 66 97118126127125114 93 74 66 68 74 84 9610520 211K11251127231410599999999999999 511-181811 6699999999999999
102 90 74 54 27  2 -7  2 22 47 77104120125124118101 78 60 54 58 66 79 9520 212K11318125999999999999999999999 557 -719 0 5499999999999999
103102 93 81 61 35 14  8 18 35 59 85108120122120109 87 63 46 41 45 55 7220 213K1 019104135712299999999999999 649  81958 4199999999999999
 89100103 99 90 72 49 32 27 34 48 68 90108116118112 97 73 48 32 27 32 4420 214K1 149103144111899999999999999 750 272059 2799999999999999
 63 83 97105106101 86 67 53 47 50 59 74 90103109109101 83 59 35 20 15 2020 215K1 348107152511099999999999999 9 8 472159 1599999999999999
 34 54 76 94107114112102 87 74 66 64 67 76 86 95 99 97 87 70 48 27 12  720 216K1 5191141612 99999999999999991053 642259  799999999999999
 12 26 47 71 93110121124118106 93 81 74 71 73 79 84 87 84 76 60 41 22  820 217K1 64812417 5 879999999999999913 3 71999999999999999999999
  2  7 21 42 68 93113127134131121106 91 79 71 68 70 74 77 75 68 55 38 2020 218K1 81313418 9 7799999999999999 0 2  215 1 6899999999999999
  6  0  4 19 41 67 94117132140139129112 93 78 68 63 64 69 72 71 65 54 3820 219K1 9231411919 7299999999999999 1 4  01617 6399999999999999
 19  4 -2  4 20 43 71 98120135143141128109 89 74 65 61 63 69 73 72 65 5420 220K110201432014 7399999999999999 158 -217 5 6199999999999999
 36 16  1 -2  7 24 49 78104123135140135120100 82 70 64 63 69 76 78 74 6620 221K111 51402053 7899999999999999 244 -31736 6399999999999999
 52 32 11 -1  0 13 33 60 88110124131133124106 87 74 68 66 70 78 85 84 7720 222K111411332124 8599999999999999 323 -21752 6699999999999999
 66 49 26  6 -1  6 23 46 73 98115122125122109 90 75 69 68 71 79 88 92 8820 223K112 51252156 9299999999999999 357 -11743 6899999999999999
 78 64 43 19  4  3 16 36 61 87107117120118109 92 75 66 65 69 76 88 96 9620 224K112101202230 9799999999999999 431  21735 6499999999999999
 89 77 60 37 15  6 12 28 50 76100114118117110 95 76 62 58 62 70 81 9410020 225K1121011823 910099999999999999 5 5  61753 5899999999999999
 97 88 75 56 33 16 14 24 42 65 90109117117112 99 80 60 51 52 59 70 85 9720 226K11229118235410199999999999999 540 131823 5099999999999999
101 96 88 74 53 32 22 24 37 55 79101114118114104 86 63 46 41 46 56 71 8720 227K11256118999999999999999999999 617 211858 4199999999999999
 98101 97 89 73 53 37 31 36 49 68 89106115115107 92 69 47 34 33 40 54 7220 228K1 049101132711699999999999999 657 311936 3299999999999999
 89 99102 99 91 75 57 45 43 49 60 77 95107111107 96 76 52 32 23 26 36 5320 229K1 158102135911199999999999999 744 422016 2399999999999999
 73 90101105103 95 81 66 56 55 59 69 82 95102102 96 81 60 37 21 16 21 3420 3 1K1 315105143210399999999999999 843 552059 1699999999999999
 53 74 92103109109102 90 77 69 66 67 73 81 89 93 91 82 67 47 27 14 11 1720 3 2K1 42911015 9 93999999999999991010 662148 1199999999999999
 32 52 73 92106115117111101 90 81 75 72 72 76 80 82 79 71 57 39 22 11  820 3 3K1 5461171555 82999999999999991217 712249  899999999999999
 14 28 49 71 93110121125122114102 89 79 71 68 69 72 73 72 65 53 37 21  920 3 4K1 7 612517 6 73999999999999991415 68999999999999999999999
  4  9 23 44 69 93114127134132123109 93 78 68 64 64 67 71 71 65 54 39 2220 3 5K1 8171341833 7199999999999999 0 0  41525 6399999999999999
  7 -1  3 18 41 69 96119133140138127110 91 75 65 62 64 70 75 76 70 58 4120 3 6K1 9151401937 7799999999999999 110 -116 5 6299999999999999
 21  2 -7 -1 16 42 72101124137141137124104 83 70 64 64 70 79 86 85 76 6120 3 7K110 31412022 8699999999999999 2 7 -71626 6499999999999999
 41 17 -4-11 -1 20 47 79108127135136130114 92 74 66 66 71 81 93 98 92 8020 3 8K110411372059 9899999999999999 254-111626 6599999999999999
 63 40 12 -8-10  5 29 58 89115127130128118 99 77 64 64 70 80 94106107 9820 3 9K111 0130213610899999999999999 335-111629 6399999999999999
 83 64 37  9 -6 -1 17 42 71100119124122117103 80 61 56 62 73 8710411511220 310K111 3124221911599999999999999 415 -71651 5599999999999999
101 86 66 37 12  3 13 32 56 84108119119114104 85 61 46 47 58 72 9010911820 311K11123120231011899999999999999 455  31725 4599999999999999
114104 91 70 42 21 18 29 47 69 94112117113105 91 68 44 33 37 50 67 8910820 312K11155117999999999999999999999 540 1718 9 3399999999999999
117116110 99 78 53 37 36 45 60 79 99111112107 96 77 51 29 22 27 40 60 8420 313K1 018118123611399999999999999 633 3419 1 2299999999999999
104116119117108 89 68 55 53 58 68 83 98106105 99 86 64 38 19 12 18 32 5320 314K1 212119132510799999999999999 742 5220 0 1299999999999999
 77 99114123125118102 84 72 67 67 73 83 93 98 96 89 75 53 30 13  7 12 2520 315K1 3471251419 9899999999999999 925 6621 2  799999999999999
 47 72 95114126132127115 99 86 77 73 73 78 84 87 86 79 65 46 27 12  6 1020 316K1 5 31321518 87999999999999991122 7222 7  699999999999999
 23 43 67 91113128136134125111 96 83 74 70 70 73 76 76 71 60 45 29 16  920 317K1 6201361627 77999999999999991322 702317  999999999999999
 11 22 41 64 89112129138139132118101 84 71 64 62 64 68 69 67 60 49 35 2220 318K1 7361401756 69999999999999991455 62999999999999999999999
 14 14 23 40 63 88111129139140134119 99 80 66 58 56 59 65 69 69 64 55 4220 319K1 8441411927 7099999999999999 030 121550 5699999999999999
 27 17 16 24 41 64 89112128137138130113 92 73 61 54 55 61 70 75 76 72 6220 320K1 9391392035 7699999999999999 136 151627 5499999999999999
 46 29 18 18 27 45 68 94114127133132121101 80 65 57 55 60 70 80 85 84 7820 321K110221342118 8599999999999999 230 161649 5599999999999999
 65 46 27 18 21 33 53 77100117125127122106 85 68 59 56 60 70 83 92 94 9020 322K110521272147 9499999999999999 313 181654 5699999999999999
 82 64 42 25 20 28 43 64 88108118120118107 88 69 58 56 59 69 83 9610210020 323K111 4120221210299999999999999 349 201646 5599999999999999
 94 81 59 37 25 27 38 56 78100113116114106 90 70 55 51 56 65 80 9610610720 324K111 1116223910799999999999999 422 241650 5199999999999999
103 94 77 54 35 30 37 51 70 92108114112106 92 71 52 45 48 58 73 9010511120 325K111 9114231011199999999999999 452 3017 7 4499999999999999
109103 91 71 50 38 39 49 64 84103112112106 94 75 53 39 38 47 62 80 9911020 326K11126113234911399999999999999 523 371732 3799999999999999
113110103 88 68 51 45 50 61 77 95108111107 97 80 57 36 28 34 47 66 8710520 327K11150111999999999999999999999 557 4518 2 2899999999999999
114115111103 86 67 55 54 60 71 85100108106 99 85 64 39 23 21 31 48 70 9320 328K1 039115121910899999999999999 636 531838 2099999999999999
109117118115104 87 71 62 62 67 77 89100103 99 88 71 47 25 13 16 29 49 7420 329K1 145118125210399999999999999 728 621918 1399999999999999
 97113121123119108 91 77 70 69 72 79 88 95 95 89 76 57 34 15  8 13 29 5120 330K1 2531231331 9699999999999999 845 6820 3  899999999999999
 76 99116126129125113 98 85 77 73 73 77 83 87 86 79 66 48 27 12  7 13 2820 331K1 3591291417 87999999999999991028 722056  799999999999999
 50 76 99117129134131121107 93 82 74 71 72 75 78 77 72 60 45 27 14  9 1420 4 1K1 5 81341519 78999999999999991213 7122 1  999999999999999
 27 48 72 97117132138137128114 98 84 73 66 66 68 72 73 70 61 48 33 20 1220 4 2K1 6211391650 73999999999999991340 652322 1299999999999999
 13 24 43 68 93116133142142134119100 82 69 62 61 65 71 76 75 68 57 42 2620 4 3K1 7291431825 76999999999999991435 61999999999999999999999
 14 12 21 39 64 91117135143143134118 96 76 63 58 60 68 78 85 85 79 67 5020 4 4K1 8271441933 8699999999999999 043 1115 9 5899999999999999
 30 14 10 19 39 64 93119135141139129109 85 66 58 58 65 77 91 99 97 89 7620 4 5K1 9131412021 9999999999999999 148 101526 5799999999999999
 55 31 13 11 23 43 70 99122133135130116 94 70 56 55 61 74 91106112108 9820 4 6K1 94213521 111299999999999999 239 101536 5499999999999999
 82 58 31 16 18 32 54 80106123127124115 98 73 52 47 54 67 8510512012211520 4 7K1 954127213912399999999999999 322 151552 4699999999999999
104 86 59 34 24 31 47 68 92113122119111 98 76 51 36 39 53 72 9411712912820 4 8K110 8122222313099999999999999 4 2 241618 3699999999999999
120109 89 62 41 37 47 62 81103117117109 98 80 55 31 24 34 52 7410012213220 4 9K11031118231913399999999999999 443 361653 2499999999999999
131126115 94 69 53 53 62 75 91108115110 99 85 64 36 17 15 28 49 7410112320 410K111 3115999999999999999999999 529 511735 1499999999999999
133135132122101 79 67 67 73 82 96107109102 91 74 50 23  8 10 24 45 7210020 411K1 051135114211099999999999999 629 661824  799999999999999
121133139139129110 91 80 77 78 84 94101101 95 83 65 40 17  5  7 21 42 6920 412K1 230140123010299999999999999 8 8 771919  499999999999999
 96119134143144135118101 88 81 79 81 87 92 92 87 76 58 35 16  7  9 21 4120 413K1 3371451330 9399999999999999 959 792019  699999999999999
 67 94117135146147139124107 92 81 75 75 79 82 83 80 70 54 36 21 13 14 2420 414K1 4401481446 83999999999999991133 752123 1299999999999999
 43 67 92116135146148141127109 92 78 70 67 70 73 76 74 68 56 43 30 22 2220 415K1 5431481611 76999999999999991259 672233 2199999999999999
 30 46 67 91114133144146139126107 88 73 63 60 62 67 72 73 70 63 53 42 3320 416K1 6451461750 749999999999999914 5 602352 3099999999999999
 30 35 48 68 90112130140142136122102 82 66 57 54 58 66 74 78 78 74 65 5320 417K1 7441421929 79999999999999991453 54999999999999999999999
 41 36 39 51 68 90111128136137129114 93 72 58 51 52 59 71 82 88 90 86 7620 418K1 8351372048 9099999999999999 1 8 361526 5199999999999999
 60 46 39 42 53 71 92113126131130120102 79 61 51 49 54 66 82 94101102 9620 419K1 915132214110299999999999999 211 391547 4999999999999999
 82 63 47 41 46 58 76 98115124126120107 85 64 51 47 51 62 79 9610711211120 420K1 943126222011299999999999999 3 3 411557 4799999999999999
102 83 62 48 45 52 66 85105117121118108 89 67 50 44 47 58 74 9411011812020 421K1 959121225312099999999999999 345 4516 4 4499999999999999
115102 80 60 51 53 61 77 96111116114107 91 69 49 39 42 52 68 8910811912420 422K11010116232312499999999999999 420 511615 3999999999999999
123115 97 76 62 58 63 73 89105113112105 92 72 49 35 34 44 60 8110311812520 423K11021113235212699999999999999 451 581631 3399999999999999
126123111 92 74 66 67 73 85 99109110104 93 75 52 32 26 33 49 70 9311412520 424K11035111999999999999999999999 520 661654 2699999999999999
128128122107 88 76 73 76 82 93104108104 94 79 58 34 20 21 35 55 7910412220 425K1 023128105610899999999999999 552 731723 1899999999999999
129131129120104 87 79 78 81 88 97104103 96 83 65 41 20 12 20 38 61 8811220 426K1 1 3131112510599999999999999 636 781759 1299999999999999
127134136132120103 89 82 81 83 89 96100 97 87 73 53 29 12  9 20 40 66 9420 427K1 15313612 310099999999999999 753 811841  899999999999999
117132140141136122105 92 84 81 81 86 92 94 90 80 65 44 22  8  8 21 42 6920 428K1 2471411252 9499999999999999 925 801930  799999999999999
 97120136145147140126108 94 84 78 77 80 85 87 84 75 61 41 22 11 11 23 4320 429K1 3441471355 87999999999999991043 762027  999999999999999
 69 97121139149151144129111 94 81 73 71 74 79 82 81 74 62 45 28 17 16 2520 430K1 4451511516 83999999999999991153 712136 1599999999999999
 43 68 95119138150153146131112 93 77 68 65 68 75 81 83 79 69 55 39 27 2320 5 1K1 5481531651 83999999999999991253 652258 2399999999999999
 28 43 65 91116137149152145130110 88 71 61 60 65 75 84 90 88 81 68 53 3720 5 2K1 6481521820 90999999999999991340 59999999999999999999999
 29 30 43 63 88114134146148141125102 79 62 54 57 66 80 93101102 96 83 6620 5 3K1 741149193310399999999999999 021 281414 5499999999999999
 46 34 34 45 64 88113132141140131113 88 65 51 49 57 71 90107116116110 9720 5 4K1 823142203011799999999999999 130 321438 4999999999999999
 76 53 40 40 52 70 93116130133128117 96 69 48 41 46 60 8010312212912812120 5 5K1 849133211812999999999999999 227 391459 4199999999999999
106 82 59 48 51 62 79101119126123114 98 74 47 32 33 46 66 9211713413913720 5 6K1 9 612622 513999999999999999 314 481523 3099999999999999
129112 87 66 59 65 75 91109120119110 97 78 51 27 19 29 48 7310212814214520 5 7K1 925121225914599999999999999 357 591553 1999999999999999
143135116 91 75 72 78 88101114118111 98 82 58 30 12 12 27 51 8011013414520 5 8K1 950118999999999999999999999 442 721629  999999999999999
148147138118 97 85 84 88 95106114113102 87 68 42 16  3  9 28 53 8411413620 5 9K1 017149102211599999999999999 535 831710  399999999999999
147152151141122103 93 91 93 98105110106 94 79 59 32 10  2 10 29 56 8611520 510K1 12815211 211099999999999999 7 1 911757  299999999999999
136149155154143125108 97 92 91 94100102 98 89 74 53 28 10  5 14 32 58 8820 511K1 227156115410299999999999999 848 911850  599999999999999
116137151158156144126109 96 88 85 87 92 95 92 85 71 51 30 15 12 20 37 6220 512K1 32015813 4 959999999999999910 3 851947 1199999999999999
 90116138152159155143124106 91 81 77 79 84 88 88 82 70 54 37 24 21 28 4420 513K1 4111591429 889999999999999911 7 772048 2199999999999999
 67 93118138152157152138119100 83 73 69 71 77 83 85 82 73 60 47 37 33 3820 514K1 5 01571557 859999999999999912 4 692155 3399999999999999
 52 72 95118137149152146132112 92 75 65 62 65 72 80 85 85 80 71 60 51 4620 515K1 5491521731 86999999999999991255 622311 4599999999999999
 48 59 76 96117134144145138123103 83 66 57 56 61 71 82 90 93 92 85 75 6420 516K1 63714619 7 93999999999999991340 55999999999999999999999
 56 56 64 78 96116131139138129113 93 72 57 50 52 60 74 88100105105100 8820 517K1 724140203110699999999999999 032 551417 5099999999999999
 74 63 61 67 79 97115128133130119102 79 59 48 45 51 64 8210011311911911220 518K1 8 6133213212099999999999999 146 611445 4599999999999999
 96 79 68 65 70 82 99115125127121107 86 64 47 40 44 55 74 9511412613213020 519K1 841127221913299999999999999 250 6515 7 4099999999999999
118100 82 71 69 74 87103116121118109 91 68 47 36 37 47 65 8711012613614020 520K1 9 8121225914099999999999999 345 691525 3599999999999999
135119 99 83 75 75 81 94107115115108 94 73 49 33 31 39 56 7810312313614320 521K1 926116233614499999999999999 432 741542 3099999999999999
143134116 97 86 81 83 90101110111105 94 76 53 32 24 30 46 68 9311713314120 522K1 939112999999999999999999999 514 8116 1 2499999999999999
145142129111 97 90 88 91 98106109105 95 80 58 34 20 21 35 56 8110712813920 523K1 011145 95210999999999999999 555 881625 1899999999999999
144145139124108 97 94 93 96103107105 96 83 65 42 20 13 22 41 65 9311813520 524K1 045145101310899999999999999 641 931656 1399999999999999
143147145136120106 98 96 95 98104105100 89 74 53 29 12 11 24 47 7410212620 525K1 119147104510699999999999999 741 951734  999999999999999
141148150146134117104 97 94 94 97101101 95 83 66 45 22  9 11 27 51 8010920 526K1 159150113110299999999999999 841 931820  899999999999999
132146153155148133116102 94 89 89 93 97 98 91 80 63 41 21 10 14 30 54 8320 527K1 2441551231 9899999999999999 936 881912 1099999999999999
112136151158159150133113 98 87 82 82 87 93 95 91 81 64 44 25 16 19 34 5720 528K1 3331601346 95999999999999991027 812012 1599999999999999
 85114138154161161150131109 91 79 74 75 82 90 95 93 85 71 52 35 26 27 3920 529K1 4251621513 95999999999999991116 742121 2599999999999999
 60 86114137153161159146126103 83 70 66 69 78 89 97 99 94 82 66 50 39 3720 530K1 5171611646 999999999999999912 3 662239 3699999999999999
 46 63 87112135150157153139118 94 73 60 58 64 76 91102108106 98 84 67 5320 531K1 6 91571816108999999999999991247 57999999999999999999999
 48 53 67 87110131145149143129106 81 60 50 50 60 77 96111120121115102 8420 6 1K1 656149193812299999999999999 0 1 481326 4999999999999999
 68 59 61 72 88109127138138131115 91 65 46 39 45 60 8110412313413613211920 6 2K1 735139205313699999999999999 118 591359 3999999999999999
 98 79 69 70 78 92110124130126116 98 72 46 31 31 42 62 8911613514614914520 6 3K1 8 4130215914999999999999999 225 691430 2999999999999999
130108 89 80 80 86 98112122122113100 79 52 28 19 26 44 69 9912714615415720 6 4K1 827123225715799999999999999 326 7915 1 1999999999999999
152136113 96 89 90 95105116119113101 84 60 32 13 12 25 48 7811013615215920 6 5K1 851119235016299999999999999 421 891535 1099999999999999
161155137116102 98 99103111117115104 89 70 44 18  4 10 29 55 8711814215520 6 6K1 919118999999999999999999999 518 981612  499999999999999
161162154136117107103103107113116110 97 81 59 32 10  2 13 35 63 9512414520 6 7K1 040163 95311699999999999999 6301031653  299999999999999
156162162151133117108104103106111112105 92 75 52 27  8  6 19 41 7010112820 6 8K1 128163103711399999999999999 7441031738  599999999999999
147158163160147129114104 99 98102107107101 89 72 50 27 13 13 27 49 7710620 6 9K1 213163113510899999999999999 843 981828 1199999999999999
132149160163157142123107 97 91 91 96101103 98 88 72 51 32 21 22 36 57 8420 610K1 255163124610399999999999999 932 901921 2099999999999999
112136152161162153135115 98 87 81 83 89 96100 97 89 75 57 40 31 34 46 6620 611K1 33516214 7100999999999999991017 812018 3199999999999999
 91117139154160158145126105 87 76 72 76 84 93 98 98 92 80 65 52 45 46 5720 612K1 4131601532 999999999999999911 0 722119 4499999999999999
 75 98121140153156150135115 94 77 67 65 70 80 91 98101 98 89 77 66 59 5920 613K1 4531561658101999999999999991144 642228 5899999999999999
 68 83102122139148149140124103 83 66 58 59 66 78 91102108107101 92 81 7320 614K1 5341501827108999999999999991227 572349 7199999999999999
 71 76 88104120134141139129112 91 71 57 51 54 64 79 95109118120116108 9620 615K1 61814219531209999999999999913 8 51999999999999999999999
 85 80 82 90103117128133129117 99 78 59 47 44 51 65 8410312013013413112120 616K1 7 213321 413499999999999999 114 801345 4499999999999999
106 93 85 85 91101114123125119105 86 64 47 38 40 52 70 9311513214314714220 617K1 744125215814799999999999999 235 841417 3799999999999999
129112 97 89 87 92101112118116108 92 71 49 35 32 40 57 8010512814415315520 618K1 819118224215599999999999999 346 871445 3199999999999999
147131113 99 91 90 94103111113107 96 77 54 34 25 30 44 66 9311913915215920 619K1 845113232315999999999999999 445 9015 9 2599999999999999
157146128112101 95 94 99106110107 98 83 61 38 22 21 33 53 7910713114715620 620K1 9 2110999999999999999999999 536 941535 2099999999999999
160155141124111103 99100105109108100 87 69 46 24 15 21 40 64 9312014015120 621K1 0 1160 92011099999999999999 624 9916 4 1599999999999999
157158150135119110105103104109110105 93 78 57 33 15 12 25 48 7510513014620 622K1 038159 94611099999999999999 7 91031639 1199999999999999
154158156145129116109105104107111110101 88 71 48 24 10 13 31 56 8411413820 623K1 115158102311199999999999999 7521041719 1099999999999999
151157159154140123111105102102107111109 99 85 67 44 21 11 17 36 62 9212120 624K1 153159111411199999999999999 82910218 6 1199999999999999
143156161161153136117105 98 96 98104110108 99 86 68 44 23 16 23 42 68 9720 625K1 233162121811099999999999999 9 5 961859 1699999999999999
126147159165162150129109 95 88 87 92101108109103 91 73 50 31 25 32 49 7320 626K1 315165133310999999999999999 944 871958 2599999999999999
102130150161165160143120 99 84 77 77 85 97107111108 99 83 62 45 38 43 5720 627K1 35716515 3111999999999999991025 7621 4 3899999999999999
 79106131149160161153134109 86 71 65 68 79 94107115116110 97 79 63 55 5720 628K1 4401621640117999999999999991110 652220 5499999999999999
 67 85107129145153152141121 96 73 58 54 59 73 91109121127124115100 84 7320 629K1 5241541813127999999999999991156 542346 7199999999999999
 71 77 90107125138144140128107 82 59 45 43 51 68 9011212913814013412110420 630K1 6 71441943140999999999999991242 43999999999999999999999
 90 84 85 93106120130133127114 93 68 45 33 34 46 67 9211813815015515113820 7 1K1 64913321 415599999999999999 118 841326 3299999999999999
120103 94 92 96105116123122114100 78 53 32 23 28 44 69 9812714816016616320 7 2K1 725123221016699999999999999 250 9214 6 2399999999999999
149129112101 98 99106114118113103 87 64 38 20 16 26 47 7510713515516717220 7 3K1 75711823 617299999999999999 413 981444 1599999999999999
167152131115106103104109115114107 94 75 51 26 12 14 30 54 8511714315916920 7 4K1 828116235417299999999999999 5201021521 1099999999999999
172165148129116109107108113117112101 86 65 40 17  8 17 37 64 9612614816020 7 5K1 9 1117999999999999999999999 6131071559  899999999999999
167168159141124115110109112117118110 97 80 58 33 14 11 24 47 7510613315120 7 6K1 037169 93911899999999999999 6541091639 1099999999999999
160164162150133118111109109113118117108 94 76 53 30 15 18 34 57 8611513920 7 7K1 116164102511999999999999999 7261081721 1499999999999999
153160162156141123111105103106112117116107 93 75 52 31 21 27 44 68 9612420 7 8K1 148162112011899999999999999 75710318 7 2199999999999999
144156160159148130113101 96 96101109115114107 94 76 54 36 30 38 55 7910620 7 9K1 218161122211599999999999999 833 951855 3099999999999999
131149158161155139119101 90 86 88 95106112113108 96 79 59 45 42 50 66 8920 710K1 248161133511499999999999999 911 861947 4299999999999999
115137152159158147128106 89 78 76 81 91103111114110100 85 68 57 55 63 7820 711K1 321160145811499999999999999 951 762042 5599999999999999
 99122141153156151135114 93 76 68 68 75 88101111116115107 94 81 72 70 7620 712K1 3551561620116999999999999991031 672144 7099999999999999
 89107125140148149139121100 80 65 59 62 72 86101113120122116106 96 88 8520 713K1 4321501741122999999999999991112 5923 2 8599999999999999
 88 97110123134140137125107 87 68 56 52 57 69 8610311712813112912111210220 714K1 51114019 4131999999999999991155 52999999999999999999999
 96 95100108118126129124112 94 75 58 47 46 53 68 8710712513714314313612520 715K1 555129202314499999999999999 039 951240 4599999999999999
113103 99 99105112118119113101 83 64 48 39 40 51 70 9211513514915615514720 716K1 642119212415699999999999999 221 981322 3899999999999999
133118106 99 97101107112112105 91 73 53 37 31 37 52 7410012514515916516220 717K1 728112221416599999999999999 345 9714 2 3199999999999999
151135118106 98 97100106109107 98 83 62 42 28 26 36 56 8311113615416516920 718K1 8 6109225716999999999999999 446 971438 2599999999999999
164150132116105100 99104109109103 91 73 51 30 19 24 40 65 9412214516016720 719K1 835110233816999999999999999 534 991513 1999999999999999
168160144126114107103105110113109 99 84 64 40 20 15 26 48 7510513315216120 720K1 9 2113999999999999999999999 6131031548 1599999999999999
166164153136121112109108111117117109 95 78 55 30 14 16 32 57 8611714115520 721K1 017166 93311899999999999999 6421081625 1399999999999999
161163159144127115111110112117122119108 93 73 49 24 13 20 40 67 9712614820 722K1 054163101312299999999999999 65411017 6 1399999999999999
157161161152135118109107108113120125120108 93 72 47 24 18 28 50 7610613420 723K1 12916211 212599999999999999 6561071751 1799999999999999
152159161158145124107100 99103110121126121111 96 75 50 30 27 39 59 8511420 724K1 2 116112 212699999999999999 736 991842 2699999999999999
140155161161153135112 95 88 88 94106119125124116104 83 59 43 41 51 69 9420 725K1 234161131612699999999999999 827 871939 4099999999999999
120142155160157145122 98 81 74 75 84 99115125128125114 96 75 60 58 65 8020 726K1 311160145712899999999999999 920 732045 5799999999999999
101123142152154149132108 84 67 60 63 74 92111125133134127113 95 81 76 7920 727K1 3501551640135999999999999991012 6022 6 7699999999999999
 90105123137145145136118 94 70 54 47 52 65 85107126139145142132117103 9420 728K1 43214618111459999999999999911 5 472348 9299999999999999
 92 97106118129134132122105 82 59 43 37 43 58 8010512814615515715013712220 729K1 51713419411579999999999999912 0 37999999999999999999999
109102101104112119123120110 94 73 51 35 30 37 53 7810613215216516916515120 730K1 6 512321 016999999999999999 1451011255 3099999999999999
134118107102102107112115111102 86 65 44 28 25 34 53 7910913715817117717220 731K1 65611522 517799999999999999 3291011346 2499999999999999
158138121109102101105110111106 96 80 59 37 23 23 35 56 8511614316217417820 8 1K1 743111225817899999999999999 4431011431 2199999999999999
172156136119109103103107112111104 92 75 52 31 20 24 41 65 9412414816317120 8 2K1 823112234417499999999999999 5341021512 2099999999999999
173165147128116109106108113117113103 89 70 46 26 21 31 50 7610613315116120 8 3K1 9 0117999999999999999999999 6 91061549 2099999999999999
166165153135119112109109114121121114102 86 64 40 25 26 40 63 9011814115320 8 4K1 021166 93712299999999999999 6251081626 2399999999999999
158160154139122111108108112120126124114101 83 60 38 28 35 52 7610312914720 8 5K1 048160101812699999999999999 61510717 5 2899999999999999
154156153143125109102102106113123128124114100 81 58 40 36 46 65 8911613920 8 6K1 1 015611 512899999999999999 6281021745 3599999999999999
151155154146130111 98 94 96102113124128124115101 81 59 46 46 58 7710212720 8 7K1 114155115812899999999999999 7 4 941828 4499999999999999
145154156150137117 97 86 84 89 98112123127124117103 83 64 56 58 70 8911320 8 8K1 14315613 312799999999999999 747 841914 5599999999999999
135149155153143124102 84 75 75 82 95110122127126120106 88 74 68 72 8310120 8 9K1 216155142412799999999999999 830 7420 5 6899999999999999
121138149151146131109 86 71 65 67 78 94110122129130124112 97 86 82 85 9420 810K1 250151154213099999999999999 911 6521 4 8299999999999999
109125137144143133115 93 72 60 57 62 75 93110124132135131121109100 96 9620 811K1 323144165513599999999999999 952 572223 9599999999999999
102112123131134130118100 79 62 52 51 59 74 9311112713714214013312311410720 812K1 3591341811142999999999999991035 50999999999999999999999
104106111117122122117105 88 69 54 46 47 56 72 9211313114415115114513512420 813K1 439123192915299999999999999 0111041126 4599999999999999
114107104105109112112107 96 80 63 49 41 42 52 71 9311613715216116215614420 814K1 533113203816299999999999999 2101041223 4099999999999999
130116106100100103106107102 91 76 59 43 35 37 49 70 9512114416016916916220 815K1 639107213317099999999999999 3361001320 3499999999999999
147130114103 98 98102106107101 90 73 54 37 28 33 49 7310112915216617317120 816K1 738107222117399999999999999 429 971410 2899999999999999
161144125110102 99101107112110102 88 69 47 29 23 32 52 7910913715816817220 817K1 82011223 217299999999999999 5 4 991453 2399999999999999
168155136118108103104109117120114102 86 64 39 22 21 36 59 8912014516016620 818K1 853120233816799999999999999 5241031532 1999999999999999
167160144124111107108112120127127117102 83 58 32 19 25 45 7110113015116020 819K1 927128999999999999999999999 5151071610 1999999999999999
162160149130112105106111119130136131118101 80 54 30 23 35 57 8311314015420 820K1 0 116210 513699999999999999 5141051650 2399999999999999
158156151136115100 98104112123136140133119103 81 54 34 33 48 70 9612414620 821K1 0 3158105214099999999999999 540 981733 3199999999999999
155155151141121 99 88 89 97108123137141135124109 87 61 46 48 62 8210613120 822K1 027155114914199999999999999 621 871822 4599999999999999
148153151145129106 84 75 77 86101119135141138132118 97 74 63 65 76 9211320 823K1 1 615313 714199999999999999 713 751919 6299999999999999
134146149146136116 90 70 61 64 75 92113131141144142130111 92 82 81 8810020 824K1 15314915 714499999999999999 812 612033 8099999999999999
117132141143137124102 77 57 49 52 64 83106127142150152144128112101 96 9820 825K1 243143164015299999999999999 914 492215 9699999999999999
105116126132133126112 90 67 49 41 43 55 7510012314315616115714513111810820 826K1 33413318 4161999999999999991016 40999999999999999999999
104105110117122121115101 82 62 45 36 38 50 70 9512114416016916816014512920 827K1 429122192717099999999999999 0171041120 3699999999999999
116106102103107111112106 95 79 61 44 35 35 46 66 9212014516417417616815320 828K1 534112204117699999999999999 2161021226 3499999999999999
134117105 98 97101105106103 94 80 62 45 34 35 46 66 9312114716517617817020 829K1 648107214417899999999999999 341 971328 3399999999999999
153132114102 95 94 99105107104 95 82 63 44 34 36 49 70 9712614916517417420 830K1 752107223617599999999999999 435 941420 3399999999999999
164145125109 99 95 97104111112107 98 82 61 42 34 40 56 7810613215216216820 831K1 838112231716899999999999999 510 9515 3 3499999999999999
165152132114103 99 99105114119117110 99 80 57 40 38 48 66 9011714015215820 9 1K1 911119234415999999999999999 530 981540 3799999999999999
159153136117104100101106115125127121111 97 76 53 41 45 59 7910412914515220 9 2K1 942127234515299999999999999 5201001615 4099999999999999
152149137118103 97 98104113125132131123111 94 70 51 46 55 72 9411913914920 9 3K11016133233715099999999999999 511 961649 4699999999999999
150146137121102 91 91 97106120132136132123110 90 68 54 55 67 8610813114620 9 4K11056136235714999999999999999 529 901724 5399999999999999
149147139124104 87 81 86 95109124135137132123109 88 69 62 67 80 9912013920 9 5K11142137999999999999999999999 559 8118 3 6299999999999999
148148142129109 87 74 73 81 94110127136137133125109 89 75 72 79 9210912920 9 6K1 027149124113799999999999999 635 721845 7299999999999999
142146143134116 92 72 64 66 77 93112128137139136127111 94 84 83 8910111720 9 7K1 1 0146135713999999999999999 713 631934 8399999999999999
132140141135121 99 76 60 55 61 74 94114130139143140131115102 94 93 9810720 9 8K1 135142151014399999999999999 753 552038 9399999999999999
119130134132123106 83 62 50 49 58 74 9511613214314714613612311110410110320 9 9K1 2 9134161514899999999999999 835 4822 810199999999999999
109117123124120110 92 71 53 44 46 56 73 9511713414615315214413312111310720 910K1 246125172315399999999999999 922 44999999999999999999999
105106110114114109 98 82 64 50 42 44 54 72 9411613615015815915314213011820 911K1 330114183616099999999999999 0 11051018 4299999999999999
108102101102105105102 93 79 63 50 42 42 51 69 9111513715416416716114913420 912K1 440105194616799999999999999 1521011129 4199999999999999
119106 97 95 96100102101 94 82 66 51 41 39 47 65 8911514015916917116515220 913K1 612102204517299999999999999 3 3 951243 3899999999999999
134115101 93 92 96102107106 99 86 69 51 37 34 43 63 8911814416317217216420 914K1 724107213417399999999999999 343 921346 3399999999999999
148127108 96 92 94102111116114105 90 70 48 32 31 44 66 9412414916416916720 915K1 812117221216999999999999999 4 7 921435 3099999999999999
157137115100 94 96102114125128121109 92 68 43 29 33 50 7510413315416216220 916K1 848128223116399999999999999 412 941517 2999999999999999
157143121101 92 95102113128138136126112 92 65 41 32 42 62 8711614115415620 917K1 922139223615699999999999999 413 921555 3299999999999999
152143125102 87 87 96108124140147141129114 92 64 44 42 56 7710212814715220 918K110 0147225315299999999999999 429 851634 4099999999999999
147140127105 83 74 81 95111131147151144133118 94 68 54 57 72 9111413614820 919K11047152232114899999999999999 459 741716 5399999999999999
146139128110 85 66 63 74 90111133149152147139124101 78 69 74 8610212213820 920K11147152235814499999999999999 538 6218 5 6999999999999999
144139130116 94 68 52 53 65 83106130146152152147134112 93 86 89 9710912420 921K11326153999999999999999999999 626 5119 9 8699999999999999
135137132122105 80 55 42 44 56 75 99124143154159157145126110101 9910211020 922K1 043138151815999999999999999 722 422051 9999999999999999
120128129124113 94 70 48 37 38 48 68 9311914015616516515614012411210610420 923K1 138129163316699999999999999 825 36225210499999999999999
107113118119115104 86 65 46 35 35 45 63 8711413815716917116415113411910820 924K1 242119174617299999999999999 932 34999999999999999999999
101100103107109106 98 83 66 49 39 37 44 61 8411013515617017517015714012120 925K1 358109185917599999999999999 0421001043 3699999999999999
106 97 93 94 98102101 96 85 71 57 45 41 46 60 8210713315516917517115813920 926K1 52710220 617599999999999999 212 931158 4199999999999999
119102 90 86 88 93 99102 99 92 80 65 51 44 48 61 8210713315416717116715420 927K1 65910221 417199999999999999 312 8613 9 4499999999999999
133111 95 85 82 86 95103107106100 88 70 54 47 51 64 8511013515316216515920 928K1 815107215216599999999999999 354 8214 8 4799999999999999
143121101 88 82 83 91103112116114107 92 72 55 50 56 71 9211713815115715620 929K1 9 8116222615799999999999999 422 821455 5099999999999999
147128106 90 83 83 89102115123124121111 92 70 56 55 64 8010312614214914920 930K1 942124223814999999999999999 432 821534 5499999999999999
144130109 90 82 82 88100115128132130124110 88 67 59 63 75 931151341431442010 1K110 6132223314499999999999999 427 8116 7 5899999999999999
140129110 89 77 77 84 95112128136137133123105 83 67 65 74 881071271401422010 2K11033138224214299999999999999 432 761639 6599999999999999
137128112 90 73 69 75 87104122136141139133121100 81 72 75 861011191351402010 3K111 514123 114099999999999999 449 691711 7299999999999999
137128114 93 72 61 64 76 92112130141143140132117 97 83 80 86 971121281372010 4K11146143232613899999999999999 514 611745 8099999999999999
136129117 98 74 57 53 62 78 98119136143144141132115 98 89 89 951051181302010 5K11240144235413499999999999999 544 531826 8899999999999999
134129120104 81 58 46 48 61 80103125140146147143132115101 95 961001091202010 6K11347147999999999999999999999 619 451922 9599999999999999
127127120108 89 65 46 39 46 61 83108129143150151146134118106100 991021092010 7K1 027128144715299999999999999 657 392046 9999999999999999
117121118110 96 75 53 38 35 45 62 861111321471551561501371221111031001012010 8K1 1 6121154515699999999999999 741 35222210099999999999999
105110112109100 86 66 47 35 35 45 63 87112134149159161155143128115105 982010 9K1 153112164716199999999999999 831 342355 9699999999999999
 96 98102103101 93 80 63 47 37 37 46 63 86111133151162165160148132117103201010K1 256103175316599999999999999 932 36999999999999999999999
 94 90 91 95 97 97 92 81 67 52 42 40 46 60 82107131151164168164151134116201011K1 426 98185916899999999999999 115 901049 3999999999999999
 99 88 84 86 91 97100 97 88 75 61 48 41 44 57 78104130151165169164151131201012K1 6 3100195616999999999999999 2 9 841214 4199999999999999
110 92 82 80 85 94103108107 99 86 68 51 40 42 55 77103130152164166160144201013K1 717109204316799999999999999 246 801323 4099999999999999
122 99 83 77 80 89103115121118109 94 73 52 40 43 58 80107134153160158149201014K1 8 9121211516099999999999999 3 7 771418 4099999999999999
131106 84 74 76 84 99117131134129118100 75 52 43 50 66 89116139151152146201015K1 849134213115399999999999999 319 7315 2 4399999999999999
133111 85 68 67 77 92112132144143136124103 76 55 52 62 79102126142146140201016K1 925145214514699999999999999 334 661542 5199999999999999
129112 87 63 55 63 79100124145153149141128105 79 63 65 78 94114133142137201017K110 615322 514299999999999999 357 551621 6299999999999999
126112 91 64 45 45 60 81106133152157153146132109 86 76 81 92106123136136201018K11056157223313899999999999999 429 4317 5 7699999999999999
127113 96 71 44 32 38 57 81109136153158157152138115 97 90 94102112125132201019K1121115823 913299999999999999 5 8 3218 0 9099999999999999
128117102 82 55 32 24 33 53 78107134152159162159145124108102102105112121201020K114 4162235312499999999999999 554 24193010199999999999999
124119109 94 72 46 26 21 31 49 75104131150162168165152133118108103103107201021K11515168999999999999999999999 648 21213810299999999999999
112114111102 87 66 43 26 23 31 48 72101127149164171169157139122109100 96201022K1 051114161717299999999999999 748 2223 9 9699999999999999
 98102105103 97 84 65 46 32 28 34 49 72 98125147164172170159141122106 94201023K1 212105171917399999999999999 854 28999999999999999999999
 88 88 92 96 97 93 84 70 54 42 37 40 52 72 97123145162170168157139118100201024K1 347 97181917099999999999999 027 8710 7 3699999999999999
 86 79 79 84 90 94 94 89 79 66 54 47 47 57 74 96121143158165163152133111201025K1 526 95191616599999999999999 130 781126 4699999999999999
 91 78 72 73 80 89 96 99 97 91 79 66 56 54 61 76 96119140154159156143123201026K1 7 6 9920 715999999999999999 220 711244 5399999999999999
100 81 70 66 70 80 93104109109103 90 74 62 58 64 78 98120138149151146132201027K1 830110204915199999999999999 258 661351 5899999999999999
110 87 71 63 64 73 87103115121121113 97 79 65 62 69 83102123138144142134201028K1 931122211814499999999999999 324 631447 6299999999999999
116 92 72 61 60 67 81 99116127132130119 99 79 68 68 75 90110127136137131201029K11016132213513799999999999999 338 601533 6799999999999999
118 96 73 59 56 61 74 93114129137139134118 97 79 72 75 84100118130132128201030K11052139214713299999999999999 348 551611 7299999999999999
117 99 75 56 50 55 67 86108127138143142133114 94 82 79 84 95110124128125201031K1112514322 012899999999999999 4 1 501645 7999999999999999
116100 78 55 44 46 58 76 99121136143145141128109 93 87 88 941051181251232011 1K11157145221612599999999999999 418 431717 8699999999999999
115101 81 57 40 37 47 65 87112131142146145138123105 95 93 951021121201212011 2K11230146223612299999999999999 441 361751 9399999999999999
115103 86 63 40 30 35 51 73 98122138145147145135118104 98 971001061141182011 3K113 714723 211899999999999999 5 8 301839 9799999999999999
114105 90 70 46 28 25 36 56 81107130143148150145132116105100 981001051112011 4K11348150233711299999999999999 542 2420 0 9899999999999999
112106 95 79 57 35 22 24 38 61 87114135147153153146132116105 99 96 971012011 5K11435154999999999999999999999 621 212120 9699999999999999
105105 98 87 70 48 28 20 25 41 64 92118139152158157148133116104 95 91 912011 6K1 023106152615999999999999999 7 7 202229 9099999999999999
 95 98 98 92 81 65 45 28 22 28 43 67 94120141155162160150134116101 90 842011 7K1 125 99162116299999999999999 8 1 222332 8399999999999999
 84 88 92 93 89 80 65 48 33 27 32 46 67 93119141156164162151134114 96 832011 8K1 245 93171916499999999999999 9 4 27999999999999999999999
 77 77 82 88 92 91 84 72 57 43 35 37 47 66 91117139155163161149131109 892011 9K1 420 92181716399999999999999 028 761022 3599999999999999
 75 69 71 78 88 95 98 94 84 70 55 44 41 49 66 88114137153160157144124100201110K1 553 98191016099999999999999 115 691147 4199999999999999
 78 65 62 67 79 93104109107 99 85 67 52 46 51 66 88112135149153148134111201111K1 711110195415399999999999999 151 6213 1 4699999999999999
 85 64 55 57 67 84103118124122114 98 77 59 51 57 71 91114134144143134118201112K1 814124202414599999999999999 218 5514 3 5199999999999999
 92 66 49 46 55 72 94117132137135126108 84 65 59 66 79 98119133136130117201113K1 9 7137204413699999999999999 241 461454 5999999999999999
 97 69 44 34 40 56 79107131145148144134113 89 72 70 78 90107123130126114201114K1 95414821 313099999999999999 3 4 341539 7099999999999999
 98 73 45 25 24 38 61 89119142153154151139117 94 82 83 90101115125124114201115K11046154212712699999999999999 333 221622 8199999999999999
 98 78 51 24 11 18 38 65 97128148157158155141119100 93 94100108118123116201116K11153158215612399999999999999 4 7 111711 9299999999999999
102 84 62 33 10  4 17 40 70102132150158161157143122107101101104110116117201117K113 4161223211899999999999999 447  3182510099999999999999
107 93 74 50 22  4  3 18 42 72105132150159163159145125111104101101105110201118K114 5163232011099999999999999 532  1202710099999999999999
108100 86 68 44 19  5  6 21 45 74105132150161165160145126111101 95 94 97201119K115 1165999999999999999999999 623  32144 9399999999999999
101100 94 83 66 44 23 11 13 27 48 76106131150162166159143124106 93 85 84201120K1 025101155316699999999999999 721 102247 8399999999999999
 87 92 94 91 82 67 48 31 21 23 34 54 79107131150161163155138117 98 83 75201121K1 153 94164216499999999999999 823 202341 7399999999999999
 73 78 84 89 89 83 72 57 43 34 34 43 60 83108131148158158148130108 88 73201122K1 331 90173015999999999999999 931 33999999999999999999999
 65 65 70 79 86 90 88 81 70 58 49 46 53 66 86108129145152150138120 97 77201123K1 510 90181715299999999999999 031 641047 4699999999999999
 62 56 57 65 77 88 95 97 93 85 73 63 58 61 71 88107126139144140127108 85201124K1 649 9719 114499999999999999 117 5612 8 5899999999999999
 65 52 48 53 64 79 94104109107100 87 74 66 67 75 89106123133135129115 94201125K1 817109194313699999999999999 156 481327 6599999999999999
 71 52 43 43 52 68 87104116122121112 96 81 71 71 77 90106121127126117100201126K1 923123201812899999999999999 227 421437 7099999999999999
 77 55 40 36 42 56 76 99117129135132119101 84 75 74 80 93108118120115103201127K11012135204712199999999999999 252 361537 7499999999999999
 82 58 39 30 33 45 65 90113130140143137120101 86 79 79 86 98109115112102201128K1105314321 811599999999999999 313 301629 7899999999999999
 86 63 39 26 25 36 54 79104125139146146135117 99 88 83 85 92103109109101201129K11130147212411099999999999999 332 241715 8399999999999999
 88 67 42 24 18 26 43 67 94118134144148144130112 98 91 88 91 98105107100201130K112 4148213910799999999999999 352 181759 8899999999999999
 89 71 48 25 13 17 32 54 81108128139145146138123107 98 94 93 961021051012012 1K11238147215810599999999999999 415 131846 9399999999999999
 91 76 55 31 12  9 20 40 66 94119134142146143132117104 98 95 94 981021012012 2K11311146222510299999999999999 444  81938 9499999999999999
 93 81 64 42 18  5  9 25 49 77105127139145147141127112101 96 93 93 96 992012 3K1134614723 5 9999999999999999 518  52031 9299999999999999
 96 87 73 55 32 11  3 11 30 56 85113133144149148140124108 97 91 87 88 922012 4K11425150999999999999999999999 559  32121 8799999999999999
 95 91 82 68 49 27  9  5 15 35 62 91118138149153150138120103 90 83 79 822012 5K1 0 0 9515 915399999999999999 647  522 7 7999999999999999
 87 90 88 80 67 49 28 13 10 20 40 66 95122141152156151136116 96 82 73 712012 6K1 1 8 90155715699999999999999 742  92252 7199999999999999
 75 82 87 87 82 70 54 35 21 18 27 45 69 97123142153155148131109 87 71 632012 7K1 231 88164615599999999999999 844 182336 6199999999999999
 62 68 78 86 90 87 78 64 47 34 30 35 50 72 97121139150150141123 99 76 602012 8K1 4 6 90173515199999999999999 957 30999999999999999999999
 52 54 63 76 88 95 97 91 80 65 51 43 45 56 74 96118135143142131111 86 622012 9K1 541 97182214499999999999999 020 521120 4299999999999999
 46 41 46 59 76 93105110107 98 84 67 56 54 61 76 94114128134130117 96 70201210K1 7 911019 413499999999999999 1 0 411242 5499999999999999
 46 32 31 40 58 80102117125124116101 82 68 63 68 79 94111122123116101 78201211K1 828125193812499999999999999 136 301357 6399999999999999
 51 28 18 22 37 61 88114130138139131113 92 77 72 75 83 97110116112101 83201212K1 93614020 511699999999999999 2 9 1815 4 7299999999999999
 58 29 10  6 18 39 68 99125141149149140120 99 85 81 83 90101110109100 86201213K11035150203011199999999999999 242  616 4 8199999999999999
 65 37 10 -4  0 18 44 77110135148154154143122102 91 89 91 96105109103 89201214K11128155205710999999999999999 316 -517 1 8999999999999999
 72 48 19 -5-13 -1 22 52 87118140151156154141121104 96 94 95100106106 96201215K11218156213010799999999999999 352-1318 6 9499999999999999
 80 60 35  7-13-14  2 28 60 95124142151155152137118104 98 95 96100104101201216K113 7155221110599999999999999 432-161919 9599999999999999
 90 73 53 27  1-13 -9  9 36 68101127143151154148132114101 94 91 92 97100201217K1135415423 310099999999999999 516-142020 9199999999999999
 96 85 70 50 24  2 -8 -1 17 44 74105129143151152143126107 94 86 83 85 90201218K11438153999999999999999999999 6 5 -82111 8399999999999999
 94 92 83 69 50 27  8  1  9 27 52 81109131145151149137117 98 84 75 72 76201219K1 0 9 94151815199999999999999 657  12156 7299999999999999
 83 88 88 82 71 54 34 18 14 20 37 60 87113133145149143128107 86 71 63 62201220K1 129 89155714999999999999999 753 142240 6199999999999999
 67 76 83 86 83 75 61 44 32 28 34 48 69 93116133143143134116 94 74 59 52201221K1 3 2 86163414499999999999999 854 282323 5199999999999999
 52 60 70 80 86 87 81 71 58 48 44 47 59 77 97116130137134122103 81 61 47201222K1 437 8717131379999999999999910 2 44999999999999999999999
 42 45 54 67 80 89 93 91 84 74 65 59 60 68 81 97113124128122109 89 68 49201223K1 611 93175412899999999999999 0 7 421123 5899999999999999
 37 34 39 51 67 83 96103104100 91 80 72 69 73 82 95108116117110 95 75 54201224K1 743105183811899999999999999 050 341254 6999999999999999
 36 27 27 36 51 70 90106116119115105 91 80 74 75 81 91102108106 98 82 61201225K1 858119192110899999999999999 129 261425 7399999999999999
 40 24 18 22 36 56 79101118129132127113 97 83 76 75 79 88 97100 97 86 68201226K1 95313220 010099999999999999 2 4 181541 7499999999999999
 46 26 13 12 22 40 65 91113130139140132115 98 84 76 75 80 88 94 94 87 73201227K110371412031 9599999999999999 235 111642 7599999999999999
 53 30 12  5 10 26 50 77104124138145143130112 96 84 78 77 82 89 92 88 77201228K111161452054 9299999999999999 3 2  51732 7799999999999999
 60 37 15  1  1 14 36 63 91115132142145139124107 93 84 80 82 87 91 89 80201229K111521452113 9199999999999999 328 -11817 8099999999999999
 66 46 22  2 -5  3 22 48 77104124136142142132116101 91 86 84 86 90 91 84201230K112271432136 9199999999999999 356 -51859 8499999999999999
 72 55 32  8 -8 -7  8 32 60 90115130138141137124108 96 90 86 86 89 92 90201231K113 114122 8 9299999999999999 428 -91937 8699999999999999
