158157144119 89 61 43 38 46 64 87110129141143134118 98 83 76 80 9210912620 1 1KA 025160133914399999999999999 651 3819 9 7699999999999999
140146142128107 83 63 52 52 62 78 97115129136135126113 97 86 81 83 9210520 1 2KA 1 9146142313799999999999999 728 5020 9 8099999999999999
118128133130118101 83 69 63 65 75 89104118128133132124112 99 87 81 80 8620 1 3KA 2 6133151813499999999999999 812 632134 8099999999999999
 95107117123122115102 89 78 74 76 83 94107119129134134127114 99 85 76 7220 1 4KA 324123162413599999999999999 910 7423 4 7299999999999999
 75 83 96108118121118108 97 87 81 82 87 96109122133140139131116 97 78 6520 1 5KA 4591211728140999999999999991029 81999999999999999999999
 59 61 72 88105119127126117105 93 85 82 87 97111127141149147135114 89 6620 1 6KA 623127182014999999999999999 013 591150 8299999999999999
 50 43 48 63 85108127137137126110 94 83 79 85 98117137153160155136108 7720 1 7KA 72713819 616099999999999999 1 4 431252 7999999999999999
 49 32 28 37 59 87116139150147132110 90 76 74 83102126150167171160134 9720 1 8KA 817151194917299999999999999 148 271342 7499999999999999
 60 30 14 14 30 59 95129154163155133105 81 68 69 8410913816418118116212720 1 9KA 9 2163203118399999999999999 229 121425 6799999999999999
 83 41 11 -2  5 28 65107144168173158128 95 70 60 66 8811815117919318716020 110KA 944174211419399999999999999 310 -215 6 6099999999999999
117 67 23 -5-13  1 32 75121159179177154118 83 59 54 67 9412916419020018720 111KA1024181215820099999999999999 351-131546 5399999999999999
153104 51  8-15-16  5 42 89135170185175144105 70 51 52 7110213917319720120 112KA11 5185224220299999999999999 432-191627 4899999999999999
182142 90 38 -1-18-11 15 56104148177183165131 91 59 46 53 7610914517719620 113KA1145184232819899999999999999 513-1817 8 4699999999999999
195171129 77 30 -2-11  1 32 73118156177175152116 79 54 47 58 8211414617420 114KA1226179999999999999999999999 554-111752 4699999999999999
187182157116 69 29  6  4 21 51 90129159171164138104 72 53 50 63 8511314120 115KA 01518813 717199999999999999 636  21839 4999999999999999
163173166142105 67 36 21 24 42 71104135157163152127 97 70 56 55 66 8410620 116KA 1 6173135116399999999999999 719 201933 5499999999999999
129147154149129101 71 49 41 46 63 87114137152154143121 95 73 60 58 64 7820 117KA 2 6154143915599999999999999 8 5 412043 5799999999999999
 95113128137135123103 81 66 61 66 79 98118136147148139120 98 77 62 57 5820 118KA 321137153814999999999999999 9 0 612214 5699999999999999
 67 80 96112124128123110 95 82 76 79 88102119134145148141124102 80 62 5120 119KA 4581281648148999999999999991013 762353 4899999999999999
 48 53 64 81100118128129121107 94 85 84 90102118134147152146130105 79 5720 120KA 63613018 0152999999999999991141 84999999999999999999999
 41 35 39 52 72 97120136140132116 99 86 82 87100118138154160154135106 7420 121KA 75014019 316099999999999999 1 8 351257 8299999999999999
 47 29 22 28 45 71101129147151139118 95 80 75 82 9912214616317016013510120 122KA 842151195517099999999999999 2 2 221353 7599999999999999
 64 34 16 12 22 45 77113143159158139112 85 69 67 7910213015617417716213120 123KA 925161204117899999999999999 246 111437 6699999999999999
 90 50 20  5  6 24 54 91129157168158132 99 71 58 62 8111014116818318015720 124KA10 1168212118499999999999999 323  31516 5799999999999999
119 75 34  7 -1  9 33 69109145168170150117 82 58 51 63 8912115417818717620 125KA1035172215818799999999999999 357 -11551 5199999999999999
145102 56 20  0  1 19 50 89128159172163135 99 66 48 50 6910013516518418420 126KA11 5172223218799999999999999 428 -21624 4699999999999999
164127 81 39 10  1 11 37 72111145165167148115 79 53 44 55 8011314617218220 127KA113416923 418299999999999999 457  11656 4499999999999999
173146105 62 27  8 10 29 59 95129154164154129 95 64 47 47 65 9312515417220 128KA12 0164233517599999999999999 524  71728 4599999999999999
173156124 84 47 22 16 27 52 83116142156155137109 79 56 47 55 7610413215420 129KA1224158999999999999999999999 550 1518 0 4799999999999999
164158136103 68 40 27 31 49 75104130147151142120 94 69 54 53 65 8511013320 130KA 0 7164124815299999999999999 616 261835 5299999999999999
148151140117 88 60 43 39 50 70 95119137145142128107 85 66 57 60 72 9011020 131KA 042152131414599999999999999 643 391917 5799999999999999
127136135123103 80 61 53 56 70 89109126137139133119100 82 68 62 65 74 8820 2 1KA 124137134614099999999999999 713 532010 6299999999999999
103116123121112 97 81 70 67 73 85100115127134134127115 99 84 71 65 65 7120 2 2KA 219123143113599999999999999 749 672128 6499999999999999
 81 93104111113108100 89 82 81 86 94105115124130132127117103 87 73 63 5920 2 3KA 345113154513299999999999999 843 8123 9 5999999999999999
 61 69 81 94105112113109102 95 91 92 96103112122130135133124109 89 70 5520 2 4KA 5421131716135999999999999991024 91999999999999999999999
 47 47 55 70 88106119125123114103 94 90 90 97108123136145145134114 88 6220 2 5KA 712125183114699999999999999 031 461222 8999999999999999
 42 31 31 42 63 89114132140136123105 90 81 81 90107128147159159144116 8220 2 6KA 8 9141193016199999999999999 129 291329 8099999999999999
 48 23 12 15 33 62 96128150157147125 99 78 67 70 8611013816217617315111420 2 7KA 853157202117799999999999999 216 111416 6799999999999999
 71 31  4 -6  4 30 68110147168169150118 85 61 53 62 8511715218019318415420 2 8KA 93317221 819399999999999999 259 -61458 5399999999999999
107 56 12-14-18  0 36 82129166183175145105 67 44 41 57 8812716619520518920 2 9KA1010184215420599999999999999 340-191538 3999999999999999
150 95 39 -4-25-20  6 49101149182191171132 86 48 29 33 57 9413717820520920 210KA1047191223921099999999999999 419-261618 2899999999999999
185139 80 25-13-25-12 22 70122167191188159113 66 33 21 33 6210214518420520 211KA1124193232320799999999999999 458-251659 2199999999999999
202173123 66 17-11-14  7 45 93141177190177141 94 51 24 21 37 6810814818120 212KA12 0190999999999999999999999 536-161740 1999999999999999
196187154107 57 19  2  8 33 72115154179181160121 78 42 24 26 45 7410914420 213KA 0 8196123518399999999999999 613  11823 2399999999999999
169177165135 94 55 30 23 36 62 96131159172165141106 69 42 31 36 53 7810520 214KA 055177131017299999999999999 649 231910 3199999999999999
131149153142119 89 63 49 50 64 87113138155159149127 98 69 49 42 46 58 7620 215KA 147154134815999999999999999 726 4720 7 4299999999999999
 95114127131125110 92 77 70 74 86103121136146146138120 97 76 60 52 52 5820 216KA 255131143514799999999999999 8 7 702129 5299999999999999
 68 81 95107115116111102 94 90 91 98108119129136138133121104 86 70 59 5320 217KA 443116154913899999999999999 912 902338 5299999999999999
 52 57 66 79 94108118120115108102 98 99103111121130136136129114 95 75 5820 218KA 6471201732137999999999999991123 98999999999999999999999
 47 42 44 54 71 92113127132128116104 94 90 93103116131142146139123 99 7320 219KA 759132185414699999999999999 113 4113 2 9099999999999999
 51 36 29 34 49 72100126142144134115 95 81 77 83 98118138153158149126 9620 220KA 841145195115899999999999999 2 5 291354 7799999999999999
 64 38 22 20 30 52 83116143156151132104 79 65 65 7710012615116716815212220 221KA 914156203517099999999999999 242 191431 6399999999999999
 85 49 23 11 16 35 65101136160164149120 86 61 50 57 7910814016617817314820 222KA 944165211317999999999999999 313 1115 4 5099999999999999
110 68 32 10  7 21 48 85124155170164137100 65 44 42 58 8712215517918416920 223KA1012171214718599999999999999 341  61536 4099999999999999
135 91 48 17  4 11 35 69109146169172153117 77 46 33 41 6610113917018618220 224KA1038174221818799999999999999 4 7  416 6 3399999999999999
156115 69 30  8  7 25 57 95133163174163133 93 56 32 30 48 7911715317818520 225KA11 1174224818599999999999999 432  51636 2899999999999999
170136 91 49 19 10 21 47 83121153170168145109 70 40 27 35 60 9513216317920 226KA1123172231818099999999999999 456 1017 5 2799999999999999
175150112 70 35 19 22 42 74110142164168153123 86 52 32 30 46 7511014216520 227KA1143169234817199999999999999 520 171735 2899999999999999
171157128 90 55 32 28 42 68100132155164156134101 68 43 32 39 59 8811914520 228KA12 3164999999999999999999999 543 2718 6 3299999999999999
158156137107 75 50 39 46 66 93121144157156141115 85 58 42 39 50 71 9612120 229KA 020159122515899999999999999 6 7 391840 3999999999999999
139145138118 93 69 55 54 67 88112133148151143125102 77 57 47 49 60 78 9820 3 1KA 057145124915199999999999999 632 531921 4699999999999999
116128130122106 88 74 68 73 87105122136143141132116 96 77 62 55 56 65 7720 3 2KA 142130132014399999999999999 7 1 682018 5499999999999999
 92105114116112103 93 85 84 89100112123131134133126114 99 83 69 61 59 6220 3 3KA 253116141113599999999999999 741 832155 5999999999999999
 69 80 91102109112110105100 98100104110116122128130128121109 92 76 62 5320 3 4KA 5 3112161113099999999999999 9 3 982353 5199999999999999
 51 55 65 80 96110120124120113106100 98 99105115126135140136122102 78 5620 3 5KA 65812418 51409999999999999912 5 98999999999999999999999
 40 34 38 52 73 98121137141135120104 90 83 84 95111131148157154136107 7320 3 6KA 754141191615899999999999999 1 6 341319 8299999999999999
 43 22 15 23 45 75109139157158143118 91 71 63 69 8711414216717917214610720 3 7KA 834160201017999999999999999 157 1514 4 6399999999999999
 62 25  2 -1 15 46 86128162177170143106 71 48 44 57 8512115818719818515020 3 8KA 911177205919899999999999999 240 -21444 4399999999999999
 99 47  7-13 -9 16 57106152184191171132 85 46 26 28 51 8813217520521119020 3 9KA 946192214521299999999999999 320-141524 2499999999999999
144 86 31 -7-19 -6 28 77130175199195163113 61 24 10 20 50 9414418821521420 310KA1021201222921899999999999999 358-1916 3 1099999999999999
184132 71 19-10-13  9 50102154192205187144 89 39  8  2 20 5610315319321320 311KA1055205231321499999999999999 436-151643  199999999999999
205169115 59 16 -3  5 34 78128173199198170122 68 24  2  4 27 6511115518920 312KA1128202235720099999999999999 512 -31723  099999999999999
200186149 99 53 23 17 32 65106149181194182147100 53 19  7 15 39 7411415020 313KA12 1194999999999999999999999 546 1618 4  799999999999999
174178161128 89 56 40 43 63 93128159178179160126 85 48 25 20 30 52 8011120 314KA 042179123318199999999999999 619 391848 2099999999999999
136152152138113 87 68 62 71 90114139158166160140111 80 53 39 37 46 61 8120 315KA 13215413 516699999999999999 652 621938 3699999999999999
101118128130122108 93 84 85 94108124138147149142127106 84 66 55 52 56 6420 316KA 238130134314999999999999999 727 832052 5299999999999999
 75 87100109115116111105102102106113121128133135132124110 95 80 69 62 5920 317KA 433116145313599999999999999 8251012315 5999999999999999
 60 65 74 86100112120122119114109107107110115121128131129121108 92 76 6320 318KA 6491221711131999999999999991127106999999999999999999999
 55 51 55 65 82102120132134128117105 96 93 96104116129138140133117 96 7520 319KA 747135184314199999999999999 1 1 5113 1 9399999999999999
 56 45 42 48 64 88113135146144130110 91 79 76 84100120139151153142120 9220 320KA 821147193915499999999999999 149 411343 7699999999999999
 65 44 33 35 49 73103132152158146122 94 71 61 64 8010413015316616314511520 321KA 849158202116799999999999999 221 331415 6099999999999999
 80 50 31 26 36 58 90124152166161139105 72 51 46 59 8311514616917716613820 322KA 915167205617799999999999999 248 261445 4699999999999999
101 63 34 22 26 46 76113147169173155121 82 50 35 40 62 9513116318218116020 323KA 940174212918499999999999999 313 211515 3499999999999999
124 81 45 23 21 36 64101138167179168138 97 57 31 26 42 7211114917818817720 324KA10 3179215918899999999999999 338 191544 2699999999999999
146103 61 31 20 29 54 89128161179177153114 71 36 20 26 51 8812916518618520 325KA1024181222918899999999999999 4 2 201613 2099999999999999
163125 81 45 26 27 47 79117152176181165131 87 48 22 18 34 6610614517418520 326KA104418223 018599999999999999 425 241642 1799999999999999
174144103 63 37 31 44 71107142169181172144105 64 32 18 24 48 8312215517520 327KA11 5181233017899999999999999 449 301711 1899999999999999
176156122 84 53 40 45 67 98131160176174154121 82 47 26 23 37 64 9813215820 328KA1125177999999999999999999999 512 391741 2299999999999999
168159136103 73 53 51 66 91121148167171160134101 67 41 29 33 51 7810713420 329KA 0 3168114717199999999999999 537 501813 2999999999999999
151153141118 92 71 63 69 88112136155163159143117 88 61 43 38 46 63 8610920 330KA 039154121116399999999999999 6 3 631852 3899999999999999
128138137126108 90 79 78 88106125141151153145129108 85 64 52 49 56 69 8620 331KA 124139124015399999999999999 633 771945 4999999999999999
103117124125118108 97 92 94103115127136141141135124109 91 74 62 57 59 6720 4 1KA 233126132714299999999999999 714 922111 5799999999999999
 78 91104114120120116110106106108113119125130133133129119103 86 70 59 5420 4 2KA 436121153513499999999999999 8401052311 5499999999999999
 56 65 78 95111124131131125116108102101104111121132141143135119 96 72 5320 4 3KA 6261321744143999999999999991148101999999999999999999999
 42 42 51 70 93118138149147135117 99 86 81 86 99119140156163155132101 6720 4 4KA 722150185816399999999999999 033 411258 8199999999999999
 41 26 27 42 68101134159168160137107 79 62 59 70 92122153176184172141 9920 4 5KA 8 2168195418499999999999999 127 251343 5899999999999999
 57 25 12 18 41 77119157181184165129 88 54 36 38 58 9113117019720218314220 4 6KA 838186204420399999999999999 212 111424 3599999999999999
 91 44 12  4 18 50 94142181200192160112 63 27 14 24 53 9514318621221218520 4 7KA 914201213121699999999999999 252  415 4 1499999999999999
136 79 32  6  5 28 68118167201210190145 88 38  6  0 18 5410215419721921220 4 8KA 949211221622099999999999999 331  31544 -199999999999999
177123 68 26  9 18 49 93144188212208176123 65 18 -6 -4 20 6111216220021420 4 9KA102321423 121499999999999999 4 8  91625 -899999999999999
200161109 60 29 23 40 75120165199211196155100 47  8 -6  3 31 7211916319320 410KA1056211234620099999999999999 445 2217 6 -699999999999999
199181143 97 60 41 45 67102142178199199175132 82 37 10  4 17 45 8212215720 411KA1129202999999999999999999999 520 401747  399999999999999
177177158126 91 67 60 70 94124156179188179152113 72 39 21 21 35 59 8911920 412KA 03118012 118899999999999999 553 591830 1999999999999999
144156154139115 93 80 81 93114137157170170158134102 72 49 38 40 52 70 9120 413KA 122157123317299999999999999 627 781919 3899999999999999
111127136136127113101 95 99109124138149154152141123101 79 64 56 57 63 7420 414KA 227137131115499999999999999 7 6 952025 5699999999999999
 87100113122126124118112109110115122129135138138132122107 91 79 70 67 6720 415KA 4 9126142413999999999999999 8121092220 6799999999999999
 72 80 91104117126129127122116111109111115121127132133128117103 89 77 6820 416KA 6 512916381339999999999999911 2109999999999999999999999
 65 66 74 87104121134140136126113102 96 95101112124135141138128111 92 7520 417KA 7 5140181314199999999999999 012 641232 9599999999999999
 63 58 61 73 91113134148150140122102 86 78 81 92110129145152149134112 8720 418KA 741151191115399999999999999 1 7 581314 7899999999999999
 67 54 52 61 79103130151161156137110 83 66 62 71 9111614115816415613410520 419KA 810161195416499999999999999 141 521348 6299999999999999
 76 55 47 51 67 93122150167169153123 90 62 48 51 69 9712815617217215612620 420KA 835170203117499999999999999 210 461419 4799999999999999
 92 63 46 44 57 82113145169178168140102 66 42 35 48 7511014517118217414920 421KA 85917821 518299999999999999 236 431449 3599999999999999
113 77 51 41 49 71103137167183180157120 77 43 27 30 52 8712616218418616820 422KA 922185213818899999999999999 3 2 411519 2699999999999999
135 95 62 44 45 62 92127161184188172138 94 53 26 19 33 6310314417619018220 423KA 944189221019099999999999999 328 421549 1999999999999999
155117 79 53 45 56 82116152179192183155113 69 34 16 20 43 7912115918318820 424KA10 7192224218999999999999999 354 451619 1599999999999999
171138 99 67 51 54 74105140171189189169133 89 49 22 16 29 57 9613516818320 425KA1030192231618499999999999999 420 501650 1599999999999999
178155120 86 62 57 70 96128159182189178150110 69 37 20 23 42 7311014416820 426KA1054189235117599999999999999 446 571722 1999999999999999
175163138106 79 66 71 89117145169182180161130 93 58 34 26 35 56 8611814620 427KA1121183999999999999999999999 514 661758 2699999999999999
161162148124 99 81 77 88108132155170174165145115 83 56 39 37 47 68 9411920 428KA 032164115017499999999999999 545 771840 3699999999999999
140150148136117100 90 91103121139154162162152134109 83 61 49 48 57 73 9420 429KA 121151122716399999999999999 622 891935 4799999999999999
114130139139131119107101103112124136145151150144131112 91 72 59 56 61 7220 430KA 231140132915199999999999999 7131012054 5699999999999999
 88105121133137135127117111109111117124132139144144137123103 83 67 58 5720 5 1KA 4 8137153214599999999999999 8551092232 5799999999999999
 65 80 98118135145146138126114104 99101108119132145153151138117 91 68 5420 5 2KA 5371461720153999999999999991116 992351 5099999999999999
 50 57 73 97123145159160149129107 89 79 80 90108131153167169154128 95 6520 5 3KA 6361611835170999999999999991227 78999999999999999999999
 46 41 51 73103136163177174155124 91 66 55 58 76103135165184186167133 9320 5 4KA 720178193518899999999999999 049 411316 5499999999999999
 58 37 35 51 80117155183194183152110 69 41 32 41 6610314317920019917513320 5 5KA 8 0194202720399999999999999 137 3414 0 3299999999999999
 87 51 32 36 58 94137177203206184141 90 45 18 14 30 6310715319221120517420 5 6KA 838208211721299999999999999 220 311442 1399999999999999
127 80 46 33 44 73114159196215209175124 69 25  2  4 27 6611416219921520320 5 7KA 91521622 421599999999999999 3 1 331525  099999999999999
167118 74 46 41 59 93136179210219202160104 50 11 -4  4 32 7312216820020920 5 8KA 952219225020999999999999999 341 4016 8 -499999999999999
192154109 71 52 56 79115156192214213186140 86 38  7 -1 13 43 8412916919420 5 9KA1028216233619899999999999999 420 511651 -199999999999999
196176140101 73 64 74100134169196208198167122 73 34 13 11 28 57 9413316420 510KA11 3208999999999999999999999 457 641734 1099999999999999
181178158127 98 80 79 93118148174191194178147107 68 39 26 29 45 7110213220 511KA 022182113819599999999999999 534 771817 2599999999999999
155165160143120100 90 94109130152170179176159132100 70 49 42 47 62 8210520 512KA 112165121417999999999999999 612 9019 3 4299999999999999
127143150146134118106102107119134149159163159145123 99 77 63 59 63 74 8820 513KA 2 9150125916399999999999999 6561021958 5999999999999999
105121133140139132122113110112120129139146149147137122104 87 76 71 73 8020 514KA 32314114 614999999999999999 8 31102113 7199999999999999
 90103116129137140135127119112110112118126134140141137126111 97 85 78 7720 515KA 45014015471429999999999999910 01102244 7799999999999999
 81 89102117131142146142132119107100 99105115127137143142133119103 88 7920 516KA 5581461719144999999999999991137 992355 7699999999999999
 76 80 90105123140152154147131112 95 85 85 93108126142150150140123103 8620 517KA 6441551827151999999999999991232 84999999999999999999999
 75 73 80 95114136154164161146123 97 78 69 72 87109132151160158144122 9920 518KA 718164191816199999999999999 043 731312 6899999999999999
 80 71 72 85105129153169173162138107 78 59 55 65 8711514316317116314311620 519KA 74717420 117199999999999999 120 701348 5499999999999999
 90 73 68 76 95121148171182177156123 87 58 43 46 64 9312715717517816413720 520KA 813182203917999999999999999 153 681421 4299999999999999
106 81 67 69 84110140168186189173142102 65 39 32 43 6910514217118518115920 521KA 839190211618699999999999999 224 661454 3299999999999999
127 95 73 66 76 98129161185196188162122 79 45 26 27 47 8012015718319017720 522KA 9 6196215219099999999999999 254 661526 2499999999999999
149114 84 68 70 87116149179198199180144100 58 30 20 30 56 9413517018918920 523KA 933201222819299999999999999 324 671559 2099999999999999
168136101 77 70 79103135167192202193165124 80 43 22 20 37 6910914817718920 524KA10 320223 518999999999999999 355 691634 1899999999999999
181156122 92 76 76 93121152180197199181148106 65 34 21 27 49 8212115617820 525KA1034200234518499999999999999 427 741711 2199999999999999
183170143112 89 80 88108136163185195189167132 93 57 33 27 37 61 9412815720 526KA11 9195999999999999999999999 5 1 801751 2799999999999999
173173158133107 91 89100121145167183187177154121 86 56 38 37 49 7210113120 527KA 029175114818799999999999999 538 881837 3599999999999999
154165163149128108 97 98110128147164174176166145117 86 61 47 47 59 7910420 528KA 120166123817699999999999999 623 961931 4699999999999999
129149159157145128112104105113127141154163166159143119 93 70 57 56 65 8220 529KA 222159134916699999999999999 7231032038 5599999999999999
104126145156157148133118107104108117129142153160159147127103 80 65 61 6820 530KA 334158152316199999999999999 8541042153 6199999999999999
 83103126147160163155139120105 96 95101113129146159164157138113 88 70 6320 531KA 4451631655164999999999999991038 9423 5 6399999999999999
 68 83105131154170173163143118 95 80 76 83 98120144164173169150122 93 7220 6 1KA 5451741811174999999999999991152 76999999999999999999999
 63 68 85111141167184185170142109 79 60 56 65 86115146172185181160128 9520 6 2KA 636187191618599999999999999 0 8 631249 5599999999999999
 71 63 70 91122155183198195173136 94 60 40 37 51 7811415118119619016512920 6 3KA 721200201419699999999999999 1 1 631338 3699999999999999
 93 70 64 75101135171199210201170125 78 41 23 24 43 7611715819020419416520 6 4KA 8 421021 620499999999999999 150 631426 2199999999999999
126 90 69 67 84114151187212217199161110 62 27 12 18 42 7912316619720719320 6 5KA 845218215520799999999999999 235 661512 1299999999999999
160120 87 70 74 95129166199219217192148 95 49 18  9 20 47 8713217219920420 6 6KA 926221224220599999999999999 318 691556  999999999999999
185151112 84 74 84109143179207219210179133 82 40 16 13 28 58 9814017619620 6 7KA10 6219232719899999999999999 4 0 741640 1299999999999999
195173139106 84 81 96123155186207212197163118 73 38 22 24 42 7311014617520 6 8KA1045213999999999999999999999 439 801722 2099999999999999
188182159128101 88 91109135163188201199180146106 68 42 32 40 59 8812015020 6 9KA 010188112320399999999999999 518 8718 2 3299999999999999
170177167146120101 94101119142165183190184163132 98 68 50 47 57 7610112720 610KA 05417712 319099999999999999 558 941843 4799999999999999
149163165155136117104101110126144162173176168149122 95 73 62 63 73 9011120 611KA 139166124617799999999999999 6421011925 6199999999999999
131147156156147132117108107114126140153162163155139118 97 81 74 76 8610020 612KA 229158134016499999999999999 7371062014 7499999999999999
116132145152152145132120111108112120131143151153148136119102 90 84 86 9420 613KA 328153145015399999999999999 8551082113 8499999999999999
106120134146153153146134121110104104110121133143149146137123108 97 91 9220 614KA 43115416131499999999999999910261032222 9199999999999999
 99110124139151158158150135118103 94 92 99112128141150150142129114101 9420 615KA 5281591732151999999999999991138 922329 9399999999999999
 94101114130147160167164151132109 91 80 80 9010712714515515714813311610120 616KA 6141671837157999999999999991231 79999999999999999999999
 94 95104120140158172176168149123 96 75 66 69 8410713215316516515313411420 617KA 651176193016699999999999999 023 931314 6599999999999999
 98 92 96109130153173184183168141108 79 59 53 62 8311214116417517215513220 618KA 725185201617699999999999999 1 7 921353 5399999999999999
109 94 90 99118143168187194186162127 91 61 44 44 60 8812215417718417515320 619KA 759194205718499999999999999 147 901430 4299999999999999
125101 89 90105129158184200200183151111 72 44 33 40 63 9713416818819017420 620KA 833202213719199999999999999 224 8715 7 3399999999999999
146116 94 86 93114143173197208201176137 93 55 31 26 40 7010814818019519120 621KA 9 8208221719699999999999999 3 1 861545 2699999999999999
169137107 88 86100125157187207212197165121 76 41 24 26 46 8012116018819820 622KA 946212225719899999999999999 338 841623 2299999999999999
186159126 98 85 89109137169196212210189152107 64 33 22 30 56 9213316919220 623KA1025213233919699999999999999 415 8517 4 2299999999999999
195178148116 93 86 96118147177200210203178139 95 56 32 27 40 6810414317420 624KA11 8210999999999999999999999 454 861746 2699999999999999
190188168139110 92 90103126153179198204194167129 88 55 37 36 52 8011514920 625KA 022192115420499999999999999 536 891830 3499999999999999
175186180159132107 94 95109129153175190194183158124 88 60 46 49 66 9212320 626KA 1 8186124719499999999999999 624 931919 4699999999999999
153174181173153128107 97 98109127146165179183174153123 92 69 59 63 7910220 627KA 159181135018399999999999999 722 962012 5999999999999999
130155173178170151128109 97 96104118135153167174169152127101 81 72 75 8920 628KA 25417815 617499999999999999 835 962113 7299999999999999
110135158174179171153130109 94 90 94105121140157168168156135112 93 83 8520 629KA 35417916301709999999999999910 1 902220 8399999999999999
 97116140162178183176157131106 87 78 79 90107129151167172164145122102 9120 630KA 4551831754172999999999999991122 772328 9099999999999999
 91102122145169186191182160130 99 76 64 64 75 9612214917017917315513010720 7 1KA 55319119 7179999999999999991229 62999999999999999999999
 94 94106127153178195200188161125 90 63 49 50 64 8912015217718818216113320 7 2KA 64720020 918899999999999999 032 931327 4899999999999999
108 94 95109133162188206208192159118 78 50 36 40 57 8712315918619618716220 7 3KA 73820921 219699999999999999 128 931418 3699999999999999
131105 92 95113140172199215213191153108 66 38 28 35 57 9113116919520218820 7 4KA 825217214920299999999999999 218 9115 5 2799999999999999
158124 98 88 96119149182208221214186143 96 55 30 24 37 6410114217920120220 7 5KA 910221223220499999999999999 3 3 881548 2499999999999999
182149115 92 87100127159191214222209176130 84 47 27 28 45 7611515518720220 7 6KA 952222231220299999999999999 345 871629 2599999999999999
195170136105 88 89108137169198216217197161116 73 42 31 38 60 9313016619020 7 7KA1033219235019799999999999999 424 8617 6 3199999999999999
197184156123 97 87 95117147176200212206182144102 65 44 41 54 7911114417320 7 8KA1111212999999999999999999999 5 2 871741 4099999999999999
188187169141112 94 91104127154180198202190164128 91 64 51 56 73 9812815520 7 9KA 025190114820299999999999999 539 901814 5199999999999999
175182174154129106 95 98112134158178190188173147115 86 68 64 73 9211614020 710KA 059182122519199999999999999 618 941846 6499999999999999
161173173162143122105 99104118137156171178173158134108 88 77 79 9110912920 711KA 13317513 717899999999999999 7 2 991920 7799999999999999
148163169166154137119107103107119134149161166161147128108 94 89 9410612120 712KA 211169135916699999999999999 75710320 0 8999999999999999
13815216216616115013512010810410611412714015115615214212811310410110611620 713KA 25716615 715699999999999999 910104205110199999999999999
12914215516316616115113612010710010010611713114315015114413312111311011320 714KA 3541661631151999999999999991033 9922 011099999999999999
121132145157166169165153136118102 92 90 9610912514015115515014112911911420 715KA 4571691757155999999999999991145 89231911499999999999999
115122134149163173176170156134111 92 80 78 8610212314315716315914813412120 716KA 55317619 5163999999999999991242 77999999999999999999999
114114122137155171183185175155128100 78 66 66 7910012715116817416815213420 717KA 642185195817499999999999999 0271131329 6499999999999999
118110111123142164183194194179151118 86 62 52 57 7510313516318118517315220 718KA 727196204418599999999999999 1201091412 5299999999999999
129110103109125150175196206201179144104 69 46 40 51 7611114717819419217420 719KA 810206212519699999999999999 2 51031452 4099999999999999
147119101 97108131160189210216205175133 89 53 33 32 50 8212216219220419520 720KA 85321722 520499999999999999 246 961532 3099999999999999
170137107 91 93110138171201221223204167119 73 39 24 30 55 9313717720420920 721KA 937225224421099999999999999 325 901612 2399999999999999
192160124 96 84 92115147182211228224199156105 60 30 22 35 6610715219021020 722KA1021229232321299999999999999 4 5 841652 2199999999999999
208184147111 86 81 94121155189216229220189144 93 52 29 28 47 8112416619820 723KA11 6229999999999999999999999 446 801732 2599999999999999
211201172134100 81 81 98126159191215222209177132 86 51 36 41 64 9914017720 724KA 0 3211115322399999999999999 529 791813 3599999999999999
201206190159123 94 80 84102129159187207210196164124 85 59 51 61 8511815320 725KA 043207124321199999999999999 615 801855 5199999999999999
183199198179148116 92 82 88104127153177193195182155121 91 73 70 8210413320 726KA 125201133919699999999999999 7 7 821940 6999999999999999
161184194189170142114 94 86 89102121142162176180171151125103 90 9010112020 727KA 210194144718099999999999999 8 9 862031 8999999999999999
143165182189183166142116 97 88 88 9611012814616116816515213411710710611420 728KA 3 3189161316999999999999999 928 87213610599999999999999
129147166180187182167145120 99 86 82 86 9711313315116316716014613112011620 729KA 4 818717491679999999999999911 1 82225711699999999999999
120131148165180188186173150123 99 81 73 74 8410112414716517417015713912520 730KA 5191891911174999999999999991224 72999999999999999999999
118119130147166184195194180154124 94 73 61 62 74 9512315117418418016314120 731KA 626196201218599999999999999 0191171328 6099999999999999
122112114127147171192204203186156120 86 61 50 53 69 9612916218619518616320 8 1KA 725205205919599999999999999 1221121418 4999999999999999
136113103108125151178202214210187152111 74 50 41 49 7110414117619820218520 8 2KA 816214213920399999999999999 21110315 0 4199999999999999
156124101 94105128158188212221212183142 98 61 41 38 53 8111815819020720120 8 3KA 9 1221221620799999999999999 253 941537 3799999999999999
177142109 90 89106135168199220224207172127 83 51 37 43 64 9813717520120820 8 4KA 942225224920999999999999999 331 871611 3799999999999999
193162124 95 82 90113145179208224220195155109 69 45 41 55 8311815718820520 8 5KA1019225232020699999999999999 4 7 821642 4099999999999999
202178143108 85 81 96123157189213220208177135 93 61 47 53 7410514017319620 8 6KA1054220234720299999999999999 441 801711 4799999999999999
201188159124 95 81 86106135167195211210190156117 81 60 58 72 9712815918420 8 7KA1127213999999999999999999999 515 801738 5699999999999999
196191170140110 89 83 94117145173194202193170137103 78 68 74 9412014817220 8 8KA 01319612 020299999999999999 549 8318 5 6899999999999999
187189177154126102 89 90103125150173187188175152123 98 83 82 9411513916220 8 9KA 037190123618999999999999999 625 871832 8199999999999999
178184179163141118100 93 97110129150166175173159139117100 94 9911413215220 810KA 1 3184131717599999999999999 7 8 9319 2 9499999999999999
168177177169154134116103 9810211312814315616216014913411911010911612814320 811KA 134178141216299999999999999 8 2 98193810899999999999999
15716817317216415013411810610110210912113414515215214713712812212212713620 812KA 217173153415399999999999999 918101203012199999999999999
146157165170169163152137121108 99 9710111112413714715215114613813313013220 813KA 3271701721152999999999999991052 9722 713099999999999999
136144154163170173169158141122105 92 87 9010011613414915916215714813913220 814KA 4551731850162999999999999991210 87999999999999999999999
129132140152165177182178165144119 96 80 73 77 9111313715817217516715313820 815KA 6 8182194617599999999999999 0 112913 8 7399999999999999
126120124136153172188195189171143111 82 63 58 66 8711614717318718717315220 816KA 7 5195203018999999999999999 1 61201354 5899999999999999
129114109117135159184203210200174137 97 65 46 44 60 8912616219020219617320 817KA 75621021 820399999999999999 1521091435 4399999999999999
143115 98 97112138169199219223207172126 81 47 31 37 60 9814118120821419720 818KA 843224214521599999999999999 233 961515 3199999999999999
165127 97 83 89111144181214234233209165112 64 32 23 37 6911316020022221820 819KA 928236222222499999999999999 312 831553 2399999999999999
191150108 79 71 84113152192226243236203153 97 51 25 24 46 8513318021622820 820KA1013244225822899999999999999 352 711632 2299999999999999
214178131 90 66 65 85118159201232244230192139 85 45 29 36 6410615419722420 821KA1058244233422899999999999999 432 631710 2899999999999999
226202160113 76 60 65 89124164203229235216176126 79 49 42 57 8913017320720 822KA1144236999999999999999999999 514 591748 4299999999999999
223215185142100 70 60 70 94128165197217218197161118 82 63 65 8311415018520 823KA 010223123222099999999999999 558 601826 6199999999999999
208214199168129 94 72 67 78100128158184198197179150118 94 84 9010913516420 824KA 047215132420099999999999999 646 6619 5 8499999999999999
188202201184156124 95 79 76 8510212314616517717716514612511010711412814820 825KA 126203143117899999999999999 742 76195010699999999999999
168184192189174152126103 89 85 89 9911313014615816316015013712812512913820 826KA 21419216 616399999999999999 9 0 85205412599999999999999
151164176182181172155133113 98 89 87 9110011513114715916315915114213613420 827KA 32418318 0163999999999999991052 87224813499999999999999
138146157168178181176163143122102 88 80 80 8810412414616417317116114813620 828KA 4581811920173999999999999991230 79999999999999999999999
129129137150165180188186173151125100 80 70 70 8010012715417618518016514420 829KA 62118820 918599999999999999 0281281331 6899999999999999
126116117128147169188199197181153121 90 69 59 63 7910613816919019518315920 830KA 722200204719699999999999999 1241151413 5999999999999999
131110101107125150178200211205182148109 77 56 52 62 8612015618720320017820 831KA 810211212020499999999999999 2 51011447 5199999999999999
145113 92 89103128160191213219206176135 93 62 48 51 7110214017620321019520 9 1KA 851220215021099999999999999 241 881518 4799999999999999
163125 93 78 84105138173204222222200161116 77 52 47 60 8712316219521220720 9 2KA 928225221721399999999999999 314 781546 4699999999999999
181142103 77 71 86115151187215226215185141 97 64 49 55 7711014818320721220 9 3KA10 1226224221299999999999999 346 711612 4999999999999999
194160119 84 67 72 94128166199220221201164120 81 58 56 7110013617119821020 9 4KA103322323 521099999999999999 417 671637 5499999999999999
201174136 98 72 66 79107143178205216208180141102 73 62 71 9412616018820420 9 5KA11 4216232620699999999999999 448 6617 2 6299999999999999
203184151114 84 68 72 91121155185204205189158122 91 74 76 9211915017819620 9 6KA1135207234620199999999999999 519 671726 7399999999999999
200189163131 99 78 72 82104133162185195189169140111 90 85 9511614216718720 9 7KA12 8195999999999999999999999 551 721750 8599999999999999
195189172145117 93 80 80 93114139162177180171152128108 9810111513615717620 9 8KA 0 7195124618199999999999999 627 781816 9899999999999999
186186176157134111 94 86 9010211913815516516515714212611411211913214916420 9 9KA 031187133316699999999999999 7 9 86184611199999999999999
175179175165149130112 99 94 9710511713114415215414914113212612713314215320 910KA 1 2179144715499999999999999 810 94192612699999999999999
162168170167160148134118106 99 9710110912013214214915114814313913813914320 911KA 157170165215199999999999999 949 97205413899999999999999
148154160164166164155142126110 98 91 90 9710912414015316016015614814113620 912KA 3581661835161999999999999991136 90235113599999999999999
135138145155165173175168152131109 90 78 76 8410012214616517517516515013520 913KA 5431751928176999999999999991243 75999999999999999999999
124120125138155173187191182161131100 75 60 60 74 9812916018319218616814320 914KA 65019120 719299999999999999 0571201331 5999999999999999
120105103114135162188206209195164125 85 56 43 49 7110514418020320719216120 915KA 743210204220899999999999999 1391031412 4399999999999999
126 98 84 88107138173205225225203162113 68 39 31 45 7712016520222121618820 916KA 830228211722299999999999999 217 831450 3199999999999999
146104 74 65 77105145187223241235203153 98 52 28 28 52 9214118822323321520 917KA 916242215223399999999999999 255 651528 2599999999999999
174124 79 53 51 71108154200235249236196140 84 43 27 37 6811416521023623420 918KA10 1249222623899999999999999 334 4916 6 2799999999999999
204154101 58 39 45 72114162208240247226182126 75 43 37 56 9213918722423820 919KA104624823 123899999999999999 415 391643 3699999999999999
224185132 81 46 35 48 79121167208233234209165115 74 54 58 8211916220222720 920KA1132237233523199999999999999 456 351720 5399999999999999
229206164114 70 44 41 57 87126166200217213188150111 83 74 8410914317820620 921KA1219218999999999999999999999 539 391756 7499999999999999
219212185145103 69 52 53 69 95127159183195190170141115 99 9811113315918320 922KA 0 9220131219599999999999999 625 501833 9699999999999999
200204193168135102 77 66 68 8110012214516317217015814112511812013114616320 923KA 045204142017299999999999999 719 66191411799999999999999
178187187177158134109 91 82 82 87 9811312914315415815514713913513514014820 924KA 12918816 415899999999999999 835 81202213499999999999999
157166172173169157140122106 95 89 88 9210111413014615716115815214514013820 925KA 24617418 3161999999999999991041 8823 213899999999999999
139145152161168170164152135116100 88 82 83 9110712714916517116815814413220 926KA 4471701911172999999999999991224 82999999999999999999999
125124131143158171178175163143119 97 81 73 75 8710813516017818317415513420 927KA 615178195018399999999999999 0341241318 7399999999999999
116107109122141163181190186169143113 87 70 65 72 9211915117719218917114320 928KA 713190202219399999999999999 1181071354 6599999999999999
115 96 90 99120147174194202192168134100 73 60 62 7810513817119520118815920 929KA 757202205020199999999999999 152 901423 5999999999999999
123 93 77 79 97126159189207209191159119 84 61 56 67 9112516119120720217620 930KA 835210211620799999999999999 223 761449 5699999999999999
138 99 72 64 76103138174203216208181142101 69 55 60 811121491842062101922010 1KA 9 9216214021199999999999999 253 641514 5599999999999999
156113 76 57 59 81115154190213217199165122 84 61 57 731021381742012122022010 2KA 94121822 221299999999999999 323 551539 5699999999999999
172130 88 59 50 63 92131170202216210183144102 72 61 69 931271631932102082010 3KA1012217222321299999999999999 353 5016 4 6199999999999999
185147104 68 49 52 73107147183207211195163123 89 69 70 881181521842052092010 4KA1043212224320999999999999999 423 481628 6799999999999999
194162122 83 56 49 61 88123160190204199176142107 83 76 871111421731962052010 5KA111420423 320599999999999999 452 491652 7699999999999999
197173138101 70 54 56 74103136167188193181156126100 87 901081341611851972010 6KA1147194232519999999999999999 523 531717 8699999999999999
196180153120 88 67 60 68 88115143166179178163141117101 981081281511721862010 7KA1224180234819099999999999999 556 601743 9899999999999999
190181162137109 85 72 71 81 981201421591661621501331181111141261421591722010 8KA1310166999999999999999999999 636 70181311099999999999999
179177167150129107 90 81 81 891021191351471521511441341261241281371481582010 9KA 017179141915399999999999999 729 80185312399999999999999
165167165158146130113 99 90 87 91 99110124136144149148143138135136139143201010KA 1 1167161914999999999999999 855 87202013599999999999999
148153156158157151140124108 95 86 84 89 99113130145155159156149141134130201011KA 31215818 1159999999999999991050 84233412999999999999999
129133141151160166164154135113 93 78 72 75 89109132154170174168154136121201012KA 51916718541749999999999999912 7 71999999999999999999999
111110118133152170182182169143112 84 63 57 64 84112144172189189175149121201013KA 631184193319199999999999999 0371101259 5799999999999999
 99 88 90106131160187202201181146105 70 48 44 59 87125164194208200173135201014KA 72620420 920899999999999999 118 871342 4399999999999999
 98 72 64 74 99134173205221215187142 94 55 36 39 62100145187216222202162201015KA 815222204422399999999999999 156 631422 3599999999999999
113 70 46 44 63 98142187221235223185133 81 45 32 43 75120169210232226194201016KA 9 2235211923399999999999999 235 4215 0 3299999999999999
142 87 45 25 31 59101151199232241220176121 71 42 38 58 96144192227238220201017KA 948241215423999999999999999 315 251539 3699999999999999
177119 64 27 15 28 61108159205233235209163110 68 48 53 80121167209234233201018KA1034238222923799999999999999 357 151617 4799999999999999
205155 98 48 19 15 34 69115163203225220192148103 72 63 75105144184216229201019KA112122623 322999999999999999 439 131654 6299999999999999
218184134 83 42 22 25 46 79121162193207200173137103 83 83100128161192212201020KA12 9207233821699999999999999 523 211731 8199999999999999
214197163119 77 47 35 41 60 89122154177186178157131109100105121144168188201021KA13 2186999999999999999999999 6 9 3518 9 9999999999999999
198194177147112 81 60 53 59 74 95119141158165161149132120116122134149164201022KA 01519914 916599999999999999 7 1 53185311699999999999999
176180175161139114 92 77 71 73 82 95111128142151153148139132129131136144201023KA 1 0180154315399999999999999 810 7120 612999999999999999
152159163162154140123106 92 84 82 84 92103118133146153153148140133129128201024KA 219163172915499999999999999 959 82224412899999999999999
131136144152157155147134117102 90 83 81 86 98115134151161162154141128117201025KA 4211571835163999999999999991144 81999999999999999999999
112114122135149160163157143124104 88 78 76 83 99120144163172169155134113201026KA 552163191417399999999999999 0121121242 7699999999999999
 99 94100115134154169173165147122 98 80 71 73 86107134160178182170146117201027KA 651173194518299999999999999 056 941319 7099999999999999
 93 79 79 92115141165180182168144114 87 70 66 75 96123153178190185162129201028KA 736183201319099999999999999 129 771348 6699999999999999
 95 71 62 70 92122154179191186165134101 75 64 67 85112144174193196179146201029KA 814191203819799999999999999 2 0 621414 6399999999999999
106 72 52 52 69100135169192197184155119 86 66 63 76101134167192202192163201030KA 84819821 120299999999999999 231 501441 6299999999999999
122 81 51 40 50 76113152183200197175140102 74 63 69 91123158187204201179201031KA 921202212420599999999999999 3 1 4015 7 6299999999999999
140 96 58 36 36 55 89129167194202190160122 88 68 67 831121461792012061912011 1KA 954203214620799999999999999 331 331534 6599999999999999
158114 72 41 30 40 67105145180198197176142106 79 69 781021341671942051982011 2KA102620022 920699999999999999 4 1 3016 0 6999999999999999
173134 90 54 33 32 50 82121158185195185159125 94 77 78 951231541821992002011 3KA1059195223320299999999999999 432 301627 7599999999999999
183151111 72 44 34 41 64 97133165183185169142112 90 83 921141421691881962011 4KA1134186225819699999999999999 5 4 341655 8399999999999999
187164131 94 62 44 41 54 78109140164175170153129106 93 951091311541741852011 5KA1213175232618699999999999999 539 401725 9299999999999999
184171147116 85 61 50 52 67 891151401571631571421231081021081231411581702011 6KA13 0163999999999999999999999 619 49175910299999999999999
175170156135110 85 67 60 63 76 941151341471521481381251151131191291421522011 7KA 0 017514 415299999999999999 710 60184611399999999999999
160162158148132112 92 76 69 70 78 921091251391471471421321241211221261332011 8KA 053162153614899999999999999 822 68201512099999999999999
140146151152148138121102 85 74 70 74 861021201371491541511421301201141132011 9KA 24915217 515499999999999999 956 70224611399999999999999
117124134146155157150134112 90 73 65 67 78 97121143161168163148129110 97201110KA 44715718 6168999999999999991118 64999999999999999999999
 92 96109127147164171166147119 90 67 56 59 74 99129158178183173149119 91201111KA 6 5172185118399999999999999 0 2 921218 5699999999999999
 73 68 77 97125154178188181157121 85 59 48 54 76108145177197197176141100201112KA 7 6189193019999999999999999 051 6813 7 4899999999999999
 66 46 45 61 90128165194204193161119 78 51 43 56 85124165198213204172125201113KA 8 020420 921399999999999999 134 431351 4399999999999999
 77 40 23 27 51 89134177207215198160112 71 47 45 65100144186216223203160201114KA 850215204722399999999999999 216 221433 4399999999999999
105 53 18  6 17 48 92141186215218195153104 66 48 54 80119164203226223194201115KA 938220212522899999999999999 3 0  61515 4799999999999999
143 85 35  4 -1 16 51 98148191215213186142 97 65 55 68 98139181213227215201116KA102621822 322799999999999999 343 -21555 5599999999999999
178124 68 23  0  1 23 60106153190208201172131 93 70 68 86117155190214218201117KA1113208224121999999999999999 428 -21635 6699999999999999
199159108 58 22  6 12 35 71113153183194184156122 93 79 83103133164191206201118KA12 1194231920799999999999999 512  61714 7899999999999999
202179141 96 55 28 20 29 51 82117149170177166143117 97 90 99117142165183201119KA1252177235919099999999999999 558 201755 9099999999999999
190182160127 91 60 41 38 47 66 90117141156160152135116104102110125142158201120KA1348160999999999999999999999 645 37184110199999999999999
169172164146120 92 70 57 55 63 77 95114132145149144133120112110114124135201121KA 046172145714999999999999999 740 55194511099999999999999
145153155150137118 98 81 71 69 74 83 96111126138144143135125116111111115201122KA 151155161814599999999999999 848 69213311099999999999999
122131139144143136122106 92 82 77 79 85 96110125139147147140128115105100201123KA 3251451730148999999999999991016 772318 9999999999999999
101108118130140143139128113 98 86 79 79 85 97113131147155153142125106 91201124KA 5 01431821156999999999999991132 78999999999999999999999
 84 86 96111128142149146134117 99 85 77 78 87102122143158164157139115 90201125KA 613149185916499999999999999 018 841225 7699999999999999
 73 67 73 89111133150157152137116 95 79 74 78 92113137158171170156129 98201126KA 7 7157192917299999999999999 059 6713 4 7499999999999999
 71 55 54 66 89117143161165156136110 87 73 72 82102128154173180171146112201127KA 751166195718099999999999999 135 521337 7199999999999999
 77 51 39 45 66 96129156171171155129100 78 69 74 91118146171185183164130201128KA 829173202418799999999999999 2 9 3914 9 6999999999999999
 90 55 33 29 44 72108143169179172149118 89 71 68 81105136165186192179149201129KA 9 5180205019299999999999999 242 291440 6799999999999999
108 67 35 21 26 49 84123157179182167138105 79 67 73 93123155181195191168201130KA 940184211719699999999999999 314 201510 6799999999999999
129 85 46 21 16 30 59 98138169184179156124 92 72 69 821081401711911961822012 1KA1015185214619799999999999999 347 151541 6899999999999999
150108 65 31 14 18 39 73113151176183170142110 83 71 76 961251561811941902012 2KA1050183221619599999999999999 420 131612 7099999999999999
168131 88 49 23 15 25 52 88126158176175157128 99 79 75 871101391661851902012 3KA1128178224919099999999999999 455 151644 7499999999999999
178151113 73 40 22 21 37 65100134160170164144117 93 80 83 991231481691812012 4KA12 8171232518299999999999999 531 191718 8099999999999999
180164136100 65 38 27 31 50 77108137156162153133110 92 86 931091291491652012 5KA1253162999999999999999999999 612 261758 8699999999999999
171167151125 93 63 43 36 42 60 85112135150154145128109 96 92 991121281432012 6KA 0 8171134615499999999999999 659 361849 9299999999999999
155160156142120 93 68 51 45 52 67 89112132146150143129112100 96 991071192012 7KA 1 6160145115099999999999999 756 4520 3 9699999999999999
131142149149140122 99 76 60 54 58 71 90111131146151147133116101 92 90 952012 8KA 23115016 215199999999999999 9 6 542147 9099999999999999
104116130142148144130109 86 68 59 60 71 90112135152159154139118 97 81 742012 9KA 41014817 7159999999999999991021 582318 7499999999999999
 76 85101121140152153142120 95 73 61 60 72 92117143163171164144115 86 64201210KA 53615418 3171999999999999991131 59999999999999999999999
 53 55 67 89116142161165154130101 75 60 60 73 97127156177183172144106 70201211KA 648166185218499999999999999 022 521231 5899999999999999
 43 31 35 53 81116149172178165136102 73 58 60 77106140171192194176139 93201212KA 749178193719699999999999999 115 301324 5799999999999999
 51 22 11 19 43 79120157183188171138100 70 56 62 84117154186204201174129201213KA 844188202120699999999999999 2 4 111412 5699999999999999
 78 33  5 -2 10 40 81126166191193171134 94 66 56 67 93130168198211201167201214KA 93419521 521199999999999999 251 -31458 5699999999999999
117 63 19 -6 -9  9 43 87134173194191165125 87 63 59 75105143179205212194201215KA1022196214721299999999999999 337-101541 5899999999999999
155102 50 10 -9 -7 15 52 97142177192183153115 81 63 65 85117153185205204201216KA11 7192222920799999999999999 422-111623 6199999999999999
181139 88 40  7 -5  3 28 65107147175183169139104 76 66 74 96128160186198201217KA1151183231019899999999999999 5 5 -517 3 6699999999999999
191164123 76 36 12  7 19 45 80117149169170153125 95 76 72 84107134160179201218KA1234172235018599999999999999 546  61743 7199999999999999
184173146108 69 38 22 23 38 63 93123147159155138114 91 79 80 93113135155201219KA1316159999999999999999999999 625 211825 7799999999999999
167167154129 97 66 45 37 42 57 79103126142148143127108 91 84 86 97113130201220KA 03216914 114899999999999999 7 4 371914 8399999999999999
144152150138117 91 69 55 52 59 73 91109126137140134122107 94 88 89 97108201221KA 120153145214099999999999999 745 522019 8799999999999999
121131137136126110 92 76 67 66 73 84 98112125134136132121108 96 88 86 90201222KA 220138155313699999999999999 834 662149 8699999999999999
 98109119126127122110 97 85 77 77 81 90102114126135138134124109 94 82 77201223KA 341128165813899999999999999 938 762317 7699999999999999
 78 86 98110121125123115103 92 84 82 85 93104118131141144138125106 87 71201224KA 5121251753144999999999999991057 82999999999999999999999
 64 65 75 90107121130130122110 96 86 82 85 94108124140149151141122 98 74201225KA 631131183815199999999999999 021 6312 6 8299999999999999
 56 49 53 67 88110128138138128113 96 84 80 84 97115135151160157141115 84201226KA 729140191616099999999999999 1 8 491259 8099999999999999
 57 40 36 45 65 92119139149146131111 91 79 76 85103126148164168159135102201227KA 815149195116999999999999999 149 351342 7699999999999999
 67 40 25 26 42 69102132152159150129104 83 72 74 89112139162175174156123201228KA 854159202517799999999999999 226 231420 7299999999999999
 84 48 22 13 21 45 79115146164164148121 94 74 67 76 97125154175183174147201229KA 931166205918399999999999999 3 2 131455 6799999999999999
108 65 30  9  6 22 53 92131160172165141110 82 65 65 81108139168185187169201230KA10 7172213518899999999999999 337  51530 6399999999999999
134 89 46 14  0  6 29 66107144169173158129 96 71 61 69 91121153178190184201231KA1044174221119199999999999999 413  016 3 6199999999999999
