 84 58 37 28 31 45 69 95120138145141128111 95 84 81 86 9711212513112911820 1 1KC10 7145211713299999999999999 317 271553 8099999999999999
100 78 58 45 41 47 62 83105124136139134121106 93 83 80 84 9310511412011820 1 2KC1050139221612099999999999999 355 411655 8099999999999999
109 95 79 65 56 55 62 75 93111126135136129118103 90 80 75 77 84 9410311020 1 3KC1138136234011199999999999999 439 541811 7599999999999999
111106 97 85 75 69 68 74 85 99114127134134128116100 85 72 66 66 72 82 9420 1 4KC1234135999999999999999999999 536 681929 6599999999999999
104109109104 96 87 80 78 81 90103116128135135128114 95 76 61 52 52 59 7320 1 5KC 129110133213699999999999999 653 782032 5199999999999999
 89104115118115107 97 88 83 85 93105119132139138128110 86 63 45 35 37 4820 1 6KC 3 1118142414099999999999999 816 832122 3499999999999999
 68 90111125131127117103 91 85 85 94108125139146142127103 73 46 26 18 2420 1 7KC 4 5131151114699999999999999 924 8422 5 1899999999999999
 42 68 97123139143137122105 90 83 85 96114133148153144123 92 57 26  7  320 1 8KC 4531431553153999999999999991017 822246  299999999999999
 15 40 74109137152154142123102 86 79 85101122144158159144115 78 39  7-1020 1 9KC 53515516341609999999999999911 2 792326-1199999999999999
 -8 11 44 84122150163159142118 95 80 77 87107133155167162141105 62 21 -920 110KC 6151641715167999999999999991143 76999999999999999999999
-21-13 14 53 97136162169159137110 87 74 76 91116143164172162134 93 47  720 111KC 655169175717299999999999999 0 7-211224 7399999999999999
-19-26-11 22 66111148168170154128100 79 70 77 96124151170173157124 81 3620 112KC 734171184117499999999999999 048-2613 4 7099999999999999
 -1-22-22 -1 35 81124156170165145117 90 72 68 78101129154169168148114 7120 113KC 814170192617199999999999999 130-251346 6799999999999999
 29 -3-17-11 14 52 96134159167156133105 81 67 67 8010313015216315913810420 114KC 853167201416499999999999999 213-171431 6599999999999999
 65 29  4 -4  6 33 70109141159160146122 96 74 63 65 7910112514415214612620 115KC 93316121 615299999999999999 256 -41521 6399999999999999
 97 64 35 18 15 28 54 87120144155151135112 88 70 61 63 75 9411513113813320 116KC101415522 713899999999999999 340 141618 6099999999999999
118 94 69 48 36 37 50 73101126143149143127105 83 66 57 58 67 8310111612420 117KC1058149232512599999999999999 427 351726 5699999999999999
123113 98 80 65 57 58 70 88109128141144137122102 80 63 52 49 56 69 8510120 118KC1149144999999999999999999999 521 561845 4999999999999999
113118115106 94 83 76 76 83 96113128138141135120100 78 58 43 38 41 53 7120 119KC 1 8118124914199999999999999 631 7520 6 3899999999999999
 90107119122118109 99 90 87 90 99113127138141136121 99 74 50 33 24 27 4020 120KC 257122135514199999999999999 8 1 872115 2499999999999999
 61 86109125133131122109 97 90 91 99112128140145139122 97 68 40 20 11 1520 121KC 417133145814599999999999999 925 892211 1199999999999999
 32 58 88116136144141128111 96 87 88 97114132146150142122 92 58 28  7  020 122KC 5111441553150999999999999991028 862257  099999999999999
  8 31 63 98128147153145128107 90 81 84 98118139153155143117 82 45 14 -420 123KC 5531531640156999999999999991115 812338 -899999999999999
 -7  8 37 74111141156156142120 97 80 75 83102126147159157139108 69 31  320 124KC 6291581722160999999999999991153 75999999999999999999999
-11 -6 16 51 90127152160153133107 84 72 72 86110135155163155130 94 54 1820 125KC 7 116018 016399999999999999 014-111227 7099999999999999
 -5-11  2 31 69109140158158143118 92 73 66 73 93119144160162146116 77 3920 126KC 730160183516399999999999999 048-111259 6699999999999999
  9 -6 -3 18 51 90126150158150128101 78 64 64 78101128150160155133 99 6120 127KC 75815819 916199999999999999 119 -71330 6299999999999999
 28  6  0 12 39 74110139154153137112 86 67 59 66 84110134151155142117 8320 128KC 824155194415599999999999999 149  014 2 5999999999999999
 49 23 10 13 32 62 96126146152142121 96 74 60 59 70 9111513514614412710020 129KC 851152201914799999999999999 218  91436 5899999999999999
 70 43 25 21 32 54 84114136147144129107 84 66 58 61 74 9511613113713011220 130KC 917148205713799999999999999 246 211513 5799999999999999
 88 63 44 34 38 53 76102125140143134117 96 76 62 57 63 76 9411112312511720 131KC 945143214312599999999999999 315 341557 5799999999999999
101 82 64 52 49 56 72 93114130138136125107 88 71 60 57 62 74 8910311211420 2 1KC1018138224311499999999999999 347 491651 5799999999999999
108 97 83 72 65 66 74 87104119129133128117102 84 69 58 55 58 68 80 9310220 2 2KC1057133999999999999999999999 425 6418 0 5599999999999999
106105 99 91 84 80 81 86 96108118126128124114100 83 67 54 48 49 57 69 8320 2 3KC 015106115312899999999999999 522 801921 4899999999999999
 96105109108104 98 93 91 93 99107116123127125116101 82 62 46 36 35 43 5820 2 4KC 21810913 912799999999999999 7 2 912037 3599999999999999
 76 95110119122118110101 95 93 96104114125131130121103 79 54 33 21 19 3020 2 5KC 348122142513299999999999999 854 932137 1899999999999999
 49 75101121134136129116102 92 87 91101116131140139127103 73 42 17  3  420 2 6KC 44313615271419999999999999910 4 872227  199999999999999
 19 46 80112136149148135116 97 83 79 86102123142152150132101 64 27 -1-1420 2 7KC 5251501620153999999999999991053 792312-1499999999999999
 -8 14 50 90127152161154134109 86 72 71 83106132155165158134 96 52 11-1720 2 8KC 6 316117 8165999999999999991134 692355-2699999999999999
-25-13 17 60105143165168153126 96 72 60 65 84113143167174162131 87 39 -120 2 9KC 6391691754174999999999999991214 60999999999999999999999
-26-29 -9 29 76122157173168145112 80 58 51 62 87120153175178160124 77 2920 210KC 715173184017999999999999999 037-301253 5199999999999999
 -8-27-22  5 47 95139167174160131 95 64 46 45 61 91126158176175152113 6720 211KC 749174192617899999999999999 118-281333 4399999999999999
 24 -7-17 -5 26 70115151170168146113 78 51 38 42 63 9412915717016414010320 212KC 823172201317099999999999999 158-171415 3799999999999999
 61 26  4  2 19 52 93131158166156130 97 65 42 34 42 64 9512514815714912620 213KC 85616621 215799999999999999 237  01459 3499999999999999
 94 61 35 23 27 47 78112141157157141114 83 56 39 35 44 65 9111613414013320 214KC 929159215714099999999999999 315 221548 3499999999999999
115 91 68 51 46 54 73 99124143151145127102 76 54 40 37 45 62 8310311812320 215KC10 415123 712499999999999999 354 461645 3799999999999999
120109 94 80 71 70 78 93111128139141134118 97 75 56 43 39 43 55 71 8810220 216KC1044141999999999999999999999 437 691758 3999999999999999
111113110103 96 90 89 94103114124131132126114 97 78 60 46 38 38 45 58 7420 217KC 055113114113399999999999999 541 891932 3799999999999999
 91105114117116111105101100103109117124127125117102 83 63 45 33 29 34 4620 218KC 3 9117131012799999999999999 74310021 0 2999999999999999
 65 87107121129128121112102 96 96101110121128130123108 87 63 40 24 18 2420 219KC 426129144313099999999999999 935 9522 2 1899999999999999
 40 64 91116133140136125109 95 87 86 94108123135138130112 86 56 30 13  920 220KC 5 91401549138999999999999991032 852249  999999999999999
 19 41 71103129145148138120 99 83 75 79 92112132145146135110 78 45 18  320 221KC 5411491638147999999999999991111 752327  299999999999999
  4 21 50 85119144154149131107 84 68 66 76 96121143155152133102 66 31  720 222KC 6101541719155999999999999991142 65999999999999999999999
 -2  7 31 67105136155157142117 89 67 57 61 79106134154161151125 88 50 1820 223KC 636158175416199999999999999 0 0 -21211 5699999999999999
  0  0 18 50 88125151160151128 98 70 53 50 63 88119146162161143110 71 3520 224KC 7 0160182816499999999999999 030 -21239 4999999999999999
  9  1 11 37 73112143159157138109 77 54 43 49 70100131155163154129 93 5520 225KC 72316019 016399999999999999 058  113 7 4399999999999999
 25  8 10 29 61 99132154159146119 88 59 42 40 54 81112140157158141112 7620 226KC 745159193216099999999999999 124  71336 3999999999999999
 43 22 16 28 53 87121147157151129 99 69 46 36 42 62 91121144153147125 9520 227KC 8 715720 515499999999999999 150 1614 6 3699999999999999
 64 39 28 31 50 78110137152152137111 81 55 39 36 48 71 9912514114413311020 228KC 829154204114599999999999999 215 271439 3699999999999999
 83 59 43 41 51 73100126144150141121 94 67 47 37 41 56 7810312313413211920 229KC 853150212113499999999999999 241 401514 3799999999999999
 99 78 62 54 58 72 93116134143141127106 81 59 44 40 46 61 8110111612312020 3 1KC 917144221212399999999999999 3 9 541556 4099999999999999
109 95 81 71 70 77 90107123134136130115 96 75 57 46 43 48 61 77 9410611320 3 2KC 947136232711399999999999999 341 691651 4399999999999999
112107 98 90 86 86 92101112122128127121109 93 75 60 49 44 46 55 68 83 9620 3 3KC1029128999999999999999999999 425 851810 4499999999999999
106111111108104100 98100104110116120122118110 97 80 63 49 40 37 43 55 7120 3 4KC 134112114912299999999999999 6 2 981947 3799999999999999
 89105117122122118111104100 99102108116122124118106 87 66 45 30 23 27 4220 3 5KC 328123134612499999999999999 842 9921 7 2399999999999999
 63 88111129137136128114101 91 88 92103117129136132117 93 64 36 15  6 1220 3 6KC 423138151013699999999999999 955 8822 6  699999999999999
 32 61 95124145152146130109 89 76 74 84102124143152147127 95 57 23 -1 -820 3 7KC 5 31521610152999999999999991040 732254 -899999999999999
  3 30 68108141161163149124 95 71 59 62 79106135159168159132 92 48 10-1420 3 8KC 53816417 2168999999999999991119 582338-1899999999999999
-16  2 38 82126159173167143109 75 51 42 53 78113148173180165131 85 38  020 3 9KC 6111731749180999999999999991157 42999999999999999999999
-18-14 12 54103146173178161128 88 53 32 30 48 82122159182184164125 76 3120 310KC 643179183518699999999999999 019-201235 2999999999999999
 -2-13 -1 32 78125162179174147108 66 34 19 24 49 87129165183180155115 6920 311KC 715180192118599999999999999 058-131314 1899999999999999
 29  6  3 22 59103144171177161127 86 47 20 12 24 53 9313316317616814210420 312KC 74617820 717699999999999999 136  11354 1299999999999999
 66 36 22 27 51 86125156172167143107 67 34 15 13 29 59 9613015416215212820 313KC 816172205616299999999999999 213 211435 1199999999999999
 98 68 49 44 55 79110139159164151124 90 56 30 17 19 36 64 9512214014413620 314KC 845164214914599999999999999 249 441520 1699999999999999
118 96 77 67 68 81101124144153150134108 79 53 33 25 29 43 65 8911012312820 315KC 915154225712899999999999999 325 661611 2599999999999999
123113100 90 86 89 99114128138141135120100 77 57 42 35 37 47 62 80 9610920 316KC 949141999999999999999999999 4 5 861717 3599999999999999
116118115109104102103108115122127128123113 99 83 66 53 44 42 46 56 69 8520 317KC 047118104012899999999999999 5111021852 4299999999999999
100112120122120116111107106107111115118119115105 92 76 61 48 41 40 47 6120 318KC 3 3122123511999999999999999 7591062034 3999999999999999
 79 99116128132130122111102 96 95 99107116122122115102 83 63 45 34 32 4120 319KC 4 7132143512399999999999999 941 942142 3299999999999999
 58 81106126139141134119103 89 81 82 91105120131133125107 84 58 37 26 2620 320KC 4431421544133999999999999991023 802228 2499999999999999
 39 63 92119140149145130108 87 72 67 74 90111131143143130107 77 48 27 1920 321KC 5111491631145999999999999991054 6723 4 1999999999999999
 25 45 75108136152154141118 91 68 56 58 73 97123144154149129 99 65 36 1920 322KC 53615517 9154999999999999991122 552336 1699999999999999
 17 32 60 94128151160151129 98 69 50 45 56 79109138157161148120 85 51 2620 323KC 5591601744161999999999999991149 44999999999999999999999
 16 24 47 81117146162159140109 76 49 36 40 60 91124152165161140107 70 3920 324KC 621163181616699999999999999 0 4 161215 3599999999999999
 22 22 39 69105138160164150121 85 53 32 29 43 71106139161167154126 91 5720 325KC 643165184816799999999999999 031 201242 2899999999999999
 33 26 35 60 94129155165157132 98 62 35 23 29 51 84120149164161142111 7720 326KC 7 4165192016599999999999999 056 261310 2399999999999999
 49 35 37 56 85118147163161142111 74 43 23 21 35 64 98131154161151127 9620 327KC 725164195316199999999999999 122 341339 2099999999999999
 68 49 45 55 79108137156161149122 89 55 31 20 25 46 7711013715215213711320 328KC 746161202815499999999999999 148 4414 9 2099999999999999
 87 66 56 60 76100126147156151132103 71 43 26 23 34 58 8711513614514012520 329KC 8 815621 814599999999999999 214 561442 2299999999999999
104 84 71 69 78 95116136148148137114 87 60 39 28 30 44 66 9211513013512920 330KC 832150215713599999999999999 243 691521 2799999999999999
117101 89 82 84 94109125137142137123102 79 57 41 34 37 50 69 9010812112520 331KC 9 014223 712599999999999999 316 821611 3499999999999999
123115106 99 95 98105115124131132126114 98 79 61 48 41 42 50 64 81 9811220 4 1KC 940132999999999999999999999 4 5 951724 4099999999999999
120123121116111107106107111116121123121114102 87 70 55 44 40 43 54 70 8920 4 2KC 1 212311 312399999999999999 55410619 4 4099999999999999
107121130132128121112105101100104111118123122115100 81 60 42 32 31 41 6020 4 3KC 250132132412499999999999999 8321002033 3099999999999999
 84109130142145139125109 94 85 85 92105121133138131114 89 60 36 21 19 3120 4 4KC 347145145613899999999999999 936 842138 1899999999999999
 56 87119144157157143120 96 76 65 68 83105130149156148125 92 57 27 10 1020 4 5KC 42615916 0156999999999999991018 652228  899999999999999
 28 60 99135161170162138106 75 52 45 54 78110142166173161131 91 50 19  420 4 6KC 5 11701652173999999999999991057 452313  399999999999999
 10 35 74117154176177158124 85 50 29 28 45 78119156180184166131 87 45 1620 4 7KC 5341791741185999999999999991135 262355  699999999999999
  7 19 51 94138171184175145103 60 26 11 17 43 83128166188187164126 82 4320 4 8KC 6 61841828190999999999999991213 10999999999999999999999
 20 19 38 74118157181184164125 79 37  8  0 14 46 90136171188182156118 7820 4 9KC 637186191518899999999999999 034 171252  099999999999999
 47 33 39 63100139170183175146103 58 20 -1 -2 18 54 9813916918017014511120 410KC 7 718320 218099999999999999 113 321332 -499999999999999
 79 57 51 63 89122154174176158125 83 43 13 -1  5 28 6310313816016615613320 411KC 737177205016699999999999999 150 511413 -199999999999999
107 83 71 71 86110137159168162139106 70 37 15  8 17 40 7110413114815114220 412KC 8 6168214415199999999999999 226 691456  899999999999999
125106 92 86 91104123142154156144122 94 64 40 25 22 31 50 7510112113413720 413KC 837157225013799999999999999 3 4 861544 2199999999999999
132122111102100104114127137143140129111 89 67 49 38 36 43 57 75 9511112320 414KC 912143999999999999999999999 3511001644 3699999999999999
129128124117112109110115121126128126119107 92 76 62 52 48 50 59 72 8810420 415KC 02412910 612899999999999999 51110918 7 4899999999999999
118127130129124117111108107108112116118117111101 87 74 61 54 52 57 68 8420 416KC 21313012 811899999999999999 7481071946 5299999999999999
103119131137135128117106 97 93 94101109117121120111 97 81 65 53 49 53 6620 417KC 317137141312299999999999999 913 9321 0 4999999999999999
 86107127140145139126109 92 81 78 83 95110123131130120103 82 62 48 45 5220 418KC 356145152513299999999999999 954 782151 4599999999999999
 69 94119139151150137117 94 74 64 65 77 96118135143140125102 77 55 43 4320 419KC 4251521613143999999999999991025 632230 4199999999999999
 56 79108134152158148127100 73 55 50 58 78105130148154145124 96 68 48 4020 420KC 4511581653154999999999999991053 5023 2 4099999999999999
 47 67 96126150162158139110 78 52 38 41 59 87118145160160144117 86 59 4420 421KC 5151631728162999999999999991121 372332 4199999999999999
 43 58 84116145163166151122 87 54 33 27 39 66100134158168160137106 75 5320 422KC 53816718 2168999999999999991148 27999999999999999999999
 45 53 75105137161170161135 99 62 33 19 24 45 79116149168169154126 94 6720 423KC 6 0170183517199999999999999 0 1 451216 1999999999999999
 52 53 68 96127155170167147114 75 40 18 14 28 57 94132159171164143114 8520 424KC 62217119 817199999999999999 028 501244 1399999999999999
 64 58 66 88117145165170156128 91 53 24 11 16 38 7111014316416815513110320 425KC 645170194316899999999999999 056 571314 1099999999999999
 80 67 68 83107135157167161140107 70 37 16 12 24 51 8612114916216014412020 426KC 7 9167202016399999999999999 124 661346 1199999999999999
 97 80 75 83100124146160161148122 88 55 29 16 18 36 64 9712714815615013420 427KC 73516321 215699999999999999 155 751421 1599999999999999
114 96 86 87 97114134149156150133106 76 48 29 22 28 47 7310212714314714120 428KC 8 3156215314799999999999999 228 8515 2 2299999999999999
128113101 95 98108122136145147138120 97 71 49 35 30 37 54 7710112213514020 429KC 83714723 114099999999999999 3 9 951553 3099999999999999
136127117108104106113122131136136129115 96 75 57 43 38 43 56 75 9611513020 430KC 928137999999999999999999999 41210417 2 3899999999999999
137138132124116110107109114120126128126117103 86 67 52 44 43 52 69 8911120 5 1KC 03313811 412899999999999999 6 41071831 4299999999999999
129141144141131119108 99 97 99107117126130128117 99 79 59 45 40 46 63 8620 5 2KC 15914413 913099999999999999 8 0 971956 4099999999999999
112134150154149134115 97 83 78 82 95112130141143133113 88 62 43 35 42 6120 5 3KC 257154144014499999999999999 9 3 7821 3 3599999999999999
 89119146162164153131103 78 61 56 66 86113138156160148124 93 62 40 33 4220 5 4KC 340165154616099999999999999 949 562157 3399999999999999
 66 98133161174170150119 83 54 37 36 53 83118150171174159131 95 62 40 3520 5 5KC 4171751641175999999999999991030 342245 3599999999999999
 49 78114150175182170140100 60 29 15 22 47 84126162182183165132 94 62 4320 5 6KC 4521831732185999999999999991111 152329 4199999999999999
 44 63 95133166185184161123 77 36  8  1 15 47 90135170188186163129 93 6520 5 7KC 5261871821190999999999999991151  0999999999999999999999
 52 58 81115151178189177146103 56 17 -4 -5 15 52 98142174188181157125 9320 5 8KC 55918919 918899999999999999 010 521232 -899999999999999
 71 65 76101134164183184164128 83 40  7 -8 -2 23 6210614617318117214812020 5 9KC 632186195718199999999999999 051 641313 -899999999999999
 94 79 79 94119147170180173148110 68 31  6 -2  9 36 7311314616617116013920 510KC 7 5180204517199999999999999 130 771355 -299999999999999
116 98 89 94109131154169171157131 95 59 30 12 10 24 50 8311614315715914920 511KC 738172213616099999999999999 210 891438  999999999999999
132115103 99105119136152160157141117 87 58 36 24 26 39 63 9011713714814820 512KC 814160223314999999999999999 253 991524 2399999999999999
141128116108106111122134144147142128108 85 63 47 39 41 53 72 9411513114020 513KC 856147234114299999999999999 3451061616 3999999999999999
142137128119112109112118125132134130121106 89 72 59 53 54 63 77 9511312820 514KC 956134999999999999999999999 5 01091720 5299999999999999
137140137130120112106105108113119123124119109 96 82 70 63 62 68 80 9611320 515KC 057140113412499999999999999 6471051839 6299999999999999
128139143140131119107 98 93 95101110118123123117105 91 78 69 66 70 81 9820 516KC 2 3143132712499999999999999 815 931956 6699999999999999
117134145148142129113 96 84 79 82 92106119129131126113 97 82 70 66 71 8520 517KC 251148144813199999999999999 9 7 792056 6699999999999999
104125143153152141122100 80 67 64 72 88108127139141134118 99 81 69 66 7520 518KC 328154154514299999999999999 945 642144 6699999999999999
 92115137154160153135109 82 61 50 53 68 91117138150151139119 97 78 67 6920 519KC 3591601630152999999999999991018 492223 6699999999999999
 82104129151164163148121 90 61 42 37 47 70100129152161156140116 92 74 6820 520KC 4261651710161999999999999991049 362258 6899999999999999
 75 94119145164169160135102 67 40 26 29 48 78113144164168157136109 86 7320 521KC 4531701747168999999999999991119 252331 7199999999999999
 72 86109136160172169149117 79 45 22 16 28 55 92128157172170154128102 8220 522KC 5191731823173999999999999991150 16999999999999999999999
 75 81100126152170175162134 96 58 27 11 14 34 68107143167175167146120 9620 523KC 545175185917599999999999999 0 2 751222 1099999999999999
 81 80 93115141164175170149115 76 40 15  7 18 45 8212115317117316013711220 524KC 613175193617599999999999999 035 791255  799999999999999
 93 85 89106129153170173160133 97 59 28 11 10 27 58 9613215817116715112920 525KC 643174201617199999999999999 1 8 841331  899999999999999
107 94 91100118140159169166148118 82 48 23 13 18 39 7010613815916616014320 526KC 71517021 016699999999999999 143 901410 1299999999999999
123106 97 98109126145159164156135106 74 45 25 19 28 50 8011213915616015320 527KC 752164215016099999999999999 224 961454 1999999999999999
138122108102104114129144154155146126100 72 48 32 29 38 59 8611413815215620 528KC 838156225015699999999999999 3141021546 2999999999999999
149137123111105106114125137145146139123101 77 56 42 39 47 65 8911413615020 529KC 940146235715499999999999999 4201051648 3999999999999999
154149138125112104102106115125135139136125108 87 67 53 48 53 68 9011413620 530KC11 8139999999999999999999999 54910218 0 4899999999999999
151157153141125109 96 90 91100113127137140134120100 79 63 54 57 71 9211720 531KC 1 4157125114099999999999999 718 891916 5499999999999999
140157162157142121 99 81 72 73 84102122139148146134113 90 71 60 61 74 9720 6 1KC 2 1162142114999999999999999 825 712025 5999999999999999
124148165169160140112 84 62 51 54 69 94121145159160147125 99 77 64 66 8020 6 2KC 249170153216199999999999999 918 502125 6399999999999999
105134159175175160132 97 64 40 30 37 59 90125154170171157132104 81 69 7220 6 3KC 33217716331739999999999999910 5 302218 6999999999999999
 90117146171183177155120 80 44 20 14 26 54 92131163180179163136107 84 7520 6 4KC 4121831728182999999999999991050 1323 6 7599999999999999
 81101130159181187175145104 61 25  5  4 22 56 98139171186182163135107 8720 6 5KC 4511871818187999999999999991134  22351 8299999999999999
 82 92114143170187186167132 88 45 13 -3  2 25 6310714717518718015913110620 6 6KC 52918919 6187999999999999991217 -4999999999999999999999
 91 90103127154177187180155117 73 34  7 -3  7 35 7411615317618317215112620 6 7KC 6 6187195118399999999999999 034 881259 -399999999999999
105 94 98113137161179182169141103 63 29  8  5 19 49 8712515617417516314220 6 8KC 644183203517699999999999999 116 941341  499999999999999
120104 99105122144163175173156127 92 57 29 16 18 35 64 9913215716816615220 6 9KC 723176211916999999999999999 157 981422 1499999999999999
133116104102111127145160167161143115 84 56 35 27 34 52 8011013715516115620 610KC 8 316722 316199999999999999 24010215 4 2799999999999999
143127113105105113127142153156148131107 81 59 45 42 50 68 9311813915215520 611KC 847156224915599999999999999 3281041547 4299999999999999
149137123111105105112123135143144137123104 83 67 57 56 65 8210212314015020 612KC 940145234115199999999999999 4251041634 5599999999999999
151145134121109102102106115125132134130119105 89 76 69 69 77 9110912714120 613KC1051135999999999999999999999 5381011729 6899999999999999
149150143132118105 97 94 97105115124129128121110 98 87 80 79 86 9811413020 614KC 036150122312999999999999999 657 941834 7999999999999999
143151151143130113 98 87 82 85 94107120129132128119107 95 87 86 9110311920 615KC 130152135613299999999999999 8 5 821944 8599999999999999
135148155153143125105 86 73 68 73 86104121134139137127114101 92 89 9510820 616KC 218155151014099999999999999 857 682047 8999999999999999
125142155160154139116 91 70 57 55 65 83106128144150146134118103 93 91 9920 617KC 25916016 715099999999999999 939 542140 9199999999999999
114133151163164153131102 74 52 41 44 60 85114139155160153137118102 93 9420 618KC 3351651652160999999999999991016 412225 9299999999999999
105123144162170165147118 85 55 34 29 38 62 93126152167168156136115 99 9220 619KC 4 91701733169999999999999991052 2823 4 9299999999999999
 97113134156171174162137102 66 36 20 21 38 69105140165175171155132110 9620 620KC 4421751812176999999999999991127 182342 9399999999999999
 94103123146167178175155123 84 48 21 11 19 44 7911915317418017014912510520 621KC 51617918501809999999999999912 4 11999999999999999999999
 95 97111134158176181171145108 68 33 12  8 23 53 9213216318017916514211820 622KC 552182192918199999999999999 019 941242  799999999999999
101 95102120144166180180163133 94 55 24  8 11 31 6510514316918117515813420 623KC 629182201018199999999999999 057 951322  799999999999999
112 99 97108128151171180175154121 83 46 21 10 18 43 7811715117217816915020 624KC 710180205217899999999999999 137 9614 4 1099999999999999
127108 98100113133154170176167144112 76 44 24 18 30 56 9112615517217416220 625KC 754176213617599999999999999 221 971448 1899999999999999
143122105 98101114133152165168158136107 75 48 32 30 44 7010213315817016920 626KC 845169222417199999999999999 311 981536 2999999999999999
156137118103 96 99111127144156159151132106 80 57 45 45 59 8211113915916820 627KC 946160231416899999999999999 411 961628 4399999999999999
165152133114 99 91 93102117134146151146132112 89 70 60 60 72 9311914316020 628KC11 1151999999999999999999999 520 911727 5999999999999999
167163150130109 92 82 81 89104121136146146137121102 85 75 74 8410212514620 629KC 0 8167123214799999999999999 636 811834 7399999999999999
162168163148127103 83 69 66 74 89109129144150146134117100 88 86 9310913020 630KC 1 316814 615099999999999999 748 661946 8699999999999999
150166171165147122 95 70 54 50 58 76101126147158157147129111 98 9410011520 7 1KC 158171152715999999999999999 851 492056 9499999999999999
135156171175166145116 84 56 38 34 44 67 97128153167168157138118103 9810420 7 2KC 250175163416999999999999999 946 332159 9899999999999999
120141163177179167141107 71 41 23 21 36 63 9913416217717716314212010510020 7 3KC 3401801729179999999999999991037 20225310099999999999999
107125148170183182165135 96 58 28 12 14 34 6610614317118418016414011810320 7 4KC 4261851817184999999999999991123 11234110099999999999999
100111132156177187182160125 84 46 18  7 14 38 7511615317818717915913411220 7 5KC 51018819 01879999999999999912 7  7999999999999999999999
100102116139164183189178151114 73 37 13  8 21 50 8912916218218417214912420 7 6KC 553189193918599999999999999 023 991248  799999999999999
106 98104122146170185185170140101 62 31 14 15 34 6610514216918117816113720 7 7KC 633187201518299999999999999 1 3 981327 1399999999999999
115100 98108128152172183178158126 89 55 31 21 29 52 8512115217217716814820 7 8KC 713183204917799999999999999 141 9714 3 2199999999999999
125106 97 99113133155171176167145113 80 53 36 34 47 7210413515917117015620 7 9KC 752176212217299999999999999 218 961438 3399999999999999
136116101 95101116136154166166154131103 76 55 46 50 66 9212014516216816120 710KC 832167215616899999999999999 258 951512 4699999999999999
146126109 97 95102117134149157154141121 98 77 63 60 68 8510813215116216220 711KC 917157223116499999999999999 343 951548 5999999999999999
153137119104 95 94101114129141146143132116 98 83 75 75 8510112114015416020 712KC1010146231216099999999999999 436 931627 7499999999999999
157147131115101 92 91 97108120131137136128117104 93 88 90 9911312914315420 713KC1121137235915799999999999999 540 901715 8899999999999999
157154143128111 96 87 84 89 9911112313113413012311310510110210811913214520 714KC1255134999999999999999999999 651 84182010099999999999999
154157152141125106 89 78 74 78 8910411913113813813312411611010911312213420 715KC 055157143213899999999999999 759 74194210899999999999999
147156158153140121 99 79 66 61 67 8110012013614614814313312311411111412420 716KC 152158154514999999999999999 856 61205911199999999999999
137150160162155138114 88 66 51 48 57 7610112614615815915213912511411011420 717KC 244163163816099999999999999 945 48215911099999999999999
126142157167167156134104 74 50 36 37 51 7710713715917016815713912211010720 718KC 3321691721171999999999999991028 35224610799999999999999
114130149166176172155126 92 58 33 23 28 50 8211815017218017315613411510420 719KC 41517618 11809999999999999911 9 22232810399999999999999
105117137159177183175152117 77 42 19 13 25 54 9213216418318617315112610720 720KC 4581831838187999999999999991150 13999999999999999999999
 99104121145169186189175145105 63 29  9  9 29 6310514617619018616814111620 721KC 540190191619199999999999999 0 7 991230  799999999999999
 99 95105127154178193191171136 93 51 20  6 13 38 7712015918519218215813020 722KC 624194195319299999999999999 046 951311  699999999999999
106 92 93108132160184194188163126 83 44 18 11 23 53 9413617018918917314720 723KC 7 8194203119199999999999999 127 901353 1099999999999999
118 97 87 92110136163184191180154117 77 44 24 22 40 7211114917718818216220 724KC 75519121 818899999999999999 210 871434 2199999999999999
135108 89 83 91110136161178182170145111 77 50 37 41 61 9212815917918417320 725KC 845183214618499999999999999 256 831517 3699999999999999
151124100 84 80 89107131154168171160138110 83 63 55 62 8211014016517817720 726KC 941171222717999999999999999 348 8016 1 5599999999999999
164141116 94 80 77 85101122142155159152135114 94 80 76 8410112514816617420 727KC1049159231217499999999999999 447 761651 7699999999999999
170156135111 90 76 72 77 91109128143149148138124110 99 9610211513315116420 728KC1217150999999999999999999999 557 721751 9699999999999999
170166153132109 88 72 65 67 78 9511513314514914613712611611111312213615020 729KC 0 517014 314999999999999999 715 64191211199999999999999
162168165153133109 85 66 55 55 65 8310612814615615715013912711911812313520 730KC 110168153715899999999999999 831 54204411799999999999999
149162169168155134107 80 57 44 42 53 7510213015316616916114713112011612020 731KC 220170164216999999999999999 937 41215811699999999999999
133149165174173159135104 72 47 32 32 47 7310613816317717716514712811411020 8 1KC 3231751730179999999999999991030 30225211099999999999999
117133153171181178161132 97 62 36 23 27 47 7811515017518518016314011910620 8 2KC 41718118 9185999999999999991116 22233410399999999999999
105116136160179187180158125 86 51 27 18 28 54 9113016318418817615312810720 8 3KC 5 41871844188999999999999991157 18999999999999999999999
 97102119143169186191178151113 74 41 22 20 38 6910814717518918416613911320 8 4KC 546191191518999999999999999 011 971234 1999999999999999
 96 92103125152177191189171138 99 62 34 23 30 54 8912816218318717515112320 8 5KC 625192194318899999999999999 045 9213 7 2399999999999999
100 88 91108133161182190182158123 85 53 34 32 47 7611214717418518016013420 8 6KC 7 1190201018599999999999999 118 871338 3099999999999999
107 89 84 94114141166182184170142108 75 51 41 47 68 9913316217918116814420 8 7KC 737185203618299999999999999 151 8414 7 4199999999999999
118 95 83 84 98121146167177173155127 97 71 55 54 67 9212215017117917215420 8 8KC 81317821 217999999999999999 225 821435 5399999999999999
129105 88 81 87103125148163168160141116 92 74 66 72 8911313916117317216020 8 9KC 852168212917499999999999999 3 2 8115 4 6699999999999999
140117 97 84 82 90106126144155156147130111 93 83 82 9110913015016416916420 810KC 937157215816999999999999999 344 811535 8199999999999999
149130109 93 83 83 91105122136145145138126112101 96 9910912314015416216320 811KC1034146223416399999999999999 433 821611 9699999999999999
155141124106 91 83 82 8810011512713613913612912011411111312113214315215720 812KC1157139232415899999999999999 536 8117 211199999999999999
157150137121104 90 80 77 82 9210511913013713913713212712312312613314114920 813KC1353139999999999999999999999 653 77183312399999999999999
154154149138122103 86 74 68 71 81 9711413114314914914413713012612613013820 814KC 037155152914999999999999999 810 68203112599999999999999
147154157153141123101 79 63 55 58 71 9111513715316216115314213012212012520 815KC 158157162516299999999999999 914 55214612099999999999999
136149160165161146123 95 68 48 40 46 64 9112114916717517015714012311311220 816KC 3 416517 61759999999999999910 6 40223511299999999999999
121137156171177170149119 84 53 32 26 37 62 9713316418218517415413111210220 817KC 3591771743186999999999999991051 26231510299999999999999
106121143167184188176149112 72 38 18 17 35 68109149180194190171144117 9820 818KC 4471891817195999999999999991133 152353 9299999999999999
 92101123152179196197179145102 58 25  9 15 40 8012616619320018816112910020 819KC 5331991851200999999999999991214  9999999999999999999999
 84 84100128161190205201177137 91 48 18  9 22 55 9914518220119917914611120 820KC 618206192420399999999999999 031 821254  999999999999999
 85 73 79101134169196207198169127 82 43 21 19 39 7612116319320219116412820 821KC 7 4207195820299999999999999 110 731334 1799999999999999
 95 72 66 77104138172196202189159118 78 47 32 38 6310014217719619717814720 822KC 750203203019999999999999999 151 651413 3299999999999999
111 81 64 63 78106139169189191176148113 80 58 52 63 8912415818319318516220 823KC 83919221 319399999999999999 234 611451 5299999999999999
131 99 73 61 63 79106135161176176163140113 90 76 76 8911314216718318417220 824KC 933178213718699999999999999 321 601531 7499999999999999
148119 92 71 62 65 80102126147160161153137119105 9710011213115116817617320 825KC1039162221617799999999999999 414 611615 9799999999999999
160139114 91 74 65 66 77 9411413214515014814113112211711912713915216216720 826KC121215023 816799999999999999 521 64171411799999999999999
164153136116 95 78 68 65 71 8410111913414515014914413713212913213814615420 827KC1418150999999999999999999999 647 65185912999999999999999
160160153140121101 82 67 60 62 72 8911013114815816015614713813012713013820 828KC 030160154916099999999999999 819 60205912799999999999999
148157161158147128105 82 63 52 52 63 8310913515716917116314913412211712120 829KC 2 7161164017199999999999999 930 5022 611799999999999999
131146160168167154132104 76 54 42 44 59 8511614716917917716314312310910620 830KC 3221691717180999999999999991023 41224910699999999999999
114130150168178175158131 98 66 44 34 41 63 95130161181186176154129107 9620 831KC 41717817481869999999999999911 5 342323 9599999999999999
 97112135160179187179156123 86 55 35 32 46 75112148176189185166139111 9120 9 1KC 5 11871815190999999999999991140 312354 8599999999999999
 85 94116144171189191177147110 73 45 32 37 60 94133167187191177150119 9320 9 2KC 5391921841192999999999999991212 31999999999999999999999
 79 80 98125156182194190168133 95 61 40 36 51 80118154181192184161129 9920 9 3KC 61419519 419299999999999999 023 771241 3599999999999999
 77 71 82106137168189194181153117 81 54 43 49 7210514217218918817014110820 9 4KC 647194192719199999999999999 052 7113 8 4299999999999999
 81 67 70 88116149175189187167136102 72 55 54 69 9713016218318817715212020 9 5KC 721190194918999999999999999 121 661334 5299999999999999
 90 70 64 74 97127156177184174152121 92 71 63 71 9212115117518518016113220 9 6KC 754184201018599999999999999 152 6414 0 6399999999999999
102 77 64 66 81106135159173174160137111 89 77 78 9211514116517817916614320 9 7KC 830175203318199999999999999 224 631426 7699999999999999
115 89 71 65 71 89113138157165161147127108 94 90 9711213315416917416815120 9 8KC 911165205717499999999999999 259 651453 9099999999999999
128104 83 71 69 77 9511613514915415013812411210510611412814415816616515520 9 9KC10 0154212516699999999999999 340 68152510499999999999999
139119 99 83 74 73 81 9611312813914414313612812111812012713714715515815520 910KC111314422 315899999999999999 433 7216 711899999999999999
146133116100 86 77 75 80 9110411913113914214113813413113113313714314715020 911KC1316142231715099999999999999 547 75174013099999999999999
149144134120104 89 77 71 72 80 9311012614014815215014513913313013113414020 912KC15 9152999999999999999999999 721 71202613099999999999999
146150149141128109 90 72 62 60 67 8310512814816116516215213912812011912520 913KC 12015016 316599999999999999 843 59213811999999999999999
136148158160153136112 85 62 47 45 55 7810713716117617816815113111410510720 914KC 247161164017999999999999999 942 44222010599999999999999
119138157172176166143111 77 48 32 32 49 79116152178190186167141115 96 8920 915KC 3481761713190999999999999991029 302257 8999999999999999
 97117145171188191175145105 65 34 20 26 51 89132170194199185157124 94 7620 916KC 4381921745200999999999999991112 202333 7399999999999999
 75 91120155186203201179141 96 54 25 16 30 63107153188205201176140101 7120 917KC 5252051817206999999999999991152 16999999999999999999999
 58 65 90127166198212205177134 87 47 24 23 45 84130173202209193159117 7820 918KC 611213184820999999999999999 010 581232 2199999999999999
 53 46 61 92134174204214201169125 81 48 33 40 68109153189207203177138 9520 919KC 657214191920899999999999999 048 461310 3399999999999999
 60 40 41 62 97139177202207190158118 81 57 51 65 9513417119720318915811720 920KC 743207194920499999999999999 128 381348 5199999999999999
 78 48 36 42 66102141173192193176148115 88 73 75 9212015318019519217113920 921KC 832195202019699999999999999 2 9 361425 7299999999999999
101 68 46 39 49 72104137164177177163141118100 93 9911614016318018517615420 922KC 926179205118699999999999999 254 3915 3 9399999999999999
124 93 67 51 47 57 7710312915016116115313912611611412013214916317217116120 923KC1033162212717399999999999999 345 47154711399999999999999
142118 94 73 61 57 64 78 9811813514615114914413713112913213914715515915820 924KC1212151221815999999999999999 449 57165412999999999999999
150137119101 84 72 66 67 75 8910612313814815315214814213713413413714214720 925KC1422153999999999999999999999 618 65192313499999999999999
149147140127112 95 79 69 65 69 80 9811813715216116115514513412612212413020 926KC 0 4149153516299999999999999 8 0 65211212299999999999999
139147151148138121101 81 66 59 62 75 9612114516217016815714012311110711120 927KC 2 7151161617199999999999999 914 5922 010799999999999999
123138153160159147126101 77 59 52 57 75102131157174178168150127106 94 9320 928KC 32116116471789999999999999910 4 522233 9299999999999999
104123145163172168151125 95 68 51 47 59 84116148172183179161134107 87 7920 929KC 4121721713184999999999999991043 4723 3 7999999999999999
 85104131157176181171148116 83 58 45 49 69100135166184187172145113 86 7020 930KC 4521811737188999999999999991116 452331 6799999999999999
 69 85112143170186186168138103 71 51 47 59 87122156181190181157123 90 662010 1KC 52818818 0190999999999999991145 462358 5899999999999999
 58 67 91124158182192183158124 89 63 50 56 77109145175190188167135 98 682010 2KC 6 11921822192999999999999991212 50999999999999999999999
 52 53 72103139171189191174144110 79 60 58 72100134166187191176147110 752010 3KC 634192184319199999999999999 025 501238 5799999999999999
 52 45 56 82118153179190183160129 97 74 65 72 94124156180190182158123 872010 4KC 7 619019 319099999999999999 053 4513 3 6599999999999999
 58 43 46 65 96131162181184171145116 91 77 77 911161451711851831661361012010 5KC 739185192518699999999999999 121 421329 7599999999999999
 70 48 43 53 77109141166177173157132108 91 86 931111361601761801701471162010 6KC 814178194618199999999999999 152 421355 8699999999999999
 85 60 47 48 63 89119145163168161144124107 98 991101291491661731691531292010 7KC 853168201017399999999999999 224 461423 9799999999999999
101 76 58 51 57 74 971231441561581501371231131091141251401541631641551392010 8KC 941158203516499999999999999 3 2 51145610999999999999999
117 94 74 62 59 65 801001201371461491441361281221211251331431501541521442010 9KC1048149211015499999999999999 349 59154112199999999999999
130113 95 79 69 65 69 80 96113128139144145142137133131131133137141143143201010KC1238145222214499999999999999 457 65172713099999999999999
138130117102 87 75 68 67 74 87103121136147153152148141133127124125129135201011KC1427153999999999999999999999 634 66201612499999999999999
140142138128113 95 77 64 59 63 76 96119141157165164155141126114108110118201012KC 054142152216699999999999999 8 5 59211710899999999999999
131144153153143124 99 75 56 47 51 68 95125152171178172155132110 94 89 95201013KC 23115416 117899999999999999 910 472157 8999999999999999
112134156169170157132100 68 45 36 44 68102138169187188173146114 87 70 70201014KC 33517216341909999999999999910 1 362233 6899999999999999
 84111143171187186168135 96 60 36 31 46 77117157186199191165128 90 60 48201015KC 42818917 6199999999999999991046 3023 9 4799999999999999
 54 79115154186202197172133 90 54 34 35 56 94137176201203184148104 63 36201016KC 5162021738205999999999999991127 312347 3099999999999999
 30 46 79122165197210200170128 85 53 40 48 76116159192207199169125 78 40201017KC 6 321018 92089999999999999912 7 39999999999999999999999
 19 21 44 83130173202210195163122 84 59 54 68100139177201205186149102 57201018KC 650210184020699999999999999 026 171246 5399999999999999
 24 11 20 48 90136176199202184153118 88 72 73 92123158187200194167127 83201019KC 737203191120199999999999999 1 6 111325 7099999999999999
 44 18 12 26 57 97139172189188171145117 96 88 95114142169187191177148110201020KC 827191194219299999999999999 148 1214 3 8899999999999999
 71 40 23 22 38 67102136162175173159140120108105113131151170179175159132201021KC 922176201517999999999999999 232 20144410599999999999999
 99 69 46 34 36 51 75103130150160160151139127119119126138151161165159144201022KC1027161205316599999999999999 321 33153311899999999999999
122 97 75 57 49 50 61 79101121138149152148142134129127130135142147149145201023KC1157152214814999999999999999 421 48165412799999999999999
135120103 86 72 63 62 67 79 96114130143150151147140133127124125128132136201024KC1342151234413799999999999999 542 61192112499999999999999
137133125113 98 84 73 67 68 77 92110129144154157152142130119111109113120201025KC1450157999999999999999999999 719 67205110999999999999999
129137139135124108 91 76 67 66 74 91112134152162162153137119103 94 93101201026KC 152139153216399999999999999 837 662135 9299999999999999
115130143149145132113 92 74 64 64 75 95121145163170164148125101 84 76 81201027KC 3 714916 317099999999999999 930 6222 8 7699999999999999
 96117138154159153136112 88 69 60 64 81107135159173173159134105 80 64 63201028KC 3581591630175999999999999991010 602237 6299999999999999
 75 98126150166168156133106 80 63 60 71 94123152173180170146114 82 58 49201029KC 4391691654180999999999999991044 5923 5 4999999999999999
 56 77107139164176172154126 96 72 61 65 83112143169182178158126 89 58 40201030KC 5151761718183999999999999991115 612332 3899999999999999
 40 56 86122154176181170145115 86 68 65 77101133162181184169139101 64 38201031KC 5491821740185999999999999991143 64999999999999999999999
 29 39 64100138167183180162134104 80 70 75 94122152176185177151115 76 432011 1KC 62218418 218599999999999999 0 0 291211 6999999999999999
 25 26 45 78116152176184174151121 95 79 77 89113142168182181162129 91 542011 2KC 655184182518499999999999999 028 231238 7699999999999999
 29 21 31 57 93131162178178163138111 91 83 88106131157175180169143107 702011 3KC 729180184818199999999999999 057 2113 6 8399999999999999
 40 24 24 42 72108142166175168150127106 93 92103122146165175171152122 882011 4KC 8 4175191317599999999999999 128 221335 9199999999999999
 56 34 26 34 55 86119147164167157140121105 991031161351531651671571351062011 5KC 844167193916899999999999999 2 1 2614 7 9999999999999999
 76 51 36 34 45 67 951241451571571481341201101081141261401531581551421212011 6KC 931159201015999999999999999 239 33144510899999999999999
 96 72 52 42 43 55 75 991221401501501441331231171161201291381451481431322011 7KC1033151205314899999999999999 326 41154111699999999999999
115 95 75 59 51 51 60 77 971181341451481451381301231191201231291341371352011 8KC1158148221513799999999999999 428 50172611999999999999999
129117101 84 69 58 55 61 74 921121311451511511451351241151101101141211292011 9KC1327152999999999999999999999 552 55193410999999999999999
134133127114 96 78 63 55 57 68 87110133151160160151135118102 93 91 98111201110KC 030134142816199999999999999 720 552041 9199999999999999
126139145142128108 85 64 52 52 64 86114141162171167151128102 81 69 70 83201111KC 210145151217199999999999999 831 502126 6899999999999999
104129150161158143117 88 63 49 49 65 92125155176181170145112 79 55 45 51201112KC 320162155018199999999999999 928 4722 7 4499999999999999
 73104137164177173153122 88 61 47 51 72104140171188186166131 90 53 29 23201113KC 4171781625190999999999999991017 472246 2399999999999999
 37 68108147177190183158123 88 61 51 60 85121158185196184154111 65 27  7201114KC 5 819016591969999999999999911 2 512327  599999999999999
  8 31 69115157187197186158122 87 65 60 74103140174195196175136 88 42  8201115KC 5581971733198999999999999991145 59999999999999999999999
 -6  2 31 75123165191197182153118 89 72 73 91122156184196188160117 68 26201116KC 64619718 719799999999999999 0 8 -61226 7099999999999999
 -2 -9  5 38 83129167189190174146116 92 82 88109138167187190175142 99 54201117KC 734192184219199999999999999 049-1013 7 8299999999999999
 18 -3 -3 15 50 92133165181179163138114 98 93102123148170182178158125 85201118KC 824182191818299999999999999 132 -61349 9399999999999999
 47 19  6 10 30 62 99134159170167152133115104103113131150165170162142112201119KC 915170195517099999999999999 217  5143310299999999999999
 78 49 28 20 26 45 73104132151159155144130117110110118131145154155146128201120KC1011159203815699999999999999 3 3 20152510999999999999999
104 78 56 41 36 43 59 82106128143150148140129119113112117125134139140133201121KC1115150213514099999999999999 355 36163711299999999999999
120103 84 67 55 52 56 69 87106125138145145139130120112108109113119125128201122KC122914623 712899999999999999 456 52182110899999999999999
126118107 92 79 68 64 66 75 89107124137145146140130117106 98 95 98106114201123KC1337147999999999999999999999 612 631956 9599999999999999
121125122114102 89 78 71 71 78 91109127142150149141126109 93 83 80 84 95201124KC 1 5125142815199999999999999 731 702053 8099999999999999
109122129130123111 96 82 73 72 80 95115134149156152138117 95 76 65 64 74201125KC 23513115 815699999999999999 837 722133 6399999999999999
 91111128139140131116 98 82 73 74 84102124145158160150129102 75 56 48 53201126KC 336140154016199999999999999 927 7222 7 4899999999999999
 70 94119139150148136117 96 80 73 77 91114137157165160142113 81 54 37 35201127KC 42315116 91669999999999999910 9 722238 3499999999999999
 48 73103132152160153136113 91 77 74 83103128152167168154127 92 58 33 22201128KC 5 21601636169999999999999991045 7323 8 2299999999999999
 28 50 82117146163166153131106 86 76 78 94117143164172165141107 69 36 16201129KC 53816717 2172999999999999991118 752338 1399999999999999
 14 29 59 96132159171166148123 99 82 78 87107133157172172155123 84 46 18201130KC 6131711729174999999999999991149 77999999999999999999999
  6 13 37 73112146168173162140114 92 81 83 98122148167174164139102 63 282012 1KC 647173175617499999999999999 0 8  61220 8099999999999999
  7  4 20 50 89127156171169153129105 89 84 92111136158171169152121 83 452012 2KC 722172182517299999999999999 040  31251 8499999999999999
 17  4  9 31 65103138161169161143120100 89 90103123145162168159136103 672012 3KC 759169185516899999999999999 114  41324 8899999999999999
 34 13  7 19 44 79115144161163152133113 98 92 98112131149161160147122 892012 4KC 838164192916299999999999999 150  714 1 9299999999999999
 56 30 15 15 30 57 90122145157156144127110 99 971041171331471541501341102012 5KC 92315820 915499999999999999 229 131445 9799999999999999
 81 53 32 22 26 42 67 971241441521501391241101021001061161291391431391252012 6KC101515321 114399999999999999 315 22154310099999999999999
105 80 57 40 32 36 51 74100124141149147138124111102 981011091191281331312012 7KC1116149221713399999999999999 4 9 3217 4 9899999999999999
122106 86 66 50 43 45 58 78102124141149148139125110 98 90 89 941041161252012 8KC1223150999999999999999999999 515 431838 8999999999999999
129125114 97 78 62 53 52 62 80103126144153152142125105 87 75 71 76 881052012 9KC 0 2129132515499999999999999 631 511955 7199999999999999
121131134126111 92 73 60 57 66 83107131150160157143120 94 70 54 49 56 74201210KC 145134141716099999999999999 746 572053 4999999999999999
 98121139146141126104 82 66 61 69 88114140159167161140110 77 48 30 27 39201211KC 3 514615 316799999999999999 853 612142 2699999999999999
 64 95126150160155137112 87 70 65 74 96124151170174161133 96 57 25  8  9201212KC 410160154617599999999999999 951 652228  699999999999999
 27 59 98135161172165144117 90 73 70 82106135162178177157122 79 37  5 -9201213KC 5 61721627180999999999999991042 692312-1099999999999999
 -3 22 60104144170179170146117 91 76 76 91117147172183175149108 62 19 -9201214KC 55817917 7183999999999999991130 742356-1999999999999999
-19 -7 24 66112152176181168143114 90 78 83101129157178183169137 93 47  8201215KC 6461811747183999999999999991214 78999999999999999999999
-16-20 -2 32 76121157176177161135108 89 82 90111138163178177158123 79 36201216KC 732179182618099999999999999 040-211257 8299999999999999
  2-15-12  9 45 88129159172168151126103 88 86 97119143164173166144108 68201217KC 81617319 617399999999999999 122-161339 8599999999999999
 31  4 -6  2 26 61100134157165157139117 98 88 90103123144159163152129 96201218KC 858165194716399999999999999 2 4 -61421 8899999999999999
 61 31 12  8 20 44 77110137153155146129110 95 89 93106123139150149137115201219KC 941156203015199999999999999 245  815 7 8999999999999999
 87 59 37 24 25 39 62 90117137147146136121105 94 90 94104118130137135124201220KC1024148211913799999999999999 326 2316 0 9099999999999999
105 83 62 46 40 43 57 77100121136142140130116102 92 88 90 98108118123122201221KC1111142222212499999999999999 4 9 3917 7 8899999999999999
114101 84 69 58 55 59 71 88107123135139136126113 99 88 82 82 88 96106112201222KC12 3139235111499999999999999 457 551829 8299999999999999
114111102 91 79 71 68 72 81 95110125135138135125110 94 81 72 70 75 84 96201223KC13 0138999999999999999999999 558 681947 7099999999999999
106112113108100 90 82 78 79 87 99113127137140135123105 86 69 59 56 62 75201224KC 139113135414099999999999999 714 782046 5699999999999999
 91106116121118110 99 89 83 83 90102117132141143135119 96 73 53 43 42 52201225KC 3 6121144114499999999999999 830 822132 4199999999999999
 70 92112126131128118104 92 84 84 92106124139147146133110 83 56 36 27 31201226KC 4 7131152114899999999999999 930 832210 2799999999999999
 48 72 99123138142136122105 91 83 85 96113132147153146126 97 65 37 18 14201227KC 4521421558153999999999999991018 832246 1499999999999999
 26 49 80111136149150138120101 87 81 87102123143156156142115 80 45 18  4201228KC 5311511632158999999999999991058 812320  399999999999999
  7 26 57 93126149158153136114 94 82 81 92112135153162155134100 62 26  3201229KC 6 615817 5162999999999999991134 802354 -599999999999999
 -5  6 33 69108140159162150129105 87 79 83100123146162164150121 83 43 10201230KC 64116317391659999999999999912 8 79999999999999999999999
 -8 -8 11 44 84122151164160143119 97 82 79 89109134155166162141107 66 27201231KC 716164181416799999999999999 029-101242 7899999999999999
