 80 65 52 41 34 35 44 57 73 91107115116113109103 97 93 93 95 95 96 97 9320 1 1KK11371162146 9799999999999999 421 331724 9399999999999999
 85 74 64 56 49 47 51 59 69 82 96107112112111107101 94 89 87 85 84 85 8620 1 2KK12371122253 8699999999999999 452 472050 8499999999999999
 84 79 73 68 63 61 61 66 72 80 90100107110110108103 95 87 80 75 72 72 7520 1 3KK1333110999999999999999999999 518 602129 7299999999999999
 78 79 78 76 75 74 73 75 79 83 89 96102107109108104 97 87 76 68 62 59 6220 1 4KK 047 7914 410999999999999999 544 732159 5999999999999999
 68 74 79 82 84 85 85 85 86 88 91 95100105108108104 98 88 75 62 52 47 4720 1 5KK14241089999999999999999999992226 46999999999999999999999
 53 64 75 84 90 94 96 95 94 93 94 96100104108110107100 90 76 60 45 36 3320 1 6KK 616 96145111099999999999999 855 932252 3399999999999999
 37 49 65 81 94102105106103 99 96 97100104109113113106 95 80 62 43 27 1920 1 7KK 6371061528114999999999999991018 962320 1899999999999999
 20 30 48 71 92107114116113106 99 95 97102108115119116105 89 69 46 24  820 1 8KK 65111616111199999999999999911 7 952352  399999999999999
  3 11 28 52 81106121125122115104 95 92 97105114122126120104 81 56 30  520 1 9KK 7 31251658126999999999999991148 92999999999999999999999
 -9 -9  5 30 61 95121132132124112 98 88 89 98109120130133123100 73 44 1520 110KK 723133174613399999999999999 027-111227 8799999999999999
-11-22-15  6 36 72109133139133121107 91 82 87100114127137138122 94 64 3320 111KK 753139183413999999999999999 1 6-2213 7 8299999999999999
  2-21-27-13 12 46 85121140140129116 99 84 79 88103117130140137117 87 5620 112KK 828142192214199999999999999 146-281349 7999999999999999
 25 -5-24-23 -5 23 58 96128140135123109 93 79 78 90104117129137131108 7920 113KK 9 6140201013899999999999999 227-261433 7799999999999999
 51 23 -3-17-10 10 37 70105130135127115103 88 77 79 90101111123129120 9820 114KK 947135205912999999999999999 310-171522 7699999999999999
 74 50 27  6 -1  9 28 52 81110127127118109 98 84 76 78 85 9310111111610720 115KK1030129215311699999999999999 354 -11618 7699999999999999
 90 72 54 37 23 21 31 47 67 90111121119111103 93 81 74 73 76 81 88 9710120 116KK1114121225610199999999999999 439 201733 7299999999999999
 95 84 74 63 52 45 45 54 66 80 97110115112105 97 88 76 68 64 64 66 73 8220 117KK1159115999999999999999999999 525 441932 6399999999999999
 87 87 83 79 75 71 67 68 74 82 91101109111106100 92 81 69 58 51 49 51 5820 118KK 026 88124511199999999999999 618 672058 4999999999999999
 69 78 84 87 88 89 88 86 86 89 94 99104108108103 95 86 74 59 46 37 34 3820 119KK 5 2 89133110999999999999999 733 862155 3499999999999999
 46 60 75 86 94 99103103100 98 99101103106109108102 91 80 65 48 32 22 2120 120KK 630103142210999999999999999 914 982240 2199999999999999
 27 39 57 78 94104110114112107102102104106108111110102 88 73 56 36 18  920 121KK 71211415201129999999999999910351022320  899999999999999
 10 20 37 61 86105115119119114106100101104107112116114103 85 67 46 23  520 122KK 73512016191169999999999999911221002358 -299999999999999
 -2  4 19 42 71 99117123123119110 99 94 98104110116122118102 81 59 35 1020 123KK 7281241712122999999999999991159 94999999999999999999999
 -7 -8  4 24 52 85113127127122113100 88 88 96105113122127119 99 74 50 2420 124KK 730128175912799999999999999 035 -91234 8699999999999999
 -1-13 -7 10 34 66101125131125116103 88 79 84 96107117127130116 92 66 4120 125KK 752131184213099999999999999 110-1313 9 7999999999999999
 14 -7-12  0 21 48 82114130128118107 92 78 75 84 98109121130127108 82 5720 126KK 821131192113199999999999999 145-121343 7499999999999999
 32  8 -6 -3 14 36 65 98122129121110 96 82 72 74 87 99111122127118 96 7120 127KK 851129195712799999999999999 218 -71418 7199999999999999
 48 26  8  2 12 31 54 82109124123112101 87 75 70 77 88 99109119119105 8420 128KK 923125203212199999999999999 249  21454 7099999999999999
 62 43 25 15 18 31 49 71 95114120114104 93 81 71 71 78 87 96105111107 9120 129KK 95412021 811199999999999999 317 141534 7099999999999999
 73 57 43 31 29 37 50 66 85103114113105 96 86 76 69 70 76 82 90 97100 9320 130KK1023115214910099999999999999 344 281622 6999999999999999
 81 68 57 48 43 46 56 68 81 95106110105 98 90 81 72 67 67 70 75 81 88 8920 131KK10501102239 8999999999999999 4 8 431725 6699999999999999
 83 74 67 62 58 58 64 73 82 91100106104 98 91 84 76 67 62 60 62 65 72 7820 2 1KK11161062350 8099999999999999 429 571854 6099999999999999
 80 77 74 72 71 71 74 80 87 92 98102103 99 92 86 79 70 60 54 51 52 56 6320 2 2KK1140103999999999999999999999 440 712021 5199999999999999
 70 75 77 79 82 84 85 88 92 96 98100101100 94 88 81 73 62 51 44 40 41 4620 2 3KK12 31019999999999999999999992125 40999999999999999999999
 55 66 75 82 88 94 96 97 98 99100100101101 98 93 86 77 67 53 41 32 28 2920 2 4KK12361019999999999999999999992215 27999999999999999999999
 37 51 66 80 92100106106104102101100100101102100 95 86 74 60 43 28 17 1320 2 5KK 64210713521029999999999999911221002256 1399999999999999
 18 31 50 71 91105113115112106100 96 97 99103106106100 89 72 53 32 13  120 2 6KK 6511151534106999999999999991123 962335 -199999999999999
  0 10 29 54 82106119123120112101 92 89 93100107113116109 91 69 45 19 -320 2 7KK 6561231651116999999999999991149 89999999999999999999999
-15-11  6 31 63 97122131128119106 90 80 81 91103114125128117 93 65 36  620 2 8KK 7 9131174812999999999999999 013-161222 7999999999999999
-19-26-15  8 39 77114135136126113 95 76 68 76 91106121136138120 91 60 2820 2 9KK 732138183714099999999999999 052-261258 6899999999999999
 -5-28-29-10 17 52 94129141134119102 80 62 59 73 91108128144142118 86 5520 210KK 8 2141192414699999999999999 131-311337 5899999999999999
 21-11-27-20  2 32 69110137140126109 89 67 52 55 71 89109131145137111 8120 211KK 835142201014599999999999999 210-281418 5199999999999999
 52 20 -7-15 -2 21 50 86121137131115 97 77 56 46 53 69 8510512713612510120 212KK 9 9138205713699999999999999 249-1515 3 4699999999999999
 77 52 26  8  8 23 44 70101125130119103 86 68 50 45 52 64 78 9711612111020 213KK 944131214712199999999999999 329  61553 4599999999999999
 92 75 58 40 31 36 49 66 87109122119106 92 77 61 48 44 48 57 69 85 9910320 214KK1019122224610399999999999999 4 8 311654 4499999999999999
 96 86 78 68 60 58 64 74 85 99110114107 95 83 71 58 47 42 43 48 58 71 8220 215KK1050114999999999999999999999 446 581816 4299999999999999
 87 86 85 84 83 81 82 87 93 98104107105 98 88 78 68 56 46 39 37 39 46 5720 216KK 020 87111210899999999999999 516 811956 3799999999999999
 68 76 83 89 94 98100100102103104104103 99 92 84 75 66 55 43 34 29 30 3620 217KK10251049999999999999999999992122 29999999999999999999999
 46 59 73 86 96105110112110108106104102 99 96 91 84 75 65 53 39 28 21 2220 218KK 6571129999999999999999999992224 21999999999999999999999
 29 41 58 77 94106113117116111106103101 99 97 97 94 87 76 63 49 33 19 1320 219KK 71711799999999999999999999923 9 13999999999999999999999
 16 26 42 64 88105114118118113103 97 96 97 97 99102101 91 76 61 44 25 1020 220KK 7301191620103999999999999991143 962345  699999999999999
  7 14 28 48 76102116119118113102 90 86 90 94 98105111108 93 75 58 37 1520 221KK 7 41191713112999999999999991155 86999999999999999999999
  2  5 17 35 61 93116123120113102 87 76 77 86 94103114120112 92 72 51 2720 222KK 7 1123175712099999999999999 019  11222 7599999999999999
  5 -1  8 24 47 78110126124115103 87 71 65 73 86 97111124126110 87 65 4220 223KK 721127183612799999999999999 051 -11252 6599999999999999
 17  1  3 17 37 64 97123128119106 90 71 58 60 73 87102119130124103 80 5720 224KK 746129191213199999999999999 122  01323 5799999999999999
 32 11  4 14 32 54 84113128123110 94 76 58 51 60 75 90108125130116 93 7120 225KK 812128194613099999999999999 151  41355 5199999999999999
 48 26 13 16 30 50 74102122125114 98 81 63 49 50 62 77 93112125122105 8320 226KK 838126202012699999999999999 218 121428 4899999999999999
 63 43 27 24 33 50 69 92113123116101 86 69 53 46 51 63 78 95112119110 9320 227KK 9 2123205611999999999999999 244 2315 4 4699999999999999
 75 59 44 36 40 53 68 86104117116104 90 75 60 48 45 52 63 77 94107108 9820 228KK 925118213610999999999999999 3 8 361543 4599999999999999
 84 71 60 51 51 60 72 85 98110113105 92 79 66 54 45 45 52 61 74 89 98 9720 229KK 9461132224 9999999999999999 333 501630 4499999999999999
 89 80 73 67 65 69 78 88 96104109105 94 82 71 60 50 43 44 49 58 69 81 8920 3 1KK10 51092327 8999999999999999 358 651726 4399999999999999
 88 84 81 80 79 80 85 92 98102105103 96 85 74 65 56 47 41 41 45 52 62 7320 3 2KK1014105999999999999999999999 414 791831 4199999999999999
 81 84 85 88 91 92 94 98102103103101 97 89 79 70 62 54 44 38 36 39 45 5420 3 3KK 9 91039999999999999999999991949 36999999999999999999999
 66 76 84 91 98103104105105105103100 97 92 86 78 70 62 52 41 33 29 30 3620 3 4KK 8261059999999999999999999992122 29999999999999999999999
 47 61 76 90101109113112109105102 98 96 95 92 89 83 75 63 50 36 25 18 1820 3 5KK 6171139999999999999999999992226 17999999999999999999999
 27 42 61 82101114119119114106 98 93 92 94 96 98 99 94 81 65 48 29 13  420 3 6KK 6251191544 99999999999999991138 922312  499999999999999
  8 21 41 66 94116125125119109 95 84 82 87 93101110114107 88 67 44 20 -120 3 7KK 6241261655115999999999999991141 812352 -899999999999999
 -7  2 21 46 79111130132124113 96 76 67 71 83 95110127131117 92 67 39  820 3 8KK 63513317461329999999999999912 8 66999999999999999999999
-13-13  3 27 58 97129140132118100 76 55 51 63 81 99122143144123 94 65 3220 3 9KK 658140183214699999999999999 031-161242 5099999999999999
  0-17 -9 12 39 76117143142125106 82 54 36 40 58 79104133153147122 93 6320 310KK 727145191715499999999999999 1 9-171319 3599999999999999
 28 -2 -9  5 29 58 97133146135113 91 63 36 24 34 55 78107139153142116 9020 311KK 75814720 215399999999999999 147-1014 0 2499999999999999
 61 29  8 10 27 50 80115140140121 98 75 47 24 19 32 52 7610713514313010920 312KK 830143204914499999999999999 225  61443 1899999999999999
 87 63 39 29 36 53 74 99125136126105 84 61 37 20 20 32 50 7310212312611620 313KK 9 1136214012799999999999999 3 2 291530 1899999999999999
102 87 71 58 55 65 78 93111125125110 90 72 52 34 23 24 33 48 68 9110610820 314KK 929127224310999999999999999 339 551625 2299999999999999
103 98 91 84 79 81 89 97106115117110 95 79 65 50 36 28 28 34 45 61 77 8920 315KK 948117999999999999999999999 412 791732 2799999999999999
 94 96 98 99 99 99102105109110110106 97 85 73 62 52 41 34 32 34 42 53 6520 316KK 9301119999999999999999999991858 32999999999999999999999
 77 86 94102108112113113113111107102 96 88 80 72 64 56 47 39 34 33 38 4620 317KK 6481139999999999999999999992036 33999999999999999999999
 57 71 85 98109116119119115111105100 94 89 85 82 76 68 60 51 41 33 31 3420 318KK 6241209999999999999999999992153 31999999999999999999999
 43 55 72 91106115120121117109101 97 93 89 88 89 88 82 73 63 53 40 30 2820 319KK 6411211516 89999999999999991353 882244 2899999999999999
 33 43 59 80101114119120116107 96 89 88 87 88 92 97 96 87 76 65 51 35 2620 320KK 6411201623 98999999999999991321 872322 2599999999999999
 27 35 48 68 94113120119115106 91 80 77 81 85 91101108104 91 78 64 46 2920 321KK 61212117 8109999999999999991143 772355 2399999999999999
 23 29 40 57 83109123122115105 90 73 65 69 78 86 99114118108 92 76 59 3720 322KK 62212417471199999999999999912 5 65999999999999999999999
 24 24 35 50 72101123127118106 91 71 56 55 65 78 93111126123108 90 72 5020 323KK 643128182312799999999999999 026 221232 5399999999999999
 30 24 31 46 64 91118130124110 93 73 52 44 51 65 82102124132123104 85 6420 324KK 7 7130185713299999999999999 054 2413 1 4499999999999999
 42 29 31 44 60 83110129129115 97 77 55 38 37 50 68 89113132132117 97 7820 325KK 729131193113599999999999999 121 281331 3699999999999999
 57 39 35 44 60 78102124131120102 82 60 39 30 37 53 72 97122133126109 9120 326KK 75113120 613399999999999999 146 3414 3 3099999999999999
 72 53 43 48 61 77 96117129124107 87 67 45 30 28 39 56 7810412412811710120 327KK 813129204312999999999999999 211 431436 2799999999999999
 85 69 56 55 65 79 93110123124111 91 73 54 36 26 30 42 60 8310612011910820 328KK 834126212412299999999999999 237 541513 2699999999999999
 96 84 72 67 71 82 94105116120113 96 78 61 45 32 27 33 46 63 8410311211020 329KK 854121221311399999999999999 3 5 671555 2799999999999999
102 94 87 82 81 87 96105111115111 99 82 67 54 42 32 30 36 48 64 81 9610320 330KK 9 7115232010499999999999999 336 801643 3099999999999999
103100 97 96 94 96101106110110108100 87 73 61 52 42 34 33 38 48 61 76 8820 331KK 845110999999999999999999999 4 7 941741 3399999999999999
 96 99102104106106107109110109105 99 91 80 70 61 53 44 37 35 38 45 56 6920 4 1KK 7551109999999999999999999991852 35999999999999999999999
 82 93101108113116115113111108103 98 93 87 80 73 66 57 47 39 34 35 40 5020 4 2KK 5111169999999999999999999992028 34999999999999999999999
 63 79 94107116121121118112105 99 95 92 91 89 87 82 73 62 50 39 30 28 3320 4 3KK 5321229999999999999999999992149 28999999999999999999999
 45 61 81101117125126122113102 92 87 87 89 93 99102 96 83 68 52 36 23 2020 4 4KK 5361261551102999999999999991125 872242 2099999999999999
 29 44 64 90115129130125115100 83 73 74 81 89101115119109 91 73 52 30 1520 4 5KK 5361311648120999999999999991122 722325 1399999999999999
 16 29 48 73105130138130118102 79 59 54 63 76 92114134136120 99 77 50 2320 4 6KK 5531381736138999999999999991148 53999999999999999999999
 11 18 36 59 90124144140124105 82 53 35 37 53 73 98129151147127103 78 4620 4 7KK 619145182215299999999999999 0 5 111222 3399999999999999
 20 15 28 49 75110141150135112 88 58 28 16 26 47 72106142159150128105 7720 4 8KK 64815119 715999999999999999 043 1413 0 1699999999999999
 46 26 28 46 67 95129151146123 97 69 36 10  6 21 44 7411314715814612610420 4 9KK 719152195415899999999999999 121 241341  499999999999999
 78 51 40 49 67 87114141149134108 81 52 21  2  3 20 44 7711514314813612120 410KK 750150204314999999999999999 159 401424  099999999999999
103 82 64 62 73 88106127142138117 91 66 40 15  3  8 24 47 7811113113312620 411KK 819143213913499999999999999 237 611511  399999999999999
116104 91 82 85 95106118129132121100 78 57 35 18 11 16 30 51 7710111611920 412KK 843133225611999999999999999 315 8216 3 1199999999999999
117114109103101104110116121123118104 87 70 54 39 27 22 26 37 53 73 9110320 413KK 852123999999999999999999999 35210117 2 2299999999999999
109112115115115115116117117115111103 91 79 67 57 46 37 33 35 42 54 68 8220 414KK 7321189999999999999999999991812 33999999999999999999999
 94104112118122122121119116111105 99 92 85 78 70 63 55 47 43 42 46 54 6520 415KK 4481229999999999999999999991939 42999999999999999999999
 78 92105115122125124120114107101 95 90 87 84 81 76 70 63 56 49 46 48 5520 416KK 51712599999999999999999999921 7 46999999999999999999999
 65 79 96111120124124120112102 95 90 87 85 87 90 88 83 76 69 61 52 48 5120 417KK 5301241515 90999999999999991255 8522 6 4899999999999999
 58 69 85104118124123119110 98 87 82 81 82 86 94 99 96 89 82 74 62 52 4920 418KK 5181241612 99999999999999991150 812249 4999999999999999
 54 63 76 95115124124118109 96 81 72 72 76 82 92104109103 94 85 74 60 5120 419KK 5221251655109999999999999991126 712324 5099999999999999
 52 60 70 87109125127120109 96 77 62 59 65 74 86103116117108 97 86 71 5720 420KK 5401281733118999999999999991146 592354 5299999999999999
 52 58 68 81102122131124112 97 77 57 47 51 62 76 96117127122110 98 83 6620 421KK 6 113118 8127999999999999991211 47999999999999999999999
 55 57 66 79 96118132130116 99 80 57 39 37 47 63 84109130133124110 95 7820 422KK 622133184313499999999999999 021 541239 3699999999999999
 62 58 66 78 93113131135123104 84 60 37 26 32 47 68 95123138135122107 9020 423KK 643136191713999999999999999 047 5813 8 2699999999999999
 72 62 66 78 92109127137130111 89 66 41 22 20 32 51 7710813314013211810320 424KK 7 4137195314099999999999999 112 621338 1999999999999999
 85 71 69 78 91106122135134118 95 73 49 27 15 20 35 58 8711713613712711420 425KK 726137203213999999999999999 140 681412 1599999999999999
 99 84 76 80 91104117130134124103 80 59 37 20 15 24 41 65 9512113313112120 426KK 749134211713499999999999999 210 761449 1599999999999999
111 99 89 86 93104114123129125109 88 68 49 31 20 19 30 48 72 9811812612420 427KK 810129221112799999999999999 244 861531 1899999999999999
118111103 98 99106113119123121112 95 77 60 45 32 24 26 37 54 74 9611211920 428KK 820123232712099999999999999 324 981620 2499999999999999
119117114111109110114117118116110100 86 71 58 47 37 31 33 42 56 73 9110520 429KK 743118999999999999999999999 4161091716 3099999999999999
114117119120120118116116115112107101 92 82 71 62 52 43 38 38 45 57 71 8620 430KK 3 91219999999999999999999991823 37999999999999999999999
101112119124126125121116112107102 98 95 91 85 78 69 60 51 44 42 46 55 6820 5 1KK 4 91269999999999999999999991947 42999999999999999999999
 84101115124129129125117108100 95 93 92 94 96 95 88 79 69 58 48 43 46 5520 5 2KK 4321291414 96999999999999991144 9221 9 4399999999999999
 69 86106122131131127118105 92 83 82 84 89 98107109101 89 77 64 50 43 4720 5 3KK 4321321539109999999999999991048 8222 7 4399999999999999
 58 73 94116133136129119105 86 69 64 68 77 90108123124114100 86 67 49 4320 5 4KK 4431361635126999999999999991057 642254 4399999999999999
 51 65 82106131142136122106 85 61 45 45 57 72 94122140138125109 92 68 5020 5 5KK 5 71421725141999999999999991126 432336 4699999999999999
 48 59 75 96122145147132111 89 61 34 22 30 48 71102136153147132116 95 6920 5 6KK 53614918131539999999999999912 2 22999999999999999999999
 54 57 72 89112139154146122 97 70 37 12  7 21 43 73112146159151136119 9520 5 7KK 6 815419 115999999999999999 017 531242  699999999999999
 72 63 71 87105128151155137110 82 51 18 -2 -1 17 43 7812015115815013611920 5 8KK 641156195115999999999999999 057 631324 -499999999999999
 97 79 77 88103120140154148124 95 67 36  7 -6  0 19 47 8412314715214413320 5 9KK 713154204415299999999999999 137 7514 9 -699999999999999
118100 90 93103116130144147134109 82 56 28  6 -1  7 27 54 8912113914213720 510KK 743148214514299999999999999 217 891456 -199999999999999
129119107103107116125133138134118 95 73 51 29 14 10 19 37 62 9011512913220 511KK 8 813823 213299999999999999 2591031546 1099999999999999
131127121116114117122126128126118103 85 68 52 36 26 25 33 48 68 8910812020 512KK 810128999999999999999999999 3471141638 2499999999999999
125127127125122121121122120117113105 93 81 69 57 47 40 39 45 57 72 8810420 513KK 128127 65312299999999999999 5 61211734 3899999999999999
115122126128128124121118115110105101 95 89 81 73 65 58 53 52 56 64 75 8920 514KK 3111289999999999999999999991839 52999999999999999999999
103115123128129127122116109103 98 95 93 92 89 85 80 74 68 64 62 64 70 8020 515KK 35112999999999999999999999920 0 62999999999999999999999
 92105118126129127122114105 96 91 88 88 90 93 94 91 87 82 77 72 69 70 7620 516KK 4 51291449 94999999999999991138 882114 6999999999999999
 85 97111123128127122113102 90 82 79 81 85 92 99101 98 94 89 84 77 74 7620 517KK 41612915541019999999999999911 1 7922 5 7499999999999999
 83 92104118128128122113101 86 73 69 71 77 86 98108109105100 95 88 80 7920 518KK 43312916421109999999999999911 5 692245 7899999999999999
 83 90100114126130125114101 84 67 58 58 65 77 92109118117112106 98 88 8220 519KK 4521311723118999999999999991125 572317 8299999999999999
 84 90 99111124133129117102 85 64 49 45 51 64 82104121127124117108 97 8720 520KK 51213318 0127999999999999991149 452345 8499999999999999
 85 90 98109123134134123106 87 65 44 33 36 48 67 92118133134128119107 9420 521KK 5321361836135999999999999991217 33999999999999999999999
 86 89 98108121134140131113 93 70 45 27 22 32 50 7510613114213913011810320 522KK 554140191114299999999999999 013 861246 2299999999999999
 91 88 96106119132142139123101 77 52 28 15 18 32 56 8611914114613912811520 523KK 619143194814699999999999999 042 881318 1499999999999999
 99 90 93104116129141144133111 87 62 37 16 10 18 37 65 9812914514513712520 524KK 646144203014799999999999999 115 901354  999999999999999
111 99 95101113125135143139122 98 74 50 27 12 11 23 45 7410713314414213320 525KK 714143211614499999999999999 151 951434  999999999999999
123111103102110121130136138129110 87 65 44 25 14 17 31 54 8211013113913720 526KK 742138221114099999999999999 2321011518 1399999999999999
131123115109111117125129131129118 99 79 60 43 28 21 26 41 61 8511012713420 527KK 8 3131231713499999999999999 32010916 7 2199999999999999
133130126120116117120123124122118108 92 76 62 48 36 31 36 49 67 8710712320 528KK 735124999999999999999999999 42511617 1 3199999999999999
130132131129125120118117116114112109102 91 79 68 56 46 42 46 56 71 8810620 529KK 05813299999999999999999999918 1 42999999999999999999999
121129132133130125117112108105103103104101 95 86 77 67 58 53 55 63 75 9120 530KK 24313311541049999999999999910251031911 5399999999999999
108123131134132128119108 99 93 91 92 97103106103 96 88 79 69 63 63 70 8220 531KK 3 413414 2106999999999999991012 912026 6299999999999999
 96113128135134128120107 92 80 76 78 83 94106115114108100 90 79 71 71 7920 6 1KK 32113615251169999999999999910 8 762129 7099999999999999
 90104121135139132121107 90 70 58 58 65 76 94114127126120112101 87 78 7920 6 2KK 3481391627128999999999999991032 572222 7799999999999999
 88100114132143141127110 92 69 47 37 42 54 73 98125139138131122109 92 8320 6 3KK 42014417231409999999999999911 7 3723 9 8399999999999999
 87 98110126143150140119 98 74 46 24 19 29 47 73106136149147139129112 9520 6 4KK 4541501815150999999999999991147 192353 8999999999999999
 89 96108121138153153135110 85 56 27  7  7 22 45 7711614615615214413111320 6 5KK 53015519 6156999999999999991229  5999999999999999999999
 98 96105118132148157150127100 72 41 12 -2  3 21 48 8512415115815314413020 6 6KK 6 7158195715899999999999999 037 951313 -399999999999999
112101103114127140153156143117 89 61 31  6 -3  6 27 57 9413015115515014020 6 7KK 644157204615699999999999999 1191001358 -399999999999999
127112106111122133143151149132106 79 53 27  8  4 16 37 6710113214814914420 6 8KK 720152213715099999999999999 2 21061443  399999999999999
135124114111118127135141144137119 96 73 51 30 16 17 30 51 7710613014214220 6 9KK 753144223114399999999999999 2461111528 1599999999999999
138132124117116122127131133132124107 88 70 53 38 29 33 45 63 8610912713620 610KK 822134233413699999999999999 3341161613 2999999999999999
136134130124119119121123123123120112 99 85 72 59 49 45 49 60 75 9311112520 611KK 739123999999999999999999999 4361181657 4599999999999999
131133132129123119116115114112111109103 94 85 76 68 61 60 65 73 85 9911320 612KK 1 21339999999999999999999991741 60999999999999999999999
124130132131127120114109105102101102101 99 94 88 83 77 74 74 78 84 9310520 613KK 2111329999999999999999999991829 74999999999999999999999
116125130131128122114105 98 93 91 92 95 98 99 97 94 91 88 86 86 88 9310120 614KK 2461311355 999999999999999910 1 911933 8699999999999999
111120127131129123114103 93 84 80 81 86 92 99103103102100 98 96 95 9710220 615KK 3111311542104999999999999991015 802052 9599999999999999
109116124130130124115103 90 77 70 69 74 83 9410411011111010810610310210420 616KK 3321301654111999999999999991036 69215010299999999999999
109115123129131127117104 89 73 61 57 61 70 8410011311912011911511110710720 617KK 35013117461209999999999999911 1 57223310699999999999999
110115122129133131121107 91 72 55 46 46 55 70 9111112412912912511911210820 618KK 4101341821129999999999999991127 4523 910899999999999999
110115122129136137128113 96 75 54 38 33 39 53 7510112313613813512811811020 619KK 4341381849138999999999999991156 33234410899999999999999
108113120129138143138124104 82 59 37 23 24 36 57 8511413614514413712711520 620KK 5 51431918146999999999999991228 22999999999999999999999
107108116126136145147137117 93 68 43 21 13 19 37 64 9612814715114613612320 621KK 541148195015199999999999999 02010613 3 1399999999999999
110105110121133143150148132108 82 56 30 11  8 20 43 7310813815315314413320 622KK 619151202715499999999999999 0591051342  799999999999999
119108106114127138147152145125 99 72 46 22  8 10 26 52 8411714415415014120 623KK 7 015221 815499999999999999 1401051423  699999999999999
129117108109119130139147148138116 91 66 42 21 11 17 36 62 9212314515114620 624KK 743149215415199999999999999 22410715 6 1199999999999999
137127117110112122130136141141130108 85 64 43 26 20 29 48 71 9912614314620 625KK 831142224414799999999999999 3141101552 2099999999999999
141135127118112114120125128132132121103 85 67 50 37 35 44 60 8110512714020 626KK 926133233914299999999999999 4131121641 3499999999999999
142138133126117111110113115118122122114101 88 75 62 52 51 60 73 9011012820 627KK1034123999999999999999999999 5321101734 5099999999999999
138138135130123113105101101102106112115111104 95 86 76 69 69 75 8610011520 628KK 03613912 011599999999999999 7511011833 6899999999999999
129137137132126116104 93 87 86 88 94103111113109104 99 92 86 85 90 9810920 629KK 127137134711399999999999999 853 861941 8499999999999999
121132138135128118106 91 77 70 70 75 84 98111118118116113107100 9810210920 630KK 2 9138153211899999999999999 933 692051 9899999999999999
118127137139133122109 93 75 59 52 55 63 77 9711512612812812511911110811120 7 1KK 24914017 8128999999999999991013 52215510899999999999999
118125134142142131116 99 80 58 41 36 42 54 7410012313613913913512611611320 7 2KK 3301431814139999999999999991055 36225111399999999999999
118125132141148144129109 89 66 41 25 23 32 50 7610713414614814613912711720 7 3KK 4141481848148999999999999991138 22234011499999999999999
115121130138148153145126103 79 52 27 12 14 29 52 8311814415515414813812420 7 4KK 5 01531920155999999999999991222 11999999999999999999999
114115124134143153156145121 96 69 41 16  5 12 31 58 9312915315815414613320 7 5KK 546157195515899999999999999 02411313 4  599999999999999
118111115127137147156156141115 88 61 33 11  6 18 40 6910513915715715014020 7 6KK 631158203115999999999999999 1 61111346  699999999999999
126113109117129139149156152133106 81 55 29 13 14 30 53 8311714515515214320 7 7KK 71415721 915599999999999999 1461091426 1199999999999999
133120109110120131139147151143122 98 75 52 31 22 29 45 68 9612614615014420 7 8KK 755151214815099999999999999 22710815 4 2299999999999999
136126115109112121129135142142131111 91 72 54 39 37 46 62 8310713114314320 7 9KK 835143222914599999999999999 3 91091541 3699999999999999
138131122113109113119123128133130119102 87 73 60 52 55 65 79 9611613313920 710KK 915133231213999999999999999 3571091615 5299999999999999
138133127119111109110113115119122119109 97 87 78 70 68 73 82 9310812213320 711KK10 1122235713599999999999999 5 11091646 6899999999999999
135133129123115108104103103106110112109103 97 91 86 83 84 89 9610511612620 712KK1059112999999999999999999999 7211031712 8399999999999999
132132130126118109101 96 93 93 96101105105103101 98 96 96 9910310811512320 713KK 039133122910599999999999999 833 921734 9699999999999999
129131130127121111101 91 85 81 82 88 9510110510710810810810911111411712220 714KK 110131999999999999999999999 918 81999999999999999999999
127130130128122114102 90 79 72 70 73 82 9210210911411711811811811912112320 715KK 133130999999999999999999999 956 70999999999999999999999
126130131130125117106 91 77 66 59 59 66 79 9410711712412812812612412312420 716KK 2 01311829128999999999999991031 59215212399999999999999
127130133133130122111 96 79 63 52 47 51 62 80 9911712913513613412912512420 717KK 23913418471369999999999999911 4 47225512499999999999999
125129134137137131120104 86 66 48 37 36 44 62 8510912914114414213512712220 718KK 33113819 1144999999999999991138 35233412199999999999999
121126132138143142134117 97 75 52 33 23 27 42 65 9412214315115014313312220 719KK 4271431917151999999999999991213 23999999999999999999999
116118127136144150149136114 89 63 38 19 13 23 45 7310613715515715014012620 720KK 522151194015899999999999999 0111151250 1399999999999999
114110117129141151157154135108 81 53 26  8  9 26 51 8412015016215814713420 721KK 614158201016299999999999999 0501091328  699999999999999
118106106118132144156162155131102 73 45 18  5 13 34 62 9613315816315414120 722KK 7 3162204416399999999999999 13010414 7  599999999999999
127110101105119132145157163151125 96 69 41 18 12 24 47 7510914216015914720 723KK 752163212216299999999999999 2121001448 1199999999999999
135120105 98105118129142154157142118 93 69 44 27 26 41 62 8912014715715120 724KK 84115822 215799999999999999 258 981531 2499999999999999
140129114101 96103113122134146146132112 93 73 54 43 47 61 8010312814715120 725KK 933148224415199999999999999 351 961615 4399999999999999
143133123109 97 93 97104112123133134123110 97 83 71 65 70 82 9711513314420 726KK1031135232614699999999999999 455 9317 1 6599999999999999
144136127117104 93 87 88 92 99110120122118111105 98 91 88 9210111212413520 727KK1147123999999999999999999999 621 871751 8899999999999999
141138130121111 98 86 78 76 79 86 9710811511611611611311010911111712313020 728KK 0 8141141011799999999999999 755 76185410999999999999999
136138134126116104 91 77 67 63 66 73 8610011212012512812812612412412713020 729KK 050138174112999999999999999 9 5 63202412399999999999999
134137137132123111 98 82 66 55 51 54 64 79 9811512713513914013613213013120 730KK 13713718391409999999999999910 1 51215913099999999999999
133136138138133122107 92 74 55 42 39 45 58 7710112313714414714513913212920 731KK 2371391911147999999999999991050 39225712999999999999999
131135138141142136122104 85 65 44 31 30 40 57 8211013514815115014513512620 8 1KK 3461431914151999999999999991133 29233812499999999999999
124130135140146148140122101 79 56 33 22 26 40 62 9112414715515414913912520 8 2KK 4481491911156999999999999991213 21999999999999999999999
116119128136144153155142119 96 72 46 24 18 28 46 7210513915715815114212820 8 3KK 541155193215999999999999999 0151161251 1799999999999999
113108116128138149159158140114 90 65 38 20 21 36 57 8612215116115514513220 8 4KK 62716020 116199999999999999 0511081327 1899999999999999
116103104116129140153162155133107 83 57 33 23 31 49 7310313615715814813620 8 5KK 7 8162203216099999999999999 12710114 2 2399999999999999
121105 97104117129142155159146123 99 76 53 36 35 47 66 9012014615615013920 8 6KK 74716021 315699999999999999 2 3 971435 3399999999999999
126112 98 96105117129141152150134112 92 73 55 46 52 66 8410713214915014120 8 7KK 824153213415299999999999999 240 9515 5 4699999999999999
130118104 95 97106115126138144137121104 88 74 63 63 72 8510212113914614220 8 8KK 9 214422 414699999999999999 321 951532 6199999999999999
133123111100 94 97103111121130133125112100 89 80 77 81 9110311613014014020 8 9KK 943133223014199999999999999 4 8 941556 7799999999999999
134125116105 96 92 93 98104113121121115107101 95 92 93 9910811612613413720 810KK1032122225413899999999999999 5 9 921618 9199999999999999
134127119110100 92 87 87 90 9610511211311110810710610510911512012613113520 811KK1142113231513599999999999999 632 87163510599999999999999
133128121114105 94 85 81 79 82 88 9710510911111411611711912212612813113320 812KK2335133999999999999999999999 752 79999999999999999999999
133129123116109 99 88 78 72 71 73 81 9210211011712312712912913113213213220 813KK2245132999999999999999999999 857 71999999999999999999999
132131127120113105 93 80 69 63 61 65 75 8910311512613413713713513413313220 814KK1821137999999999999999999999 952 61999999999999999999999
132132131127121113101 86 71 59 51 50 57 72 9010912513714414414113613212920 815KK18341459999999999999999999991038 50232312999999999999999
130132134134132125113 97 79 61 46 38 41 53 72 9511913914915114714013112420 816KK 2381341844151999999999999991117 38233612399999999999999
123128133138142141131113 92 71 49 32 26 34 52 7710613415315715314413212020 817KK 4231421854158999999999999991154 26999999999999999999999
113118127137145153152136112 87 61 36 18 18 33 56 8612115116416015013712020 818KK 525154191316499999999999999 0 41131231 1699999999999999
105103114128141155165161139110 81 52 24 10 17 38 6610113916516815714312520 819KK 615166193917099999999999999 03710213 8 1099999999999999
104 91 96112129146164175164136106 76 44 18 11 26 50 8011815517216614913220 820KK 7 2175201017299999999999999 115 911346 1099999999999999
111 90 82 92110128149170176160131102 73 42 22 23 42 67 9813516417015713920 821KK 748177204417199999999999999 155 821425 2099999999999999
120 98 79 76 89107125148168169151125100 74 49 37 45 64 8711614716516114520 822KK 834172211816699999999999999 238 7515 4 3799999999999999
127109 88 73 74 86101119141157156139120102 82 65 61 71 8710713015115814920 823KK 924159215315999999999999999 327 721544 6099999999999999
133117100 82 71 72 81 93110129142140129118108 96 87 88 9710912313814914820 824KK1021143222515099999999999999 424 701625 8699999999999999
137123109 95 80 71 70 75 84 9811412512612312111811311011211812513314014320 825KK1142126225314399999999999999 537 6917 611099999999999999
138127116104 92 79 69 66 67 74 86 9911111812212713013013013113313513713820 826KK23 0138999999999999999999999 7 8 66999999999999999999999
136130122112102 91 78 67 61 60 65 75 8810311612613514114314214013913713620 827KK18 6143999999999999999999999 837 60999999999999999999999
134131127121112102 90 76 63 55 52 57 68 8310212013414414915014614113713420 828KK1840150999999999999999999999 948 52999999999999999999999
133131130129124115103 89 74 58 48 46 53 65 8410812914415015215014213312920 829KK19 01529999999999999999999991040 45232512999999999999999
129130130133135130118103 87 69 51 40 42 52 68 9212014215115315014313012120 830KK 3531351844153999999999999991121 40233511999999999999999
120124128133141144136119101 83 62 42 35 42 56 7710513515315515014313011420 831KK 4511441839156999999999999991156 35999999999999999999999
107112121129139151152139118 98 77 53 36 36 48 65 9012315015915314413111420 9 1KK 537154185815999999999999999 0 11071230 3499999999999999
 99 98109121133148160156136114 93 69 45 35 42 58 7910814116015914713311620 9 2KK 618161192416299999999999999 032 9613 2 3599999999999999
 97 87 94108122138156164153130108 85 61 43 42 55 73 9712815416215213712020 9 3KK 656164195116299999999999999 1 5 871333 4099999999999999
101 84 82 94109126145161162144121100 78 57 49 56 72 9111614315915614112520 9 4KK 732164201716099999999999999 138 8114 1 4999999999999999
107 88 77 81 95111129148159152133113 94 75 62 62 74 9111013315215514412820 9 5KK 8 7159204215699999999999999 212 771427 6099999999999999
112 95 79 75 83 96112131147151140122106 91 78 73 81 9410912614315114613120 9 6KK 84415221 415199999999999999 248 751451 7399999999999999
117101 86 75 76 84 96112129141139128116104 94 88 9010011112313614514413320 9 7KK 923142212514699999999999999 328 741515 8799999999999999
120107 93 81 74 76 83 9410912413112812111410810310210711612513313914113420 9 8KK1011131214214199999999999999 414 74153810199999999999999
122110100 88 78 73 75 81 9110411612212111811711611511712212813313613713320 9 9KK1116122214913799999999999999 511 73155611599999999999999
124113104 95 85 76 72 73 77 86 9710811511812012412612713013313513513413120 910KK2029135999999999999999999999 618 72999999999999999999999
126117108101 93 83 74 69 69 72 79 9010211211912713413713813813813613313020 911KK1847138999999999999999999999 735 68999999999999999999999
126121114107101 92 81 71 64 62 65 72 8510011312613714314514314013613212820 912KK1751145999999999999999999999 9 2 62999999999999999999999
126124121117111103 92 78 66 57 53 56 67 8310112013614715014814313512812420 913KK18 415099999999999999999999910 5 53234112399999999999999
124125126127126119107 91 75 59 46 43 50 64 8510913214915515314613612311520 914KK 31312718 8155999999999999991051 43232811499999999999999
115120126133139139128110 90 69 48 34 34 47 67 9212214916015815013712110520 915KK 4321411816161999999999999991130 32234910099999999999999
101108119130144156153135111 88 61 36 24 31 50 7410614116416615514112210020 916KK 52315718361689999999999999912 7 24999999999999999999999
 85 88102119137159172164139112 84 53 28 22 37 60 8812516017416514712710220 917KK 6 917219 217499999999999999 020 841244 2199999999999999
 77 67 78 98119145172182167139110 80 48 27 30 50 7510714517317415613311020 918KK 653182193217799999999999999 056 671321 2699999999999999
 81 58 56 72 95120151178182163135109 79 50 38 49 70 9512716117616614211820 919KK 73818420 417699999999999999 135 541359 3899999999999999
 92 64 47 51 69 91120153175173154131109 83 62 60 74 9311614416616815112720 920KK 825177203517199999999999999 218 461437 5899999999999999
104 78 54 43 50 67 88117146162158143128112 93 83 86 9911513215116215413420 921KK 91516321 516299999999999999 3 4 431515 8299999999999999
113 92 71 52 46 52 66 8511013314514213512811911010711212113114115015013820 922KK1016145212915199999999999999 357 46155210799999999999999
120103 87 70 56 51 55 65 8010011712713013113113012812813113613914214213620 923KK1359131213114299999999999999 5 3 51162912899999999999999
124111 99 86 74 63 57 57 63 74 8910311512313113814214314214214113913613120 924KK17 9143999999999999999999999 627 56999999999999999999999
125116108 99 90 79 69 61 58 61 68 80 9410912313514515015014714313813212720 925KK1739151999999999999999999999 8 3 58999999999999999999999
122119115110104 95 85 73 63 58 58 65 76 9211112914215015315014313512812320 926KK18 4153999999999999999999999 925 57999999999999999999999
120118118119116109 99 88 75 62 55 57 64 77 9711913814815115014313212111620 927KK 252119181215199999999999999 1111181020 5599999999999999
115115118124128124113102 89 73 59 53 58 68 8410713214715114814213011410520 928KK 4 1128175215199999999999999 02611511 0 5323261059999999
106110114123134138129116103 87 68 55 54 62 76 96123146153149140129111 9620 929KK 44713818 0153999999999999991133 532346 9299999999999999
 92 99107118133146145131116101 82 62 53 58 71 87112140156153142129112 9120 930KK 52714718201579999999999999912 4 53999999999999999999999
 80 84 96109125145155148130113 96 74 58 57 68 83103130153158147131114 922010 1KK 6 5155184415999999999999999 013 791233 5599999999999999
 73 69 80 96113135155159145126108 88 68 60 67 81 98121147160153136117 962010 2KK 64116019 816099999999999999 044 6913 1 6099999999999999
 74 61 65 80 99121146161156139120102 82 68 69 81 971161391561571421221012010 3KK 716161193115999999999999999 115 601327 6699999999999999
 79 60 55 65 83104129152159149131114 96 80 75 84 981141321501561461271062010 4KK 751159195215799999999999999 146 541351 7599999999999999
 85 64 52 55 68 86110136152152139124110 95 86 891001141281431521481311112010 5KK 828154201115399999999999999 219 511416 8599999999999999
 92 73 56 51 57 72 91114136146142131120109100 981051161271381461461341152010 6KK 9 8147202914799999999999999 255 511442 9799999999999999
 98 82 66 54 53 61 75 941151321371331261201131101121201281351401411341192010 7KK 957137204014199999999999999 336 52151010999999999999999
103 89 76 64 56 57 65 77 941121241291271251241221221251311351361361311212010 8KK11 6129201113699999999999999 425 56153812299999999999999
107 94 84 74 65 59 60 67 77 911051161221261291321331331351361361321271212010 9KK1918136999999999999999999999 523 59999999999999999999999
111101 92 84 76 68 62 62 66 74 86 99111120128135140141140138135131125119201010KK1648141999999999999999999999 633 61999999999999999999999
114107101 95 88 80 70 63 61 63 69 80 95110123135143147145141134128121117201011KK1710147999999999999999999999 8 3 61999999999999999999999
114112110108102 94 83 72 62 56 57 64 77 94114131144150149143134123114110201012KK1721150999999999999999999999 925 56233711099999999999999
110112116120120112100 86 72 58 50 52 62 79100124144153152145134119104 98201013KK 3281211720153999999999999991018 4923 9 9899999999999999
100106114126136135122106 88 69 51 43 50 65 85111139156157148135117 96 81201014KK 42513717321599999999999999911 0 432329 7999999999999999
 81 91104121142154149131111 89 64 44 41 53 73 97128156166156138119 94 69201015KK 5131551755166999999999999991139 40999999999999999999999
 58 67 84104131158170158136114 88 59 42 46 64 86114148170167147124 99 68201016KK 558170182317299999999999999 0 0 581217 4199999999999999
 43 41 56 79107142172178162139115 86 58 48 60 80103134164175160134107 76201017KK 643179185317599999999999999 037 391255 4899999999999999
 44 25 30 50 77111150177177160138115 87 65 64 79 99122151172170146117 89201018KK 730180192517499999999999999 116 241333 6299999999999999
 57 28 16 27 48 77114152172169153136116 93 80 85101118138160168156129101201019KK 819173195516899999999999999 159 161412 8099999999999999
 74 45 23 17 29 50 79114146160156146134119105100108120133147158155138113201020KK 913160202215999999999999999 245 17145110099999999999999
 89 66 42 27 25 35 54 80109133144143139134126120120126133140146147138121201021KK1024145203914799999999999999 337 24153111999999999999999
101 82 65 48 37 36 44 59 79101120130134136137136134134136138138136131122201022KK1355137193313899999999999999 437 35162413499999999999999
108 95 82 70 58 49 47 52 62 76 93109121129136141143142140138134129123117201023KK16 4143999999999999999999999 548 47999999999999999999999
110103 95 87 78 69 61 57 58 64 74 88103118130140145147144138131124117111201024KK1646147999999999999999999999 715 57999999999999999999999
108106103 99 94 86 78 70 64 62 66 75 88104121135143146144137127118110105201025KK17 8146999999999999999999999 846 62999999999999999999999
103104107109106100 93 85 75 67 65 69 78 92111129140144142136125111101 97201026KK 25710917 614499999999999999 016103 948 652344 979999999
 97 99105114117113106 98 89 77 69 68 75 85101121138144141134123108 93 86201027KK 35511717 4144999999999999991030 672315 8699999999999999
 87 92100112123125118110101 89 76 70 73 82 94113134145143134123106 87 75201028KK 43812617191469999999999999911 4 702331 7399999999999999
 74 81 91106123134131122112101 86 74 73 81 91107128145147137123107 86 67201029KK 5171341740148999999999999991135 722356 6099999999999999
 60 67 79 95116136142135123112 97 82 75 80 90103122141150143127109 87 64201030KK 55414218 21509999999999999912 3 75999999999999999999999
 50 51 64 81104129146146135123109 92 80 80 90102118137151149133113 91 66201031KK 630148182315299999999999999 024 491229 7899999999999999
 46 39 47 65 87116141152146133119103 88 82 89102116132148152140119 96 722011 1KK 7 5152184415399999999999999 053 391254 8299999999999999
 48 33 34 48 70 97128149152143129114 98 88 90101114129144152145126103 792011 2KK 74115319 515299999999999999 124 321321 8799999999999999
 55 35 28 36 53 78108136150148137124110 97 94101113126138148147132109 872011 3KK 819151192614999999999999999 156 281349 9499999999999999
 65 43 29 29 41 60 86115138146141132121110102104113124134142144135116 942011 4KK 9 1146194414499999999999999 231 27142010299999999999999
 74 55 39 30 34 48 68 931181341391341281211141111151231311361381331201012011 5KK 953139195313899999999999999 311 30145511199999999999999
 83 67 52 40 36 41 55 73 951151281321301281251221221251291321321281201072011 6KK11 3132191913299999999999999 357 36154112199999999999999
 91 77 65 54 46 43 48 60 76 931101211271291311311301291291301271221161092011 7KK1452131999999999999999999999 450 43999999999999999999999
 99 87 77 69 60 52 50 54 63 75 901051181261321361371351311271231181121072011 8KK1553137999999999999999999999 553 50999999999999999999999
102 97 90 83 75 67 59 55 57 63 74 881031181291361401391341261181111051022011 9KK1619140999999999999999999999 711 55234710199999999999999
101102102 98 92 83 74 65 58 57 63 74 89106123136141140135125112101 94 92201110KK 128102162114199999999999999 836 5723 0 9299999999999999
 94 99107113111103 92 81 69 59 57 65 77 94114133143143136125109 91 79 76201111KK 315113162414499999999999999 939 572246 7699999999999999
 81 89103119128125114101 87 71 59 59 70 84103126145149140126109 86 65 55201112KK 4131281644150999999999999991028 5723 8 5599999999999999
 59 71 87110134144137124110 91 71 60 64 78 95117142156150132112 88 59 37201113KK 5 31441712156999999999999991111 592342 3299999999999999
 33 45 63 89121149157147132115 93 71 64 74 90109133156161145120 94 64 33201114KK 5511571744162999999999999991152 64999999999999999999999
 14 17 35 60 93133160164152137118 93 74 73 87104124148165159135106 76 42201115KK 640165181716699999999999999 020 131232 7199999999999999
 11 -1  8 30 60100141165165153138118 95 82 86101118138158165150121 90 59201116KK 729167185016599999999999999 1 2 -11313 8199999999999999
 26  0 -6  7 31 65106144161160149136117100 93101116130146159156136106 77201117KK 821163192316099999999999999 146 -71353 9399999999999999
 47 18 -1 -2 13 38 71109140153151143133119108107115126137147150141119 93201118KK 918153195215199999999999999 233 -4143610699999999999999
 68 43 20  7  9 23 47 76107131141141137131123117118124131136139136124105201119KK102614220 913999999999999999 322  6152211799999999999999
 84 65 46 29 21 24 37 56 79103122131133133132128125125127129128125120109201120KK122313419 212999999999999999 414 21162712499999999999999
 95 80 67 54 42 37 40 49 63 81100115124129132133131127125123119115110106201121KK1445133999999999999999999999 510 37999999999999999999999
 99 90 81 73 64 56 52 54 60 69 83 98112122129133133130124118112106101 98201122KK1537134999999999999999999999 614 52999999999999999999999
 96 94 90 86 81 75 69 65 65 68 75 86100113124130133130124115105 97 91 89201123KK1558133999999999999999999999 735 642320 8999999999999999
 89 92 95 95 92 88 84 79 74 73 75 82 92104118128131129123113101 89 81 79201124KK 231 9516 413199999999999999 855 7323 4 7999999999999999
 81 86 93100101 99 96 92 86 81 79 82 89 99112125131129123112 98 83 71 68201125KK 348101161513199999999999999 949 7923 0 6899999999999999
 70 77 87 99108109106103 98 90 85 85 89 97107121131131124112 98 80 63 55201126KK 4381091634132999999999999991030 842317 5599999999999999
 57 65 77 94109117116112108100 92 88 90 97105117129134128114 99 79 59 45201127KK 52011716551349999999999999911 4 882341 4299999999999999
 43 50 64 83105120125122117109 99 91 91 96105115128136133120102 82 59 39201128KK 5581251715136999999999999991133 90999999999999999999999
 30 35 48 68 94118131132126118107 96 91 95104114126137138127108 87 63 38201129KK 634133173713999999999999999 0 8 3012 1 9199999999999999
 23 21 31 51 78107130138135127116102 93 93101112124136142135117 94 69 44201130KK 7 813818 014299999999999999 037 201228 9299999999999999
 21 12 17 34 59 90121139142135124111 98 92 97108121133142141126103 79 532012 1KK 742142182614399999999999999 1 8 121259 9299999999999999
 28 10  7 19 40 70103130142141132120106 96 96104116128138142134114 89 642012 2KK 819143185314299999999999999 141  71332 9499999999999999
 40 18  6  9 25 50 81112134141137127116105 98102112123132137136123101 762012 3KK 9 1141192013899999999999999 217  614 9 9899999999999999
 54 32 15  9 16 35 60 89116133136131123115107104109118126130131125110 892012 4KK 948137194113199999999999999 257  9145210499999999999999
 67 48 31 18 16 26 44 67 93115129131127122117112110114120123123120113 992012 5KK1043131192812399999999999999 341 15154711099999999999999
 80 63 49 35 26 26 36 53 73 941131241271251231201161131141161141121091032012 6KK115412719 311699999999999999 429 2517 911399999999999999
 91 77 65 54 43 36 37 46 60 76 94111121125126125122116111108105102100 992012 7KK14 5126999999999999999999999 523 36999999999999999999999
 96 89 80 71 63 54 48 48 55 66 80 96111121126126124119110101 94 90 88 892012 8KK1441126999999999999999999999 626 472219 8899999999999999
 92 95 93 88 81 74 66 59 58 63 73 85100114124127125119110 97 84 76 73 742012 9KK 111 95145612799999999999999 742 5822 9 7399999999999999
 80 89 98102 98 93 86 78 70 66 71 80 92106121129128121110 96 78 62 54 55201210KK 256102152213099999999999999 854 662220 5499999999999999
 62 74 91107113111106 99 88 77 73 79 88100115129135127113 97 78 55 37 33201211KK 4 8114155413599999999999999 954 732251 3299999999999999
 39 52 72 97118126124118109 95 82 79 86 97110125139138124104 82 57 30 14201212KK 5 81261629141999999999999991045 792329 1299999999999999
 14 26 45 74106131138135127116 99 85 85 94106120137146139118 93 66 36  8201213KK 6 113817 7146999999999999991132 83999999999999999999999
 -5  0 17 44 80117141147142132117 99 87 90102115130146150136110 81 51 18201214KK 651147174615199999999999999 010 -61216 8799999999999999
 -9-17 -7 16 48 88126148150143132115 97 90 96110123138150149129100 69 38201215KK 739151182615299999999999999 054-171259 9099999999999999
  5-17-20 -5 21 56 97132149148140128111 97 94103116129141149141118 89 59201216KK 82615019 514999999999999999 138-211342 9399999999999999
 29  1-16-14  4 31 66104133145142133122108 98 99109120130139141129106 79201217KK 912145194314199999999999999 223-171425 9799999999999999
 53 27  4 -7  0 18 44 75108130137133126117107101104112120126130128115 93201218KK10 0137202013099999999999999 3 7 -7151010199999999999999
 71 50 30 14  9 17 34 56 83109125128125121115107103106111114116117113101201219KK1052128205511799999999999999 350  916 210399999999999999
 84 67 52 38 28 27 36 50 68 89108119121120118113107103104104104104103 99201220KK1156122201310499999999999999 432 26172110399999999999999
 90 78 68 58 49 44 46 54 64 78 93107115118117115110104 99 96 93 91 91 91201221KK1327118999999999999999999999 513 44999999999999999999999
 88 83 77 71 66 62 60 63 68 76 86 98107114116115112106 98 90 84 80 78 79201222KK1420116999999999999999999999 552 602159 7899999999999999
 81 82 82 80 78 76 75 75 76 80 85 93101109114115112106 97 87 77 69 66 67201223KK 1 4 82144911599999999999999 630 752214 6699999999999999
 71 77 82 85 86 87 87 87 86 86 89 93 99105111115113107 98 86 73 61 54 54201224KK15131159999999999999999999992234 53999999999999999999999
 59 67 77 86 92 95 96 96 95 94 93 95 99104110114114109 99 86 71 56 45 41201225KK 646 96153511599999999999999 944 932259 4199999999999999
 45 54 68 83 95102105105104100 98 97100104109114116113103 89 72 54 38 30201226KK 6441051556116999999999999991037 972327 2999999999999999
 30 39 55 74 93106112113111107101 98 99103109115119118109 95 77 56 36 22201227KK 6501131621119999999999999991114 982355 1799999999999999
 17 23 38 60 85105117121119113105 98 97100107114121124118104 85 63 39 19201228KK 7 51211651124999999999999991145 97999999999999999999999
  7  8 21 42 70 98118127126120110100 94 96103112121128127116 96 73 48 22201229KK 724128172612999999999999999 025  61215 9399999999999999
  3 -3  5 24 51 84112129133127117104 93 90 96107118128133127110 86 60 33201230KK 74813318 413399999999999999 056 -31248 9099999999999999
  8 -8 -8  7 31 63 96123135133124112 98 89 90100113124132134124102 75 48201231KK 819135184313499999999999999 131-101324 8899999999999999
