 77 53 36 29 33 48 71 97120136141137125110 95 85 82 87 9711012012512111020 1 1KS10 414121 612599999999999999 3 8 281552 8299999999999999
 93 73 56 44 42 48 64 84105123134136131119105 92 83 81 84 9210211011411120 1 2KS104713722 611499999999999999 347 411656 8199999999999999
102 90 75 63 56 56 63 77 94111125132133127115102 89 79 75 76 83 9110010520 1 3KS1134134233710699999999999999 431 551813 7599999999999999
105101 93 83 74 69 69 75 86100114125131131125113 98 83 71 65 65 71 81 9120 1 4KS1229132999999999999999999999 529 681929 6499999999999999
100105106101 94 86 80 79 83 91103116127133132124110 92 74 59 51 51 59 7220 1 5KS 132106132513399999999999999 646 792029 5099999999999999
 88102112115113105 96 88 84 86 94106119130136134123105 82 60 43 35 38 5020 1 6KS 3 3115141613699999999999999 810 842117 3599999999999999
 69 90110123128124115102 91 86 87 95109124136141136120 96 68 43 25 19 2620 1 7KS 4 312815 114199999999999999 919 852158 1999999999999999
 44 70 98122137141134120104 91 84 87 98115132144146136114 84 51 24  7  520 1 8KS 4501411542147999999999999991013 842238  499999999999999
 18 44 77110136150150139121101 87 82 88103123141152150134105 69 33  5 -820 1 9KS 5311521623153999999999999991058 822317 -999999999999999
 -4 16 49 88124149160155139116 95 82 80 90110132151159152129 94 54 16-1020 110KS 61116017 4159999999999999991139 792358-1999999999999999
-18 -8 20 59101137159165155134109 88 77 80 95117141158162150121 82 40  320 111KS 6511651746163999999999999991219 77999999999999999999999
-19-22 -5 29 71114147165165150126100 81 74 81100124148162162144112 71 2920 112KS 730167182916499999999999999 039-2313 0 7499999999999999
 -4-21-18  5 42 85125154166160141115 91 75 72 83103128150161157136102 6220 113KS 810166191516199999999999999 121-221342 7299999999999999
 24 -4-14 -6 20 58 99134157162152130105 83 70 71 84105128147155148126 9420 114KS 85016320 315599999999999999 2 3-141428 6999999999999999
 57 25  4 -1 12 39 74111140155155142119 95 76 67 69 8210212313814413711720 115KS 930157205714499999999999999 247 -11518 6699999999999999
 89 59 33 19 18 33 58 90120142151147132110 88 71 63 65 77 9411212613112520 116KS1011151215913199999999999999 332 171616 6399999999999999
110 89 66 47 38 40 54 76102125141145139123103 83 67 59 59 68 83 9811211820 117KS1054146232111999999999999999 419 371725 5899999999999999
117108 94 78 65 59 61 72 90110127138140133118 99 79 62 52 50 56 68 84 9820 118KS1143141999999999999999999999 514 581844 5099999999999999
109114112104 93 83 77 78 85 98113127136137130116 96 75 56 43 38 42 54 7120 119KS 111114124113799999999999999 625 7720 3 3899999999999999
 89106116120117108 99 91 88 92101113126135137130115 94 70 48 32 25 28 4220 120KS 259120134613799999999999999 756 882110 2499999999999999
 62 86108124131129120108 98 92 93101113127137139132115 90 62 37 19 12 1720 121KS 415131144814099999999999999 922 9122 4 1299999999999999
 35 61 90116135142138126111 97 89 90 99114130141143134113 84 52 24  6  120 122KS 5 81421541144999999999999991024 892249  199999999999999
 11 35 66100128146150142125106 91 84 87100118136147147133107 74 40 12 -420 123KS 5491501628149999999999999991111 842329 -699999999999999
 -4 13 42 78113140153152138118 97 82 79 87104125143152147128 97 61 26  120 124KS 6241551710152999999999999991149 78999999999999999999999
 -9 -2 21 56 94127149156148129105 85 74 76 90111134150154143118 83 46 1420 125KS 656156174815499999999999999 0 5 -91222 7399999999999999
 -5 -8  7 36 74111139154153138115 91 74 69 77 96120141153151134105 68 3320 126KS 726156182315499999999999999 039 -91253 6999999999999999
  6 -5  1 23 56 93126147153144124 99 78 66 68 81103127145152143121 89 5420 127KS 753153185715299999999999999 110 -51324 6599999999999999
 23  5  2 16 43 77111137150147131108 85 68 63 70 87110131145145131106 7420 128KS 820150193214699999999999999 139  11356 6399999999999999
 43 20 11 16 36 65 97125143146137117 94 74 62 62 73 92114131139134117 9120 129KS 84514720 813999999999999999 2 8 111430 6199999999999999
 63 39 24 23 35 58 86113134142139124103 82 66 60 64 77 9511312612912110320 130KS 912143204612999999999999999 236 2215 8 6099999999999999
 81 58 42 35 40 55 78102123136138129112 93 75 63 59 65 77 9310811711710920 131KS 939138213311899999999999999 3 5 351553 5999999999999999
 94 76 61 51 50 58 74 94113127133130119103 85 70 61 58 63 74 87 9910610720 2 1KS1011133223510799999999999999 337 501648 5899999999999999
101 91 79 70 65 67 75 88103117126128123112 97 81 67 58 55 58 67 78 89 9720 2 2KS1049128999999999999999999999 415 651758 5599999999999999
101100 95 89 83 80 81 87 96107116122124119109 95 79 64 53 47 49 56 67 8020 2 3KS 016101114212499999999999999 513 801919 4799999999999999
 92101106105102 97 93 91 93 98106114120122119110 95 77 59 44 35 35 43 5720 2 4KS 227106125812299999999999999 657 912032 3499999999999999
 75 93108117119115108100 95 93 96103113121126124113 95 73 49 30 20 20 3120 2 5KS 350119141312699999999999999 851 932130 1899999999999999
 51 76100120132133126114102 92 88 92102115128134132118 94 65 37 14  3  520 2 6KS 44013415151359999999999999910 1 882219  299999999999999
 22 49 82112135146144132114 96 84 81 88103121138145140121 91 55 22 -3-1320 2 7KS 52014716 8145999999999999991049 8123 3-1399999999999999
 -5 19 54 93127150157150131107 86 74 74 86108131149156147121 84 43  7-1720 2 8KS 5581571656156999999999999991130 722346-2399999999999999
-23 -8 24 65108142162163148123 95 73 64 69 88115141160164149118 75 31 -520 2 9KS 63416517431649999999999999912 8 64999999999999999999999
-25-24 -2 35 81124155168162140109 80 60 56 67 91122150167166146111 66 2220 210KS 710168182916999999999999999 027-271247 5599999999999999
-10-24-16 12 53 99138163168153126 93 65 50 50 67 95127154167162139101 5820 211KS 744168191516899999999999999 1 8-241327 4899999999999999
 19 -7-13  1 33 75117149164161140109 77 53 42 48 68 97128151161152128 9220 212KS 81816520 316199999999999999 148-1414 9 4299999999999999
 54 23  6  6 25 58 96130153160149124 93 64 44 39 48 69 9612314214813911620 213KS 851160205314899999999999999 227  41453 3999999999999999
 87 57 34 25 32 52 81113138152150134109 80 56 41 38 48 67 9111412913312520 214KS 923153215013399999999999999 3 6 251542 3899999999999999
108 86 65 52 49 58 76100123139145138121 97 73 53 41 39 47 63 8210011311820 215KS 95614523 411899999999999999 345 491640 3999999999999999
114104 91 79 72 72 80 94111125134135127111 92 71 54 43 40 44 55 70 85 9820 216KS1035136999999999999999999999 430 711754 4099999999999999
107109107102 95 91 91 95103113121127127120108 92 74 57 44 38 38 45 57 7320 217KS 1 1109112812799999999999999 535 901927 3799999999999999
 89102112115114110105101100103108115120122119110 96 78 59 43 32 29 34 4720 218KS 314116125812299999999999999 7431002054 2999999999999999
 65 86106120127126120111102 97 96101109117123123116101 80 57 37 23 18 2520 219KS 424127143212499999999999999 936 962155 1899999999999999
 42 66 92115131137133122108 95 87 87 95107120129131122103 78 51 27 12 1020 220KS 5 51371537131999999999999991031 862241  999999999999999
 21 44 74104128142144134117 98 83 77 81 93111128138138124100 70 39 16  420 221KS 53614516261409999999999999911 7 772318  399999999999999
  7 25 54 88119141150144127104 83 70 68 79 98120139147141122 92 57 26  520 222KS 6 415017 7147999999999999991137 672350  099999999999999
  0 11 36 71106135151151136113 87 67 59 65 83108132148151139113 78 43 1520 223KS 63015317421529999999999999912 5 59999999999999999999999
  0  3 23 55 92125147154144122 94 69 55 54 68 92119142154150130 99 63 3020 224KS 654154181615599999999999999 020 -11232 5299999999999999
  8  3 15 42 77113140153149131103 75 54 47 54 75103130149154143117 83 4820 225KS 716154184815499999999999999 048  313 0 4799999999999999
 22  9 14 34 66101131149151138113 83 58 44 44 59 84113137150148130101 6820 226KS 738152192115199999999999999 114  91328 4299999999999999
 39 21 19 32 57 90120142150142121 93 66 46 39 47 67 93120139145136115 8620 227KS 8 0150195514599999999999999 140 181358 3999999999999999
 58 37 29 35 54 81110134146144128103 76 53 40 40 53 7510012213513512310120 228KS 821147203113799999999999999 2 5 291430 3899999999999999
 76 55 43 43 55 76101124139142132112 87 63 46 39 44 59 8010211912712311020 229KS 844143211112799999999999999 231 4115 6 3999999999999999
 92 73 60 55 60 75 94115130137133119 98 76 56 44 41 48 62 81 9911211611320 3 1KS 9 713722 311699999999999999 258 551548 4199999999999999
103 90 78 71 71 78 91106120129129122107 89 70 55 45 43 49 62 77 9110210720 3 2KS 935130232310899999999999999 330 701644 4399999999999999
107102 95 88 85 86 92101111119123121114102 86 71 57 47 43 46 55 67 81 9320 3 3KS1014123999999999999999999999 415 8518 3 4399999999999999
102107108106102 99 98 99103108113116116112103 90 75 59 46 38 37 43 55 7120 3 4KS 144108113111699999999999999 558 981939 3799999999999999
 88103114120120115109103 99 98101106112117117111 98 80 60 41 28 23 28 4320 3 5KS 329120133411899999999999999 843 982058 2399999999999999
 64 89111127135133124112 99 90 88 92102114125129123108 84 57 31 13  7 1520 3 6KS 419135145812999999999999999 953 882156  799999999999999
 35 65 96124143149142126106 88 77 76 85102122138144137116 85 50 18 -2 -620 3 7KS 4571491559144999999999999991036 752244 -799999999999999
  7 35 72110141157158144120 93 71 61 65 82107134153158147119 81 40  6-1320 3 8KS 5321601650159999999999999991114 612328-1599999999999999
-12  8 44 87128156168160136105 74 53 47 58 83115146166169152118 74 31 -220 3 9KS 6 51681738170999999999999991151 47999999999999999999999
-16 -8 20 61107145168170153121 85 53 36 36 55 87124156174172150112 67 2620 310KS 637172182517699999999999999 0 9-161228 3399999999999999
 -2 -9  6 40 83126159172165138101 63 35 23 31 56 92130160174168142104 6120 311KS 7 8172191217599999999999999 049 -913 6 2399999999999999
 26  7  8 29 65106143165168151119 80 45 22 18 31 60 97132158167157131 9620 312KS 738170195916799999999999999 127  51346 1799999999999999
 61 35 25 33 57 90125152164157133 99 63 33 17 18 35 64 9812914915314312020 313KS 8 8164204815499999999999999 2 4 251427 1699999999999999
 91 66 50 47 59 83111137153155141115 82 52 29 19 24 41 67 9512013413712820 314KS 836156214313899999999999999 240 461511 1999999999999999
111 92 76 68 71 83103123139146141124100 73 49 33 27 32 46 67 8910711912220 315KS 9 4146225512299999999999999 316 6816 3 2699999999999999
118109 98 90 87 91100113125133134126112 92 72 54 41 36 38 48 63 79 9410620 316KS 935135999999999999999999999 357 8717 9 3599999999999999
112114112108104102103108114119122121116106 92 77 62 50 43 41 46 55 69 8420 317KS 054114101912299999999999999 5 71021845 4199999999999999
 98110117120119115110107105106108111113112107 98 86 71 57 46 39 40 47 6120 318KS 3 8120121711399999999999999 8111052026 3999999999999999
 79 98115126130127119110101 95 94 97104111116115108 94 77 58 43 33 33 4220 319KS 4 4130142511699999999999999 945 932134 3299999999999999
 59 82106125136137129116101 88 81 82 90103116125125116 99 76 53 35 25 2820 320KS 4381381534126999999999999991022 812219 2599999999999999
 42 65 93119137144139125105 85 72 68 75 91110127136134120 97 70 44 26 2020 321KS 5 51451620137999999999999991050 682255 2099999999999999
 28 49 78109134148148134112 87 67 57 61 75 98122140146139118 89 59 33 1920 322KS 5291501658146999999999999991116 572326 1799999999999999
 20 36 64 97127148153144121 93 67 51 48 59 82110135151151137110 77 46 2520 323KS 5521531733153999999999999991142 472354 1899999999999999
 18 28 52 85118144155151131102 72 48 38 44 65 94124148157150129 97 63 3620 324KS 61315618 51579999999999999912 7 38999999999999999999999
 22 25 43 73107137154155140112 79 51 34 33 48 75108137155157143116 83 5220 325KS 634157183815999999999999999 021 211233 3199999999999999
 32 28 40 65 97128150157147122 90 58 34 26 34 57 88121146157151131101 7120 326KS 655157191015799999999999999 046 2813 1 2699999999999999
 47 36 41 60 88118143155151131101 68 40 24 25 41 68101130149152141117 8920 327KS 715155194415399999999999999 112 361329 2399999999999999
 64 48 47 59 82109134150151138112 80 50 29 22 30 51 8011013414614312810520 328KS 736152201914699999999999999 138 461359 2299999999999999
 82 64 57 62 78101125142148140121 93 64 40 26 26 38 61 8911413213813211720 329KS 757148205913899999999999999 2 4 571432 2499999999999999
 98 81 71 70 79 96115132141139126104 78 54 36 28 32 47 68 9211212512812220 330KS 820142214912899999999999999 233 691510 2899999999999999
111 97 86 82 85 94108122132134128113 93 71 52 39 34 39 51 70 8910511612020 331KS 84713423 312099999999999999 3 7 8216 1 3499999999999999
117111103 97 95 97104113121125124118106 90 72 57 45 40 42 50 64 81 9610920 4 1KS 923126999999999999999999999 357 951714 3999999999999999
116119118114109105104106109113116116113106 95 80 65 51 42 39 43 54 70 8820 4 2KS 1 5119104211799999999999999 5551041854 3999999999999999
106119127129125118110103 99 99102108114117115107 92 74 55 39 31 32 43 6220 4 3KS 249129131311799999999999999 834 982024 3099999999999999
 86109129140142135121106 93 85 84 91104117128130123105 81 55 33 20 21 3520 4 4KS 341142144613099999999999999 934 842128 1999999999999999
 59 90120143154151137116 93 75 66 70 84105127143148138115 84 51 24 11 1420 4 5KS 4191541550148999999999999991014 662219 1099999999999999
 33 65102135158165155132102 73 53 48 58 81111140160163149120 82 45 18  720 4 6KS 4541651643164999999999999991051 4723 4  799999999999999
 15 41 79119152170169149117 80 49 32 32 51 83121153173173154120 79 41 1620 4 7KS 5261721732176999999999999991128 302346 1099999999999999
 11 26 58 99139167176165135 96 56 27 15 23 50 89130163180176153116 75 4120 4 8KS 55717618191819999999999999912 5 15999999999999999999999
 22 24 45 80120155174174152116 73 34 10  5 21 54 95136167179171146110 7320 4 9KS 62817719 717999999999999999 025 201244  499999999999999
 46 36 44 69104139165174163134 94 52 19  1  4 25 6010113916417216113610420 410KS 658174195417299999999999999 1 4 361323  099999999999999
 76 57 54 67 93123150166165146114 75 38 12  2 10 34 6810513615515914812720 411KS 727168204415999999999999999 141 5314 3  299999999999999
102 82 72 75 89112135153159150128 96 62 33 15 11 21 44 7410412814314413620 412KS 755159213914599999999999999 218 711446 1099999999999999
120104 92 87 93106123138147146134112 85 58 36 24 23 34 53 7610011913013220 413KS 824148224813299999999999999 257 871534 2299999999999999
127118109102101105114124132135131119101 81 61 46 37 36 44 58 75 9310912020 414KS 856135999999999999999999999 3451001634 3699999999999999
125125121116111109109113117121122118110 99 85 70 58 49 47 50 59 72 8710220 415KS 028125 94212299999999999999 5121081757 4799999999999999
115124127126122115110106104105108110111109103 93 81 69 58 52 51 57 68 8420 416KS 214128115111199999999999999 8 21041936 5099999999999999
102117129134132124114103 95 91 92 97105112115112104 91 75 61 51 48 54 6720 417KS 31313414 611599999999999999 916 912051 4899999999999999
 86107125137140134121105 90 80 77 82 93107119125123112 95 76 58 47 45 5420 418KS 349140151612599999999999999 951 772142 4599999999999999
 71 95118137146144131111 90 73 64 66 77 96115130136131116 95 71 52 43 4520 419KS 41814716 4136999999999999991020 632220 4299999999999999
 59 82109133149151141120 95 71 55 51 60 80105128143146136115 89 64 46 4120 420KS 4431521643146999999999999991047 512253 4199999999999999
 50 70 98126147156150131103 73 50 39 44 62 89118142154151134109 80 56 4420 421KS 5 61561719154999999999999991113 392323 4399999999999999
 45 61 87117143158157141113 80 51 33 30 43 70102133154160150128 99 71 5220 422KS 5291591753160999999999999991140 292352 4699999999999999
 46 56 78107136156161150125 91 57 32 21 28 50 83118146161160144118 88 6520 423KS 55016118271639999999999999912 7 21999999999999999999999
 53 55 72 98127150161156136103 67 37 18 17 33 62 97131155163155134107 8120 424KS 61216219 016399999999999999 019 521235 1599999999999999
 63 59 69 90117142158159144116 81 47 22 12 20 43 76111141158159146123 9820 425KS 635161193616199999999999999 047 5913 4 1299999999999999
 77 67 70 85108133151158150128 96 61 33 15 14 28 55 8912114515515113611420 426KS 658158201315699999999999999 116 671335 1399999999999999
 93 79 76 84101123142152151136110 78 48 26 16 21 39 67 9812514314914212720 427KS 723153205614999999999999999 146 761410 1699999999999999
109 94 86 87 98114131143147139121 95 67 43 26 22 30 49 7510212413814113520 428KS 750147214814199999999999999 220 851451 2299999999999999
122109 99 95 98107120132138137128110 87 64 44 32 30 38 55 7710011913113520 429KS 824139225813599999999999999 3 3 951543 3099999999999999
131123114107103105111119126130128120105 88 69 52 41 38 43 56 75 9511312720 430KS 912130999999999999999999999 4101031653 3799999999999999
133134129121114108105107111116120121118109 96 79 62 49 42 43 53 69 9011020 5 1KS 032134104912199999999999999 6 91051821 4299999999999999
127138141137128116105 97 95 97104113120123120109 92 73 55 43 40 48 65 8720 5 2KS 15614113 112399999999999999 8 1 951947 4099999999999999
112133147150144130112 94 82 77 81 93110125135135125105 81 58 42 36 44 6420 5 3KS 251151143213699999999999999 9 1 772054 3699999999999999
 91120144158159147125 99 75 60 57 67 87112135150152139116 86 59 40 35 4620 5 4KS 333160153815399999999999999 944 572149 3599999999999999
 70102134158169163142112 79 52 38 39 56 85118147164165150122 89 59 40 3820 5 5KS 4 91691634167999999999999991025 362237 3799999999999999
 54 82117149170174160131 93 56 28 18 26 52 88127159176174155124 89 60 4520 5 6KS 44317517251779999999999999911 4 182321 4499999999999999
 48 68 99134163178173150113 70 33  9  4 20 53 94136167181176154122 89 6420 5 7KS 5161791814182999999999999991143  4999999999999999999999
 54 62 86118150173179165134 92 49 15 -3  0 22 58102142170181172149118 9020 5 8KS 54917919 318199999999999999 0 3 541223 -499999999999999
 71 67 80104134161175172151116 73 34  5 -6  3 29 6710914516817416414211520 5 9KS 621176195117499999999999999 043 6713 4 -699999999999999
 92 80 82 97120145164170160134 98 59 26  4  0 13 41 7711414416116415313420 510KS 653170204016599999999999999 123 791345 -199999999999999
113 97 90 95110130149160159145118 85 52 25 11 12 27 53 8511613915215314320 511KS 726162213215499999999999999 2 4 901428 1099999999999999
128113102100106118133146151145129105 77 51 32 23 27 41 64 9011513414314320 512KS 8 1151223114499999999999999 248 991514 2399999999999999
136125114107106111120130137138132118 98 77 57 43 38 41 54 72 9311312813620 513KS 841138234113899999999999999 34210516 6 3899999999999999
138133125116110108109115121125126121111 97 81 66 55 51 53 62 77 9411112520 514KS 938126999999999999999999999 5 31081711 5099999999999999
134136133126117109104102104109113116116111101 89 77 66 60 60 67 79 9511120 515KS 057136112111799999999999999 6541021829 6099999999999999
126136139136127115104 95 91 92 97105112117116110 99 86 74 66 64 69 81 9820 516KS 159139132211799999999999999 816 911946 6499999999999999
116131141143137124108 92 81 77 80 89102115123125119107 92 77 67 65 71 8520 517KS 244144144312599999999999999 9 4 772047 6599999999999999
104124140148146135116 95 76 65 63 71 87106123133135127112 93 77 67 66 7520 518KS 320149153913599999999999999 941 632135 6599999999999999
 93115135150154146127102 77 58 49 53 68 91115134145144132112 92 75 66 6920 519KS 3501541624146999999999999991012 492215 6699999999999999
 83104128148158155139113 83 57 40 37 48 71100128147155149132109 87 72 6820 520KS 41715817 3155999999999999991042 362250 6899999999999999
 76 95119142158161150125 93 61 37 26 31 51 81113141158161150128104 83 7220 521KS 4431621740162999999999999991112 262323 7199999999999999
 73 87110135155164158138107 72 41 21 18 31 59 94128154166162146122 98 8020 522KS 5 91641816166999999999999991142 172355 7599999999999999
 75 82101125148163164150122 86 51 24 11 16 38 71108141162168159139114 9320 523KS 5351651853168999999999999991213 11999999999999999999999
 81 81 94115139157165158136103 66 34 13  9 21 49 8512115016516615213010820 524KS 6 2165193016799999999999999 028 791245  899999999999999
 91 85 90106128148161161147120 85 51 23 10 12 31 61 9713015416416014412320 525KS 631163201116499999999999999 1 1 851321  999999999999999
104 92 91100117137153159153134105 72 41 20 12 20 42 7210613515416015313720 526KS 7 4159205616099999999999999 138 9014 0 1299999999999999
119104 96 98109124140151153143123 95 65 39 23 19 30 52 8111113615115414720 527KS 740154214715499999999999999 219 961445 1999999999999999
133118106101104113126138145144134115 90 64 43 30 29 39 60 8611313414715020 528KS 825146224715099999999999999 3111011537 2899999999999999
144133120109104105111121131137136128113 92 70 52 40 38 47 65 8911313314620 529KS 928137235514999999999999999 4211031640 3899999999999999
149145134121110102100103111120128131127117100 81 63 51 47 53 69 9011313420 530KS11 0131999999999999999999999 5521001753 4799999999999999
147152148136121105 94 88 89 97109121130132126112 94 75 60 54 58 72 9311620 531KS 1 1152124713299999999999999 718 8719 8 5499999999999999
138153157151136116 95 79 70 72 82 99118133141139127107 86 68 60 62 76 9820 6 1KS 156157141714299999999999999 822 702017 5999999999999999
123146161163153132106 80 59 50 54 69 93119141153153140118 94 75 65 67 8220 6 2KS 242164152815499999999999999 914 502118 6499999999999999
106133156169167151123 91 60 38 31 39 60 91124150165164150126100 79 70 7420 6 3KS 324170162816699999999999999 959 312211 7099999999999999
 92118145166175167144110 72 40 19 15 29 57 94131160174172155130103 83 7620 6 4KS 4 31751722175999999999999991043 1423 0 7699999999999999
 83103130157174177163133 94 54 22  5  6 26 60101139167180175156130104 8720 6 5KS 4401781812180999999999999991126  32345 8399999999999999
 83 94116142165178174153119 78 39 10 -2  5 30 6710914617118017215212610420 6 6KS 51817819 01809999999999999912 8 -2999999999999999999999
 91 91104127151170176167141104 64 28  5 -2 11 39 7711715117117616514512220 6 7KS 555176194617699999999999999 029 891250 -299999999999999
103 95 99114135156170170155127 91 54 23  6  6 23 52 8912515316816815613720 6 8KS 632172203117099999999999999 110 941331  499999999999999
117103 99105121140157165160143114 81 49 25 14 19 38 6710013015216215914720 6 9KS 710165211516399999999999999 152 991412 1499999999999999
129113103102110124140152156148130103 75 49 32 26 34 54 8010913415015615120 610KS 75015622 015699999999999999 2361011454 2699999999999999
138123110103104112124136144145136119 97 73 54 42 41 50 68 9211613514715020 611KS 834146224715099999999999999 3261031537 4099999999999999
144133120109103103109119128134134127113 95 77 62 54 55 64 8110112013614520 612KS 928135233814699999999999999 4261021625 5399999999999999
146140129117106100 99103110119124125121111 97 83 72 66 67 76 9010712413720 613KS1042126999999999999999999999 540 981721 6699999999999999
144145138127114101 93 90 93100109117121120114104 93 82 77 77 84 9611212720 614KS 033145122012199999999999999 659 901827 7699999999999999
139146145137124108 93 83 79 82 90102114122125121113102 91 84 84 8910111620 615KS 125147135612599999999999999 8 3 791937 8399999999999999
132144149147136118 99 81 69 65 71 84100116129134131122109 97 89 87 9410620 616KS 21115015 913499999999999999 853 652041 8799999999999999
123139150153147131108 85 65 54 53 63 81103124139144140128113 99 91 90 9820 617KS 25115316 314499999999999999 934 522134 8999999999999999
113131147156156143121 94 68 48 39 44 60 85112136151154147131114 99 91 9320 618KS 3261571648154999999999999991010 392219 9099999999999999
104121141156161155136108 77 49 32 28 39 63 93124149161161149131111 97 9120 619KS 3591611728163999999999999991045 2723 0 9199999999999999
 97112132151163164150124 91 58 32 19 22 40 70105138160169164148126107 9420 620KS 43216518 7169999999999999991119 182337 9299999999999999
 93103121143160168162142110 74 41 18 11 21 46 8111915016917316314312110220 621KS 5 51681845173999999999999991155 11999999999999999999999
 94 97111131152167169157131 95 58 27  9  9 25 56 9413115917317215813611420 622KS 540170192517599999999999999 014 931232  799999999999999
 99 95102119140159170167149119 82 46 19  7 12 34 6810614016417416815112920 623KS 61817020 517499999999999999 052 951312  699999999999999
109 98 97108126146162168161139108 72 39 17 10 20 45 8011614716617116214420 624KS 658168204817199999999999999 133 961354 1099999999999999
123106 97100112129148161164153131100 66 38 21 19 32 58 9112515116616615520 625KS 743164213316899999999999999 217 971439 1899999999999999
137118103 97100112129145156156146124 96 67 43 30 31 45 7010113115316416220 626KS 835157222116499999999999999 3 9 971528 2999999999999999
150132114100 95 98108123138147148139121 97 73 54 43 45 59 8211013515416120 627KS 937149231116299999999999999 4 9 951621 4399999999999999
158146128110 96 89 91 99113127138142137123104 84 67 59 60 73 9311713915520 628KS1056142999999999999999999999 520 891721 5899999999999999
160156143125105 89 80 79 87100116130138138130115 98 83 74 74 8410212314220 629KS 0 4161123113999999999999999 635 781828 7399999999999999
156161156141120 98 79 67 64 71 87106124138144140128112 97 87 85 9310812820 630KS 05816114 514499999999999999 745 641941 8599999999999999
147160163156139114 88 66 51 48 56 75 99123142152152141125108 97 93 9911420 7 1KS 151164152515399999999999999 846 482052 9399999999999999
133152164166156135107 76 51 35 33 44 67 97126150163163152134115102 9710420 7 2KS 242167163016499999999999999 940 322155 9799999999999999
119139158169169155130 97 63 36 21 21 37 65100133159172170157137117103 9920 7 3KS 3301711724173999999999999991029 192249 9999999999999999
107124145164174170152122 86 50 23 11 15 36 6910714216717817415713511510220 7 4KS 4151741812178999999999999991115 102336 9999999999999999
100111130152170176169146112 74 39 15  6 16 42 7811715117318017115212910920 7 5KS 4591761854180999999999999991158  6999999999999999999999
 99102116137158173176163137101 63 30 11  8 23 53 9112915917617716414312020 7 6KS 541177193417999999999999999 019 991238  799999999999999
104 98104121143163174172155125 89 53 26 13 17 37 6910614016417517015413220 7 7KS 621175201017599999999999999 058 981317 1299999999999999
111 99 97108126147164171164143113 79 48 27 21 30 54 8612014916617016014220 7 8KS 7 1171204517099999999999999 136 971353 2199999999999999
121104 96 99111130149162164153131102 71 47 33 34 48 7310313215416516214920 7 9KS 740164211816599999999999999 214 951428 3299999999999999
130111 98 94100114131147155154141119 93 69 51 44 50 67 9111814115616015420 710KS 821156215116099999999999999 255 9415 3 4499999999999999
139121105 95 93100113128141146143130111 90 71 60 58 67 8410712914615515520 711KS 9 7146222615699999999999999 340 931539 5899999999999999
146131114100 92 91 98110123133137133123108 92 79 72 74 83 9911813514815320 712KS10 213723 615399999999999999 434 911619 7299999999999999
150139125109 96 88 87 93103114124128127120110 99 90 86 88 9711012513814720 713KS1118129235315099999999999999 539 8717 9 8699999999999999
150146135121105 91 83 80 85 94106117124127124117109102 98 9910611612814020 714KS1259127999999999999999999999 649 801816 9899999999999999
147149144133117100 84 73 70 75 85 9911412513213212812011210710611011913020 715KS 048149143613399999999999999 755 70193910699999999999999
141149150144131112 92 73 61 58 64 78 9711613214114313812911911110811212020 716KS 144150154514399999999999999 851 58205710899999999999999
133144152153145127105 80 60 47 46 56 75 9912314315315414613412011110711220 717KS 235154163515599999999999999 938 45215610799999999999999
123137150158157144122 94 66 44 33 36 51 7710713515516516215113411810710520 718KS 3211591717165999999999999991020 33224310599999999999999
112127144159165160142114 81 51 29 21 29 51 8311814816817416615013011210220 719KS 4 416517551749999999999999911 0 21232410299999999999999
104115134153168171161137103 67 36 16 13 28 56 9413116117717816614412210520 720KS 4471721833180999999999999991140 12999999999999999999999
 98104120142163176175159130 92 54 23  8 11 32 6610714517218317816013611220 721KS 529177191118399999999999999 0 3 981220  799999999999999
 97 95105125150170181176155121 81 43 16  6 15 42 8012115617918417315112520 722KS 612181194818499999999999999 042 9413 1  699999999999999
103 91 93108130155174181172148112 72 38 16 12 26 56 9513516518118016514020 723KS 657181202618399999999999999 122 901343 1199999999999999
114 95 87 92109133157174177166140105 68 39 23 24 43 7411214617118017315420 724KS 74517821 418099999999999999 2 5 871425 2199999999999999
128104 88 83 91109132154168170157132101 70 47 37 42 63 9312615517217516420 725KS 836171214217699999999999999 252 8315 9 3799999999999999
143118 96 82 80 88106127147159160148128102 78 61 56 64 8311013715917016820 726KS 934161222117199999999999999 344 791554 5699999999999999
155134110 90 78 75 83 99118136147150142127109 91 79 76 8410112314415916620 727KS104515023 516699999999999999 444 751645 7699999999999999
161147127105 86 73 70 75 88106123136142141132120107 98 9610111413014615720 728KS1218143235816199999999999999 553 701748 9599999999999999
161157143124102 82 68 62 65 76 9311112814014414213312311411011212013214520 729KS14 6144999999999999999999999 710 62191011099999999999999
155159155143123100 78 61 52 53 63 8110412514315215314613512411711612113120 730KS 1 1159153515499999999999999 825 51204211599999999999999
144155161157145124 98 73 52 41 41 53 7510212915016216415614212811711411820 731KS 210161163716499999999999999 929 39215511499999999999999
130145158165161147123 94 65 42 30 32 48 7410613716017217115914212411210920 8 1KS 3121651724173999999999999991022 29224910999999999999999
116130148164170165147119 86 55 32 22 28 49 8111614817117917315613511510420 8 2KS 4 617018 31799999999999999911 7 22233010299999999999999
104115134155170175166144112 76 44 24 19 31 58 9313016117818016814712310420 8 3KS 4531761838181999999999999991147 18999999999999999999999
 97102118140162177178164136101 65 36 20 22 41 7211014517118117615713310920 8 4KS 53517919 918199999999999999 0 7 971224 1999999999999999
 94 92103124148169179175156124 88 54 31 23 33 57 9212815917617816614311720 8 5KS 613180193717999999999999999 040 911257 2399999999999999
 97 87 91108131156173178168144111 76 48 32 33 49 7811214516817717015112620 8 6KS 65017820 417799999999999999 112 871328 3099999999999999
103 87 84 94114138160172171156130 98 68 47 40 49 7010013215717117115813620 8 7KS 726173203017399999999999999 144 841357 4099999999999999
111 92 82 84 98119142159166160142116 89 66 54 54 68 9212014616416916214420 8 8KS 8 3166205516999999999999999 218 811426 5299999999999999
121100 85 80 86102122142155157148130107 86 70 66 72 8911213615516416315120 8 9KS 843158212116599999999999999 255 801455 6699999999999999
131110 92 81 80 88104122137146146137122104 89 81 81 9110712714515716015420 810KS 929147215016099999999999999 337 791527 8099999999999999
140121103 88 80 80 89102117130137137130119107 98 95 9810712113614815415320 811KS1028138222415599999999999999 428 7916 4 9599999999999999
145132115 99 86 79 79 86 9711012112913112912311611110911111812813814614920 812KS1158131231214999999999999999 531 78165810999999999999999
148140128113 98 84 76 74 79 8910111412513213413212812312012012312913614220 813KS14 1134999999999999999999999 646 74183311999999999999999
146145139128113 96 80 69 65 69 79 9411112713814414414013312612212212613320 814KS 024146152914599999999999999 8 2 65203212299999999999999
140147148143131113 92 73 58 53 57 70 9011313415015715614813712611811712220 815KS 146148162015899999999999999 9 5 53214411799999999999999
131143152155150134111 85 61 44 39 46 65 9212114716416916415113411911111020 816KS 25315617 016999999999999999 956 39223110999999999999999
119134150162165157136107 75 47 29 26 39 65 9913316117717816714812610910120 817KS 3471661736179999999999999991041 25231010199999999999999
105119140161174176162135 99 62 32 17 19 38 72111149176187182163138113 9620 818KS 4361771811187999999999999991123 152347 9299999999999999
 92102123149172185183164130 89 50 21 10 19 46 85128164187191179153123 9820 819KS 52218718451929999999999999912 4 10999999999999999999999
 84 85102128158182193186161123 80 41 17 12 27 6010214517719318916913810720 820KS 6 7193191819499999999999999 024 821244 1199999999999999
 83 74 81103134165187194183154115 73 39 21 23 44 8012216018519218115412120 821KS 654195195119399999999999999 1 3 741324 1999999999999999
 91 71 68 80106137167187190175146108 71 44 34 42 6710314117118718616713720 822KS 741191202418999999999999999 143 6714 4 3499999999999999
105 78 64 65 80107137164179180164137105 76 57 54 66 9212415417618317415220 823KS 831182205618399999999999999 227 621443 5399999999999999
122 93 71 61 64 81106133155167167154132108 87 76 78 9111313916117417416120 824KS 927169213017699999999999999 314 601524 7599999999999999
138111 86 69 61 65 80101123142153154146131116103 9710011212914716116716320 825KS103615522 716799999999999999 4 8 611610 9799999999999999
150129107 86 70 63 66 76 9311112814014514313612812011611812513614715515820 826KS1214145225615899999999999999 515 63171211699999999999999
154143127108 89 74 65 63 70 82 9911613114214614614113412912712913414114820 827KS1420147999999999999999999999 639 6319 112799999999999999
151150143130113 94 76 64 58 61 72 8910912914515515615214313412712512713420 828KS 018152154515799999999999999 810 5821 012599999999999999
142149152148136118 97 75 59 50 52 64 8410913415416516615814413012011511820 829KS 157152163416699999999999999 921 4922 411599999999999999
128141153159156143121 95 70 51 41 45 61 8711714516517417015613711910710520 830KS 3111591710174999999999999991014 41224510599999999999999
112128146161168163146119 89 61 41 35 44 66 97131159176178167147124105 9520 831KS 4 61681740179999999999999991055 352318 9499999999999999
 98112133155171175166143112 78 50 34 34 50 79114147172182176157132107 9020 9 1KS 45017618 8182999999999999991131 322347 8699999999999999
 86 96117143166180179163135100 66 42 33 41 64 98134163180181167141113 9020 9 2KS 52818118331839999999999999912 2 33999999999999999999999
 79 82100126154175184177154122 86 56 39 39 55 84120152175183173151122 9420 9 3KS 6 3184185618399999999999999 016 781231 3799999999999999
 76 72 84108137164180182168141107 75 52 44 52 7610814116718017715913110220 9 4KS 637184191818199999999999999 044 721259 4499999999999999
 78 68 72 90118147170180175155126 94 68 54 56 72 9913015817517816514111220 9 5KS 711180194017999999999999999 112 671325 5399999999999999
 85 68 65 76 99127153170174163141113 87 69 64 73 9412114816817516814912220 9 6KS 74517420 117599999999999999 142 641351 6499999999999999
 95 74 64 67 83107133154165164150128105 86 77 80 9311513915917016815513220 9 7KS 822166202317199999999999999 214 631417 7699999999999999
107 84 69 65 73 90113135151157152138120103 92 90 9711213114916116415714020 9 8KS 9 3157204716599999999999999 250 651445 9099999999999999
118 96 78 69 68 78 9411413214314714213211910910310511312614015215715514520 9 9KS 954147211315799999999999999 331 67151710399999999999999
129110 92 78 71 72 81 9511012513413813713112411911611812513314214815014620 910KS1110138214815099999999999999 423 7116 211699999999999999
137123108 93 81 74 73 79 8910311612713413813713413112812712913313714114220 911KS1320138225814299999999999999 537 73174412799999999999999
140135125112 97 83 73 69 71 80 9310812413714514814614113512912712713013520 912KS15 5148999999999999999999999 710 69202712699999999999999
139142140132119101 83 68 59 59 68 8410512714615716115714713512411711712220 913KS 1 7142155516199999999999999 832 58213511699999999999999
132143151151143126103 78 58 46 46 58 8010913715917217216214512611110410620 914KS 236152163217399999999999999 931 44221510499999999999999
118135153164166154131101 69 45 32 35 53 84119152175184178160135111 94 9020 915KS 33616717 5184999999999999991019 312251 9099999999999999
 98118143166180179162132 95 59 32 22 31 57 95135169189191176149118 91 7720 916KS 42718117371929999999999999911 2 222326 7599999999999999
 78 94122154180193189165129 87 49 25 20 37 70112153184197190166132 97 7120 917KS 51519418 9197999999999999991143 20999999999999999999999
 61 70 94129165191202192163123 79 44 26 29 52 89133171194198181149110 7520 918KS 6 1202184019999999999999999 0 2 611222 2499999999999999
 54 51 67 98136172197203188157116 76 47 36 46 74113152183197190165128 8920 919KS 648203191119799999999999999 040 4913 1 3699999999999999
 58 43 46 68102141174194196179148111 78 58 55 70 9913516718819217614610820 920KS 735198194119399999999999999 119 421339 5499999999999999
 73 48 39 47 72105141170185184167140110 87 75 78 9512215117418518015912820 921KS 825187201118599999999999999 2 0 391418 7499999999999999
 94 64 45 42 53 76106137160171169156135115100 9510111713815917217516414320 922KS 921172204117599999999999999 245 411457 9599999999999999
115 86 63 50 49 59 7910412814615615614813612411511412013114515816416115020 923KS1030157211516499999999999999 336 48154311399999999999999
132109 88 70 59 58 65 79 9811613214314714614113513012813013614314915214920 924KS121414822 315299999999999999 440 57165612899999999999999
141128112 95 80 69 64 67 76 8910612213614515014914513913413113113313714020 925KS1420150235114299999999999999 6 9 64193013199999999999999
141139131120105 89 76 67 65 69 81 9811813615015715715114113112311912112620 926KS1529158999999999999999999999 750 64211311999999999999999
134141144140130114 95 77 64 59 63 77 9812114315916616215113512010910611020 927KS 15914416 816699999999999999 9 4 59215610699999999999999
121135147153150138118 95 73 58 53 60 79104132155169171161143122104 93 9420 928KS 312153163817299999999999999 955 532228 9299999999999999
105123142158164158141116 89 65 51 50 63 88118147168176170153128103 86 8020 929KS 4 216417 4176999999999999991034 492256 8099999999999999
 88106131154170172161138108 79 57 47 54 74104136163178178162137108 83 7020 930KS 44217317281809999999999999911 6 472322 6999999999999999
 72 88114143167179176158129 97 68 51 50 64 91124155176181171147115 86 662010 1KS 5181801751182999999999999991136 492349 6099999999999999
 61 72 96127157177183173148116 85 62 53 60 82113145170182177156125 92 662010 2KS 55118318121829999999999999912 3 53999999999999999999999
 53 58 77108141168183181164135103 76 61 61 77103135162179180164136102 712010 3KS 624184183318199999999999999 015 531229 5999999999999999
 52 48 61 88121153175182173151122 93 73 67 76 97125153173179170146114 812010 4KS 657182185317999999999999999 043 481255 6799999999999999
 56 45 50 70100133160176176162138111 89 77 79 94118144165175171153125 932010 5KS 731178191417699999999999999 111 451321 7699999999999999
 65 48 45 58 82112141162171166149126105 90 87 951131351551681701581351062010 6KS 8 7171193617199999999999999 141 451348 8799999999999999
 78 57 48 51 67 92120144159162154138120105 981001111281461591641581421192010 7KS 846162195816499999999999999 213 471416 9799999999999999
 93 71 56 52 60 77 991221411511521451321201111091131241371491551551451292010 8KS 934153202415699999999999999 251 52145010999999999999999
108 87 70 60 59 67 821011191341431441401331251211201241301381451471441352010 9KS1043145205614799999999999999 338 59154012099999999999999
121105 89 75 67 65 70 81 96112126136142142139135130128128130133136137136201010KS123614222 613799999999999999 447 65173512799999999999999
131122110 97 83 72 66 67 75 88104121135145150149144137129124121122125130201011KS1421150999999999999999999999 622 66201512199999999999999
135135131121107 90 74 63 59 65 78 98120141155162159150136122111107109117201012KS 043136151416299999999999999 754 59211210699999999999999
129140147146135116 93 71 55 49 55 73 98127152169173166149127107 93 89 96201013KS 222148155217399999999999999 9 0 492150 8999999999999999
113133152163162148123 93 65 45 39 50 74106140168182181165139110 85 72 73201014KS 325165162518499999999999999 952 392226 7099999999999999
 88114143168180177157126 90 58 38 36 52 83121157183191181155121 86 61 51201015KS 4181811657191999999999999991037 3523 2 5199999999999999
 60 85119155183194187161124 85 53 37 41 64100140174194193173138 97 61 39201016KS 5 71941729196999999999999991119 362339 3599999999999999
 36 53 86127166193202189160120 82 54 44 55 83121159187198187157116 73 40201017KS 55420218 0198999999999999991159 44999999999999999999999
 23 28 52 91135173197201185154116 82 61 59 75105141174193193173137 94 53201018KS 642202183119699999999999999 017 221238 5799999999999999
 25 16 27 57 97140174194194176147114 88 74 78 97126157181190181155117 76201019KS 73119619 119099999999999999 057 161318 7499999999999999
 41 20 18 34 64103141170184182165140115 97 91 98117142165179180165136101201020KS 822185193218199999999999999 138 171357 9199999999999999
 66 39 25 27 44 72106137160171168155137119108107115131149164170165148122201021KS 91717120 417099999999999999 222 24144010699999999999999
 92 64 44 36 40 55 79105130148157156148137126120119126136147155156149134201022KS1025158204015799999999999999 312 35153211999999999999999
114 91 71 56 50 52 64 81102122137147149146140133128126128132138142142137201023KS1156149213314299999999999999 412 49165912699999999999999
127113 97 82 70 63 62 69 81 97114130142148149145138130125122122124128131201024KS1338149233413199999999999999 533 62192712199999999999999
131127119108 94 81 72 67 70 79 93111129143152153148138126116109107111118201025KS1443154999999999999999999999 7 9 67204910799999999999999
126132133129118104 88 75 67 68 77 93114134150159157148132115101 93 93101201026KS 146134152315999999999999999 827 672129 9299999999999999
114128139143139126108 89 73 65 66 78 99122145160165158141119 98 83 77 83201027KS 3 0143155416599999999999999 921 6422 1 7799999999999999
 97117137150154146129107 85 69 62 68 85110136157168166151127101 78 65 66201028KS 35015416201699999999999999910 1 622229 6499999999999999
 79101127149162162149127101 78 64 63 75 98126152169172161138107 79 58 52201029KS 4301631644173999999999999991036 622256 5299999999999999
 60 82111140162171165146120 93 72 64 69 88115143166175169148117 84 57 42201030KS 5 617117 71759999999999999911 6 642323 4199999999999999
 44 62 92125154172175163139110 85 70 68 81105134159174174158129 94 61 39201031KS 5401761730176999999999999991135 672350 3399999999999999
 33 45 71105140166178174155128101 80 72 79 98124151170176165140106 70 422011 1KS 61417817521769999999999999912 3 72999999999999999999999
 28 32 52 84120152173178167144117 94 80 80 93115141163174170150119 83 512011 2KS 647178181417499999999999999 018 271231 7899999999999999
 30 25 38 64 99133160174172156133109 91 85 91109132154168170157131 98 642011 3KS 722175183717199999999999999 047 251259 8599999999999999
 39 26 30 48 78112142163170163145123104 94 94105123143159166160141112 812011 4KS 75817019 216699999999999999 117 251329 9299999999999999
 53 34 29 39 60 90121146160162152136118105100104117133149158158146125 982011 5KS 838163192815999999999999999 151 2914 210099999999999999
 70 48 36 37 49 71 981241441541531441311181101081141251371471511461331132011 6KS 926155195915199999999999999 229 35144210899999999999999
 90 67 51 43 45 58 781011231391471471411311221161151191261341401411361242011 7KS1030148204214199999999999999 316 43154311599999999999999
108 89 72 58 51 53 63 79 991181341431461431361281221181181211251291311292011 8KS115514622 413199999999999999 419 51173311799999999999999
123111 97 81 67 58 57 63 76 941141311441501491421321221131081081121181252011 9KS1321150999999999999999999999 543 56193410899999999999999
129128122109 92 76 62 56 60 72 91113134150158157147132115100 92 91 98110201110KS 023130142015999999999999999 711 562036 9099999999999999
124136141136123103 82 64 54 55 69 91117143161168162146123 99 80 70 72 85201111KS 2 414115 416899999999999999 822 532120 6999999999999999
106129148156153137112 85 63 51 54 70 97128155173176163138107 77 55 48 56201112KS 313157154117699999999999999 920 5122 0 4899999999999999
 77107138162172167147117 86 62 51 57 78109143169183178157123 85 52 31 28201113KS 4 917316151839999999999999910 9 512239 2799999999999999
 44 74112149175185176152119 86 63 56 66 92125158181187174144103 61 28 11201114KS 5 11851649188999999999999991055 562318 1099999999999999
 15 39 77120159184191179152118 87 68 65 80109142171188185163126 81 39 10201115KS 5511921723189999999999999991138 642359  099999999999999
  0 11 40 83128165188191176148116 89 76 78 97125156179187176148107 62 24201116KS 6401921757187999999999999991220 75999999999999999999999
  0 -3 14 47 90133167185185169142115 94 86 93112139164179180163130 90 49201117KS 729188183118299999999999999 040 -413 2 8699999999999999
 17  1  3 23 57 98136164178175159136114100 97106124146165173167146115 78201118KS 81917919 717399999999999999 123 -11344 9699999999999999
 43 19  9 15 36 68103135158167163150132115106106115130147159161152131103201119KS 911167194416299999999999999 2 7  9143010599999999999999
 72 46 28 22 30 50 77106132150156153142129117111111119130141147147137120201120KS10 8156202614899999999999999 254 22152511099999999999999
 97 73 53 41 38 46 62 84108128142148146139128119113112116123130134133126201121KS1114148212313499999999999999 346 38164111299999999999999
113 97 80 65 55 53 58 71 88108125138144143138128119111107107111116121123201122KS1226144225812399999999999999 448 52182610799999999999999
120113102 89 77 67 64 67 77 91108124137144144138127115104 96 94 97104112201123KS1331145999999999999999999999 6 3 641954 9499999999999999
118121118110 99 87 76 71 72 80 94111128141148146137122106 91 82 79 84 95201124KS 1 2121142014899999999999999 721 702048 7999999999999999
108120126126120107 93 81 74 74 83 98117135148152147133113 91 74 65 66 76201125KS 230127145815299999999999999 827 732126 6499999999999999
 92111127136136127112 96 82 74 76 87105126144155155143123 97 73 56 50 56201126KS 330137153015799999999999999 919 742159 5099999999999999
 73 96120138147144132113 94 80 75 80 95116138154160153134107 77 52 38 38201127KS 41614715591609999999999999910 1 752230 3699999999999999
 52 77106132150156149132110 91 78 77 87106129150162161146119 86 55 33 25201128KS 4561561626163999999999999991038 762259 2599999999999999
 33 56 87119146161161149128105 86 78 82 97119143160165155132 99 64 35 18201129KS 5321631652165999999999999991111 782329 1699999999999999
 19 35 65101134158167161144120 98 84 81 90110133154165162144113 77 43 19201130KS 6 71671718166999999999999991143 802359 1099999999999999
 10 19 44 79115146165168157136112 93 84 87101123145161165153128 93 57 262012 1KS 6421691745165999999999999991215 83999999999999999999999
  9  9 26 56 93129155167164148126105 90 87 95113135153163159140110 75 412012 2KS 717168181416399999999999999 031  71246 8799999999999999
 17  7 14 37 70107138159165157139118100 91 93105123142156159149126 94 602012 3KS 754165184415999999999999999 1 4  71320 9099999999999999
 31 14 11 24 50 83116143158159148131112 99 94100113130145153151136112 812012 4KS 835160191815499999999999999 140 101358 9499999999999999
 52 28 17 19 35 62 93122144154152141125110101 991051171311421461411251022012 5KS 920155195814699999999999999 220 161443 9899999999999999
 75 50 32 24 29 46 71 991241421501471371231101021011061151261341371311182012 6KS1013150205013799999999999999 3 6 24154410199999999999999
 98 75 54 40 34 39 55 77102124140147145136123111102 991011071161241281252012 7KS111414722 812899999999999999 4 1 3417 7 9899999999999999
116101 82 64 50 44 48 61 81104125140147146137124109 97 90 89 941031131212012 8KS1219148235812499999999999999 5 8 441839 8899999999999999
124120109 94 77 62 54 55 66 84106127143151149139122103 86 75 71 77 881042012 9KS1319152999999999999999999999 624 531952 7199999999999999
118128130123108 90 73 62 61 69 87110132149157153138116 91 68 54 51 59 76201210KS 141130141015799999999999999 739 602048 5099999999999999
 99121137143137122102 82 68 65 74 92117141158163155134105 74 47 32 30 43201211KS 3 1143145516399999999999999 846 652136 2999999999999999
 68 98127148157151134110 88 73 69 79100126151166168153126 90 54 25 11 13201212KS 4 5157153616999999999999999 944 692221 1099999999999999
 33 65102136160168161141115 91 76 75 87110137161173169148113 72 34  6 -5201213KS 5 11681616173999999999999991036 7323 5 -599999999999999
  3 29 67108145169175165143116 92 79 81 96121148168175165138 99 55 17 -8201214KS 5531761656175999999999999991124 782348-1499999999999999
-14  0 31 73117152174177164140113 92 83 88105131156172173157125 84 41  6201215KS 64117817351759999999999999912 9 82999999999999999999999
-14-14  5 40 83124157174173158133109 91 86 95114138159170166146111 70 31201216KS 727176181517199999999999999 031-171252 8699999999999999
  2-12 -7 16 52 93131158169165148125104 91 90101120142158164155132 98 60201217KS 812170185516499999999999999 113-121335 8999999999999999
 27  4 -3  7 32 66103135156162154137117100 91 93105123141153154142118 87201218KS 855162193515599999999999999 155 -31418 9199999999999999
 55 28 13 11 24 49 80112137151153143127110 97 92 95107121135143141128106201219KS 938154201914399999999999999 236 1015 5 9299999999999999
 80 54 35 25 28 42 65 92118136145144134120105 95 91 95104116126130127116201220KS102214621 813099999999999999 317 2516 1 9199999999999999
 98 78 59 45 40 45 59 79101121135140137128115102 92 88 90 97106114118116201221KS11 8140221211899999999999999 4 0 401710 8899999999999999
108 95 81 67 58 56 61 73 89107123133137134124111 98 88 82 82 87 94102108201222KS12 0137234711099999999999999 449 551831 8199999999999999
110106 98 88 78 71 69 73 82 96111124133136132122108 92 79 71 70 74 83 94201223KS1254136999999999999999999999 551 691945 7099999999999999
103109110106 98 89 81 78 81 88100114127135137132119101 83 67 58 56 62 75201224KS 140110134613799999999999999 7 6 782042 5699999999999999
 90104114118116108 98 89 84 85 92104118131139139130113 92 70 52 42 43 54201225KS 3 6118143214099999999999999 822 832126 4299999999999999
 71 92111124129125116103 92 85 86 94108124137143140126104 78 53 35 28 33201226KS 4 4129151114499999999999999 924 8522 3 2899999999999999
 50 74100122136139133119104 91 85 87 98114131144147138118 90 60 34 19 17201227KS 4481401547147999999999999991013 852238 1699999999999999
 29 53 83112135147147135118100 88 84 90104123140150148133106 73 41 17  6201228KS 5261481621151999999999999991053 842312  599999999999999
 11 31 61 96127147155149133113 95 84 84 95113133149154146123 91 55 23  3201229KS 6 21551654154999999999999991130 832346 -299999999999999
 -2 11 38 74110140156158146126105 88 82 87102123143155154139110 74 37  8201230KS 63715917281579999999999999912 4 82999999999999999999999
 -7 -4 16 49 88124149160156140118 97 84 82 92111133150158151129 96 58 23201231KS 71216118 215899999999999999 020 -81238 8199999999999999
