348323270202137 90 73 9013519826431935035232527822317714814616921025930120 1 1KU1233355999999999999999999999 6 0 73183614499999999999999
32432129124118413510510312717222828132033732829825420917415615818021525420 1 2KU 02432613 933799999999999999 636100192215499999999999999
28630229627023018615013013315719724328531432231128224420617515916017620520 1 3KU 115303135532399999999999999 723129202815799999999999999
23926828428426723720317315615617420624428030531330427924520717415314715920 1 4KU 229286145931399999999999999 830154215014799999999999999
18521925327828828125822719617416717720323827430231531028624920516313312220 1 5KU 4 4288161431699999999999999 95616723 212299999999999999
13216320625028730730628425021218016416919423227430932732329624919414110420 1 6KU 52730917213289999999999999911171632358 9099999999999999
 9010614620226030733433430826521617515315618523128232434533830124217411220 1 7KU 6303371817347999999999999991222151999999999999999999999
 70 60 8513920827833336335932427021216313814418123829734436535130122814820 1 8KU 72336519 736599999999999999 047 59131813699999999999999
 79 38 35 7214022230136138837733326820014712213618425031736638235829420820 1 9KU 813389195538399999999999999 135 3114 912299999999999999
120 48 10 17 6714824032538640938833225718312810913319226833838639535828120 110KU 9 1409204239799999999999999 222  7145710999999999999999
185 91 21-11  8 7216426335140942238932123816111010013720728936040340134920 111KU 947424212840899999999999999 3 8-111542 9899999999999999
261158 64 -2-22 11 88188291376426425378300212137 94 9915022831238041239620 112KU1030432221241399999999999999 353-221624 9099999999999999
332235131 41-14-19 29116221321398432415354268181114 8610716925233339141120 113KU1110433225441199999999999999 436-2417 5 8699999999999999
380305206106 27-12  0 61154257349410425390318232152 99 8812319227334539120 114KU1147426233640099999999999999 516-141744 8699999999999999
396354274180 92 29  8 35104197291367409404355280198131 94 9814121028434520 115KU1224412999999999999999999999 556  81824 9099999999999999
378371323248165 93 48 43 80149233313371393373319247175121 9811015521728120 116KU 02038013 239399999999999999 638 4019 9 9799999999999999
331354342299235167112 82 8512318625732136237034429122616512110411715621020 117KU 111354134437199999999999999 724 7920 410499999999999999
26530732832028723818614312112515620726431434534832327621916512510711414520 118KU 214329143635099999999999999 821119211310699999999999999
19024028330831129325821617915515217221125830032833431527622317012610110020 119KU 339313154433599999999999999 9381512233 9799999999999999
123165216264300317312286248209178164172202244287319332320284231172120 8620 120KU 51531817 23329999999999999911 81642348 7799999999999999
 78 9714119825730533433731527422718516116118723228132134133229523516810720 121KU 6373391813342999999999999991229158999999999999999999999
 66 54 7612519226132035636233628823117914714517522728433235634530123315620 122KU 740364191335699999999999999 052 54133314299999999999999
 89 45 35 6312219827734137938034528722016212913217123329834937135429922020 123KU 83138420 437199999999999999 146 34142512599999999999999
137 67 25 23 6213221730036539638633927019713811212717925032036938235228420 124KU 916397204938399999999999999 233 1915 911199999999999999
197111 44 12 24 7715724832938640437831724016611510313520027734638638433720 125KU 954404212839199999999999999 315 11154610299999999999999
256164 81 25  9 40108196286360400397353280200133 9810715723231037039437220 126KU102640522 239499999999999999 350  91619 9699999999999999
307217126 53 15 22 73153244327384401374312233159107 9412519026934138438720 127KU1053401223339199999999999999 421 121647 9399999999999999
343265173 90 36 22 53121208294360393383334261185124 9510715722930436138320 128KU111639523 238399999999999999 448 211713 9499999999999999
362301217132 66 36 4810117826233437838334928521114510510013319326432736420 129KU1137386233137099999999999999 513 351737 9799999999999999
365325256176106 62 57 9115523330535637535530423717112210311816322428633220 130KU1159375999999999999999999999 538 5418 410399999999999999
351334285218151100 80 9414020527332835735431826220014811711514118724129020 131KU 0 2351122336099999999999999 6 6 79183511299999999999999
32132630125419814811611213618324029433034132428423218114212412915619624120 2 1KU 039328125334299999999999999 639110191612399999999999999
27930130127924119916414514817221125529431731929926321917814713213615719020 2 2KU 129304133532199999999999999 723143201813199999999999999
22826128228627324821819117517519121925228230030328825922218415213212814220 2 3KU 244287143830499999999999999 831173214312799999999999999
17020724427228728627024621919818819221023726628929929327123519215112010720 2 4KU 426288161029999999999999999101318823 810799999999999999
115144187233275302311301275241208185179191220255288310312291249196141 9820 2 5KU 5573111736314999999999999991150179999999999999999999999
 77 8411817223328832834333229825120517015616920525330033233831426119312420 2 6KU 7 4343184433999999999999999 016 7613 115699999999999999
 69 43 53 9716524131035837635831225019014513015019826132036036733426818320 2 7KU 759376194136999999999999999 115 42135713099999999999999
101 38 10 27 8416725833739040437531423816611610513620027734639039234826620 2 8KU 849405203439799999999999999 2 8 10144610499999999999999
167 75  8-16 11 84181283369420424380303214135 87 8513221129937441640935020 2 9KU 934429212242099999999999999 258-161531 8099999999999999
254146 48-17-31 12 99208315400442429367276179101 62 7714123232539943441220 210KU101644422 843499999999999999 345-331613 6099999999999999
338232120 25-29-27 33133246352426449415335235139 70 49 8316125835041643520 211KU1054450225143699999999999999 427-361653 4899999999999999
398312203 96 13-23  0 75180291384437435379289188102 51 5110318828336741720 212KU1128444233142599999999999999 5 7-231730 4499999999999999
419367277174 81 19  7 48131233330401428401330237146 78 49 6913121530136920 213KU12 0428999999999999999999999 544  518 5 4999999999999999
401386328243155 84 47 55107189277353398398354278194119 72 63 9515723230320 214KU 012402123040499999999999999 620 441843 6199999999999999
353369346292222155107 90111163233303354375358308239168113 83 8511817223420 215KU 05536913 337599999999999999 657 901926 7999999999999999
28932433331327122117514513916020225530333534232027622016612410210412917020 216KU 147334134334399999999999999 743138202410099999999999999
21826229230329527123920818617919021725128430631129726522418014311811212520 217KU 3 3303144531299999999999999 853179215011299999999999999
15319223226728929728926924421920119720722925728129529427624320115912510620 218KU 4592971627297999999999999991048196232810399999999999999
10612816521125629431631830127023420118218220123426929730929926621816411720 219KU 63731918 4309999999999999991230179999999999999999999999
 87 8210314720426331334434732328022918215415318022527531633532428322215620 220KU 73734919 933599999999999999 043 80133215099999999999999
 98 63 58 8714421428534137136732927120615212413217323429734436134128621120 221KU 822374195836199999999999999 138 56141712399999999999999
134 72 39 45 8815824031637139137031624417211910112618525932837338034327220 222KU 859391203938299999999999999 222 37145510199999999999999
185104 46 24 47107190278352395396355284203132 91 9313921329536239538432720 223KU 931402211539799999999999999 3 0 241527 8699999999999999
241149 71 25 24 68145236322384407383321238156 96 7510216825233339040436920 224KU 959407214840599999999999999 332 181556 7599999999999999
294199109 43 19 43108197288363405400350271185112 72 7812920929536740539520 225KU1024408221840799999999999999 4 1 191623 6899999999999999
337248153 74 30 33 82163256338393405370300214133 79 66 9916825433438840120 226KU1045407224640299999999999999 427 251647 6599999999999999
365291199113 54 38 68137225311374401382323241159 95 66 8113521329335839020 227KU11 5401231439199999999999999 451 371710 6699999999999999
377322241157 90 57 68121199281350388384339266185117 77 7511217725231936420 228KU1125392234237499999999999999 515 561733 7199999999999999
372340276200132 89 83115178253320365375347287213145 97 81 9914721227632720 229KU1146377999999999999999999999 540 801758 8199999999999999
351341300239178131110123166226288335356345302241177126 98 9812717523128220 3 1KU 01335212 935799999999999999 6 71101829 9499999999999999
31732730927022217814914516520625529932733231026721416412811111814418523020 3 2KU 052327123933399999999999999 641143191311199999999999999
27029630228926122719718018019622525928930530428525121117214212712814517520 3 3KU 148303132630799999999999999 732178202712599999999999999
21224727428828627225122821120320722224326528228727925922919416013412212620 3 4KU 323289145628799999999999999 910203221512199999999999999
14818322326128830230028425923220919719921523926628729528726021917212910120 3 5KU 52230317 22959999999999999911231962347 9399999999999999
 9411215220525930433233731928223919817116518322026430432732529524117511320 3 6KU 6423381827330999999999999991245164999999999999999999999
 70 55 7612719727033136937434629323017213412815621127533236736632525416920 3 7KU 739376192937199999999999999 055 55134112699999999999999
 90 35 19 48115203292365406404360288207136 94 9514021429636740640034525620 3 8KU 827411202341099999999999999 152 181429 8999999999999999
154 64  4 -8 35119222323401437420357266171 95 57 7313722932440143842135020 3 9KU 911438211243999999999999999 243-101513 5699999999999999
246134 39-17-16 43142255360433454416333229128 55 31 6614825235342945642320 310KU 951455215845699999999999999 329-251554 3199999999999999
338225111 21-22 -2 74182297395452450389291181 84 25 23 7817328137944445420 311KU1028459224045899999999999999 411-231632 1699999999999999
405310197 91 17 -4 37125234341421451422342236131 50 14 3510620530939444020 312KU11 1451232044399999999999999 450 -417 8 1399999999999999
431369273170 83 33 37 94185286373426426372283181 92 35 25 6514323732739220 313KU1130433235941699999999999999 526 281742 2299999999999999
416390324238155 93 70 94158242324384406380314227141 75 43 5410417825832820 314KU1158406999999999999999999999 559 701815 4299999999999999
371377344285217157121120153212279337370367328263189125 82 70 9013819926120 315KU 038379122637399999999999999 6331161852 7099999999999999
31133733430626221618016216919924328932333632228523317913510810312115620120 316KU 124339125933699999999999999 713162194210299999999999999
24628130030228726323621420220522024527229129728826423119416213913013515520 317KU 234303135429799999999999999 82020121 813099999999999999
18521925027528929128326624622821621422323925627027526925222519316314013020 318KU 44229216 127599999999999999104121423 713099999999999999
13715919223126829831431229526523220318718820523326328729528525521316813120 319KU 6253151758295999999999999991226185999999999999999999999
11011113517823028232334433830926321317115015518623127931633031527321515620 320KU 71834519 033099999999999999 028107131814999999999999999
108 83 8912518224931135537035030324017813311713718725131135236033127219920 321KU 756370194336299999999999999 119 82135611799999999999999
130 79 61 81134206283347384382343277202136 97 9814020928635038537832925320 322KU 828388202138799999999999999 159 611428 9299999999999999
169 97 54 52 91162246324381401376315234154 95 73 9816224532738640637730920 323KU 857401205540699999999999999 234 471458 7399999999999999
219132 67 41 60121206293366406400350271183107 64 6711719828936741240935820 324KU 923409212741799999999999999 3 5 401526 5999999999999999
273179 97 48 44 89167258342399413379306216130 69 50 8115224333239742139420 325KU 948414215842199999999999999 334 401553 4999999999999999
323230139 71 45 69134223312382414398337250159 85 47 5711219628836641241120 326KU1011415222841899999999999999 4 2 451618 4499999999999999
361278186107 62 64112191280356403405360281190109 57 47 8415624332638740820 327KU1033410225740899999999999999 428 571642 4599999999999999
382316231151 93 75102167249327382400372306220138 76 51 6912520328435138820 328KU1054400232539299999999999999 454 7417 6 5199999999999999
385340270194132100107153223296355384373323248168103 66 6610416824230935620 329KU1115385235537199999999999999 519 971730 6199999999999999
371350298234174134125150203266323359363332272201136 92 77 9413920126331520 330KU1137366999999999999999999999 5461241758 7799999999999999
344344316269217176155160191239288326342330292236178130102 9812016221326320 331KU 03034812 534299999999999999 6181541837 9799999999999999
30232231829525922319518419221725128530831430026822618214612311913416420320 4 1KU 121323124931599999999999999 7 5184194311899999999999999
24528030130529427224722421020921923826128028928627024320917414612912814420 4 2KU 246306141629099999999999999 838208213412699999999999999
17521625729031031430227925022320419820622625327829429628024820516012310520 4 3KU 4453141638297999999999999991056198231810499999999999999
11014018824329433134733930826421717916016419223628332033732728822816210620 4 4KU 6 934818 9338999999999999991220158999999999999999999999
 73 7210716924331336438637232626119414111412316823330235738437131924015520 4 5KU 7 7386191238599999999999999 031 68131511399999999999999
 83 40 41 88167258341400419392327242159 96 70 9215624332939642540433724120 4 6KU 75541920 642599999999999999 129 3514 2 7099999999999999
141 60 16 26 86181284374432440394309209116 52 36 7716026235943045442133920 4 7KU 839443205645499999999999999 220 131447 3599999999999999
232125 43  6 30106210318407453442376275166 72 17 19 7817628738645346541820 4 8KU 919456214246899999999999999 3 7  61528 1099999999999999
325214110 36 15 55143251355431457422338228119 36 -1 22 9820331440746045620 4 9KU 956457222646699999999999999 350 1416 7 -299999999999999
396299193 99 43 43 99192296386440440382285176 79 15  2 4513123633841644920 410KU103044723 744999999999999999 430 361643  099999999999999
428360267173 99 67 88154244334402428401328230132 54 16 26 8417026635140720 411KU11 0428234542199999999999999 5 7 671717 1399999999999999
420386318237163114106142209287356397395349271183105 53 39 6612720628534920 412KU1128402999999999999999999999 5411041750 3899999999999999
383379341282219168143152192250310354369349297228158103 74 7610916422828720 413KU 024386115636999999999999999 6151421825 7199999999999999
33034833830626222018917919222526730633033030426020815912310811614318423120 414KU 1 8348123033399999999999999 656179191010899999999999999
27330231430929026323621720921623425928129429227624821418115614314315818420 415KU 211314132329599999999999999 8 2209202814199999999999999
21724927629430029528026023922321621923124726227127126124021418716415215320 416KU 4 13001531273999999999999991013215222615099999999999999
16919623026429331231530227724521519318719621924827429129127424220316614120 417KU 5423151731293999999999999991154186235013499999999999999
13414818122527231233633831727823118615715117120925629932532630025420015120 418KU 6363401832329999999999999991244150999999999999999999999
11911313518123929734236335431625919714611912516322128433636135231024718020 419KU 712364191536299999999999999 043112131911799999999999999
125 95100138199269332373382353295222153104 9011717625132337438936330222520 420KU 743383195238999999999999999 123 931351 9099999999999999
151 98 79101158233309369397385333257175107 71 7712720429036340540335628020 421KU 812398202741099999999999999 158 791421 6899999999999999
195121 78 77120192276351399407370297209126 68 51 8315324333139742340033520 422KU 84040921 242399999999999999 231 721451 5199999999999999
249162 97 71 91153236320386416398337249157 82 42 5010519028436741942538120 423KU 9 8416213642899999999999999 3 4 711520 3999999999999999
304214134 84 79121197283360409414370290196110 51 35 6814123332339442640920 424KU 936418221042799999999999999 336 751549 3499999999999999
350266181114 86104164245326388413391325235145 73 37 4710218427535540741620 425KU10 3413224241999999999999999 4 7 851617 3599999999999999
380310228155109104143213291359398397350271182104 53 43 7714522931137440420 426KU1028403231340599999999999999 4361001644 4199999999999999
391341270198143120137189259326374389362300218139 80 53 6611518726533337720 427KU1052389234538799999999999999 5 51201711 5299999999999999
386358303239182147144175230292343370363321254180116 77 70 9615021828533720 428KU1119371999999999999999999999 5351411743 6899999999999999
365361327277224183165174208257305339350331285225165117 91 9412317223128620 429KU 022367115235099999999999999 6111641825 8999999999999999
32734633931026922819818719622426129632032430627022217513611511413517422320 430KU 113346124232599999999999999 7 3187193111299999999999999
27130933033031128124721820220221624227029430530027924520416513612313015820 5 1KU 229332141230599999999999999 83120021 912399999999999999
20125029432633833030526923220218618720623827230031431028424319314811811120 5 2KU 4 73381616315999999999999991024184224611099999999999999
13117423229033736236033228523118315114516620926331234535332927821315010320 5 3KU 5263641745354999999999999991144144999999999999999999999
 8510415522630035939239035128721414910710013119326733638339636830422314420 5 4KU 626396184939799999999999999 0 0 851241 9899999999999999
 86 64 87149234320387421410355273184108 63 6310918928136441943139331722320 5 5KU 716422194543299999999999999 1 0 641331 5799999999999999
135 72 53 85159254346414440415343245146 67 27 3910219730039044545140331820 5 6KU 8 1440203645599999999999999 153 521416 2599999999999999
218127 66 55 99183282373434446403316209108 33  5 3411121532241046045539820 5 7KU 844448212546599999999999999 242 5315 0  599999999999999
307207120 70 72127216313396442436375277169 73 11  1 4613323934242346044220 5 8KU 923446221146199999999999999 328 641542 -299999999999999
378287193118 83101165254343411437409334233131 49  6 15 7316426636042544520 5 9KU10 0437225444599999999999999 410 821620  399999999999999
415348262180122106139207290365412415369287191102 40 19 4611220029136941420 510KU1034420233442199999999999999 4491061656 1999999999999999
417379312238173136138180246317373397380323242158 89 50 49 8715423330936620 511KU11 6397999999999999999999999 5261311731 4499999999999999
392381340281221176158173216273328363368337279209143 95 76 8813019025531320 512KU 012392113837099999999999999 6 315818 6 7699999999999999
35136234530826121718918320223928332033933230025019514811711012716321226320 513KU 053362121433999999999999999 644182184811099999999999999
30533033432029125622520620321624227329730830127724220316914714215418121820 514KU 14433513 730899999999999999 741202194814299999999999999
25729031131831029026423821820821222724927028428727625422519617316116418220 515KU 257318144228799999999999999 914208211916099999999999999
21224628030531831730127424321519519020122425227729429528025121718516415920 516KU 4243201635296999999999999991049190224715899999999999999
17220224128131533333331327723419416615917420825029131832430727122518215220 517KU 5293361746325999999999999991149158234914499999999999999
14516119924929833735634831526420815913012915820826731935135432727621816620 518KU 6143561836357999999999999991231126999999999999999999999
134131158209270326365376354303236169118 9611015822629735438337533326920020 519KU 650376191738599999999999999 03612913 7 9699999999999999
145118126167231301358390386344275196126 80 7310717325533238740638332625120 520KU 723393195740699999999999999 1171161341 7199999999999999
178126109132188263335387406382321238153 86 53 6511920028936641341837930920 521KU 757406203642199999999999999 1561081415 5299999999999999
228157113110149218297366408408364286195112 55 40 7214323332239342741636320 522KU 831414211542999999999999999 2341061449 3999999999999999
285204139109123176253331391416396333244152 77 36 42 9317526835341243040220 523KU 9 4416215343099999999999999 3121081523 3399999999999999
338258181128115146210288359405411369292200114 53 32 5812421230237742042020 524KU 937414223042699999999999999 3481141557 3299999999999999
377307230163127132177247321380407391332247159 85 42 43 8616124933139241720 525KU10 940723 541799999999999999 4231231630 3799999999999999
399346275206154136158212281345387394360291206127 70 47 6512119828035039520 526KU1040397234140499999999999999 45713617 4 4799999999999999
402372315249190155154187244306356381371325254177111 70 63 9315322730035820 527KU1114382999999999999999999999 5331501741 6199999999999999
387382346291233187165174210262315352365346298233167113 84 8611917524330620 528KU 022390115436599999999999999 6131641827 8199999999999999
35437436532928023019217618621826330633634532728723217613110510613418424420 529KU 111375125034599999999999999 7 7176192810299999999999999
30234536435732728223619918118420824528531633132429625220115612611913717920 530KU 213365141233199999999999999 821179204711899999999999999
23529233836336233729424420017116418021525930133033832228523318114012113020 531KU 328366155133899999999999999 949163221212099999999999999
16722428634037337835330524518814713014318223829634236535832126320014611620 6 1KU 44038017173669999999999999911 4130232611399999999999999
119155217288351390397368310236165113 9110615622730236239539235128521114720 6 2KU 54239918253999999999999999912 5 91999999999999999999999
110110151220299367409413375303216135 76 56 7914222731438442341837229721520 6 3KU 636417192442699999999999999 0301051259 5699999999999999
146106109155231315385425421370286190104 46 31 6514023532940344143238030020 6 4KU 725429201944499999999999999 1271011348 3099999999999999
215144106115168249333401433417355261161 76 24 20 6614924934441745143537620 6 5KU 812434211145199999999999999 2191041435 1599999999999999
294209142111128188270352412433404330232134 56 15 23 7916826836042644942520 6 6KU 856433215944999999999999999 3 91101520 1299999999999999
362280199139120148213294369418423380299201110 44 18 4010519529037442843820 6 7KU 937427224344099999999999999 35412016 3 1899999999999999
403337258186140135174242318382414403348263171 92 42 34 7014022831538442120 6 8KU1015416232242499999999999999 4361311641 3299999999999999
415372305233174146156203270338386400373310227146 84 54 6310918126133538620 6 9KU1051401235840499999999999999 5141441716 5299999999999999
404384336273212170159182232293347378375337272198133 89 7810115222028934520 610KU1125381999999999999999999999 5501581750 7799999999999999
37837935030224720117517720625330434335934530324418313410811014019024930520 611KU 03238212 235999999999999999 626172182510599999999999999
34536235232127823320018519322126130032833431727923118414913414217221626520 612KU 1 8362124633599999999999999 7 918519 813499999999999999
30833734533230426723020419320022225428530831430127323619917115916619122820 613KU 153345135031499999999999999 8 819320 815999999999999999
26930532833532429926623220519019120823626729330630328425322019217617719620 614KU 253335151930799999999999999 926188212617499999999999999
22926730332833732830426822819417317018621825629231532030627523820318017620 615KU 4 23371646321999999999999991040169224217599999999999999
19222526730833734933930826321417114414216520725830633834633029324620217320 616KU 5 33491751347999999999999991136140234516699999999999999
16718622527532235636634930624818713811211715320927333036637234830124419320 617KU 5533661842374999999999999991221110999999999999999999999
161158184233291344377380351293222153103 8410215222329735939339235729823420 618KU 636383192839799999999999999 03715513 1 8499999999999999
179149153190249314368396388343271190118 72 64 9816324532438541440235528820 619KU 718397201241599999999999999 1241461342 6299999999999999
219164140154202270338389408386326243157 87 50 5610418227035140842640334620 620KU 759408205642799999999999999 2 81401422 4799999999999999
273202151136162221294362406413375301211125 61 36 5812020629737542443139520 621KU 839415213943499999999999999 25213615 3 3699999999999999
330253184141139178245320383417408355271178 96 43 33 7014423532539743442720 622KU 919419222043699999999999999 3331341543 3199999999999999
379307230167136148199271344399419394328239147 74 35 41 9217326635141343520 623KU 95841923 043599999999999999 4141351622 3199999999999999
412355279206154138165224297364406411372297207122 61 38 6012220729637342020 624KU1037414233842999999999999999 45213817 1 3899999999999999
426390326252187148148185249318375404394345268182108 61 53 8715523932238620 625KU1117405999999999999999999999 5311431742 5199999999999999
418409364297229175149160204265328374392373320247171109 75 7811818626533720 626KU 01741912 039299999999999999 6121481826 7199999999999999
389408389340276214170153169212269324363375355306241176124 9910614620827920 627KU 1 0408125337599999999999999 7 01531917 9799999999999999
34338439537232426520816815416820725830934636034630725219514912513016422020 628KU 14939614 036099999999999999 8 0154202012499999999999999
28334037738636531926220616414615418723628833135335032227622317714914617220 629KU 247387152435599999999999999 911145213514499999999999999
22128133637438536632226320215412713016021127032235736734830625220116415320 630KU 3533851650367999999999999991026125225315399999999999999
17221727633437539137432826319413610210113219025832337038937533427621717220 7 1KU 45939118 5389999999999999991133 97999999999999999999999
154168213275337383401383331258180114 76 7411117625533038641139935429022520 7 2KU 6 1401191141199999999999999 0 41541233 7099999999999999
173150164211278344393411389329247162 93 54 56 9917326034140242841436529520 7 3KU 65741120 942999999999999999 1 81501328 4999999999999999
224169145162214286355404418389321232144 74 39 47 9918027135541643941936420 7 4KU 75041921 243999999999999999 2 61451419 3799999999999999
289215160141165224299369415421382306213125 60 32 5011019628937242844241320 7 5KU 839424214944399999999999999 25714115 7 3299999999999999
350273199150140175241318384422416365283189106 50 35 6613422431539043443520 7 6KU 923425223144099999999999999 3431381550 3499999999999999
393325247180142147194265340398422401339252162 89 48 50 9517126034340543120 7 7KU10 342223 643199999999999999 4231391627 4399999999999999
414361289216162142164221294361406412375303217136 79 58 7913721629936941220 7 8KU1039414233641999999999999999 45814217 0 5899999999999999
416381320250188152153190252320375402389339264184118 82 8212018626233438520 7 9KU1112402999999999999999999999 5291481729 7799999999999999
40538834127821617115517321927933737638535730022916211610011816723330135620 710KU 0 2405114438699999999999999 559155175810099999999999999
38638535430224419516716719424129534036435932427020915813013015920926932420 711KU 028390122036699999999999999 630164183012699999999999999
36237436032227322418817218020925129533034433430125520817215616419423928820 712KU 05737413 534499999999999999 710172191015599999999999999
33035535733730125821818917818621124728431332531829425922319518319121525220 713KU 13635914 932699999999999999 8 417820 718399999999999999
29232534434432629425521819017617919923226829931831930427724621920320422220 714KU 230346153632199999999999999 919175212720299999999999999
25228731833834132729725821718216216017921425629632433532630126723421120420 715KU 34234217 2335999999999999991034158225220499999999999999
21624428131634134933630425720716413713515820225430534335935132228123820720 716KU 4543491810360999999999999991135133999999999999999999999
19420523728032335536534930825018813710911014319826332436838537333528423220 717KU 55436519 438599999999999999 0 2194122710599999999999999
194180195235288339375383359305235164108 81 9113520428034839440838733927720 718KU 646384195340899999999999999 0591801314 8099999999999999
218177166189240302360396399363296214136 79 58 7813621630137341842639433520 719KU 735402204142899999999999999 14916614 1 5899999999999999
264200159155189251322382416410361282190109 54 41 7414523532639943943639220 720KU 822419212644399999999999999 2361521447 4099999999999999
322244178142149197269345405432414352261165 83 34 33 8016326035342345443720 721KU 9 743222 845499999999999999 3211401532 2799999999999999
379299218155130151211291368424440409334236138 62 24 38 9919129238244345920 722KU 952441224846099999999999999 4 31301615 2299999999999999
425355269189135125161232315389435439392308208115 49 28 5813122832740845320 723KU1034443232545899999999999999 4431231655 2799999999999999
450399320234162123129179255336402436424367279184102 52 48 9317326935942420 724KU1116438999999999999999999999 5221201735 4499999999999999
449426364282202143121142199275349403424400338254170104 72 8313721730438020 725KU 0 1449115942499999999999999 6 11211815 7099999999999999
42643139432624817913512615721528534939240237431524217312310512618025332720 726KU 037435124540399999999999999 642125185810599999999999999
38641440536129622616813513516621928133637137835330524619215514516521227320 727KU 116416134237999999999999999 731131195014499999999999999
33337839538033827921816814013816421026431434936034631226722319117919222820 728KU 2 3395145636099999999999999 833135205817999999999999999
27632636237736533027822217314113315018924029133235535433329725622120120320 729KU 3 4377162935799999999999999 949132222619999999999999999
22626631134836836433528723017513511812816421627532636237436132728223920720 730KU 42136917583749999999999999911 8118235319799999999999999
198213250297341370374349300236172122 9710414120026833237839838735029624220 731KU 53937619 9398999999999999991218 96999999999999999999999
200182196236292345382390364308235162105 76 8412719527334639942140535929620 8 1KU 64539120 542199999999999999 1 41821318 7499999999999999
232183164182232297358399407374309226146 86 59 7312520328936742043641135420 8 2KU 741409205343699999999999999 2 11641410 5899999999999999
281211161148178239312378418418374297208126 68 49 7513922531539143744140220 8 3KU 830423213544599999999999999 2481481456 4999999999999999
333254184142142186258337400431418360273181103 55 51 9316926034841544543020 8 4KU 913432221044699999999999999 3291361535 4799999999999999
375298218156130150209288365420435403331239150 83 53 7012821330438243243920 8 5KU 950436224044299999999999999 4 413016 9 5399999999999999
403334254181135132172243323392430424373290199121 72 6710617826634841043520 8 6KU102343323 443599999999999999 4351281638 6399999999999999
416360284208151128149205281355408425397331245163103 79 9915623631838542220 8 7KU1053425232642599999999999999 5 212817 3 7999999999999999
41837630823417113613817824331537640940335828620714110410514521328935840320 8 8KU1122412234641499999999999999 5271321728 9999999999999999
41338532925919515113816021027433637939337031724918413912514619726332837720 8 9KU1153393999999999999999999999 552138175412599999999999999
39938634428422317414915418623629233936736633628623018415816119124129734520 810KU 0 8399122837099999999999999 621148182515699999999999999
37537835330725420517116017220424829232834533931227323320218919822726730920 811KU 036380131534699999999999999 65816019 518999999999999999
34235835132528524220417917218220824227930932432330728025223022122624527320 812KU 113358142532699999999999999 75517220 922099999999999999
30332633733231228124621318717517719522526029231532431930328025724123624420 813KU 21133716 832499999999999999 920174215523699999999999999
26228630932532831829325922118716415817220224328532034134533130527424622920 814KU 3463291741346999999999999991048157233522699999999999999
22724327030132834233831327122117414012914318223529133936937535732127723620 815KU 5183431845376999999999999991157129999999999999999999999
208204223260305344367364333278213151109 9611816823730736640140437632626720 816KU 624369193640799999999999999 0422021253 9699999999999999
214181179208260320371398391347277196123 76 67 9916524833139743242738531920 817KU 719400202343599999999999999 1351761344 6599999999999999
246185152158202271343401428412354267173 94 46 45 9117326936042945844038120 818KU 8 942921 745899999999999999 2211501432 3999999999999999
300218154126146207289370431452424350250149 67 25 36 9819329939345747443820 819KU 857452214947599999999999999 3 51261518 2299999999999999
363270183122107144220312397455466423335227124 47 17 4412222733542547747420 820KU 943468222748399999999999999 34710616 2 1799999999999999
419329231147 98101155243338420468465406310201104 40 28 7416327137345048120 821KU102647423 248199999999999999 427 921642 2599999999999999
454381285189116 85108177269361434466446377279178 95 51 6112221531640545920 822KU11 8467233546999999999999999 5 4 851720 4899999999999999
464416332237153 98 89129204293375432447414342252166105 8411017826635341920 823KU1149448999999999999999999999 541 871757 8399999999999999
448429367283198131 9810715522830737441441537731123717213313016623030437020 824KU 0 6448123242099999999999999 618 96183512699999999999999
41341938532224717812911213017724030535738438034729624119717417921226431920 825KU 039421132238699999999999999 659112191917299999999999999
36538938234729223217814313214818523528732935235333430126423321621723827320 826KU 118390143235699999999999999 754132202521499999999999999
31134235835232628623919516314715317721525930032934334032329726924623523920 827KU 215358161934499999999999999 915147221323499999999999999
25828631433333932830026121717815114315618823228032235236335432829325622920 828KU 35234018 3363999999999999991053142235922099999999999999
22023025729232534634832728623318114012112916221527533237439338234829824620 829KU 53535019 8393999999999999991214120999999999999999999999
206189200237286335369377353302236170119 9610614921428835640341939834928420 830KU 645378195641999999999999999 1 61891312 9599999999999999
220173159181233299360399403368303223148 94 75 9615323231538642943339633120 831KU 737406203543799999999999999 1541581359 7599999999999999
254184142140180248326391426418367287198121 73 6610417626535141644643037420 9 1KU 82042821 944799999999999999 2331351439 6399999999999999
295213148119137197278360420442416347256165 94 61 7413121630838944044740820 9 2KU 858442213945099999999999999 3 71191513 5999999999999999
335249170119112154229317395442443395311216131 76 6510217726835642244942920 9 3KU 93244922 544999999999999999 3381091544 6399999999999999
367283198132104124186271357422448425358266175104 73 8914823432339844043820 9 4KU10 3448222744599999999999999 4 61041610 7299999999999999
390313226152108108152229315390435436390311220142 94 9013220629337242443720 9 5KU1032442224743899999999999999 4301021635 8699999999999999
40533725317512110413019227335040843040734526318412610512818726634440242720 9 6KU11 043023 742899999999999999 453103165910599999999999999
41135627920114011112016623530837140740536529922716613313817924431537440820 9 7KU1128411232741299999999999999 516109172313099999999999999
40636630122916612812215020326832937238837032526520917116118222928834338020 9 8KU1158388234839199999999999999 540120175016099999999999999
39036831825619715413614618123128433035735933629625121419519822526631134720 9 9KU1236362999999999999999999999 6 9136182119399999999999999
36535832828223218916215617020024128131533333331628925923722723225228030920 910KU 015365133033699999999999999 64915519 822799999999999999
33033832830326923220118017318020023026329231332131630228426625525125727120 911KU 05633815 732199999999999999 8 0173205025199999999999999
28930431331230128025222319617817218020323627230432733633131529226824924020 912KU 22531417 933699999999999999 955172231224099999999999999
24425928130331832231028224320116614614717121326331235037036734330526322820 913KU 4453221822371999999999999991127143999999999999999999999
20820923227031134435934831125519414010910814119826833538540839835930224220 914KU 6 7359191340899999999999999 026206123110599999999999999
192168176214273333381401385332256175108 71 7512219828636642344241936128420 915KU 7 5401195844299999999999999 1161661324 6899999999999999
208151129150209288365421440412342247151 76 40 5511821231440245746642534620 916KU 755440204046999999999999999 2 11291413 3999999999999999
253167109 98138217311398456468425338230127 51 23 5313424134943648347441120 917KU 844470212048699999999999999 243 961459 2399999999999999
315212124 75 80140235338428481481422322208106 38 25 7316728038646449246020 918KU 930489215849299999999999999 325 701543 2299999999999999
378271166 86 53 79156260365449491474402297186 93 42 4911321432441947848120 919KU1014493223348799999999999999 4 4 531623 3799999999999999
425329221124 61 50 96184289387458482449369268169 95 66 9416826736443947020 920KU105548223 547199999999999999 441 4717 1 6699999999999999
446373274173 94 55 6712721731339744945441033224316411410915122631339043720 921KU1136458233444599999999999999 516 53173710599999999999999
441396316224142 86 70 9916324532639042241336730123117615016120727334039220 922KU1217424999999999999999999999 551 70181314999999999999999
41339634326919413410010013419225932136738437233528623920519421024729634120 923KU 0 441313 438499999999999999 629 96185519499999999999999
37037435030324519115013013416120525430033334834232129226324123324126229120 924KU 038376141334899999999999999 71912820 123399999999999999
31833433531828724921118016115817119823327030232533433031529427225424624920 925KU 132337161233499999999999999 842157221324599999999999999
26328129931031129927524421118216316117620524428632234735534532028525122520 926KU 3333121756355999999999999991039160999999999999999999999
21622524827930932832931027422818415013714918323328934037538536832827622520 927KU 535331185238599999999999999 0 121612 313799999999999999
18817619323228233036136533928922716812511112917724331237140540637331424620 928KU 639367193141099999999999999 055176125711199999999999999
185148145179238306365398393352284207140 98 9312719227134840542841035628120 929KU 72440120 442899999999999999 1341421338 9099999999999999
203142115132187265343403426405343260176110 79 9214622631238743243539332020 930KU 8 2426203443999999999999999 2 71151413 7899999999999999
233155105 99140216304384434439395317224142 87 751111832733584214454223572010 1KU 83644321 144599999999999999 238 961445 7499999999999999
269180112 83103167257348419451432368278185112 77 901482343244004434393882010 2KU 9 9451212544799999999999999 3 6 831514 7699999999999999
305212131 82 80126208302386441450408329235150 95 851241992893724294444112010 3KU 940453214944599999999999999 333 741542 8399999999999999
338245158 94 71 97164254344414447430369283195127 961131732563414074384232010 4KU1010447221143999999999999999 358 7116 9 9699999999999999
364278188115 76 811312102983764264333953232401671221181582283093784214232010 5KU1040436223342899999999999999 423 72163511499999999999999
380305219142 92 801111762563333924184023512792091561361562102803483954112010 6KU11 8418225441199999999999999 446 7917 013699999999999999
386326248172117 921051522192913513893933633092471951661682022573173653892010 7KU1137396231539099999999999999 510 91172616399999999999999
3803382732041471141111391902513083513703613272802352021912062422883313592010 8KU1211371234036599999999999999 536108175619199999999999999
3633402952381851471301381682132623053353453343072732432242212362642953222010 9KU1258345999999999999999999999 611130183822099999999999999
336331308272230192165154159181213251286313325323309288266250243247260278201010KU 017336142032699999999999999 71015320 824399999999999999
295306307297276249219192172165171192224261295320333331317294269248234233201011KU 135308162333499999999999999 9 3165223823299999999999999
243262284302310306286254215177151143157192240291334361367350315272230201201012KU 4113111745367999999999999991052143235719099999999999999
190203235277317345351330286227168124106121167233303363399404375321256195201013KU 54535218384069999999999999912 3106999999999999999999999
154143168220286348390399370307226148 91 70 93156241328399437432385309223201014KU 645400192444199999999999999 0481431259 7099999999999999
149104102145221308385434439396314216126 63 47 83163264361434466445376280201015KU 73744320 746699999999999999 133 971349 4699999999999999
181102 61 74138233335420469465406310202106 46 40 92187296395462479437349201016KU 826474204748199999999999999 216 591436 3699999999999999
240135 59 32 64146254362448489472400296185 94 44 54121223332425478473410201017KU 913491212648399999999999999 258 321521 4199999999999999
307193 92 29 20 72167279385463492460380275171 91 59 87164267368444475446201018KU 95949222 247599999999999999 338 1616 3 5999999999999999
366257147 60 16 29 96196305401464475432349251161101 90133214309394447452201019KU1042478223545799999999999999 417 141642 8899999999999999
402312207112 45 25 57132228326405448443393315232162125134184261340403430201020KU112445223 643099999999999999 453 25172012399999999999999
411348260169 95 53 54 97170255335394417401352287223176160180230293352390201021KU12 5417233739899999999999999 529 47175716099999999999999
395362298222152101 80 93138201269329368379361321273230202198218258303341201022KU1251379999999999999999999999 6 6 80184019699999999999999
359351317265208159127118133168216266309337345334309278249230226238261288201023KU 013360135434599999999999999 652117194622699999999999999
311321314291257220186162152159180212249284310325327315295272250236232240201024KU 1 6321153632899999999999999 8 7152214823299999999999999
256274289295290274249220193173165173195228265300326339335316286252222205201025KU 3 529517163409999999999999910 1165233120399999999999999
205220247276300312306282247207173153154176215262309346363356326281231189201026KU 5103121813364999999999999991129151999999999999999999999
166168195239287327347340306256202156131134166218279336375387366318255192201027KU 615348185138799999999999999 024163122312999999999999999
145127144191254318365381362313246180130110126173241312371403398357289212201028KU 659381192340699999999999999 1 112713 411099999999999999
145104102140208287357401405368300221151106100134199278352404419391328244201029KU 736408195241999999999999999 133 981340 9799999999999999
162100 75 96157242328396427412355273189123 92105159239322390426418365283201030KU 811428201942899999999999999 2 3 751413 9199999999999999
191112 65 63109189283369425437401328239158104 92127198284364419432397323201031KU 845439204743399999999999999 232 581445 9199999999999999
230139 73 47 71138230325401440431376293205133 971081632443293974314183602011 1KU 919443211443399999999999999 3 1 471517 9699999999999999
271176 95 49 49 971782733614214394093402551751201061392072903664164253862011 2KU 952440214142799999999999999 330 42154810599999999999999
309215128 66 44 691352233133864264223743002201551211311812543303904163982011 3KU102443022 741699999999999999 358 44161712099999999999999
338253165 94 55 591051802653433974153913342621951491381672262963583953962011 4KU1055415223240199999999999999 425 51164613799999999999999
356285202127 78 63 891472232983593933913542952331831581672072653243673822011 5KU1126397225738299999999999999 452 63171515799999999999999
362309237165109 81 861251852543163603763613212692201871791982402893323572011 6KU12 1376232636099999999999999 521 79174817899999999999999
355324270208151113 991141542092673163473543373022602242032022212542913202011 7KU1246355999999999999999999999 558 99183320099999999999999
3343262972532041611321231361682122603023303393283022702402202142242452712011 8KU 0 9334135533999999999999999 654123195221499999999999999
2943083072902612241871571411421611972412853193383383212912582282082032142011 9KU 126310153034099999999999999 826139214920399999999999999
237265291307308292261220178146131139171219273321353363349313266218182164201110KU 3353101654363999999999999991010131231516399999999999999
170199243289326344337303249190139110111145205274337381395375325258191139201111KU 5143451755395999999999999991128106999999999999999999999
115125169234302358388381338268191125 87 88130204288363413423390321235152201112KU 620390184542599999999999999 0131141229 8299999999999999
 91 68 90152238325393428416361276186110 69 76130217311392439439389301200201113KU 716429193044699999999999999 1 2 681323 6699999999999999
108 46 31 69150251349424457437369275178100 63 79145240338417455440372270201114KU 8 8457201445799999999999999 147 301413 6199999999999999
160 68 12 11 65160270372445471441365266169 96 68 96171270365434458424341201115KU 858471205645899999999999999 232  415 0 6899999999999999
231122 36 -6  8 77179290389455470430349252161 99 85125205300386440445394201116KU 946471213545099999999999999 315 -81545 8399999999999999
300191 89 17 -7 24101204310399452453405325235156109111161241328398433417201117KU1032459221243499999999999999 357 -7162810499999999999999
353257154 68 15 10 54135233327401436424372296218155128144199273346397411201118KU1115437224841299999999999999 436  617 812799999999999999
378307217129 62 30 42 94172259337391409387335269207163153178231295350381201119KU1156409232338499999999999999 514 29174715299999999999999
376334266188119 74 61 83135205276335371376350304252206179179206251300337201120KU1238378999999999999999999999 552 60182917699999999999999
352337296238177128100 98123169225281323346345322286247214197199220252286201121KU 0 1352132734899999999999999 633 96192419599999999999999
311318304272229186151133133153188232274307325326310283253226208204214236201122KU 050318143232799999999999999 728131204720499999999999999
261281291287269241209180161156166192226263295316322313291261230204190192201123KU 214292155532299999999999999 850155222418999999999999999
208233261282292286265235203176161164184218257295322334326300261219182161201124KU 4 829217 6334999999999999991021160233115899999999999999
160181216257293314314292255212174152153175216264310342352337298246191146201125KU 5293171755352999999999999991130150999999999999999999999
124131165217273320346342310260205160136141174226285336367368338282214150201126KU 623348183337199999999999999 017123122013599999999999999
105 91114166235304355376361315251188140122138185249315366388373323250172201127KU 7 537619 738899999999999999 053 9113 212299999999999999
106 69 71113184266339387397366306232165122115146207281348391398363294208201128KU 744398194040099999999999999 127 64134111399999999999999
126 66 44 67128213301372410405358286208144111119166238314376407394339255201129KU 823413201340899999999999999 2 0 44141910899999999999999
163 85 38 35 78155248335398421399339261183127108133194272346397409376303201130KU 9 1421204741199999999999999 234 30145610899999999999999
211121 53 23 421031902833634134193813122321611181171582283053714063983442012 1KU 938423211940899999999999999 3 7 23153211299999999999999
260166 84 32 24 631372283163854174053542802041451191361902633353864013722012 2KU1014419215140299999999999999 340 2216 611999999999999999
303214126 58 27 40 951762653433964093803202481811371311642262963563893832012 3KU1048410222239299999999999999 413 26164012899999999999999
336258171 95 46 35 671332152963613953903492862201661411511952573193633782012 4KU1123398225437899999999999999 445 34171314099999999999999
354296218140 80 49 561001692473183673843663192592021631531742212773273572012 5KU1159384232936199999999999999 519 47174915299999999999999
356323263192126 81 65 821301972673263623683442972431961681661902332803202012 6KU1241370999999999999999999999 559 65183516399999999999999
340333299246186132 96 871061502102723233533553312892411991741711902252662012 7KU 016341133535799999999999999 650 86193817099999999999999
3003203172932502001531191071201572092663153453513322942472041731611712002012 8KU 124321144335299999999999999 75910721 216199999999999999
2392773063163052742291811421201221511992573103473593443062552011581351372012 9KU 3 0316155835999999999999999 924118222613399999999999999
164209259303330333309264209158124116138187251312357376362319255188131 97201210KU 43633517 53769999999999999910461152333 9299999999999999
 96127184251312355367346296231167122106127180252322374395377323246164 96201211KU 55336818 4395999999999999991156106999999999999999999999
 57 57 98170253329382400376319244171117 98121181260337392411385318227135201212KU 656400185641199999999999999 030 521258 9899999999999999
 61 22 29 81166261346405424396331249170113 94123190274353407419382303203201213KU 754424194642199999999999999 122 191354 9499999999999999
106 31 -3 13 77171273363422437403333247165109 96132205291369417419370281201214KU 848438203342499999999999999 211 -41446 9599999999999999
177 80 10-15 13 86185288377432439398324236157107104148225310382420409348201215KU 938442211842299999999999999 259-151534 9999999999999999
254150 59 -1-13 26106206306388433429380303219147109117170248329390414388201216KU102543722 041499999999999999 344-15161910699999999999999
318222124 44  0  3 53137234326395424407351274197138116138197273344391397201217KU11 7424223840099999999999999 426 -517 011699999999999999
357281189102 39 14 33 92175265343393404374314242177135131164225294351379201218KU1145405231538199999999999999 5 4 14173712899999999999999
369319243161 91 48 42 74137215292351380374335276214165142151191247304345201219KU1219382235135799999999999999 539 39181314199999999999999
356334281212144 93 70 79119180248308348359341299247198164154171209257300201220KU1253359999999999999999999999 613 69185215499999999999999
326327300252195144110101119159213267311335336313274231193169165182213251201221KU 031330133033999999999999999 650101194116499999999999999
284302300277239196159136133151185230273305321318296263226194173167178202201222KU 124304141932299999999999999 738132205116799999999999999
234263282285272245212182162157169196233269298313311294263227192166154160201223KU 242286152431499999999999999 847156221215499999999999999
181213247274288285265235204179167173195228265297315317300266224181146129201224KU 4182891635319999999999999991012167231812899999999999999
134159200244283306308290256217183164166188225268305328330307265210157116201225KU 5363101734332999999999999991126162999999999999999999999
 99109145198256305333334310267218176153155183228279323346342309253186125201226KU 633337182234899999999999999 0 8 98122515199999999999999
 82 70 92143210278333360355320266208162139148185240299344364349301231155201227KU 72136219 536499999999999999 051 70131413899999999999999
 90 52 51 88153232306360382366320256192145128146195260322366376347284202201228KU 8 4382194637799999999999999 132 46135812899999999999999
120 57 29 42 95173258334384395367309238172128121153213284346383380335258201229KU 847397202638799999999999999 211 28144111999999999999999
169 87 31 15 45112199288361402400358290214150116122168237310368393374314201230KU 92740621 639399999999999999 251 15152111399999999999999
225133 56 12 13 59138231318383410393338263188131111133191266336384394357201231KU10 6410214339699999999999999 329  6155911199999999999999
