235262266244200149101 67 55 7211016221826830130728724720015612611813216120 1 1L0 140268144230899999999999999 754 55204911899999999999999
197230250249226188145106 82 7910013718423227229329126722918614812411913220 1 2L0 228252152329599999999999999 837 78214511999999999999999
15818921923723721918915512410610612415619623626728127525221617714211911320 1 3L0 330239161228199999999999999 930104225211399999999999999
12314617620622723322420317614913212813916419723125726926424220817013411020 1 4L0 4552331712269999999999999991045127999999999999999999999
10110913116419822624224122620117415114014416319122224926225823720116012220 1 5L0 629243181826399999999999999 0 2101121414099999999999999
 93 83 9211815619823626026525122419016014114015718521824726325823219214620 1 6L0 744265191726499999999999999 1 3 83133313999999999999999
103 72 63 7711115720825428328727023719615813513315218422125326925922617820 1 7L0 84228920 826999999999999999 153 63143313199999999999999
126 80 50 46 6911116622527630530528023919014812512815319123226527625821420 1 8L0 929308205327699999999999999 238 44152212399999999999999
159103 55 30 34 6711918124629832231328023117813411612816120424727928225220 1 9L01013323213728599999999999999 321 2816 511699999999999999
199137 78 32 13 29 7213119926731733331427221816212111213417422026429128520 110L01055333222029399999999999999 4 3 13164611199999999999999
242180115 55 13  3 30 8214721928833233730725820014511111314418823728030020 111L0113634023 330099999999999999 445  2172710799999999999999
282229161 94 35 -2 -1 37 9616624130834233429524118112810411715520225229220 112L01217344234830599999999999999 528 -618 810499999999999999
304274213143 75 19 -8  4 5111518926532534632527822016011310012216521426320 113L01257346999999999999999999999 611 -9185010099999999999999
299301262197127 62 13 -4 20 73140215287335341309257197139102 9912717122120 114L0 033306133734499999999999999 654 -41934 9699999999999999
269298292248184118 59 18 13 45101168240302335327287233174122 94 9912917320 115L0 120301141833799999999999999 738 102021 9299999999999999
222267290278236178119 68 38 41 76131194257306324307264210154110 89 9712720 116L0 211291145932499999999999999 824 352112 8899999999999999
169216257276266231182132 90 69 76108157212263299307285243191141102 84 9220 117L0 310277154530899999999999999 916 682212 8499999999999999
119159203242263260235197156123105109134173218258284287266227179133 97 7820 118L0 42226516392899999999999999910201032320 7799999999999999
 82106144187227255263250221188157136133148178213245268272255219174129 9220 119L0 5512631743273999999999999991141132999999999999999999999
 69 69 9012717221825527527125021918515814515117320323325726525021617212520 120L0 720276185326599999999999999 031 66131014499999999999999
 84 58 54 7511316321626429229427424120116514514516519422625426525121616820 121L0 835296195926599999999999999 138 53142714299999999999999
118 73 44 41 6410716222327831031228925020316113613715919222825827025321320 122L0 934315205627099999999999999 237 39152713499999999999999
161108 61 32 32 6111017023729432432029024519314812613316119823726927625220 123L01022327214427799999999999999 329 28161412599999999999999
204148 93 46 22 31 6712118625531033131727922817313111913617121225328127820 124L011 4331222728499999999999999 414 22165311899999999999999
243189130 74 32 18 38 8314221027732232930325720215011711814618723027028920 125L0114133123 528999999999999999 454 18172811399999999999999
273227167107 55 22 22 5510717023929932831828022817212610812416120625128520 126L01213329234029399999999999999 529 1818 010899999999999999
290259203141 82 37 19 36 8114020627131632429724919414110710613517922626920 127L01242326999999999999999999999 6 1 19183110299999999999999
293282238176114 61 28 28 61115178243297322310269215159114 9611114919624320 128L0 01329313 932399999999999999 630 2319 2 9699999999999999
280290264212150 92 48 31 49 94153217275313316286236180129 96 9411916221020 129L0 047291133531999999999999999 659 311935 9199999999999999
254281278242188130 80 49 49 80131190249295312297256203150107 88 9712917220 130L0 12328414 231299999999999999 731 452010 8899999999999999
218256273260222172122 83 66 78115165219267297297270226175128 96 8810413620 131L0 2 4273143130199999999999999 8 5 662049 8799999999999999
177219250259243209168129101 94111146190234269284274243200155116 93 9010720 2 1L0 25225915 628499999999999999 847 932137 8999999999999999
138176213239247235209178148128124139166200233257264251222184145112 92 9120 2 2L0 353247155126499999999999999 9421232236 8999999999999999
106134168203230242238222198174155147154173197222240246236211177141110 8920 2 3L0 51524216522469999999999999911 11472345 8499999999999999
 85 9812415819522724725224322319817415915616618520822823823221017814010520 2 4L0 64925218 9238999999999999991241155999999999999999999999
 81 73 8311114919223226227326724521418215714715317320022524123921718113720 2 5L0 8 8274192424399999999999999 055 7214 514799999999999999
 96 65 55 66 9814319524528129728825922017814513214116720023325425322718220 2 6L0 9 7297202825799999999999999 159 5515 413299999999999999
130 81 46 34 50 8914320426230331730126321416512811813416921024927326923320 2 7L0 956317212227699999999999999 256 34155111799999999999999
178118 63 24 15 38 8714921728132433030325720014611010813517822526929428220 2 8L01040332221229599999999999999 347 14163410599999999999999
234170103 44  4  1 35 92160235303340334296242180124 9510414119024329131120 2 9L01121343225831199999999999999 435 -21715 9499999999999999
287229158 87 25 -9 -2 42105179259324348328280219154101 8410615020426230920 210L012 0348234332199999999999999 520-121755 8499999999999999
319283218144 72 12-12  8 60128206285339346311255190125 81 7811016021827820 211L01237349999999999999999999999 6 3-121835 7499999999999999
320318272203130 60 10 -1 31 90160238309344331284223157 97 66 7611617023020 212L0 028325131334599999999999999 644 -31915 6599999999999999
289320307256190120 58 21 25 66127196267321335306251188125 76 59 7912317820 213L0 113321134733699999999999999 724 181955 5999999999999999
238290310290241180119 69 47 63107165227285318313274218157101 64 59 8412820 214L0 2 0310142232199999999999999 8 5 472039 5799999999999999
182238280293273231180130 94 84104144194245285300284243190136 90 64 64 8920 215L0 252294145930099999999999999 849 842129 6199999999999999
130179228264275262230191154128123138170208244269274256220174129 91 71 7120 216L0 356275154427599999999999999 9451222230 6899999999999999
 91126169212246263260241214185163154160178204228246250237209172134101 7920 217L0 52126416462509999999999999911 61542347 7399999999999999
 74 8711515319523225926926124121518917016417118720722523523121318114511120 218L0 7 22691818235999999999999991257164999999999999999999999
 84 71 7710113818222826528528426523520017015315416819021423323922519415520 219L0 826287194823999999999999999 112 71142915199999999999999
115 81 62 64 8912917923327930430227824019615713513615618521724425423820220 220L0 925306205425499999999999999 224 60152613399999999999999
157111 71 49 54 8313018724829731930927622917813511812815619323226427024520 221L010 9319214227199999999999999 320 4716 611799999999999999
200149 97 55 37 51 8814120426931432530225920515111410813016821225628427820 222L01047326222128699999999999999 4 4 37164010699999999999999
241188131 77 39 32 58105164231292324318282231174123 9810914318823828129720 223L01119326225629799999999999999 442 311711 9899999999999999
275226166106 55 28 38 77132196263312324299252195138 98 9211916321426530020 224L01147325232930599999999999999 514 271740 9099999999999999
299261201138 79 37 29 57107168234293323311270214155105 82 9513418524028820 225L01212323999999999999999999999 543 2718 7 8199999999999999
308288237173110 57 32 44 87145209272315319286233173117 79 7610615420926420 226L0 0 1308123632299999999999999 611 311835 7399999999999999
301303267209145 87 47 42 72125187250301320299251192133 86 66 8112217423120 227L0 033308125832099999999999999 638 3919 3 6699999999999999
279302287241182123 75 53 67110166226280311306267212153100 67 65 9414119420 228L0 1 6302132231499999999999999 7 7 531933 6299999999999999
247285292265217163113 79 74101148202254292302277230174120 79 62 7511115820 229L0 142294134730299999999999999 739 7220 4 6299999999999999
209254280276245202156118 98105136180226264284277244195145101 73 68 8812620 3 1L0 222282141628599999999999999 815 972041 6799999999999999
170215252269261234198163136125136163198231256264249215172130 96 77 78 9920 3 2L0 311269145126499999999999999 9 01252127 7499999999999999
133173212243258254235209182161152157175199221237240227199164130101 84 8420 3 3L0 41625915432419999999999999910 71522232 8299999999999999
100129165201233253257248230207185169165171185202217225219201173141111 8920 3 4L0 54825817 72259999999999999911531652357 8199999999999999
 81 9111514918822625527127025523020017415715516518420622322821819215611820 3 5L0 7282731852229999999999999991341154999999999999999999999
 86 69 71 9313117822526629229627724420316513913314717520723625124421316720 3 6L0 839297201325299999999999999 124 68144713299999999999999
118 76 50 47 7211817323128331531628924519414611511313717621925928127122920 3 7L0 932320211328199999999999999 235 45153411099999999999999
172113 61 27 26 59113176244304335326288234174120 9210113718523828730929020 3 8L0101633622 330999999999999999 332 221615 9199999999999999
237170103 43  9 15 57118189265325346323273212146 93 75 9714319926131433020 3 9L01056346225033199999999999999 421  61655 7499999999999999
298235163 90 28  1 19 70135211289341344306248181113 67 64 9915321628433420 310L01133349233434399999999999999 5 5  11734 6099999999999999
338294226152 78 22  7 38 95164242313346329278214144 80 48 6110616523430420 311L012 8347999999999999999999999 547  61812 4799999999999999
344334282213140 70 27 29 70130200273328338302242174106 53 39 6611718025220 312L0 018346124134199999999999999 627 221849 3899999999999999
315341319265199130 72 46 63110170236297329315267203136 75 38 40 7613019520 313L0 1 2341131333099999999999999 7 5 461927 3499999999999999
263315327299248188129 86 77103150205261303312283230168107 59 38 51 9014420 314L0 147328134431499999999999999 744 7620 6 3799999999999999
206265303307280236185139112113141182227268290284249198144 94 59 50 6710520 315L0 236310141729299999999999999 8271092050 5099999999999999
154208256285287267233194161143147167198230255264252222180136 99 74 69 8420 316L0 335289145726499999999999999 9201422145 6999999999999999
115156200240266273263241213188172169178195214229235227208179146117 96 8820 317L0 454273155723599999999999999104416823 3 8899999999999999
 9511614818622225226927125823621118917517017618920321321721119316713911520 318L0 6372721756217999999999999991253170999999999999999999999
 98 9510813417021024827628727825522419116415015216618620822522921518815620 319L0 8 2287194522999999999999999 044 95142214999999999999999
123 97 86 9412216120825529130429226122117714212613315518621924625323620120 320L0 9 0304204725499999999999999 2 5 86151112699999999999999
160119 85 71 8311716321727130831529225220215111610812615920124427427424620 321L0 942316213227899999999999999 3 2 71154610799999999999999
202152103 68 60 81123177238293321313278228172121 9410113317722827529828520 322L0101632322 829899999999999999 345 591617 9399999999999999
243189132 81 52 58 92142202265312323298251194135 92 8310715020426030331120 323L01046324224231399999999999999 421 501645 8299999999999999
280227167107 61 47 69114171235293323312270215154100 73 8312217423429032020 324L01113324231432199999999999999 452 471713 7299999999999999
309264204140 83 51 56 93146208271314319286233173113 72 65 9414320226431220 325L01137322234532599999999999999 521 481740 6399999999999999
323294239176114 67 54 79127185247300320300251191130 78 55 7011216823028920 326L01159320999999999999999999999 549 5418 6 5599999999999999
322313270211149 94 64 73112166225281315309267209148 92 55 54 8513619525720 327L0 017323122231799999999999999 617 631832 5099999999999999
305318292243185128 86 76102150205259300310281227166109 64 47 6510816322220 328L0 049319124531199999999999999 646 751859 4799999999999999
277309305269219165118 93100137185236279301288244186129 81 52 53 8413318920 329L0 123312131030199999999999999 717 911928 4899999999999999
243287303287249202157122111129167211252280283257208153104 68 54 6810515420 330L0 2 0303133828699999999999999 75211120 1 5499999999999999
206254286292273238198162138135155187221250265258227183136 96 71 66 8412020 331L0 244293141326599999999999999 8361342043 6599999999999999
165211251277282267239207178160157169191215234242235210175138106 84 79 9320 4 1L0 34328315 324299999999999999 9411562146 7999999999999999
122161202240266277271253227200179167168179196212223224211187157125101 8820 4 2L0 5 727716332259999999999999911241662317 8799999999999999
 9211114418422525928028627425021818716415315717219421623023121518514811320 4 3L0 6482861834232999999999999991315153999999999999999999999
 88 79 9112216621425829230629626622518314712813115418722225126325021316520 4 4L0 8 530620 026399999999999999 057 79142112699999999999999
118 79 60 6810315321026631032631027021816512010011114519123928229928123320 4 5L0 85932621 029999999999999999 214 5915 8 9999999999999999
175116 66 41 52 94152216281328338310258198136 89 7610014620326431433030120 4 6L0 944340215033099999999999999 312 401550 7699999999999999
243176109 53 31 50100162232301342337294234168103 61 61 9915422029034234820 4 7L01023346223735199999999999999 4 1 311629 5699999999999999
307243172100 46 34 64118183256320346322267201131 69 40 5710516724031435820 4 8L011 0346232136299999999999999 446 3217 7 4099999999999999
351302236164 93 49 51 90147212282333336295232163 94 41 30 6111618326133120 4 9L01134341999999999999999999999 527 441745 2899999999999999
362342290225154 91 63 79124181244304333314260194125 62 25 31 7213120227920 410L0 0 536212 733399999999999999 6 7 631822 2299999999999999
338354326274211146 97 86112159214270313320284224158 94 43 23 42 8915022120 411L0 049355123932399999999999999 646 851859 2399999999999999
290335338307257199145112114145190239283306294250191130 76 40 35 6211017020 412L0 134342131130799999999999999 7261081938 3399999999999999
235292322318288243194152133142171210248278285263220168116 75 53 58 8613120 413L0 222324134528699999999999999 8101332019 5199999999999999
185240284305300275237198168156164186214241257256235200158119 89 77 8310720 414L0 317306142525999999999999999 9 51562110 7699999999999999
14519023527028828727024121118617317418520322023023021719516613711410310420 415L0 4272901528231999999999999991027172222210299999999999999
12014918522325527728327425322620018017017118119520721621620618616213912220 416L0 5552831734217999999999999991225169999999999999999999999
11512214317421124627428928526523520217215214715717619821923223021218515520 417L0 718290192323399999999999999 0 3115134814799999999999999
12911311313216520524728330129627023319015212712414217120523925925723319820 418L0 817302202526199999999999999 130110143612399999999999999
15912310110112416320925829831329926321616512310211014018122826928927824420 419L0 9 131321 928999999999999999 230 97151210299999999999999
198150108 86 93125171225278313317289242186132 93 8510815120425930131128720 420L0 936319214731299999999999999 315 851544 8499999999999999
241186132 90 77 97138191249299322307265209149 97 71 8111817223329132532020 421L010 6322222232899999999999999 352 771613 7099999999999999
282227167111 78 80113162219277316318285232171111 69 61 8813719826531833620 422L01033322225633699999999999999 426 751642 6099999999999999
314266206144 95 78 97139193252301320300252192130 77 52 6510616222829333320 423L01058320232933899999999999999 457 781710 5299999999999999
332297243182124 88 90123172227281315310270212151 93 54 49 7913019125731320 424L01123318999999999999999999999 527 841737 4799999999999999
335317273217158110 93113155206259302313286232171112 64 44 5910215822128420 425L0 0 1335114731499999999999999 556 9318 4 4399999999999999
325328296248193140107109141187237283308297252192133 81 47 46 7913018825020 426L0 034331121330999999999999999 6271031831 4299999999999999
303326314275225174131114131169215259292299270216156102 61 44 5910215721620 427L0 1 8327124230099999999999999 7 011419 2 4499999999999999
272312321298257210165134130153191232267287278241186131 85 55 52 7712317820 428L0 145322131428899999999999999 7381281937 5099999999999999
234282311312287248205167145147170203236261271256218170123 85 64 66 9313720 429L0 230315135527199999999999999 8261432024 6299999999999999
188239281305304283249212179160159175200225245252240211172132 99 80 8110220 430L0 328307145325299999999999999 9311572128 7899999999999999
139184231271296301287259225193170161167184206226239238221192156122 98 9020 5 1L0 44430216262409999999999999911 51612257 9099999999999999
10112917121726029230629927523920116914914616018421323825124722418714711320 5 2L0 6113061818252999999999999991240145999999999999999999999
 92 9111415420425229331631428624419715412511813616921024927828225921616720 5 3L0 724319194128499999999999999 032 89134611799999999999999
121 87 79100143197253302329323288236180129 95 9111916421727031031728823720 5 4L0 820331204131999999999999999 148 781435 8999999999999999
179123 81 70 95143201262314339323276216153 97 65 7211116723129634034330620 5 5L0 9 6339213334799999999999999 248 691519 6399999999999999
248183121 77 71102154214277327340309252187120 65 43 6411317724932036135520 5 6L0 947341222136599999999999999 338 6816 0 4399999999999999
311250182118 79 83121174234295335330285221153 87 39 32 6512219126933937120 5 7L0102433923 837199999999999999 424 761640 2999999999999999
354306245177117 89104146199257311334311255188120 59 24 32 7413520828735020 5 8L011 0334235336999999999999999 5 7 891719 2299999999999999
369344295234169119105129173225278319323284223157 92 40 21 42 9015422830220 5 9L01135327999999999999999999999 5491041758 2199999999999999
352359329279220161125124154198247292316303256194130 73 34 30 6011117624720 510L0 039361121031799999999999999 6301201837 2799999999999999
312347343311262206158135144176218260294303277228169112 65 42 49 8413619820 511L0 124350124630499999999999999 7121341916 4099999999999999
263314336326292246197160147161191228262284281251205153105 71 60 7411016020 512L0 2 9337132428699999999999999 7571471956 6099999999999999
217271309322309277235194166159172197227252264257230191149112 88 8410013320 513L0 25832214 826599999999999999 8501592043 8399999999999999
17822627030030929626823219817416717419321523424323822019115813011210812120 514L0 354309151024399999999999999 959167214310899999999999999
14818622726428929929026623420317816616617819721522823222420417815313412620 515L0 5 1299165023299999999999999112816423 712699999999999999
13215218422125628329629126923720317315314815817920322624024222820217414920 516L0 6142971836243999999999999991249148999999999999999999999
13313214817921625328430029627123419315613112614116920423826226925322218720 517L0 718301194726999999999999999 036130134612599999999999999
15313012414117521625829230829826522017213010510613117121726229129527323320 518L0 8 7308203829799999999999999 144124142810299999999999999
189147120117139178224270304313292249195142100 83 9613318424129131931428120 519L0 847314212132199999999999999 23711415 4 8299999999999999
233181135110115145190241288315310274222163109 74 69 9714520526831833631920 520L0 92131722 033699999999999999 3201081537 6799999999999999
277223166122107123162211263304317295247189129 79 57 6910916523129533734120 521L0 951318223634499999999999999 35810716 9 5699999999999999
312264206150115113141185236285315309270214153 96 57 52 7912819025831734420 522L01020317231234599999999999999 4331101639 5099999999999999
334296244186136115128165212262303315289238178119 69 46 58 9815321828433120 523L01049315234734399999999999999 5 511517 9 4699999999999999
342319275222166128123149191238284311304262204144 89 51 46 7312218124630620 524L01118313999999999999999999999 5381211740 4399999999999999
339334301254200152127137171215260298309284232171114 66 43 53 9314820927220 525L0 022341115031099999999999999 6121271812 4299999999999999
322340323283234183144133153192235275302298261204144 91 53 44 6711417223420 526L0 058340122530499999999999999 6491331848 4399999999999999
293331336311268219173143143168206246280296282240183127 80 52 53 8313319220 527L0 13933913 529699999999999999 7311391929 4899999999999999
252304333331302259211170148152177211246274284267226174123 83 61 66 9814720 528L0 225336135328499999999999999 8211462019 6099999999999999
204260306330325296255211173153155176206237262271258225180135 98 78 8210920 529L0 319331145627199999999999999 9241512121 7699999999999999
153206259302324321296257214176153149164190221249265261238201158121 98 9420 530L0 42232616202669999999999999910411482239 9399999999999999
11415220225229532032129825921417314313314317020524026727726323018814711620 531L0 53332417562779999999999999912 0133999999999999999999999
10311414819524529031932430125820816012410811815019424028030129426221716920 6 1L0 639326191630299999999999999 0 410313 610899999999999999
129107113144192243290323327298249193139 97 81 9713719024729932832328823920 6 2L0 737329202133199999999999999 11910614 0 8199999999999999
185137109114147195247296328325288232170112 69 58 8313219326032035234430520 6 3L0 826331211735499999999999999 2221071448 5899999999999999
251193141113121156204257305331318270208144 85 46 45 7913420227533836735320 6 4L0 91133122 936799999999999999 3161111532 4199999999999999
310255194142119133171219270314329303248183119 62 32 42 8414321529135137120 6 5L0 952329225837199999999999999 4 51191616 3199999999999999
351307250189142128149189236284320321284224159 96 47 28 48 9515823130535720 6 6L01032326234536999999999999999 4511281658 2899999999999999
368342296239181142139166207253296320308262200137 79 40 33 6211317725031820 6 7L01111321999999999999999999999 5351361740 3199999999999999
358358327279222171144151182223267303314290239178119 69 41 47 8213620127020 6 8L0 030363115031599999999999999 6171421820 3999999999999999
328354344308258205162147162196236276302302270217159105 65 51 6710816322620 6 9L0 112355122930699999999999999 6581471858 5199999999999999
288333346327287237189157152172206244278294285249198145100 71 68 9213619120 610L0 153346131029599999999999999 7411501936 6699999999999999
250301332334309267220179156157179211245272281266231186140103 85 9111816220 611L0 233337135428199999999999999 8261532017 8499999999999999
21426630632631929125120817315616018020923926026625222218414611710611414120 612L0 315326144826699999999999999 91915521 510699999999999999
18222827230431630627824020117015515717319922724825624822519416213812813420 613L0 4 331616 025699999999999999102415422 712899999999999999
15719223327029730629727023319616514714616018621524025525524121418415914520 614L0 5 03061732257999999999999991136144232814499999999999999
14616319423126529030129226522718715413212814417320824226627426423820617520 615L0 6 43011857274999999999999991242128999999999999999999999
15414916219122726228930029026021717313511110913016621125428629828725822020 616L0 7 230020 129899999999999999 048149133510799999999999999
182155146159189227265293302286249200151111 89 9412316922227331032030426820 617L0 752302205232099999999999999 1541461419 8899999999999999
223179149141158193234274301302276231177125 86 73 8812718124129633033431020 618L0 833305213733699999999999999 2471411458 7399999999999999
267217170142141165204248288308297260207150 99 67 64 9113919926331734433720 619L0 911308221734599999999999999 3311381535 6199999999999999
305257203158138147178221266301310286237180122 76 54 6510215722128633334920 620L0 946311225634999999999999999 4101371610 5399999999999999
332292241187148139159196241284311306268212152 97 58 49 7311917824430634520 621L01021313233435099999999999999 4471381646 4899999999999999
347320275221171141145174216261299315295246186126 75 45 50 8513920126832520 622L01058315999999999999999999999 5231391722 4399999999999999
351341306256202157139154190234277310314281224161103 58 39 5710216022629220 623L0 012352113731799999999999999 6 113918 1 3999999999999999
340354332290238185148141165204248289314307264204141 86 48 41 6912018325020 624L0 051354121831699999999999999 6411391842 3999999999999999
312351352321274221171142144173214257295312296249189128 77 47 50 8514120520 625L0 13135613 331299999999999999 7251391925 4499999999999999
271327354345309259206161139147177217259293305286239182126 81 58 6710516020 626L0 214355135430699999999999999 8131382014 5799999999999999
223285333351335296245194154136146175213254286297279239187137 97 79 8912520 627L0 3 1351145329799999999999999 9 813621 9 7899999999999999
17723529133034232328423418514713013816520324327729128124920415912210411120 628L0 35234216 6292999999999999991011130221510399999999999999
14118724028932233131327422417613811812314818723126929229226923118815212920 629L0 4493321730295999999999999991119117233112699999999999999
12915219223828231332230526521516512410110413017222026630031129526021817820 630L0 5513231853311999999999999991225 99999999999999999999999
149141158192235276307317299257205152108 82 8411316021427031433232028624320 7 1L0 65231720 533299999999999999 0501411325 7999999999999999
197161147160192233274306315294248192137 89 63 6810215421527832935133930420 7 2L0 74931621 735199999999999999 2 11471421 6199999999999999
257206165149162194235277308315288237178121 73 50 60 9915522129034336334820 7 3L0 84231622 236399999999999999 3 21491512 4999999999999999
310259205163150166201242284313313279224163105 60 43 6010416323230335336820 7 4L0 930317225236899999999999999 35515016 0 4399999999999999
347305252197158151174211253293317308266208148 92 52 43 6811617724831636020 7 5L01016318233736799999999999999 4421501645 4299999999999999
364337291236183153155184223265303319299251191132 80 48 50 8313519826933020 7 6L01058319999999999999999999999 5251501727 4499999999999999
361354319270215168149162196237279311315285231171115 70 50 6410516122629220 7 7L0 017363113931899999999999999 6 414918 5 5099999999999999
342358338296243191154148171209251290314306267210152100 65 60 8613419225720 7 8L0 054358121731599999999999999 6411461840 5899999999999999
315349348316269216169144150180221263297310291246189135 91 69 7711316622620 7 9L0 127353125631099999999999999 7181431914 6899999999999999
285331347331291241190152140155189230269297300273227174125 92 8310314419820 710L0 159347133630299999999999999 7561401948 8399999999999999
25530633633731026621517014314015919423426929028625821516812810510613117420 711L0 231340142129199999999999999 837138202710399999999999999
22427431332931928724319615813814016019323126327927425021517614412813315720 712L0 3 6329151628099999999999999 925136211612799999999999999
19523928030831530026822618415113413615618722325327127025422619516815415720 713L0 3483151629273999999999999991022133222115399999999999999
17520624227529629928425421517614512812914617721324626927726824721919217520 714L0 4413001757277999999999999991127126234517199999999999999
17118220623626528428827524620816813511711613416720724727729228927024121020 715L0 5442881919293999999999999991231114999999999999999999999
18617518020022825727828427124120015712210210312416120825529331230928825420 716L0 648284202331399999999999999 1 9175132810099999999999999
216185170174195225257281286270234189142104 86 9111916321727031133032429620 717L0 745287211433199999999999999 2171691417 8599999999999999
255211176161169195230266290292268225173123 85 71 8312017123128833034433020 718L0 834294215934499999999999999 3 916115 2 7199999999999999
295247199164154169202242280302296262211154102 67 59 8112618524930834635120 719L0 920303224035399999999999999 3521531545 5899999999999999
327284232182152151176215258296313298253193134 82 51 52 8513820126832735820 720L010 3313232036099999999999999 4311471628 4799999999999999
352318269213165142153187230276312322294239175113 63 39 52 9515322129134620 721L01046323235836599999999999999 5101421710 3999999999999999
365347304250193149137158199245292325325285223156 95 48 34 5811017424531520 722L01130330999999999999999999999 5501361752 3399999999999999
361366335285228171135135166210259306333322273207140 80 41 38 7413119927220 723L0 037369121433499999999999999 6301311834 3499999999999999
337369359318263203151125136172219270315334313259194129 74 45 54 9715822720 724L0 11537113 033499999999999999 7121241916 4399999999999999
297351368344295237179133118136176225276317328302249187127 81 62 8112718720 725L0 153368134832999999999999999 75511820 0 6299999999999999
254315354355322270212157120113136176225275311319293245190138101 9111315720 726L0 232360144232099999999999999 8421122048 9199999999999999
21327132034533629924619114211210913217222026730130929025120516213212514420 727L0 314346154731099999999999999 935107214612499999999999999
18122927631332731427822817713310710412516220925529030429526723019316615620 728L0 4 232717 6305999999999999991037102225915699999999999999
167195232269298309297264219171129102 9611314819424128230730929026022519520 729L0 5 03091835311999999999999991145 95999999999999999999999
177178196225257283296288260217170127 96 8610013418023228131632731528624920 730L0 610296195732799999999999999 0271751256 8699999999999999
212185177189214245273291288261219170124 89 75 8712217223028732934633530320 731L0 72329321 434699999999999999 15217714 2 7599999999999999
261216182169180207240273295294265219167118 79 64 7911817223529734435934420 8 1L0 828298215835999999999999999 3 016915 1 6499999999999999
307258208170159175206243280304300266215160108 70 58 7812218024731235636420 8 2L0 923306224336699999999999999 3521591551 5899999999999999
340297244191157154177214255294315303260205148 96 61 58 8713619726632936320 8 3L01010315232236699999999999999 4351511635 5599999999999999
359325276220170146155187228271309321297247188130 82 56 6610415822229134520 8 4L01051322235736399999999999999 5121451714 5599999999999999
363343301247192150140162201246290322321283226166111 70 59 8313118925531720 8 5L01129326999999999999999999999 5461391748 5899999999999999
355353320270214163135141174218265308327310262202143 93 65 7211016522729020 8 6L0 02735912 432899999999999999 6181331818 6399999999999999
340356335289234179138126147188236283319324292238178122 83 72 9614420326520 8 7L0 054356123832699999999999999 6501261848 7199999999999999
320350344307255198149121126157202251296320311271216159112 86 9212818124020 8 8L0 120352131532199999999999999 7221191919 8599999999999999
29633634532127522016712811513116821426229931229325220115211610512316321420 8 9L0 146346135431299999999999999 755115195310599999999999999
26731233432629124319014511711613817622126429429827824119815913513315519320 810L0 214335144030099999999999999 833113203313199999999999999
23828031031729926221617013411612114518122226028328627024120817816216318220 811L0 246318153728899999999999999 916115212516099999999999999
21224727729529427323919916013111912514617921625127428127225322820418818620 812L0 3262971654281999999999999991010118224018599999999999999
19721724126327527325622719315913211912314217120824427128528527225122720620 813L0 4222771828287999999999999991117119999999999999999999999
19619720922724726126325122619416013011411413116120124227729930429427124020 814L0 539264195030599999999999999 022195122911299999999999999
21119218619521423825826625723319715812310210011715219824729031832531128120 815L0 7 1266205032699999999999999 1521861336 9899999999999999
241203178170182208239266279271242198150109 84 8210514820225930833934232020 816L0 8 9280213734499999999999999 2511701434 8099999999999999
279231187159156177212251284299286246192137 91 64 66 9815021127532935735120 817L0 9 4299221935999999999999999 3361541526 6199999999999999
317268213165141149181224269306319296244181120 71 45 56 9915822629535036920 818L0 952319225836999999999999999 4151401612 4599999999999999
350305249190143128148190239290328334298236167103 52 34 5710917424631936720 819L01038337233637699999999999999 4541281656 3499999999999999
372339286224163123121154202256310346340291223152 87 40 34 6912819727334220 820L01122349999999999999999999999 5321171739 3199999999999999
377364318259194136107120161214272328356336279209139 76 40 48 9315622730220 821L0 01237812 635699999999999999 6111061819 3799999999999999
360374344289226162111 97122169225287339355325265197130 75 54 7512619026020 822L0 047376125035599999999999999 650 9619 0 5499999999999999
326365359315255191131 93 93127177236296340345310253190131 89 8111116322420 823L0 121368133734899999999999999 730 881941 7999999999999999
287338356333282221160109 85 9513218324129733233029724719314411511815019720 824L0 156356142733699999999999999 812 84202511299999999999999
250300332333302251194139 99 8510013618524028831731629025020717015015518120 825L0 232337152732099999999999999 859 85211814999999999999999
219260295313306274229179133101 9110413618122927330130729226423120218418320 826L0 314313164530799999999999999 956 91223318299999999999999
198224252276287281257220178140111 9910613116921425629030630428626023220920 827L0 41128818223079999999999999911 8 99999999999999999999999
19719921323325326626825422619015312210310212015419824528731532231028425120 828L0 537269195232399999999999999 020196123310099999999999999
218194186193212235256268264240205164127101 9310714118824229333034132829620 829L0 715269205634299999999999999 1591861352 9299999999999999
254211178166175199229260281281256215169125 92 81 9813618824930734635433320 830L0 829284214535599999999999999 3 21661453 8199999999999999
293242191156148166198237276301296263215163114 79 73 9714220026532535935520 831L0 922303222436299999999999999 3461481542 7199999999999999
323274218165137141170210256299319303259204148 97 68 7310815922228934336220 9 1L010 4319225736299999999999999 4221341621 6699999999999999
343300245186140125145184231281321328297244184126 80 64 8513018725231635520 9 2L01041330232736099999999999999 4531251656 6499999999999999
353318267208152120124158204257307336325280220159104 70 7210816122328733920 9 3L01115337235335699999999999999 5231171726 6699999999999999
356332284227168123109132176228283327339311256193133 87 71 9314119926232020 9 4L01147340999999999999999999999 5511091755 7199999999999999
352343301245185132102109145196252305337330288229168114 83 8712518024029820 9 5L0 017353122033999999999999999 6191001823 8099999999999999
340347316263203146104 94118163217274319334312263205149107 9411616221827520 9 6L0 040349125433599999999999999 647 931852 9399999999999999
322342326280222164116 90 9813318223728832132128924118914211511915119925120 9 7L0 1 3343132932699999999999999 716 89192311299999999999999
298327326292240185134 99 9011115120025129431330327022718414913615018522720 9 8L0 12733114 931499999999999999 747 90195913699999999999999
269302313296256206157118 9710012716721225728930028825922519216916418020920 9 9L0 154313145630099999999999999 821 95204316399999999999999
24127028928726422618414511610411313917521525328028928026023521019318919920 910L0 227291155828999999999999999 9 4104214718999999999999999
21723825626626224121117814712411512114317320924327128528427325523321420220 911L0 31326717282869999999999999910 5114233520199999999999999
20220922123524524623521418715913412012013416119623326729029929427725122320 912L0 43424719 9299999999999999991130118999999999999999999999
20118918920021823624724623220517213911510711614318222827130532131729425820 913L0 627248201832299999999999999 130188125910799999999999999
219186166166183211240263271257224179136101 85 9412617422928332634433430020 914L0 75327121 834599999999999999 2311641411 8599999999999999
253203161140147176216257291302281236179125 82 62 7511717523930234836133820 915L0 852302215136299999999999999 31514015 7 6299999999999999
292235177133119139180230282322329297238172110 61 44 6811918425532436736620 916L0 941331222937299999999999999 3531181555 4499999999999999
329272208146106105139191250309349346300233161 94 46 39 7513420327934637620 917L0102735423 637699999999999999 4311001639 3699999999999999
357306243175114 86101147205271334368351294223149 82 43 50 9615923030536220 918L01110368234137499999999999999 5 8 851721 4099999999999999
372335274207138 86 73104157221291352373343282211139 78 53 7512719126232920 919L01154374999999999999999999999 546 7218 1 5399999999999999
366353302236168104 65 70111169236308360367329268200134 85 7711016422629120 920L0 014368123837099999999999999 623 621840 7599999999999999
343356324264198132 78 56 7512218225131735635231125519413710511114920025620 921L0 047357132336099999999999999 7 1 56192110399999999999999
309340332288227164106 66 59 8613519425931534333329624719515313414718322720 922L0 119342141334499999999999999 741 5720 413499999999999999
272308321300254198143 96 70 7310114720125830432431628724820817716617820520 923L0 153321151132499999999999999 825 67205716699999999999999
238269291292269230184139104 86 9111515320024828630630528725922920419319620 924L0 233294162730899999999999999 918 85221719299999999999999
21023025026326324822118715212410810712215119023126929430429727825222620620 925L0 33026418 5304999999999999991034105999999999999999999999
19619820822223624424222820417514712611512014117521625829331331429726923520 926L0 521244193331699999999999999 022196121211599999999999999
20318117418119922024125324922919816413311311012816320825730132833030927220 927L0 717253203333399999999999999 157174133810999999999999999
228185156148161188221255276274249211169129101 9711916021126831834433830620 928L0 826278211834599999999999999 2491481438 9699999999999999
259205157129130155193238281303294259211160114 86 9012116922728933635133120 929L0 913304215335299999999999999 3261261523 8499999999999999
287232173126110126164213267310324301253198141 95 77 9313519025331334934520 930L0 951324222435399999999999999 35811016 0 7799999999999999
309255194136101103136185242298335332293236175118 80 781101602202843353502010 1L01026339225135099999999999999 427 981633 7499999999999999
325275215153104 88109155211273326347325274212150 98 77 941381942563143452010 2L01058347231634799999999999999 454 8817 3 7799999999999999
336292234171114 82 87125179241302343344306248185127 89 871211732322913342010 3L01131349233934399999999999999 522 791732 8399999999999999
340307252189129 84 73 98146205269324347328281221161112 931111562112683172010 4L012 3347999999999999999999999 548 7218 0 9399999999999999
338318269208147 95 68 781171712332933343373052541971441101111441932462962010 5L0 0 1338123534199999999999999 614 67182910699999999999999
327323283226165111 74 67 941421982573083323192802301791381221381782252722010 6L0 02433013 833299999999999999 641 65185912299999999999999
308318293243185131 88 68 801171682232753133202982592141721451431672062472010 7L0 048318134432299999999999999 7 8 68193414099999999999999
282301294258206154109 81 76 991401892392833083062822472101781611671912222010 8L0 115302142631099999999999999 739 75201616099999999999999
253275281264227181138105 87 921181572012442792982952752482181931811852012010 9L0 147282152129999999999999999 819 86211618099999999999999
222242256256240210175141115102107128160198237269289292281260235212195190201010L0 232258164129299999999999999 916102225819099999999999999
195207221233238231213188159134117113125150184223259286299297280254224198201011L0 3562381821300999999999999991044113999999999999999999999
180175182197217233240235215185152124108109129164209253292315318300265225201012L0 6 5241193832099999999999999 055175122710799999999999999
185157146156181213245266269248209164122 94 87107148201256305336337309263201013L0 737271203234199999999999999 2 01461346 8699999999999999
210160125117138176223269302305276224167113 75 66 92143204268324354345304201014L0 837308211635699999999999999 2451161445 6599999999999999
246184127 93 96131183242300337335292230163101 59 56 92150217286343363338201015L0 926342215536399999999999999 325 891534 5299999999999999
283217149 91 67 86134196266331365350297228156 90 53 61107169238308357358201016L01012366223236499999999999999 4 3 671619 5199999999999999
315251180111 60 52 86144213290355379351291221147 85 60 81133195264328359201017L0105737923 735999999999999999 441 4917 1 6099999999999999
339282213141 76 39 48 94158232310369379341280211141 89 79111165225289339201018L01141381234035199999999999999 518 361742 7799999999999999
348309244174105 49 29 53107173250325370367326267201139102107145197253307201019L01226375999999999999999999999 556 291822 9999999999999999
338325274207140 78 36 33 67123191265330361349308253194144122137176224272201020L0 014339131236299999999999999 635 2919 412299999999999999
312323295240177115 65 39 48 87142206274326345329292243193156146164199239201021L0 04732314 134599999999999999 714 38194914699999999999999
276300296263212157106 69 55 71108159217273313326312280240200173168183209201022L0 123302145632699999999999999 757 55204316899999999999999
239264276266237196152113 87 81 95127170219264297309301277245213191183189201023L0 2 527616 430999999999999999 848 8022 318399999999999999
204223240247242223195163134114106115137171212251282299298282256227202185201024L0 3 6248172830199999999999999 958106235718099999999999999
180185198213225230225210186161139125124137165201239274298305293266234200201025L0 5 42301850305999999999999991137123999999999999999999999
173158159173194217236243235213184155132121129155192235276307316301269227201026L0 659243195231699999999999999 12515713 612199999999999999
184148131135157189226257271262234197158126110119149192241288320324300258201027L0 8 6271203832699999999999999 21713014 811099999999999999
207156118106122156201250288300281243196148111 98115153202257307332323285201028L0 853300211433399999999999999 2541061455 9899999999999999
232174121 89 91122170227282318319288238183130 96 93121168223281324334307201029L0 932323214533599999999999999 326 861534 9099999999999999
257196135 87 71 91136194259314339325281223162111 88100140193251305333322201030L010 7340221333499999999999999 356 7116 9 8799999999999999
278219154 96 62 66102158224291338346316263201141 99 92120167223280322328201031L01041348223933099999999999999 425 591640 9099999999999999
295240176114 66 52 74123185255316348338296239177123 971091482002553043262011 1L0111534923 332699999999999999 452 511711 9799999999999999
308259197134 79 49 55 941492152833323443192712131551151081351802322823162011 2L01147345232832099999999999999 519 47174110699999999999999
315276218155 97 56 46 711201792453043363302942441891401161271642112602992011 3L01220339235331399999999999999 546 45181011699999999999999
313290238177118 70 46 56 951492102713173313112702201711351281521922372772011 4L01252331999999999999999999999 613 45184212699999999999999
302296257199141 90 56 50 751231792372893213202912492031621391451742132512011 5L0 020304132832499999999999999 641 48191813899999999999999
281290270224168116 76 56 63 981472022552973163072762371961641511621892222011 6L0 05129114 931799999999999999 714 5520 215199999999999999
252271270244200151108 77 66 811161642142612963092982702352001731631711922011 7L0 12827415 130999999999999999 756 6621 116399999999999999
217240253249227191151116 90 83 951261682132562883022962742432111841691692011 8L0 220254161030299999999999999 853 82222916799999999999999
181200219234237226201170137111 981021241592022452803013022862562201871632011 9L0 3442381735304999999999999991016 97999999999999999999999
153158175199223239242228200165131107100112143187235277307315299265222178201110L0 541243185131599999999999999 0101521154 9999999999999999
143125128152186224256272265234191146109 90 96129177231281318328307264210201111L0 712273194932999999999999999 1191231316 8999999999999999
156112 92102137184237283309300262209154105 79 85122176235292331336303248201112L0 816310203733999999999999999 210 911419 7799999999999999
185123 77 62 84132192257315342327280219155100 72 85128186248307341332285201113L0 9 8343211934399999999999999 253 611511 7299999999999999
221152 87 44 41 77136206281343365340286221152 96 75 96145203266321342316201114L0 957365215734299999999999999 334 371559 7599999999999999
257187116 54 21 33 81147223303361373341284216148 98 88117168225285329333201115L01044375223533799999999999999 414 201643 8699999999999999
291224152 83 28 10 36 91161241319369370332274208144104107143193248300329201116L01131375231133099999999999999 454 10172610099999999999999
314261191122 57 15 11 47107178258330366357317261198142116129168215265307201117L01217368234832099999999999999 534  718 811699999999999999
319289230163 98 43 14 24 66126197272333356340299245187143130150188232274201118L013 3356999999999999999999999 615 13185213099999999999999
303300262204141 83 40 26 45 89148216282329341321280230180148144166201239201119L0 025306135034299999999999999 656 26193714299999999999999
272288275236183128 81 51 47 71115170231286320324303264219179156156175204201120L0 1 5288143932699999999999999 738 45202915399999999999999
235259266251216172127 91 71 74 98138187239282307309288254215182163161175201121L0 150267153331199999999999999 824 70213416099999999999999
197221239244232207173138111 97100120154196239274296297280251216185165158201122L0 249244163529999999999999999 920 9623 015899999999999999
164180200218228226211187159136121119132159195233266288293279251217184157201123L0 4212281746293999999999999991038118999999999999999999999
143144159181205224234229210184158137128134157190228262287295282251212172201124L0 610234185229599999999999999 02514212 812899999999999999
139120121140171205236255255235205172142125128151186227266294300281243196201125L0 729258194530199999999999999 126118132312499999999999999
149111 93101130172219260284282256216174137116121148189234277303302272224201126L0 824287202730699999999999999 211 93141911599999999999999
170118 81 71 91133187244290311300265216166125108119154200250291309294252201127L0 9 831221 330999999999999999 249 7115 510899999999999999
196136 84 55 59 93146210273317329306261206151113105127169219269303306275201128L0 948329213530999999999999999 323 53154510499999999999999
222160100 55 41 60107168238300335333299247188136107112144191243288308292201129L0102633822 430899999999999999 355 40162010599999999999999
247187124 68 36 39 73128195265319340323282226168123110129168217266300302201130L011 1340223330699999999999999 425 33165311099999999999999
268212150 90 45 30 50 951552242893303333052582021491181201511942422843032012 1L0113633623 130399999999999999 455 30172511599999999999999
285237176115 62 31 34 691221852523073313202832331791351201371742192632942012 2L012 9332233229999999999999999 524 28175712099999999999999
295260203142 85 42 28 48 931512152763193263032602091601281281551962382752012 3L01243328999999999999999999999 555 28183112499999999999999
293278232172112 63 33 34 671191802422953243182862401911491291391712112492012 4L0 0 5293131932699999999999999 628 2919 912899999999999999
278283257206147 93 51 34 47 881432042623073233082712251801451341491802172012 5L0 04128514 032399999999999999 7 5 33195413399999999999999
250271268238188134 86 53 44 641071622202733093182992622181761461381521802012 6L0 125273144831999999999999999 749 43205013899999999999999
212241258254226183135 94 66 60 801201722262743063122942582161761471371462012 7L0 221259154431399999999999999 843 5922 013799999999999999
169198226245247228194152114 87 79 921261732232682993082922592161741421252012 8L0 336248165130899999999999999 953 78232112499999999999999
128148178211238251244218181142111 94 991251672162612943072942592131661272012 9L0 51125118 0307999999999999991118 93999999999999999999999
103102124159201239266271251214171132105100121161210257294309295256203150201210L0 64127219 230999999999999999 0321001241 9999999999999999
103 74 74101146198251290302283243194146110 99119159209258298312292245185201211L0 753303195631399999999999999 131 711351 9999999999999999
125 73 45 50 86140204268316330309264209154112100121164214265305313283226201212L0 852331204331599999999999999 221 431450 9999999999999999
161 97 45 20 35 80142214286337349323274215155112104130175225276310308267201213L0 946350212731599999999999999 3 8 20154210399999999999999
204136 71 21  6 30 83150228303351356325273212152114113144189239287312298201214L01037360221031399999999999999 353  5163010999999999999999
247180112 49  7  2 35 92163242315356353318264202146116125160205254295309201215L01125360225231099999999999999 437 -1171611599999999999999
283225158 91 34  2  8 48108180258324354342303248188139121138175220265298201216L01211355233330499999999999999 521 -1175912199999999999999
300263203137 75 26  6 23 68130201275330346326283228172133126150189232272201217L01254346999999999999999999999 6 2  6184112599999999999999
295285242182120 65 27 19 46 95157226290330333305259205157129133160199239201218L0 014296133533799999999999999 642 18192312799999999999999
272284265220163107 61 36 41 74125185248300325317283236186146129139167204201219L0 055285141432699999999999999 721 3420 712999999999999999
239265268244200149102 67 54 68104155211264302314298262216172140130142169201220L0 138270145431499999999999999 759 54205613099999999999999
201232251250227189146108 83 78 96132178228270297300280244202163138130140201221L0 227253153730199999999999999 842 77215513099999999999999
163192219236236219190155125106104120151191233267286286266233194158133123201222L0 331238162928999999999999999 93610323 612399999999999999
130150178205225232224203175149131125135160194229259276276258226187151123201223L0 4592321731278999999999999991051125999999999999999999999
109113133164196224241242227201173150137140159189222252270272254220178137201224L0 633244183627499999999999999 017109122013699999999999999
105 89 94118155197235260267252224190159139136153183218250271271249210163201225L0 747267193227499999999999999 117 89133713599999999999999
117 83 68 78110156207254285291273238196157133130149183221256275270240194201226L0 844292201927699999999999999 2 6 68143612899999999999999
141 92 59 51 70111166226277307307282239190148124127152190233267280265225201227L0 931310205828099999999999999 248 50152412299999999999999
171115 67 40 42 72122184248298321312278229176135119131163206249278281253201228L01012321213528499999999999999 326 3716 311999999999999999
203144 87 44 28 42 83140207270314325306264211158124119142180226266287275201229L0105032622 928799999999999999 4 2 28163911799999999999999
234177116 62 27 24 52101163231291323321291243188140117126158201246281289201230L01126327224529099999999999999 436 21171311699999999999999
262209147 87 39 16 28 67124189257308327311272220166126117138177222265291201231L012 0327232029399999999999999 510 16174711699999999999999
