208241254246214166115 76 55 54 7912919124828730329425921016312610510612920 1 1MM 2 725515 830399999999999999 831 52213010399999999999999
168206232241230199157116 86 72 7910815620925428228927223719315112010410820 1 2MM 258241154828999999999999999 912 72221910399999999999999
131165198221230221196161128104 94103131172215250271272254220180142113 9920 1 3MM 4 123016342749999999999999910 4 942316 9899999999999999
10312415618821322622320517814912711612114217521024025825824120917113310420 1 4MM 5182271731260999999999999991112116999999999999999999999
 89 9211214418021223223722520117314713112914216820123024925023420216112120 1 5MM 646237183625299999999999999 020 88123812899999999999999
 89 73 75 9713517922024825925122619216013712813516019422724724923219514820 1 6MM 8 4259193825199999999999999 123 7114 512799999999999999
103 70 53 57 8513218723627128527524320216313412012715519623225225222918520 1 7MM 9 6285203125599999999999999 220 52151312099999999999999
130 81 48 33 42 7813820325729430729125020115912711212215920624326025522320 1 8MM 957307211726199999999999999 311 3316 911299999999999999
168107 58 28 17 32 8015122327931432229624619315011910612517122325726825420 1 9MM1045323215926899999999999999 4 0 17165810699999999999999
212147 83 38 13  6 30 9117124429732832829123418114111210513419024126827220 110MM1130333223927399999999999999 448  5174310399999999999999
249196125 62 23  1  0 3510919426431233732527721716713010510714921125727620 111MM1213338232027899999999999999 535 -3182710199999999999999
272241178103 45 12 -6  1 50134219283325339315257197152119 9911416722926820 112MM1255339999999999999999999999 620 -819 9 9999999999999999
280269228158 85 34  5 -8 10 74163244300333335297234176136105 9512318324120 113MM 0 3280133433999999999999999 7 3 -81950 9499999999999999
273280264214141 72 28  4 -2 30104193266313335323273208155118 92 9213219420 114MM 050281141233699999999999999 743 -32031 8899999999999999
246273277255201129 69 31 11 15 59137219281318329303247184136101 82 9213720 115MM 142278145032999999999999999 824  92113 8199999999999999
197243268271246193128 76 44 29 42 91165236287314313279222164119 87 74 9120 116MM 238273152931799999999999999 9 7 292159 7499999999999999
137191235260264241194139 95 67 57 73120182241281300291255202149106 77 6920 117MM 340265161230099999999999999 956 572250 6899999999999999
 87128178221250258242206162124 97 88102138187234267280269236189139 97 7020 118MM 45125817 4280999999999999991056 882351 6299999999999999
 62 77114161207242258253228192156129116121144181220250261253225182133 9120 119MM 61625918 6262999999999999991215115999999999999999999999
 63 52 63 9614519723926527125622318615413412814016920623625024522117812820 120MM 747272191625099999999999999 1 1 52135212899999999999999
 84 54 40 48 8013419324427829228124720516714012513115919823024624422017520 121MM 9 3292202224899999999999999 211 40151512599999999999999
121 75 43 28 35 7113119825429431029725821016813611812415720123525024621920 122MM10 4310211925199999999999999 315 27161711799999999999999
168110 63 33 18 28 7114021126930832130025320115912611012416621324625824920 123MM105432222 625899999999999999 411 1717 611099999999999999
213155 95 51 23 12 29 8315823028431832329023518314311410613318423225926420 124MM1137325224726599999999999999 5 0 12174610599999999999999
247201136 78 39 16 11 4110718525129932331226720916012510410915020725127020 125MM1214324232427199999999999999 542 10182110199999999999999
267239181114 61 29 12 20 66141217274310320291235178136107 9712017423126620 126MM1246320235927699999999999999 618 111852 9799999999999999
276263222156 91 47 22 15 40102181248294316306261200148113 93 9813819924920 127MM1314317999999999999999999999 648 151921 9199999999999999
275276251197129 72 37 21 29 73146220276307312282226166122 94 8510816121920 128MM 034278133931499999999999999 715 201949 8599999999999999
260276268231170106 60 34 30 56115189253294310296250190136100 81 8712418120 129MM 11027714 431099999999999999 741 292019 7999999999999999
233264271253207146 92 57 42 51 92157224274299299268214157113 85 76 9614120 130MM 149271142930399999999999999 810 422051 7699999999999999
195238260260235187133 91 66 61 82130191245279290276236182133 97 77 7910720 131MM 231263145729099999999999999 844 602126 7599999999999999
153201235252247220177134102 86 88114159209249270270247206159117 88 76 8420 2 1MM 319253153127399999999999999 924 8422 8 7699999999999999
114156197228243239216182149124111116138174211239252247223186145109 84 7520 2 2MM 418244161425299999999999999101711123 0 7599999999999999
 85112150189220238239225201173150136135148172200222233229210178140106 8120 2 3MM 5372411715233999999999999991134134999999999999999999999
 71 7810113817821424025124522619917315314314516018420722222320817814010220 2 4MM 710251183422499999999999999 0 7 71131914299999999999999
 74 60 63 8512317021625127027025222118615713813314517220122322821518414020 2 5MM 831273194922899999999999999 120 59144813399999999999999
 95 61 44 44 6611116822426729229427123118815112611813416920823424122618920 2 6MM 934296205024199999999999999 229 41155211899999999999999
136 83 45 26 25 5110517523928631231127922917913911310613017822425125623620 2 7MM1028315214225799999999999999 332 23164410599999999999999
190126 67 29  9  9 42109189257304328318274215164125 99 9913719624526826920 2 8MM1116329223227299999999999999 431  61731 9599999999999999
242184111 51 15 -5 -1 44125210276319337314257194146110 87 9915221926428320 2 9MM1159337232028499999999999999 525 -71814 8699999999999999
279242171 93 38  5-14 -1 60151235294331337298231169126 92 7710517324027920 210MM1239340999999999999999999999 613-141855 7799999999999999
294283234154 78 29 -1-14 13 90185261311337326271199142103 74 7211819325620 211MM 0 8294131633999999999999999 657-141934 6799999999999999
289299280220137 69 27  0 -3 42129219283322333303236166116 80 59 7413420920 212MM 056299134933499999999999999 737 -62011 5899999999999999
265294299270204126 68 32 12 24 82169246297323316270199136 91 60 51 8114720 213MM 143300142132599999999999999 815 112048 5099999999999999
217266292292257192126 78 48 37 61124200262298309288234167112 73 49 52 9120 214MM 231296145331099999999999999 853 372126 4699999999999999
154216260283280245190137 98 74 72101156216261285284255203145 97 64 48 5820 215MM 324286152928899999999999999 936 7022 9 4899999999999999
 97153206247270268242201160127108109132172215246261254226183135 94 65 5420 216MM 427272161326199999999999999103010623 3 5499999999999999
 64 96142190231256263249221189161142137147170199222234230209176137100 7220 217MM 5482631715234999999999999991150136999999999999999999999
 60 64 8712617221624826626524721918916414914515617619921521820718114610920 218MM 727267184321899999999999999 015 59134614599999999999999
 79 61 58 7410915720724927628427124120517114513213615818620922021519315620 219MM 853285201222099999999999999 140 57151713199999999999999
114 79 56 48 59 9615121025829130228624820316213111412115119021923222920520 220MM 955302212023399999999999999 259 48161411399999999999999
160111 72 46 36 49 9415822227330531228623718614411210011816120723725024220 221MM1043313221125099999999999999 4 1 36165710099999999999999
208153 99 60 35 27 49106178242289315309268211160121 95 9413018523225826520 222MM1121317225126599999999999999 451 261732 9099999999999999
247199135 82 47 25 25 64133207264303317292237178132100 8410215521525727620 223MM1154317232527899999999999999 531 2118 3 8499999999999999
273240177111 64 34 20 37 94171239286312306262198144106 81 8212218624427720 224MM1222314235628799999999999999 6 4 201831 7799999999999999
287270219149 88 49 27 26 64136212269303311282222159113 83 71 9215021826620 225MM1246312999999999999999999999 633 221857 7199999999999999
289288254189120 69 39 27 47106184250292310296246179124 87 66 7111418224320 226MM 02829213 731099999999999999 659 271923 6499999999999999
280293277228158 97 58 38 42 82154227278304302266203140 94 67 59 8414221020 227MM 1 0293132830799999999999999 725 361949 5899999999999999
261287288258198133 85 57 49 70127199258291299278225160107 73 56 6410617020 228MM 133291134830099999999999999 752 492015 5599999999999999
230269285275234175121 85 68 72108168230271288279242184125 83 60 55 7812920 229MM 2 9285141028899999999999999 821 662042 5499999999999999
191241270277259216164122 97 89103143197242267270249205151103 71 57 63 9520 3 1MM 249278143727199999999999999 855 892114 5699999999999999
146199241264266246209169137119116132166206236249243218178132 94 69 62 7320 3 2MM 337268151224999999999999999 9401152156 6299999999999999
105150196232254258244217186160144140150172197217226220199167130 97 75 6820 3 3MM 44325916 62269999999999999910491402257 6899999999999999
 77103141182219245257253236211186166154152161178195207208196172140107 8120 3 4MM 6152571736209999999999999991239151999999999999999999999
 68 70 8912116320724326527126123720617615314014115617920221320919015711820 3 5MM 751271191621499999999999999 022 67142713999999999999999
 83 60 55 67 9814620124928029328525521317214012111914017621223123221317420 3 6MM 9 7293203223499999999999999 150 55153511899999999999999
122 76 46 35 43 7813720526229931430126020615812210010213618823325625723420 3 7MM10 5314213425999999999999999 3 7 351627 9899999999999999
183117 63 31 16 24 67142219279316328304248185137102 82 9414621125928128020 3 8MM1053328222928399999999999999 415 151712 8199999999999999
247181105 51 18  2 14 73160241296330332291222158114 81 67 9716623728230120 3 9MM1135336231930399999999999999 511  11754 6799999999999999
295249169 92 42 10 -5 20 96190264312337323263187130 91 61 5911019226130020 310MM1213338999999999999999999999 6 0 -51833 5499999999999999
316300239153 82 39  9  1 45133224286323333299225151101 66 43 6113021527820 311MM 0 6316124733599999999999999 643 -11910 4399999999999999
312323295223139 79 41 16 23 84176254302326316262183117 75 44 35 7315323320 312MM 051323131832799999999999999 722 131945 3399999999999999
288318320280206133 83 50 34 59130213274307315286220145 89 52 30 38 9217220 313MM 135324134631699999999999999 759 342019 2899999999999999
243291316309263195135 94 68 65102170236280298290248181117 70 40 29 5211120 314MM 220318141429999999999999999 836 622054 2999999999999999
183244286305293249194147114 95102139194241269275256211154102 64 42 42 7120 315MM 3 9305144627599999999999999 918 942132 3999999999999999
124184237273288277245204167140127134162198228244243223186142102 72 56 6020 316MM 4 528915272469999999999999910101262220 5599999999999999
 86128176222256272269250222192167153153164183202214215202178147115 90 7520 317MM 52127416322169999999999999911321512329 7399999999999999
 75 9112116120323926327126424321518816615315015917419019919818616413610920 318MM 7 12711824200999999999999991343150999999999999999999999
 89 81 8710814418823126328028026122919316113812713415518120121020618615420 319MM 830283201221099999999999999 1 7 8115 812799999999999999
120 93 77 75 9213118323327229429426922718214311510511915419121923322920420 320MM 931297212023499999999999999 238 74155710599999999999999
162118 86 66 61 83131192246285306298260207157118 93 9112117021624525824720 321MM101630722 625899999999999999 343 601634 8899999999999999
208154106 72 52 52 86147212265300311287234175128 93 76 9214120024627227720 322MM1051311224227899999999999999 431 4917 5 7699999999999999
252197136 89 58 42 55105176240285309304260197140100 73 7110917323427429220 323MM1121312231529399999999999999 5 9 421734 6899999999999999
284240174113 73 47 41 74140213267301309281221156108 76 60 8013821026429520 324MM1147310234630399999999999999 542 4018 2 6099999999999999
303276215146 94 60 43 55109184248289308295245176119 81 57 5910317524228720 325MM1210308999999999999999999999 611 421828 5499999999999999
307300254184122 80 55 50 85155227277302302265199134 88 60 49 7213621126820 326MM 017309123030699999999999999 640 481855 4899999999999999
301310284224156105 74 58 72127201261293301279223153 98 64 46 53 9917224120 327MM 048310125030299999999999999 7 7 581920 4599999999999999
286307301260195136 97 75 73107172238280295284243176113 71 48 44 7013220520 328MM 12030913 829599999999999999 736 701943 4299999999999999
262296306285234174127 98 86 99145208259282281254200136 84 54 42 53 9616320 329MM 153306132828599999999999999 8 5 8620 6 4299999999999999
228274298297267216165129109106129177228260269256219164108 68 49 47 7012020 330MM 229301135426999999999999999 8391042034 4599999999999999
183238276292285254210169141126129153192227247247228190142 98 67 54 59 8720 331MM 313292143024999999999999999 9221252114 5399999999999999
133187235268282275251217184160147148163188211224223207178140104 78 66 7120 4 1MM 41228215262259999999999999910271452214 6699999999999999
 93132177221254273274259234205179161153157170187202209203184156124 95 7720 4 2MM 53427617 42099999999999999912111532342 7399999999999999
 74 8711615620124227028227625622519116314413714416519021021620718314911120 4 3MM 7102821855216999999999999991359137999999999999999999999
 81 68 71 9213218523727629629627523518915012411212015219322724223921417020 4 4MM 830299201924399999999999999 118 6715 811299999999999999
118 77 55 51 69114179243289313313283229173129 99 8710515321125327327123920 4 5MM 931316212427599999999999999 243 501559 8799999999999999
180115 68 42 34 53110188258303326320275207146104 75 6810116923728230229620 4 6MM1020328222030499999999999999 354 331644 6699999999999999
253179107 61 33 24 52124210276317333312250174116 79 53 5711119326430632420 4 7MM11 1333231032599999999999999 451 231726 4999999999999999
311252169101 59 31 26 68153238294325329289212137 88 55 36 5813121928532420 4 8MM1138332235733899999999999999 540 2318 5 3699999999999999
338312240158 99 62 36 42102191264307326312252169103 63 34 27 7015624230020 4 9MM1210326999999999999999999999 624 321843 2599999999999999
335341301225151102 68 49 72143226283312316282209131 76 42 20 31 9118025820 410MM 041343124031899999999999999 7 4 491918 1999999999999999
310339334284211150108 79 72110182250291306294244170102 57 29 19 4711720020 411MM 12434213 730699999999999999 742 701951 1899999999999999
268313334319267204154118 95102147210260285288262207139 84 48 28 31 7114020 412MM 2 8334133629099999999999999 820 932025 2599999999999999
213271309322301254203161131118132172219253267260228178123 80 52 41 54 9720 413MM 254322141126799999999999999 9 211821 1 4199999999999999
156217266297304285249209173148140153181211233240230202163123 90 68 64 7920 414MM 346305145524099999999999999 9541402145 6399999999999999
115163212254281289277251219188165155158172190206213207191165136110 92 8720 415MM 45228916 52139999999999999911141542249 8799999999999999
 9812315920023926728027625923120017415614815216518119520119618215913411420 416MM 61828018 4201999999999999991312148999999999999999999999
10310411914818722726027928226823920316914312712714316919521121620718415320 417MM 742283195221699999999999999 023102143112599999999999999
12510610010813617822526228629127423719215112010310813517521123524323220120 418MM 845292205824399999999999999 159100151910299999999999999
159123 99 89 97130182234273296296269220167124 94 8310114519723926426924820 419MM 932299214327099999999999999 3 8 891556 8399999999999999
203152112 87 77 93138198252288304292249189135 95 72 7411017022927029128620 420MM10 8304222129399999999999999 358 771628 6999999999999999
249191137 98 75 72102161224272300304273214151103 71 58 7813520526129731020 421MM1038306225531099999999999999 438 691658 5899999999999999
289235171120 86 68 78127194253291306291240173115 76 52 55 9716923928931620 422MM11 4306232932099999999999999 513 671727 4999999999999999
315276211150107 79 71100163230277301300263198132 86 56 43 6612920626830820 423MM1129304999999999999999999999 546 701757 4399999999999999
325307252186134100 78 86135204261292301280224153 98 63 42 46 9016623929120 424MM 0 2325115130199999999999999 619 771826 4099999999999999
321323287224165124 96 86113175240280296288247179114 71 47 38 6212520326620 425MM 035326121229799999999999999 651 861853 3899999999999999
307325311262200151119 99104147212263287288262206137 83 53 39 45 8816123420 426MM 1 8325123229099999999999999 722 971918 3899999999999999
286316322294239183144119109129180236272282269229168106 64 43 40 6211819220 427MM 141323125528299999999999999 7551091942 3999999999999999
256298318312276223176143125125153201245267266243198140 88 56 43 50 8414320 428MM 218320132726999999999999999 8311222012 4399999999999999
211266301313300263217177149135141168207238252246221178128 86 60 53 6510120 429MM 3 1313141225299999999999999 9161352055 5399999999999999
156215264295305292260221185159146150169197221232229209175135 99 75 67 7720 430MM 35630515162339999999999999910191452157 6799999999999999
108155207253285298291266232197168150146156176199217223213190157122 93 7920 5 1MM 5 929816542239999999999999911481462320 7899999999999999
 8210314118923827629629727824520516914212913315218221223123321818814710920 5 2MM 6312991838235999999999999991319129999999999999999999999
 84 78 9012217222827430130729125320315712310510613117622125226325321916820 5 3MM 74630820 126399999999999999 051 78142810399999999999999
118 84 70 75105162227280311317297249187134 98 79 8312118324228029528524220 5 4MM 84731821 829599999999999999 216 691522 7799999999999999
179120 82 63 64 99166238291319322292229158105 72 55 6912420126630732330820 5 5MM 93732522 532399999999999999 328 6016 9 5599999999999999
253180119 82 61 63107184257303324318272196124 78 49 37 6613822428932834220 5 6MM1020326225634399999999999999 427 581653 3799999999999999
318252176121 86 64 74130211276311323302239158 94 55 31 29 7416024630634320 5 7MM1057323234435399999999999999 518 631735 2599999999999999
351315242172125 92 74 96162239290314313275201123 70 38 19 31 9418426431920 5 8MM1130317999999999999999999999 6 4 741814 1899999999999999
351349302230170130 99 90125195261297309294242165 96 53 27 17 4511920727820 5 9MM 02935612 030999999999999999 646 891852 1699999999999999
327351338286220169133108111156221272296296268208136 79 44 23 26 6914622620 510MM 112352123229999999999999999 7261041927 2199999999999999
288330345322269213168135119134181235272285276239180118 72 43 31 47 9817020 511MM 15534513 728599999999999999 8 511920 1 3199999999999999
240294327332304256207167140132153194235261267252214162112 74 53 50 7512520 512MM 239334134726899999999999999 8481312037 4899999999999999
189248293318315288246203168146143162194224243245229197156116 87 72 7610220 513MM 325320143724699999999999999 9371422119 7199999999999999
146199249286304300276241202171152148161183206222226215193162131107 9510020 514MM 41930515462269999999999999910411482214 9599999999999999
12115720124327629229027023920417215114314816518720621621520217915212911520 515MM 52329317242179999999999999912 6143233011499999999999999
11513015819523526728428526923920216714212813014617320122122822220217414620 516MM 63328719 3228999999999999991324127999999999999999999999
12712012815218822926428428627023619315212310811113417221023925224722418920 517MM 738287201525299999999999999 057120142110799999999999999
153127116121145186232269288288266223172128 98 87 9813418523326527927023820 518MM 83029121 827999999999999999 21411615 3 8799999999999999
192150121108114145195244279295287253198143100 75 71 9614821026129430328420 519MM 912295215130499999999999999 3131071540 6999999999999999
238185141112100114157214262291298277227165111 74 56 6510717424029031831820 520MM 947298223132299999999999999 4 11001615 5599999999999999
284228172131104 99126180238279298293255192129 83 55 46 7113120526931333320 521MM101830023 833399999999999999 443 971649 4599999999999999
319271211160123101107149210262291298276222154 98 62 42 46 8916223729332920 522MM1047299234533899999999999999 521 991724 3999999999999999
337308251193150118104125180240280296289249184119 74 48 37 5711719626431120 523MM1114297999999999999999999999 5591041757 3799999999999999
337332289229179143117115151211262289292269216147 91 58 39 40 7815122828620 524MM 021340114029399999999999999 6351111830 3699999999999999
324339318267210168137119131179237275289280244182116 71 47 37 5310618325420 525MM 05733912 628999999999999999 71111919 0 3799999999999999
304332334301247196159134126151202252279281262217153 95 59 42 42 7213521120 526MM 134337123828399999999999999 7481251931 3999999999999999
274316335325285231186154134136167215256273269243194135 85 55 44 54 9315920 527MM 212335131827499999999999999 82713120 7 4499999999999999
230286320331314272222180151136143175217249263256229183130 87 61 54 6911120 528MM 255331141026399999999999999 9131362052 5499999999999999
173237288318324305265218178150137144171207236251248225186140100 75 68 8220 529MM 34532515202529999999999999910111372152 6899999999999999
121176235283312318300263219178148132135157190222243248234203162122 93 8220 530MM 445318164724899999999999999112113123 5 8299999999999999
 9112217122627430531429926521917413911911713617121124425925523119114711120 531MM 5523141817260999999999999991235115999999999999999999999
 93 94117161216268302313301265215162121 98 9411415620925427928326222016820 6 1MM 659313193928499999999999999 026 911341 9399999999999999
125100 95111153212267303314301261201141 98 74 70 9615121727130331229124220 6 2MM 759314205031299999999999999 147 941439 6999999999999999
182134106 95108153217273306315297247177115 74 52 52 8715523129032533531120 6 3MM 851315215033699999999999999 3 2 951532 4899999999999999
253189141111 97112163230283310312284223148 89 54 35 41 8816824830734335020 6 4MM 937314224335299999999999999 4 6 971621 3399999999999999
318254191147117103124182248292310304265194120 69 39 25 4010018726532035420 6 5MM1017311233235999999999999999 45910317 7 2599999999999999
355313248190150121112142205264298307290239165 97 55 30 22 5012020728033020 6 6MM1054307999999999999999999999 5471111750 2199999999999999
358349301238187151125125165227277299299272213140 82 48 27 28 6914522829320 6 7MM 018360113030299999999999999 6311201830 2499999999999999
337356336284225180147127139186243282296287251189122 74 45 31 43 9517324820 6 8MM 1 135612 829699999999999999 71212719 8 3099999999999999
305341348319265212170141131154203252281288272230169111 70 47 42 6712620020 6 9MM 142350124828899999999999999 7511311943 4199999999999999
266314339334298246197160137137166212253275275254211156106 73 57 63 9715720 610MM 221341133227899999999999999 8301332017 5699999999999999
223280318331317277228183151135143173213246263261238197150109 83 75 8812720 611MM 3 0331142226499999999999999 9121352055 7599999999999999
182240287314318298259213173145135145173207235250247227193154121100 9711420 612MM 34032015212519999999999999910 01352140 9699999999999999
15119924728530530328124420316614113314216619722324024122619916713812111820 613MM 4263071634242999999999999991057133223811799999999999999
13416520524627829329026923419515913412513315518521623724523721518715913920 614MM 51929417582459999999999999912 2125235113399999999999999
13414416920324027028528126122718614812211111914317921624525925623820717520 615MM 61928619192609999999999999913 5111999999999999999999999
150140144165198236266281278255217172131103 9410513618122826428228125922220 616MM 719282202628499999999999999 1121391359 9499999999999999
183153138139160197238269283276247201150108 82 77 9513719424828830730227220 617MM 811283211830899999999999999 2251361446 7699999999999999
227183150132134160204247277286272233178124 85 63 64 9314921527231232831420 618MM 85528622 432899999999999999 3251301529 6199999999999999
274223177143126133169219262286287262211150 99 65 49 5910216923929533134020 619MM 934289224734199999999999999 4141251611 4999999999999999
316266212168137123141187239276292283245184122 77 50 41 6311919526431534420 620MM1010292232834899999999999999 4591231652 4199999999999999
343306251199160132126156210259287292272222155 98 61 41 40 7514422228532920 621MM1044293999999999999999999999 5411251733 3799999999999999
350336290233187152129135176233275293288256196129 79 50 36 46 9517224830420 622MM 0 8350111829499999999999999 6221271812 3599999999999999
340350323270216175144129147198252285293279237171108 66 43 36 5812020127120 623MM 048351115329399999999999999 7 21291851 3599999999999999
320347345306250199163137132161216265289290268218151 93 58 40 41 7714822820 624MM 126350123329299999999999999 7421301929 3799999999999999
291332349334288230184151131135174228270288284256202138 86 56 43 5410017420 625MM 2 5349131928999999999999999 82212920 8 4399999999999999
249305338346320269213170140126138180231268283277247194135 89 62 54 7212320 626MM 245347141528499999999999999 9 61262053 5499999999999999
195263312338336305252199158130120137179226261278274245197144102 77 72 9320 627MM 328341152027999999999999999 9541202144 7199999999999999
142207267310330324290240188147120113130169215252274275253211164124 99 9320 628MM 41633116332779999999999999910501122246 9299999999999999
11115421026430231931127823017913610810111615320124427428326923619215112320 629MM 5113201755283999999999999991151100235911299999999999999
112124157205255292309301270222169123 94 84 9813618824128029829326522117720 630MM 6113091918299999999999999991256 84999999999999999999999
143127130155198248285301294264214156107 77 67 8012118224429031731829224520 7 1MM 713302203432199999999999999 1231261359 6799999999999999
196158136132151195245282297290258202140 91 61 51 6611318325230433533931120 7 2MM 812298213934199999999999999 2441311459 5199999999999999
259206167140131151197249284297286248186122 76 49 40 5911419126431734935220 7 3MM 9 4297223435599999999999999 3521311554 4099999999999999
318261208168141132156208259289297281235168106 64 41 34 6012520627732935820 7 4MM 951297232436199999999999999 4491311646 3499999999999999
354312254203165138135168224271295296272219150 92 57 37 36 7214422529133820 7 5MM1034298999999999999999999999 5371321734 3299999999999999
360346297238192157135142185241282298293261201133 83 53 36 45 9217024730620 7 6MM 0 9361111529999999999999999 6201331816 3599999999999999
345356329274218177146133152203258291299286245181118 75 51 42 6312220127120 7 7MM 049357115530099999999999999 6591331854 4299999999999999
320348345306248196159135133166221270294297275227162107 71 53 55 9115823320 7 8MM 125351123629899999999999999 7341301927 5199999999999999
293332345326277220174142126139181235276293289260207147100 72 62 7812619520 7 9MM 157345131929499999999999999 8 81261957 6299999999999999
262310336334302248194154128124147194243276288277242190138100 80 8010816220 710MM 22733914 328899999999999999 8411222029 7799999999999999
227282318330315274221173138121126157202244270278264228181138109 9610614020 711MM 258330145227899999999999999 91812021 6 9699999999999999
19324729031431529024719915812911813016220323926326925422318414912611913320 712MM 33231715482699999999999999910 0118215211999999999999999
16721125528730129426722718414712311713116119823225626425422919816914914220 713MM 4123011656264999999999999991049116225114299999999999999
15418121625027528527625021317414011711212615419122725526826424622019116920 714MM 5 22851817269999999999999991146112999999999999999999999
15916418321124026227126424020516613110810211514418522726128228426924221020 715MM 6 3271193828599999999999999 011159124910299999999999999
183166163176201231255266260236198155118 94 8810213618423527630230729125820 716MM 7 9266204430899999999999999 1401621349 8799999999999999
220186162155167195229257269261233189141101 77 72 9113319124929632432730520 717MM 8 8269213832999999999999999 2541551443 7299999999999999
264219180154145161197237266276264228176123 83 61 60 8513720526831634234020 718MM 858276222634599999999999999 3521451535 5799999999999999
308259210170144139163209253279284264219158104 67 48 51 8514922428833335420 719MM 942285231135599999999999999 4411381625 4699999999999999
343301246197159136138174227271291289261205139 86 54 39 48 9316824630734620 720MM1024293235436099999999999999 5261331714 3899999999999999
359337284227182148130143192249287300291252187119 72 45 33 5111019427032320 721MM11 6300999999999999999999999 6 912918 0 3399999999999999
355358322262207167137126154212268299305288239167102 62 39 33 6413622329220 722MM 035361114830699999999999999 6511261844 3299999999999999
338361349300237187151126126168232283306307282224150 91 56 37 41 8716925220 723MM 113362123430999999999999999 7311211925 3599999999999999
312349360332273211166134115129182246290309306273209138 87 57 44 5911820220 724MM 150360132331199999999999999 81011520 5 4499999999999999
277327353349308244186145117108134193253292309302263200136 92 67 61 8715120 725MM 225356141530999999999999999 8491072046 6099999999999999
229293332347330281218164126103104139197252289305296258201146108 86 8711920 726MM 3 1347151230699999999999999 930 992131 8399999999999999
179245297327331306255197147112 9410113819224428130029326121416813311411720 727MM 3403331616301999999999999991016 93222511299999999999999
145195248289311310283236183136103 88 9713118023127229529627523819716414420 728MM 42731417322999999999999999911 9 88233614199999999999999
142161197239274292290266225176131 98 83 8911816421726429530629626722919320 729MM 52429419 1306999999999999991214 82999999999999999999999
169158165189224256276277259222175128 94 76 7810214920726130132231929425420 730MM 634279202432499999999999999 1 81581325 7499999999999999
214182162159176210245268273259224175125 88 68 66 8913820326431133833931220 731MM 746274213334299999999999999 2401581436 6499999999999999
267220183157149166205245271277263226172118 80 59 56 8013620827432335235120 8 1MM 851278222835599999999999999 3511481540 5499999999999999
317265214175147140165211255280285268224164109 73 52 50 8114622228833535920 8 2MM 946286231536199999999999999 4451391636 4899999999999999
350306248199162136138174228271292292268215150 98 66 48 51 9316724430434520 8 3MM1033295235636099999999999999 5291331724 4599999999999999
360337282224179146128143193250288302296261198133 87 60 47 6311919826932020 8 4MM1114303999999999999999999999 6 712818 5 4799999999999999
351350311250196158131126158218272302309292244176116 78 57 54 8715623429520 8 5MM 031355115130999999999999999 6411241839 5299999999999999
334350331277215168136119131180243289310309280221153102 73 60 7212319926920 8 6MM 1 0350122731299999999999999 71111919 7 6099999999999999
317343340301240182143118115145204263300312301259195134 94 73 7210316724020 8 7MM 12634613 331299999999999999 7391131934 6999999999999999
298331340318265203154122107119165225276303308285235174124 94 83 9614220920 8 8MM 149341134230999999999999999 8 710720 2 8399999999999999
27231433332428522717213210810513218424028030029726721616412510410312918120 8 9MM 213333142230299999999999999 837103203410199999999999999
24128931632029725019514911710211114819924627929328425220716613812413116320 810MM 23932115 829399999999999999 910102211212499999999999999
21025729030329526521917213411010412115820424527328427524721218115915015920 811MM 31030416 428499999999999999 94810322 215099999999999999
18622225527628226923819815912810910812616020123826627927525623020418417420 812MM 3482821716279999999999999991035106231517399999999999999
17719421824125726024922419015512710910712315319223026228228627525422820420 813MM 4452601846286999999999999991137106999999999999999999999
187181187204223240247242222191156126105 9911114018022526529330529927724620 814MM 6 624720 830599999999999999 0591811250 9999999999999999
214188172172186210234248248230197158120 94 85 9512517222627631132732029220 815MM 728250211232799999999999999 23117014 1 8599999999999999
252211177157155175208242261262242203154109 79 68 7711217023629233134633420 816MM 83226422 534699999999999999 33415315 4 6899999999999999
296245197161141143174220260280278252203143 93 63 52 6410817825231134735820 817MM 925282225235999999999999999 42513816 3 5199999999999999
336285227180145127139185241282299292257195127 77 49 39 5711419727432836020 818MM1014299233536699999999999999 5101271658 3999999999999999
362326263204161130118145205266303314301254180110 65 40 33 6113522429634320 819MM11 1314999999999999999999999 5521181748 3299999999999999
367356303234180142115114159230289318324302242161 97 59 36 35 8016725531720 820MM 014368114732599999999999999 6331091833 3199999999999999
354366337270202156122101117178253305328329296225145 90 58 39 5111320528420 821MM 051367123433299999999999999 7111011914 3899999999999999
333360355307233171131102 92126198270314333328284209137 92 64 53 8115424120 822MM 124362132033599999999999999 748 911953 5399999999999999
306342354331270197143108 85 90139214278317333320270200140102 79 7912019320 823MM 15535414 833399999999999999 824 832032 7599999999999999
267316339336298233168121 91 77 9615222227831432731026220215312110511415720 824MM 225342145932799999999999999 9 0 77211410499999999999999
220277311323308264203148107 82 7710415821927030431730226321617714913714820 825MM 259323155831799999999999999 941 7622 513799999999999999
183230270293297278237186139104 83 8410915520825629130730027524020718116720 826MM 3412981712308999999999999991030 81231816699999999999999
171192221249267270255224184143110 91 8910814419123927930330829526823720720 827MM 4392711846309999999999999991136 88999999999999999999999
186178183201224243251245225193155121 98 89 9912817322527230632231829325820 828MM 6 6251201732399999999999999 1 71781259 8999999999999999
221190169165178204230248250237208167127 98 84 8611216021927531633833630720 829MM 742251212434199999999999999 2461641422 8299999999999999
263217179152144162197234258265254221173126 93 74 7410215822628532935134320 830MM 856266221635299999999999999 3491441532 7199999999999999
304250200159133130160208251276284268225167117 84 65 6710417124330134135720 831MM 952284225835799999999999999 4351271627 6299999999999999
336284224175138117129175232275297299271215152104 74 58 7012119726731834920 9 1MM1036301233335599999999999999 5131171711 5899999999999999
351312249191149119111141202261298313304261194132 92 67 59 8715423229333320 9 2MM1112314999999999999999999999 5461101748 5999999999999999
350331275209159126106116167235288316321297238168114 82 65 7212119726831620 9 3MM 0 2350114532299999999999999 6151041818 6399999999999999
342339298232171131106101133199265308326318277209143101 77 7210016624230020 9 4MM 027345121632799999999999999 642 991845 7199999999999999
332340315256189139108 93107160231288319327304249180127 95 81 9214021428020 9 5MM 048341124832799999999999999 7 7 931910 8099999999999999
320336324278211152113 92 91126191257302323319282220160120 98 9612518625420 9 6MM 1 7336132132599999999999999 732 881937 9399999999999999
303326325293234170123 95 8510215221927530831930325820015212311112116322520 9 7MM 127329135731999999999999999 758 8520 711099999999999999
279309316298253193139104 87 9012217823828330730928524019215613613315319720 9 8MM 148317143631199999999999999 825 85204213299999999999999
248284299293263215162121 96 8810214219624628230029727223419817215715918020 9 9MM 213299152330299999999999999 855 88212615699999999999999
216251272276263231188146115 98 9711615420124327529128927124321519318018020 910MM 245277162529399999999999999 934 95223217899999999999999
19421623725025023821317914612010510512115319323226428429028126223821519720 911MM 3342521752290999999999999991031103999999999999999999999
18819020021422723222821218615713011210611514017621725628630130128526023020 912MM 5 7232192830399999999999999 021187115510699999999999999
202181172177192212229236227205173139111 96 9811815620525529531932330627220 913MM 657236204132499999999999999 2101721323 9599999999999999
230191163149154179214243257252228187140101 79 77 9613920126431233934231720 914MM 814258213734499999999999999 3151481438 7699999999999999
270216171140126140181231268285278246191131 86 62 57 7913521128133035535220 915MM 914285222535899999999999999 4 31261544 5699999999999999
313251191147118110138197258297311299255184116 71 48 43 7414623330234536520 916MM10 631123 636599999999999999 4461091641 4299999999999999
348292220163124 98101149223286321331311251169102 63 40 41 8717326132135620 917MM1055331234436699999999999999 528 951732 3699999999999999
364329257185136102 83102170252310339344311237153 95 61 41 5211621028933620 918MM1141345999999999999999999999 6 7 831816 4099999999999999
360351296215150110 82 74113195276325350347300219143 96 66 52 8015724731120 919MM 018362122735399999999999999 645 721857 5299999999999999
344353324253175120 87 65 73132219291334354341284205142103 78 7511920027620 920MM 049354131235499999999999999 721 631936 7199999999999999
322342334287210140 97 69 57 83154236299336350328268200149117 9810816023320 921MM 117343135735099999999999999 755 562015 9799999999999999
291321326303246175117 81 59 6010017124429833133931326020516413712514419220 922MM 144327144634099999999999999 830 56205712599999999999999
248288305299267212152106 77 63 7411718124229032032530226121918516215517220 923MM 217306154232699999999999999 9 8 62214915499999999999999
207244269278267237192147110 85 77 9112817923127530431229927224021018717720 924MM 259278165331299999999999999 955 7723 717799999999999999
183201223240247241221190156125103 9510312916921425728930630628926223120420 925MM 4 324718273089999999999999911 1 95999999999999999999999
18517718119421122522922220417714712210710612115219624328330931830727924220 926MM 554229195731899999999999999 1 9176123510599999999999999
20517515615316819321823523822720116613311010010713618523928631933131928320 927MM 74723921 233199999999999999 24015214 810099999999999999
236190153130130154193230255263252218173132103 88 9412818624729833134031820 928MM 858263215034199999999999999 3321271517 8799999999999999
270213164127108118159212255281288268221166121 91 77 8913520326631334033920 929MM 948289222834499999999999999 41210716 8 7799999999999999
300239180135103 95124182242284307305269208149107 80 72 9715923128932734220 930MM1027309225934299999999999999 445 941649 7199999999999999
322266199145108 86 96147217275311324307253185130 94 74 781231962643113362010 1MM11 0324232533999999999999999 515 851723 7199999999999999
332290221158115 87 80113181253303329329292226159114 86 761001632372943262010 2MM1131333234733499999999999999 543 791753 7699999999999999
333307245175123 90 74 88143219283322337320266196139105 86 911372092743142010 3MM12 2337999999999999999999999 6 9 741821 8499999999999999
330317268197135 96 74 72109180253305332333299235171128102 941201812513002010 4MM 0 7330123333799999999999999 634 691849 9499999999999999
322320285221153105 77 66 841412162803183343202712071551241071141572232802010 5MM 02532513 533499999999999999 659 66191810699999999999999
311316295243175117 84 67 711091772472973243272992451891501271211431952532010 6MM 043317133833099999999999999 723 65194812099999999999999
292305295258199137 94 72 67 871392072673053223152782271831541391421732222010 7MM 1 3305141332399999999999999 746 67202213799999999999999
265287286264220163114 84 72 781101652272753053153002652221881651561641942010 8MM 128289145631599999999999999 813 7121 515699999999999999
231259268260234191144107 85 80 931291792312722973042912622292011811731792010 9MM 2 1268155130499999999999999 849 8022 717399999999999999
198222239244235213180145115 97 93106135178222260286297291272245219196182201010MM 25324417 929799999999999999 946 92234817899999999999999
179186200214223223211189161133112102107128162203245278298302289265233202201011MM 4302241842303999999999999991112102999999999999999999999
177163162173193214227228214188155123102 97109139183234279308319309279237201012MM 63222920 131999999999999999 1361611249 9799999999999999
194159138134151185222249257247216171125 93 80 86116170234289324336322281201013MM 75725721 033699999999999999 2431331412 8099999999999999
224171132110109139193245279291278237176118 80 63 67103171246305339348323201014MM 9 1291214834899999999999999 3321061521 6299999999999999
266197141104 84 94143214275311322302245170108 71 52 59107188268322350349201015MM 955322223035499999999999999 415 831620 5199999999999999
307233160110 79 65 90160243304337343312240158101 68 50 64128218292335352201016MM104434523 635299999999999999 457 651711 4999999999999999
336275191124 84 57 54100186270325354354308226150101 71 58 86163250310340201017MM1131359233934699999999999999 537 511756 5799999999999999
344308232149 94 61 41 54119213291339363352294212147108 80 76120202278321201018MM1216365999999999999999999999 615 401839 7399999999999999
337324270187114 71 44 34 65144236304346364341277204151117 95103158235293201019MM 0 833713 136499999999999999 652 341919 9399999999999999
320323294229150 90 56 35 38 85168251310347356325263202159129114135191254201020MM 036325134635799999999999999 727 3220 011499999999999999
294308299259192125 78 50 38 54110187258310340342308255206169143137162210201021MM 1 7309143334599999999999999 8 2 38204413699999999999999
256281286268226168115 78 56 53 77132198258303327325296254214181160157178201022MM 143287152533099999999999999 840 51213715699999999999999
211241258258240204160120 90 74 76100145199250290312312292260225195174168201023MM 230260163031499999999999999 926 72225316899999999999999
177196216229231221198168137112 98 98115149192237274298305293268236204179201024MM 3412321752305999999999999991029 96999999999999999999999
164161171188205216218208189163137119112120143179223263292305300277242203201025MM 539218191430699999999999999 04116112 111299999999999999
170146136144166194218231231216188156130115114131168215260294311306279235201026MM 730233201831299999999999999 2 4136133411399999999999999
189148120110125159201235256259241204163129109104122164219268303318307269201027MM 83926021 731899999999999999 256110144510399999999999999
214161120 94 92120171224263285284255206156120 98 95121174235284314321296201028MM 928288214532199999999999999 335 891538 9399999999999999
243180128 91 73 86133198255294310297253193142107 89 95135198259300321313201029MM10 7310221632299999999999999 4 9 731619 8799999999999999
270204141 96 68 63 97162233287319325295236174127 97 86107163230283313318201030MM1041327224232099999999999999 439 611655 8699999999999999
290230160105 70 53 68122198267313335325278211154116 93 95134201262301317201031MM111433623 531799999999999999 5 8 531728 8999999999999999
303254183120 77 53 50 86158235294330339311251187140110 961151712382873102011 1MM1147340232731399999999999999 536 4718 0 9699999999999999
308274210139 88 58 45 611171962663133383312872231691321091091472102683002011 2MM1219340234830799999999999999 6 4 45183210599999999999999
307287235164104 67 47 48 841552322903253363132592001571281151311812422842011 3MM1252337999999999999999999999 631 4419 311599999999999999
299291254191125 78 54 45 631171922603063303272902341841511301271572112612011 4MM 0 9300132533399999999999999 656 45193612599999999999999
287288265217153 97 63 49 53 871502232803153283122692181771501361451812292011 5MM 03229014 032899999999999999 720 48201213699999999999999
265277267236184126 82 59 53 691131772412893153202972552111771551471601942011 6MM 1 2277144032199999999999999 749 53205514799999999999999
231254258244211163115 81 64 65 871331912472883103102882512131821621561672011 7MM 142259153131399999999999999 828 62215315599999999999999
192218236238226198160121 92 77 791001401912402793013032862562211901671562011 8MM 241239163730599999999999999 925 76231615599999999999999
159175197215224221204175142112 93 891031341782262682953042932662301941632011 9MM 4152251757304999999999999991044 89999999999999999999999
144139150173201223232225203170134105 92 96119160212261296311304277234186201110MM 6 5232191231199999999999999 0481391216 9199999999999999
147120111123156199236256257238198150110 87 84102145205263303321314279224201111MM 733260201332199999999999999 1581111341 8399999999999999
165120 91 83102150210260288292269219158109 81 73 90139210274314329316269201112MM 84229421 432999999999999999 252 821454 7399999999999999
199134 89 63 59 91157232287318322291227158107 78 68 89149227289323331306201113MM 939324214733299999999999999 339 571556 6899999999999999
243163 99 60 39 44 93176257312342342299225155108 80 71101171250303327324201114MM1031347222532999999999999999 423 361649 7099999999999999
283206125 69 37 22 40106199279331358349295217154114 87 83124201272311323201115MM1119360225932399999999999999 5 6 221738 8099999999999999
307250166 92 47 22 14 47128222295342364344282209156120 96102155230286312201116MM12 6364233131599999999999999 547 131822 9399999999999999
312281213130 68 33 13 16 65153241306348361331268203158126108126184249291201117MM1251361999999999999999999999 627 1019 510899999999999999
305294251179105 56 27 13 30 90177255313347350314254199159130122149205257201118MM 0 4305133635499999999999999 7 5 13194712199999999999999
286290270221153 92 52 29 24 53117197265315341335296243195159136135166213201119MM 041291142134399999999999999 742 23203113299999999999999
253272269245197139 90 57 41 45 80142211270311329318281235192160141145172201120MM 12427315 832999999999999999 820 39212114099999999999999
209238251247224184137 98 72 61 72107161219269302314302270229191161145147201121MM 21625216 031499999999999999 9 3 61222314499999999999999
166194217230228212182147115 93 86 97126170219261290300290263227190160142201122MM 32423117 130099999999999999 956 86234213999999999999999
139151173196213219212193166138117108114135171213252279291284260224186153201123MM 45921918 82919999999999999911 9108999999999999999999999
130122131153181207223226214190161136122121135165205245274288282257218174201124MM 642226191328899999999999999 1 0122123511999999999999999
136110101111140179216240249239213177146125118129160203246276289281250203201125MM 8 024920 828999999999999999 2 0101135411899999999999999
152111 86 80 98140192237266276262226182144120111124161210255283291275233201126MM 856276205229199999999999999 246 79145711199999999999999
176122 83 62 65 98155216265294298274227176136111105126172226268291289259201127MM 940300212829399999999999999 324 60154610599999999999999
204141 90 57 45 62113181246293317311272216164126104106139195248282294279201128MM1019318215929499999999999999 358 45162710199999999999999
232167106 62 38 38 72139213275316330309258199151117102116163222268291289201129MM1056330222729399999999999999 432 3417 510299999999999999
257196128 75 42 27 42 95171244298330331295237182140112107136193248281291201130MM1132335225529199999999999999 5 5 27174210599999999999999
274226157 95 53 29 26 591272052703153363212732151671321111201632222672862012 1MM12 7336232128899999999999999 538 24181711099999999999999
282250189121 69 39 24 36 851622362913253323032481951551271161391912452762012 2MM1242334234828399999999999999 610 24185311699999999999999
283265220153 91 52 31 27 541181962623073293222812261791461241251602132572012 3MM1317331999999999999999999999 640 26192912199999999999999
276271243189123 71 41 29 38 801502252823163273072602081671391251371772262012 4MM 017277135332799999999999999 710 2920 712599999999999999
259268255219163103 60 38 34 541061782462943203202922431951591351291461862012 5MM 054268143232399999999999999 743 33204912899999999999999
228252256239201148 96 60 43 46 731281962562983173112792321881541331301482012 6MM 140257151731899999999999999 823 42214112999999999999999
183219240243228194148102 70 56 61 901412022572943103022712271841511291252012 7MM 241244161031099999999999999 916 55224512499999999999999
140170203227236227201162121 89 73 75 991441992502873032962682261811441192012 8MM 4 22361713304999999999999991023 71235711099999999999999
110121150186218237239221188147112 89 851021381892412802992952682241741302012 9MM 5352401819300999999999999991142 84999999999999999999999
100 88 97128173217249260251220176132102 91 99130180235278299295267217158201210MM 7 3260192230099999999999999 1 6 8813 6 9099999999999999
108 75 62 72110168226268288283250199147111 93 95123177237281300295261201201211MM 819289201730199999999999999 2 7 621426 9199999999999999
134 81 49 37 52101174242290314310272212155117 95 94124184246287302290247201212MM 92331721 630299999999999999 3 1 371535 9199999999999999
177105 55 26 17 40103186260310336328282216160122 98 97134199258292300280201213MM1019338214930099999999999999 352 171633 9399999999999999
225147 78 34 10  6 40115203276325349334281214161125102106151218270294294201214MM1110349222929799999999999999 440  41724 9999999999999999
263199119 57 20  0  3 49133221289335353329270207160126106119172236278293201215MM115835323 829399999999999999 526 -3181110599999999999999
283243172 97 44 13 -3 10 68156239300340349316255197155124111135192249281201216MM1244350234728899999999999999 610 -3185511199999999999999
287269220149 81 37 11  2 27 94180255310341338296237185146120117151207255201217MM1326344999999999999999999999 651  2193611499999999999999
278277252199130 72 35 15 16 53125205271316335321274217170136116124163215201218MM 02928014 633699999999999999 729 12201611599999999999999
253269263233180118 70 40 27 39 85156227283317324300251198156126115130170201219MM 114270144532599999999999999 8 5 27205811599999999999999
214245257247216166114 74 51 48 69118182243287310307277230182144120115133201220MM 2 4257152431299999999999999 841 46214311499999999999999
169207233242232203161119 87 71 74 99145200250284297288256213170135115113201221MM 3 024216 529899999999999999 923 70223611299999999999999
131162194218229223200167133107 95100124163207247274282270240201161128109201222MM 4 92291654282999999999999991014 95233710699999999999999
107122149181208223223208183155131118120138168205239262268256229191152118201223MM 5312251751268999999999999991122117999999999999999999999
 98 95108136172205228235227206177151133130141165198231253260249221181138201224MM 659235185326099999999999999 042 94124512999999999999999
103 82 78 94128171213243256251228195162139130136159194228252258244212166201225MM 813257195025899999999999999 141 7714 812999999999999999
119 82 62 61 84128182231266281273243203164136123129157196233256259239197201226MM 910281203826099999999999999 231 59151212299999999999999
144 95 59 43 49 83138201255291303286247200157127115127163208245263258228201227MM 956303211926499999999999999 316 4216 311599999999999999
176118 70 39 28 44 91158225279311315288240189147118111133178226258268253201228MM1038317215626899999999999999 357 28164611099999999999999
210149 91 48 23 20 49109184250299324317278224174135111113148200244268268201229MM1118326223127199999999999999 437 18172710899999999999999
241186121 67 31 13 20 63135211273314329308259204159125108122169223260273201230MM115632923 527399999999999999 517 1218 610899999999999999
262222158 93 46 19  9 29 86165238292324326292237185145117110138192243269201231MM1233329233827499999999999999 555  9184410899999999999999
