 40 27 25 32 49 70 92111122125121110 98 88 82 83 90101111116116108 93 7620 1 1MR 852125192411799999999999999 146 241419 8299999999999999
 58 44 37 38 47 63 82100114121121115105 94 85 80 81 87 94101105104 98 8720 1 2MR 931122201810699999999999999 222 361521 8099999999999999
 74 61 52 49 53 62 76 92106116121119112102 91 81 76 75 78 84 90 94 95 9220 1 3MR10121212141 9599999999999999 3 0 491642 7599999999999999
 86 77 70 64 63 66 74 86 99110118121118110 99 87 76 68 65 67 72 79 86 9120 1 4MR10581212353 9299999999999999 348 6218 6 6599999999999999
 92 90 86 81 76 75 77 84 93104114120121118108 95 80 66 56 52 54 61 71 8320 1 5MR1147122999999999999999999999 455 751910 5299999999999999
 92 97 99 97 92 87 84 85 90 98108117123124118106 89 70 53 41 37 41 52 6820 1 6MR 152 99123712499999999999999 620 841959 3799999999999999
 84 98107110108102 95 90 90 94102113122128127118102 80 57 37 25 23 31 4820 1 7MR 3 2110132312899999999999999 738 892041 2299999999999999
 69 90108119121117108 99 93 92 97107119129134130116 94 67 40 19  9 10 2420 1 8MR 35112114 513499999999999999 841 912121  899999999999999
 47 74100119129130122111100 93 93100112126137139131112 84 53 24  3 -5  320 1 9MR 433131144713999999999999999 930 9222 1 -599999999999999
 23 52 83110129137134123109 97 91 94104119134144143130105 73 38  8-10-1320 110MR 5121371527145999999999999991014 912241-1499999999999999
  0 26 59 93120137141134120105 93 89 95109126141149144126 97 61 25 -3-1720 111MR 55114116 9149999999999999991054 892322-1999999999999999
-15  3 34 69103128141140130114 98 87 87 96113131146150141119 87 50 16 -820 112MR 6291421651150999999999999991133 86999999999999999999999
-18-10 13 46 81112133140136122105 90 82 85 97116134146147135111 78 43 1220 113MR 7 6141173514899999999999999 0 3-181214 8299999999999999
 -7-11  2 27 60 93119134137128112 95 82 77 83 97115131140139125101 71 4020 114MR 742138182214199999999999999 044-111256 7799999999999999
 15  2  3 19 45 75104124134131119102 85 74 72 79 93109123130128115 93 6820 115MR 817134191413199999999999999 124  11343 7299999999999999
 43 25 17 23 39 64 90113127131124110 93 78 68 67 74 86100111117115105 8820 116MR 850131201411799999999999999 2 4 171438 6699999999999999
 69 51 39 37 44 60 81103119128127118103 86 71 62 60 65 75 87 97103103 9820 117MR 924129213310499999999999999 245 361546 6099999999999999
 88 75 64 57 57 65 79 95112123127124113 98 81 66 56 52 54 61 72 82 91 9520 118MR10 21272334 9699999999999999 329 5617 9 5299999999999999
 96 92 86 79 75 76 82 92105117124126122111 96 78 62 49 42 41 47 57 70 8220 119MR1048126999999999999999999999 423 751835 4199999999999999
 92 99100 98 94 90 89 93100109119125126122111 95 75 56 40 30 28 33 46 6220 120MR 153100114612799999999999999 543 891946 2799999999999999
 80 95106111110105100 97 97102110119126128124112 94 71 48 29 18 15 23 3920 121MR 320111125212999999999999999 721 972043 1599999999999999
 61 83102116121119112104 98 97101110121129132127113 91 65 39 18  6  6 1820 122MR 411121135413299999999999999 841 972129  599999999999999
 39 65 91112125128123112101 94 93100111124134136129111 85 55 27  7 -2  220 123MR 450128144613799999999999999 937 932210 -299999999999999
 19 45 75102122132130121107 95 88 90 99114129139139128105 76 44 16 -1 -620 124MR 5231321532140999999999999991019 882247 -699999999999999
  5 27 57 88113130134128114 98 86 82 88101119134142138122 96 64 32  7 -520 125MR 5531341612142999999999999991055 822321 -699999999999999
 -3 13 40 72101123133131120103 87 77 78 88106124138142133113 84 51 22  220 126MR 6201341649142999999999999991127 762352 -399999999999999
 -3  6 28 57 88113129132124108 90 76 71 77 91111128139138124100 70 40 1620 127MR 6461321725140999999999999991159 71999999999999999999999
  3  5 21 46 76103122130127114 96 79 68 68 78 95114129135129112 87 58 3320 128MR 71113018 113599999999999999 022  21232 6699999999999999
 16 11 20 40 66 93114126127118102 84 69 63 67 80 98114126127117 99 75 5020 129MR 734128183712899999999999999 050 1113 6 6399999999999999
 31 22 24 38 60 84106121126121108 90 74 63 61 68 81 97111118116105 87 6720 130MR 758126191711899999999999999 117 211344 6099999999999999
 48 36 34 42 58 78 99115124122113 98 81 67 60 60 68 80 93104108104 94 8020 131MR 82312420 210899999999999999 144 341428 5999999999999999
 65 53 47 50 60 76 93109119122116105 90 75 63 57 58 65 75 86 94 97 95 8720 2 1MR 84912221 2 9799999999999999 212 471522 5799999999999999
 78 69 63 61 66 76 90103114119118111 99 85 71 60 54 54 59 67 77 84 89 8920 2 2MR 9191192240 8999999999999999 241 611633 5499999999999999
 87 82 78 76 76 81 89 99108114117114107 95 82 68 57 49 46 49 57 66 76 8420 2 3MR 958117999999999999999999999 317 751756 4699999999999999
 89 92 92 90 89 89 92 96102109114115113106 95 80 65 50 39 35 37 45 57 7120 2 4MR 129 92105611599999999999999 430 891912 3599999999999999
 84 95102104103100 98 97 98103108113116115109 96 79 59 40 27 20 23 34 5120 2 5MR 310104121711799999999999999 652 972012 2099999999999999
 71 90105113116113107101 97 97101108116121121114 98 76 51 28 11  5 11 2720 2 6MR 354116133012299999999999999 830 9621 2  599999999999999
 50 75 99116125125118108 98 92 93 99110122129129119 98 71 40 14 -4 -8  220 2 7MR 429126142913099999999999999 926 922148 -899999999999999
 24 54 84110127133129117103 91 85 88 99115130138137122 96 63 29  1-15-1520 2 8MR 5 213315211399999999999999910 9 852231-1799999999999999
  0 28 63 96122136137127110 92 80 77 85101121138146141122 91 55 19 -9-2120 2 9MR 53413816 9146999999999999991047 772312-2199999999999999
-15  6 39 76109131140134119 98 79 68 69 82103126143149141118 85 47 12-1120 210MR 6 61401656150999999999999991124 672351-1899999999999999
-18 -6 21 56 92121137138126106 83 65 58 64 81105129144147136111 77 41 1120 211MR 63513917431489999999999999912 2 58999999999999999999999
 -6 -5 12 41 76108130138132114 90 67 52 50 60 80105127140140126102 70 4020 212MR 7 3138183114199999999999999 029 -81241 4999999999999999
 17  8 15 35 64 95120134134121100 75 54 43 45 58 78101120129128114 93 6720 213MR 730136192113099999999999999 1 4  81323 4299999999999999
 44 30 28 39 61 87111128133126109 86 63 46 39 42 55 74 93108116114103 8720 214MR 755133201711699999999999999 138 271410 3899999999999999
 69 54 48 51 64 83104121130128117 98 77 56 42 37 41 52 67 82 94101101 9520 215MR 821131212810199999999999999 2 9 4815 4 3799999999999999
 85 75 68 67 73 85100114124127121109 91 72 55 43 37 39 46 57 70 80 88 9220 216MR 8491272332 9299999999999999 240 671616 3799999999999999
 92 89 86 84 85 90 98108117122121115104 89 73 57 45 37 35 39 46 57 69 8020 217MR 925122999999999999999999999 312 841751 3599999999999999
 89 95 98 98 97 98100103109113116116112104 91 76 60 45 34 29 29 36 48 6220 218MR10271179999999999999999999991924 28999999999999999999999
 78 92102108109106103101101103107111114113107 96 80 61 43 29 20 20 28 4320 219MR 342109121811499999999999999 7301002032 1999999999999999
 63 83100112117115109101 95 93 96102110116118113101 81 59 37 20 12 13 2520 220MR 410117134911899999999999999 857 932120 1199999999999999
 45 69 93111121122115104 93 85 84 90100113122125118102 78 52 28 11  5 1120 221MR 436123144812599999999999999 940 842159  599999999999999
 29 54 81105121127122109 94 81 74 77 88103119129130119 98 71 42 18  4  320 222MR 5 01271533131999999999999991013 742233  299999999999999
 16 39 68 96118128127115 98 80 68 66 74 90110127135131115 90 59 30 10  120 223MR 5231291612135999999999999991043 6523 3  199999999999999
  8 27 55 85111127130121103 83 65 57 61 76 97118133137128107 78 47 21  720 224MR 5451301648137999999999999991111 572331  499999999999999
  6 20 45 75103123130125109 88 67 53 51 61 81104125136134120 95 65 37 1720 225MR 6 51301723137999999999999991140 502358 1099999999999999
 10 18 38 66 94117129128115 94 71 52 44 49 65 88111128134127108 82 55 3220 226MR 62513017571349999999999999912 9 44999999999999999999999
 20 21 36 60 87111126129120101 78 56 42 40 51 70 94114126127116 96 71 4820 227MR 645130183312899999999999999 023 191239 4099999999999999
 33 29 38 57 81104122128123108 86 63 46 37 41 55 76 97113121117104 85 6520 228MR 7 5129191012199999999999999 048 291311 3799999999999999
 48 41 44 58 77 99116126125113 94 72 53 40 37 44 60 79 96109112106 94 7820 229MR 724127195211299999999999999 112 411346 3799999999999999
 64 55 54 62 77 94111121124116102 82 62 47 38 39 47 62 78 92101102 97 8820 3 1MR 744124204310299999999999999 135 531427 3799999999999999
 77 69 66 70 79 92105116120117107 91 74 57 45 39 40 48 59 73 84 91 94 9220 3 2MR 8 512022 0 9499999999999999 158 661520 3999999999999999
 87 83 80 80 85 92102110115115110 99 86 71 57 46 39 39 43 52 63 74 83 8920 3 3MR 831116999999999999999999999 222 791637 3899999999999999
 92 93 92 92 93 96100105109111110105 97 86 73 59 46 37 33 34 41 52 65 7820 3 4MR 9111119999999999999999999991815 33999999999999999999999
 89 98102104104102101101102104106107106101 92 78 62 45 31 23 22 29 42 5920 3 5MR 31310411 110799999999999999 6391011938 2199999999999999
 78 95107114115111105 99 95 95 98103109112110101 84 63 41 22 10  8 17 3620 3 6MR 33911513 911299999999999999 838 942039  899999999999999
 59 84105119124121112100 90 84 85 93104115122121110 89 62 34 11 -2 -2 1220 3 7MR 4 6124142312399999999999999 922 842129 -499999999999999
 36 66 95118130130121105 88 76 71 76 90108125134132117 91 59 26  2-10 -520 3 8MR 433132152013599999999999999 957 712213-1099999999999999
 15 45 79109129136130113 91 71 59 58 70 91115135144139120 89 53 20 -3-1020 3 9MR 5 01361611144999999999999991032 572253-1099999999999999
  1 27 61 96123137137122 98 72 51 43 48 67 94121142149141118 85 49 18  020 310MR 52613916591499999999999999911 7 422331 -299999999999999
  0 17 47 82113134140130108 79 52 34 30 42 66 96124143148136112 79 46 2220 311MR 5521401747148999999999999991143 30999999999999999999999
 11 18 40 71103128140136118 90 60 34 21 23 40 67 98124139140127104 75 4920 312MR 616140183514199999999999999 0 6 111221 2099999999999999
 32 30 42 66 94120136138126102 72 43 23 15 22 42 69 96118129128116 96 7320 313MR 639139192513099999999999999 039 2913 0 1599999999999999
 56 48 52 67 89113130137131113 87 59 34 19 16 26 45 68 91108116114105 9120 314MR 7 2137202011699999999999999 1 9 471342 1599999999999999
 76 67 66 74 89107123132132120100 76 51 32 21 21 31 46 65 83 96102102 9720 315MR 725133213010399999999999999 137 651430 2099999999999999
 90 83 80 83 91103116125127122109 91 70 51 36 29 28 35 46 60 73 84 91 9520 316MR 7491272338 9599999999999999 2 2 801532 2799999999999999
 95 94 92 93 96101109115119118111101 87 71 56 44 36 34 36 43 52 64 75 8520 317MR 818119999999999999999999999 224 9217 2 3499999999999999
 93 98101102101102103105108109108104 98 89 77 65 52 42 35 34 37 45 57 7220 318MR 9 51099999999999999999999991850 33999999999999999999999
 86 98106109108105101 97 96 96 98101102101 95 85 72 57 43 33 28 31 41 5620 319MR 31610912 210299999999999999 811 9620 7 2899999999999999
 74 92106114115110101 92 86 83 86 92100106108103 92 75 56 39 27 23 28 4220 320MR 338115135010899999999999999 859 832057 2399999999999999
 61 83103116120116105 91 79 72 72 79 91104114116110 95 74 51 32 20 19 2920 321MR 359120144811699999999999999 929 712136 1899999999999999
 49 73 96115124122111 94 77 64 60 65 79 96113123123112 92 68 43 25 17 2220 322MR 420124153112499999999999999 956 6022 8 1799999999999999
 38 62 88111125127117 99 78 60 50 51 64 83105122130126110 86 59 35 21 1920 323MR 44012716 9130999999999999991023 492237 1899999999999999
 31 52 79105123130123106 83 60 43 39 48 68 92115130133124103 76 50 30 2220 324MR 5 01301644134999999999999991049 3923 4 2299999999999999
 28 46 72 98120131128113 90 63 42 31 34 51 76102124135132117 93 67 43 3020 325MR 5181311719135999999999999991116 312330 2899999999999999
 30 43 66 92115130131120 98 70 45 28 25 36 58 85111129134126108 83 59 4220 326MR 5371321753134999999999999991144 242355 3699999999999999
 36 44 62 86110127133125106 79 52 30 20 24 42 67 94117129129117 97 75 5620 327MR 5561331829131999999999999991212 20999999999999999999999
 47 49 62 82104123131128113 89 61 37 21 19 29 50 76101118125121107 89 7120 328MR 61413219 612599999999999999 020 461242 1899999999999999
 59 56 64 80100117128129118 98 72 47 28 19 22 36 58 82102115118111 99 8420 329MR 633130194611899999999999999 044 561314 1899999999999999
 72 67 70 81 96112123127120105 83 60 39 25 21 28 43 63 83 99108109103 9420 330MR 652127203710999999999999999 1 8 671351 2199999999999999
 84 78 78 84 95107117122120110 93 73 53 37 27 26 33 46 63 79 92100102 9920 331MR 712123215110299999999999999 133 771438 2699999999999999
 94 90 88 90 96103111116117111100 86 69 53 40 32 30 35 45 58 72 84 93 9820 4 1MR 735117999999999999999999999 2 0 881546 3099999999999999
100100 99 98 99102105108110109104 96 85 72 59 46 36 31 32 38 49 63 77 9020 4 2MR 020100 8 711099999999999999 251 981725 3199999999999999
 99106108108106103101100100101102101 98 92 82 68 53 39 29 25 29 40 56 7420 4 3MR 219109101810299999999999999 71710019 0 2599999999999999
 92106115117114107 99 92 88 88 92 98104107104 94 78 58 38 23 17 20 34 5520 4 4MR 25311713 110799999999999999 827 8720 9 1799999999999999
 78101117125123114101 86 76 72 75 86 99112120118106 85 60 35 18 11 17 3520 4 5MR 321125142012099999999999999 9 2 7221 2 1199999999999999
 61 89113128131123107 86 67 56 55 65 83105123133130115 90 60 33 15 10 2120 4 6MR 347132151813399999999999999 936 542147 1099999999999999
 45 75104127137133116 92 66 45 36 40 58 84112133143138119 91 59 32 17 1820 4 7MR 4131371610143999999999999991010 362227 1599999999999999
 34 62 93121138140127102 71 43 24 19 31 56 88118140148140119 89 59 36 2620 4 8MR 43814117 0148999999999999991045 1923 5 2699999999999999
 33 54 83113135143136115 83 49 22  7 10 28 58 92122142147137115 87 60 4420 4 9MR 5 31431749147999999999999991122  62340 4099999999999999
 41 53 77105129143142126 98 64 31  7 -1  7 30 62 95122138140129108 85 6520 410MR 5271451838141999999999999991159 -1999999999999999999999
 56 60 75 98122139144135112 81 47 18  1 -1 12 36 66 96118130130119103 8520 411MR 552144192913199999999999999 013 561238 -299999999999999
 73 70 79 95115132141138123 97 67 37 14  3  6 20 43 69 93111119118110 9920 412MR 616141202412099999999999999 044 701319  299999999999999
 88 82 84 94108123133135127109 85 58 34 18 12 16 30 49 70 8910210910910520 413MR 642136213311099999999999999 114 8214 4 1299999999999999
 98 93 91 95103114123127124114 97 77 56 39 27 24 27 38 52 68 83 9410110420 414MR 7 8127231710499999999999999 146 911459 2499999999999999
103101 99 98101106111115116112103 90 76 61 48 39 35 36 42 52 65 77 89 9720 415MR 738116999999999999999999999 234 981616 3499999999999999
103105105103101100101102103103101 96 89 80 69 58 49 42 40 43 51 62 75 8820 416MR 118106 82910399999999999999 5 91001754 4099999999999999
 99107110109104 99 93 90 89 91 93 95 96 94 88 78 66 55 45 41 42 49 62 7720 417MR 2111101147 9699999999999999 752 891918 4099999999999999
 93106114115110101 90 81 76 76 80 88 96101102 96 85 71 56 44 39 41 50 6620 418MR 241115133710299999999999999 832 752015 3999999999999999
 85102115120117106 91 77 66 62 65 75 89101110110103 89 71 54 42 37 43 5620 419MR 3 6120143711199999999999999 9 1 622057 3799999999999999
 76 97114123123113 96 76 60 50 50 60 76 95111119118107 89 68 50 40 39 4920 420MR 328124152212099999999999999 929 492133 3899999999999999
 68 90111125128120103 80 58 42 37 44 61 83105121127122106 85 64 47 41 4620 421MR 34912816 112799999999999999 956 3722 4 4199999999999999
 61 83106124132127111 87 61 39 27 29 43 67 94116130131121102 80 59 47 4620 422MR 4 91321637132999999999999991023 262233 4599999999999999
 57 77100121133133120 96 68 41 22 17 27 49 77105126135132117 96 74 58 5120 423MR 4291341713135999999999999991050 1723 1 5199999999999999
 57 73 95117132136127106 78 48 23 11 14 31 58 89115132136128111 89 71 6020 424MR 4491361749136999999999999991118 102329 5899999999999999
 60 71 90111129137132115 89 58 30 11  7 18 40 70 99122133132121103 84 7020 425MR 5101371826134999999999999991147  72356 6699999999999999
 66 72 87106124135135122100 71 41 18  6  9 25 51 80106124130126113 97 8220 426MR 53013619 4130999999999999991218  6999999999999999999999
 74 75 85101118130134127109 84 55 30 12  8 16 35 60 87108121124118107 9420 427MR 552134194812499999999999999 023 741252  799999999999999
 84 81 86 98112124130128116 95 70 45 25 13 13 24 43 66 8910611611711210320 428MR 615131204011799999999999999 052 811331 1299999999999999
 95 90 90 96106117124125119105 85 63 42 26 19 20 31 48 68 8710111011210920 429MR 641126215311299999999999999 124 891419 1899999999999999
104 99 96 98102109115118117109 96 80 62 45 32 26 27 35 48 65 82 9610511020 430MR 712119233411099999999999999 210 961524 2599999999999999
110108104102101102105108109108103 94 82 68 54 41 33 31 35 46 61 78 9310520 5 1MR 8 5109999999999999999999999 3521011650 3199999999999999
113115113108102 97 94 94 95 98101101 98 91 79 65 50 39 33 34 43 59 77 9520 5 2MR 1 0115103910199999999999999 642 941818 3299999999999999
110119121117107 96 86 79 78 81 89 98105107103 92 76 58 42 33 33 43 60 8220 5 3MR 148121125510799999999999999 749 781930 3299999999999999
103119127126116100 83 68 60 60 68 83 99113120117105 86 64 45 35 36 48 6820 5 4MR 222128141412099999999999999 830 582027 3499999999999999
 92115130134126109 86 63 46 38 43 58 80104123132129115 92 68 49 39 43 5820 5 5MR 252134151513299999999999999 9 8 382115 3999999999999999
 82107128139137121 96 67 41 23 19 30 53 82111132141137120 96 72 54 47 5520 5 6MR 320140161014199999999999999 945 192158 4799999999999999
 73 99123140144134111 79 46 19  5  7 24 53 87117138146139121 98 75 61 5920 5 7MR 34814517 1146999999999999991023  32238 5899999999999999
 70 91116137148144126 96 61 27  2 -7  1 24 57 92122140145137119 97 79 7020 5 8MR 41614817521459999999999999911 2 -72315 6999999999999999
 73 87108130146149138114 80 44 13 -7-10  4 30 63 96123138140131115 97 8320 5 9MR 4441501841141999999999999991141-112351 7999999999999999
 79 86102122139148144127 99 65 32  6 -7 -5 12 39 70 99121132133124110 9620 510MR 5131481931134999999999999991221 -8999999999999999999999
 88 89 98113129141144135114 86 55 27  7  0  6 23 48 7510011712512411710620 511MR 544144202412699999999999999 026 8713 2  099999999999999
 97 93 96105118130137134122102 76 50 28 14 11 19 35 57 79 9911211811711120 512MR 615137212111899999999999999 1 3 931346 1199999999999999
104 98 96100108117125127122110 92 71 50 34 25 24 31 45 63 81 9710811311320 513MR 650127222911399999999999999 148 961435 2399999999999999
109103 99 98100105111115115110100 86 71 55 43 37 36 42 53 67 82 9610611120 514MR 732115234211299999999999999 253 981534 3599999999999999
112109104 99 96 95 97100103103100 95 86 75 63 54 47 45 49 58 70 84 9710720 515MR 842103999999999999999999999 443 951648 4599999999999999
113114110104 96 90 86 85 87 91 94 96 94 90 82 72 62 55 52 54 62 73 8710120 516MR 04311411 7 9699999999999999 641 8518 6 5299999999999999
111117116110100 89 79 73 72 75 82 90 96 99 97 90 80 69 60 55 57 65 78 9420 517MR 12611713 6 9999999999999999 742 711913 5599999999999999
108118122118107 92 77 64 58 59 67 79 92102107106 98 86 73 62 58 61 71 8620 518MR 159122141610899999999999999 821 5720 6 5899999999999999
103117125125116 99 79 61 48 44 49 63 81 98111117114103 88 74 64 61 67 8020 519MR 22712615 711799999999999999 854 442049 6199999999999999
 97114127131124108 86 62 43 32 33 45 65 88108122125119105 89 74 65 66 7520 520MR 253131155012599999999999999 924 312127 6499999999999999
 92110126134132118 95 68 43 25 20 28 47 73 99119130130121105 87 74 68 7320 521MR 317135163013299999999999999 954 2022 1 6899999999999999
 87105123135137128107 79 49 25 12 13 28 54 83110129136132119102 85 75 7420 522MR 34213817 8136999999999999991025 112234 7399999999999999
 83 99118133140135118 91 60 31 11  4 13 34 64 94120135138130115 98 84 7820 523MR 4 61401746138999999999999991056  423 6 7899999999999999
 82 95112129140140128105 74 43 17  2  2 18 44 75104126137136125110 94 8420 524MR 4321421825138999999999999991128  02338 8399999999999999
 83 91106123136141135117 90 59 29  8  0  6 26 54 84111128135131120105 9320 525MR 45814119 61359999999999999912 3  0999999999999999999999
 87 90101115130138138126104 76 46 21  5  3 14 35 63 9111412713112511410220 526MR 527140195113199999999999999 011 871241  299999999999999
 94 92 97108121132136131116 93 66 40 19  8 10 23 44 70 9411312412612011120 527MR 558136204312699999999999999 047 921323  799999999999999
102 96 96102111121128129121106 85 61 39 23 15 18 31 51 74 9611212112211820 528MR 635130214212399999999999999 130 951412 1599999999999999
110102 98 97102109116120120113100 82 63 44 31 25 28 39 57 77 9611111912120 529MR 724121224612199999999999999 231 971511 2599999999999999
117110102 97 94 96100106110111107 98 85 69 54 42 35 37 46 61 80 9811212120 530MR 843111234612399999999999999 4 4 941620 3599999999999999
122118110100 91 85 84 87 92 99104105102 93 80 66 53 45 45 52 66 8410211720 531MR1049105999999999999999999999 549 841734 4499999999999999
125126119107 93 80 70 67 70 78 89100108109104 93 79 65 55 53 59 73 9111020 6 1MR 035126124611099999999999999 7 3 671845 5399999999999999
124131129118101 81 63 51 47 52 65 83100114119117106 90 75 64 61 68 8210120 6 2MR 117131141012099999999999999 755 471947 6199999999999999
120133137130114 91 66 44 31 28 38 57 81104122130127116 99 83 71 69 77 9420 6 3MR 153137151613099999999999999 841 282042 6999999999999999
113131142141129106 77 48 24 12 14 28 53 83110129138135122105 88 78 78 8820 6 4MR 229143161313899999999999999 923 112130 7799999999999999
106125141148142124 95 62 31  8 -1  5 25 55 87116136143138125107 92 84 8720 6 5MR 3 314817 61439999999999999910 5 -12215 8499999999999999
 99117136149150139115 82 47 16 -3 -8  3 28 60 94121139144138123106 93 8920 6 6MR 3381511755144999999999999991047 -82257 8999999999999999
 94109127143152148132104 70 35  7 -8 -7  8 36 68100125139141133119104 9420 6 7MR 4141521841142999999999999991128 -92336 9299999999999999
 93101116133147150142122 92 59 27  4 -5  0 18 46 7710612613613612611310020 6 8MR 45015119261379999999999999912 8 -6999999999999999999999
 94 96106121136145144132110 81 50 24  7  3 12 31 58 8611012613212911910720 6 9MR 52714620 813299999999999999 016 941249  299999999999999
 97 94 98109122134139135121 99 73 46 26 14 14 26 45 70 9311212412612211220 610MR 6 6139205112799999999999999 057 941329 1399999999999999
102 95 93 98108119127130123109 90 67 47 31 25 28 40 58 79 9911412112211620 611MR 647130213412399999999999999 142 931410 2599999999999999
107 98 92 92 96104112118118112100 84 66 51 40 37 42 53 70 8710311512011920 612MR 734119222012099999999999999 238 911454 3799999999999999
113104 95 89 88 90 96102107107103 94 83 70 58 51 49 54 65 79 9410711612020 613MR 83810823 812099999999999999 352 881545 4999999999999999
118111102 92 85 81 82 86 91 96 99 98 94 86 77 68 62 61 65 74 86 9911111920 614MR1016 99235612199999999999999 520 811645 6099999999999999
121118110 98 86 76 71 70 74 81 89 95 98 98 93 85 78 72 70 73 81 9210511620 615MR1217 99999999999999999999999 637 701754 7099999999999999
123124118107 93 77 65 58 57 63 74 86 96103105102 95 86 79 76 79 87 9911120 616MR 040124135010599999999999999 732 5719 2 7699999999999999
122127126117102 83 64 50 43 46 56 71 88103112115111102 92 84 81 84 9310620 617MR 120128145311599999999999999 815 4320 0 8199999999999999
119128132126113 92 69 49 35 31 37 53 74 95112122123118107 95 87 85 9010020 618MR 155132154112499999999999999 852 302050 8599999999999999
114127135134124105 79 53 32 20 21 33 55 80104122131130121109 96 89 88 9520 619MR 228136162413299999999999999 927 192133 8799999999999999
108123135140134118 93 64 36 17  9 16 34 61 90115131137133122107 95 90 9220 620MR 3 014017 31379999999999999910 2  92212 8999999999999999
102117132142142131109 79 48 21  5  3 15 40 70100124138140133119104 94 9120 621MR 3321441743141999999999999991038  22249 9199999999999999
 97110126140146141124 98 65 34  9 -2  2 20 48 80109131141139129115101 9320 622MR 4 61461822141999999999999991115 -32326 9299999999999999
 93103118133145146137115 86 53 23  3 -4  5 28 58 89117134140136124109 9720 623MR 44114719 3140999999999999991154 -4999999999999999999999
 92 96108123137145143129105 75 43 17  2  0 13 38 68 9812113513813111810420 624MR 519146194513899999999999999 0 4 921235 -199999999999999
 95 92 98111125137142137121 96 67 39 17  6  9 24 49 7810412413413312511220 625MR 6 0142202713599999999999999 046 921318  699999999999999
 99 92 91 98110123132135128112 90 64 40 23 16 21 38 61 8711012613212911920 626MR 64713521 913299999999999999 133 9114 3 1699999999999999
106 95 88 88 94105116124125120106 87 66 46 33 30 36 52 73 9611512713012520 627MR 745126215313099999999999999 230 871452 2999999999999999
115101 90 83 81 86 95105112116113103 89 73 57 47 45 52 66 8510412012913020 628MR 9 2116223713099999999999999 341 811545 4599999999999999
123111 97 83 74 71 74 81 91101107109105 95 83 71 63 61 67 79 9511112413120 629MR1046109232213299999999999999 5 2 711647 6199999999999999
130122108 91 75 63 57 58 66 77 90102109110105 96 86 78 75 79 8910311812920 630MR1242110999999999999999999999 620 561756 7599999999999999
134132121104 84 64 49 41 42 51 66 84100112118116109 99 90 86 89 9811112420 7 1MR 0 9134141611899999999999999 724 4019 8 8699999999999999
135139134120100 75 52 34 25 27 39 58 81103119127127119109 99 94 9510411720 7 2MR 058139152712899999999999999 820 242015 9399999999999999
131141143136118 94 65 39 20 11 16 32 56 83109127136135126113102 97 9910920 7 3MR 146143162213699999999999999 9 9 112113 9799999999999999
123137146147136115 86 54 27  8  2 10 31 59 89116134141138127113102 9710120 7 4MR 232148171014199999999999999 954  222 3 9799999999999999
112128142150148133108 77 44 16  0 -2 11 35 67 98124139143137124109 98 9620 7 5MR 3171511752143999999999999991037 -32247 9699999999999999
102116133147152146128100 66 34 10 -2  1 18 45 77107130141141132117102 9420 7 6MR 4 01521829143999999999999991118 -32326 9399999999999999
 94104120137149151141119 89 57 27  7  1  9 30 59 89116134140136123108 9520 7 7MR 44115219 4140999999999999991156  1999999999999999999999
 90 94106123139147146132109 79 49 24 10  9 22 45 73101123135136128114 9920 7 8MR 521148193613799999999999999 0 4 901232  899999999999999
 89 87 94108124137142137121 97 70 44 25 17 22 38 62 8811112713313011910420 7 9MR 6 114220 713399999999999999 042 8613 6 1799999999999999
 91 84 85 94108122132134126109 87 64 43 31 29 38 56 7810111912913012311020 710MR 641134203713199999999999999 122 831340 2899999999999999
 96 85 80 83 93105117124123115 99 81 62 48 41 44 55 72 9211112312912611720 711MR 72612521 812999999999999999 2 7 801413 4199999999999999
104 90 81 78 81 89 99109114113105 93 79 66 57 54 59 71 8710311712512712220 712MR 819114214212799999999999999 3 1 781449 5499999999999999
111 98 86 77 74 76 82 91 99104104100 92 82 74 69 69 74 84 9811112112612520 713MR 932105222212699999999999999 4 7 741531 6899999999999999
118108 95 82 72 67 68 73 81 90 96100 99 96 90 85 81 82 86 9410511512312620 714MR112210023 812699999999999999 523 671627 8199999999999999
124117105 91 76 65 58 58 63 72 83 93100104104100 96 92 91 9410110911812420 715MR1324104999999999999999999999 634 571745 9199999999999999
127124116102 85 68 54 47 46 53 66 80 95106112114111105100 98 9910411212120 716MR 0 0127144511499999999999999 732 451911 9899999999999999
128130126115 98 77 57 41 34 35 46 63 8210111512312411911110410010110711620 717MR 053130153812499999999999999 820 33202110099999999999999
125132134127113 91 66 43 27 21 26 42 64 8811012513213112311310410010110920 718MR 142134161913399999999999999 9 2 21211510099999999999999
120132139138128108 82 54 29 14 11 21 42 69 97120135139135124111101 9810220 719MR 227140165713999999999999999 943 102159 9899999999999999
112126139145142127102 71 40 15  2  4 20 46 78107130142143134120106 97 9620 720MR 3101451733144999999999999991024  12239 9599999999999999
103117133146150143123 93 60 28  5 -4  3 24 55 88118138146142130113 99 9220 721MR 35315018 91469999999999999911 4 -42317 9199999999999999
 94105122139151152140117 84 49 19  0 -4  8 34 67100127143146137122104 9120 722MR 4361531844146999999999999991144 -52356 8699999999999999
 86 92107126143152150135109 76 42 15  1  3 20 48 81112134144142129111 9420 723MR 5201531918145999999999999991224  0999999999999999999999
 83 82 91107126142149144127101 70 40 18 10 16 36 65 9512213814213512010120 724MR 6 7149195114399999999999999 037 8113 4 1099999999999999
 84 76 77 88105123137141135119 95 67 43 28 25 35 56 8310912913913812710920 725MR 657141202314099999999999999 121 751343 2499999999999999
 91 76 70 73 84100116127131125111 91 70 52 43 44 56 76 9912013413813311920 726MR 754131205413899999999999999 210 691423 4299999999999999
100 82 69 64 67 77 90104115119116107 93 78 66 62 65 77 9411212713613612720 727MR 9 5119212913799999999999999 3 8 6415 5 6199999999999999
112 94 77 64 58 59 67 78 91102109110106 98 90 83 80 84 9310712013113613320 728MR104411022 913699999999999999 420 571554 8099999999999999
124109 91 73 59 51 49 55 65 78 91102108110108103 98 96 9810511412413213520 729MR125511023 213599999999999999 542 4917 3 9699999999999999
132123108 90 70 54 42 38 42 53 67 8410011111811911611010610610911612513220 730MR1441119999999999999999999999 7 1 38184010699999999999999
136134125109 89 67 47 33 27 31 43 61 8310311812712912411711010710911512420 731MR 010136154312999999999999999 8 7 27201010799999999999999
133139137128111 87 62 39 23 17 23 38 61 8711012713613512811710810410511320 8 1MR 121139162613799999999999999 9 1 17211410399999999999999
125136143142130110 83 54 30 14 10 19 40 67 95120136141137126112101 9710120 8 2MR 22214417 214199999999999999 947 1022 0 9799999999999999
113128141148145130106 76 45 21  8  8 23 47 78107130142142133118103 93 9120 8 3MR 3131481733144999999999999991028  62238 9199999999999999
 99115132146151144126 98 66 36 15  6 13 32 61 92119137144138124107 92 8420 8 4MR 35715118 21449999999999999911 4  62313 8499999999999999
 87100119137150151140118 88 56 29 13 11 23 47 77107130141141130112 94 8120 8 5MR 4381521828143999999999999991138 102346 7899999999999999
 78 86103123141150147131106 76 47 26 17 22 40 66 95120137141134118 99 8220 8 6MR 51615018521419999999999999912 8 16999999999999999999999
 73 75 88107126141146138120 94 67 43 28 27 38 59 86111130139136124106 8720 8 7MR 553146191513999999999999999 019 731237 2699999999999999
 73 69 75 90109127137138127108 84 61 44 37 42 57 80103124136137129113 9420 8 8MR 632139193813899999999999999 053 6913 5 3799999999999999
 77 67 67 76 92109123130127115 98 78 61 51 51 60 77 9811713113613211910220 8 9MR 71313020 213699999999999999 130 661332 4999999999999999
 84 71 64 67 77 91106117120116106 92 77 67 63 67 78 9411112513313212411020 810MR 759120202713499999999999999 213 641359 6399999999999999
 94 78 67 63 66 75 88 99108111108101 91 82 77 77 83 9410712012813112711720 811MR 859111205513199999999999999 3 3 631428 7799999999999999
104 89 75 65 62 64 71 81 91 99103103100 96 92 90 92 9710511512312712712220 812MR1031104213012899999999999999 4 8 6115 4 9099999999999999
113100 86 73 63 58 58 63 73 83 9310010410610510310210310611111712212512520 813MR13 7106222312599999999999999 527 57161110299999999999999
120112 99 85 70 58 50 49 54 63 76 8910111011511611411211011011211612112420 814MR1451116234612599999999999999 644 49183211099999999999999
125122114100 83 65 50 40 37 43 56 73 9110711912612612211611110911011412120 815MR1535126999999999999999999999 747 37201410899999999999999
127130127118101 80 57 38 27 25 34 51 74 9711713013513312511510710410611320 816MR 1 713016 813699999999999999 839 2421 910499999999999999
123133137134121100 74 47 25 14 15 28 52 80107129140142135122109 99 9710220 817MR 2 9137163914399999999999999 925 122150 9799999999999999
114129141146141124 97 65 35 13  4  9 29 58 91119139147144131114 98 89 9020 818MR 3 114617101489999999999999910 8  32227 8899999999999999
100118136150154145123 91 56 25  5  0 11 37 70104132147150140122101 85 7920 819MR 3491541740150999999999999991048 -123 3 7999999999999999
 84100122143156158144118 84 49 19  3  4 21 51 86119142151146130108 86 7220 820MR 43515918 9151999999999999991127  12340 6999999999999999
 70 81101125147158156140112 78 44 20 10 17 39 71104132148150138116 92 7120 821MR 52215918361519999999999999912 5 10999999999999999999999
 60 63 78101126146155150133105 74 45 28 25 37 62 92121142149143126101 7720 822MR 61015519 314999999999999999 018 601241 2499999999999999
 59 52 59 77100123140146140123 99 73 53 43 46 61 85112134146146134112 8720 823MR 7 1146192914899999999999999 059 521315 4299999999999999
 65 51 48 57 74 96116130134129115 97 78 65 62 69 8510612614114513912310120 824MR 757134195514599999999999999 143 481349 6299999999999999
 78 59 48 47 55 70 88105117121118110 98 88 82 83 9110512013414214113111420 825MR 9 6121202314299999999999999 235 461422 8199999999999999
 94 74 58 48 47 53 64 79 92103110112109105100 9810010711712713513813412520 826MR1053112205813899999999999999 341 4615 0 9899999999999999
110 93 75 60 50 46 48 56 68 80 9310311011311411311111211512012613013212920 827MR1338114215413299999999999999 5 7 46161411199999999999999
122111 96 79 64 51 43 42 47 57 72 8710211412112412211911611511612012412820 828MR15 4124234012899999999999999 643 42185511599999999999999
128124115102 84 65 49 38 34 39 51 68 8810712213013212712011310810811312020 829MR1540132999999999999999999999 758 34203010899999999999999
127131130122106 86 63 44 31 27 33 49 71 95117132138135125113103 98 9910720 830MR 12013216 913899999999999999 852 272117 9899999999999999
119130138137127108 83 57 36 23 22 33 54 81107128140141132117102 91 87 9320 831MR 226138163514299999999999999 935 212153 8799999999999999
106122137145142128104 76 49 28 19 23 40 66 95121138144138123104 88 78 7920 9 1MR 3151451659144999999999999991011 192224 7799999999999999
 91109129144149142124 97 67 40 24 20 31 54 83112134144143130110 89 73 6920 9 2MR 3561501721145999999999999991043 202253 6999999999999999
 76 94116137150150138115 86 57 34 24 29 46 73102127142145135116 93 73 6220 9 3MR 4331521742146999999999999991112 242322 6199999999999999
 64 78100124142151146130104 75 50 34 32 43 66 93120138145140123100 77 6020 9 4MR 5 915118 2145999999999999991139 312352 5599999999999999
 55 64 82107129144148138118 93 67 48 40 46 63 87113133144142129108 83 6320 9 5MR 54514818211459999999999999912 5 40999999999999999999999
 52 53 67 89112132142140128107 84 64 52 52 64 84107128141143134115 92 7020 9 6MR 622143184114499999999999999 022 511230 5199999999999999
 54 49 56 72 94115130135130117 98 80 67 63 69 83103122136142137122101 7920 9 7MR 7 013519 114299999999999999 055 491254 6399999999999999
 60 50 50 60 77 97114125127120108 94 81 75 77 86101117131138137127110 9020 9 8MR 743127192013999999999999999 130 491318 7599999999999999
 71 56 50 53 64 79 96109117117112103 94 88 87 9210211412513313512911610020 9 9MR 836118194113599999999999999 210 501341 8799999999999999
 82 67 57 53 56 65 78 91102108110108104100 9910010511312112713012812110920 910MR 95611020 513099999999999999 3 2 5314 5 9999999999999999
 95 81 68 58 54 56 62 72 83 9410210711011011011011111411712112412512211620 911MR2040125999999999999999999999 416 54999999999999999999999
107 96 83 70 59 52 51 54 63 74 87 9910911612012011911711611611711812012020 912MR1448120222812099999999999999 550 50184211699999999999999
117111101 87 72 57 46 41 43 53 67 8510211612613012912411811210910911311820 913MR1514130999999999999999999999 713 41202310999999999999999
122124119109 92 72 52 37 30 32 45 65 88110127137138132122110102 9810111020 914MR 046124153913999999999999999 814 2921 2 9899999999999999
121130134130116 94 68 44 26 19 25 43 68 97122139146141129112 97 88 87 9520 915MR 2 113416 514699999999999999 9 3 192135 8699999999999999
111128141146140121 94 63 35 17 13 24 48 79111135149149138118 97 80 72 7720 916MR 257146163115199999999999999 946 1222 8 7299999999999999
 92114137152156146122 90 57 29 13 15 32 61 96127147154146127101 77 61 5820 917MR 3471561657154999999999999991026 122242 5799999999999999
 69 92119144160161147120 86 53 28 18 26 49 81115141155153137110 81 57 4520 918MR 43516217221569999999999999911 4 182318 4499999999999999
 48 66 93124149162160143115 83 53 34 32 45 71103132152156145122 91 62 4120 919MR 5231631747157999999999999991140 312355 3499999999999999
 34 43 66 95125148158154136110 81 58 48 52 69 96124146156151133105 73 4620 920MR 6111581811156999999999999991214 47999999999999999999999
 30 29 43 67 96123142149143127105 84 69 66 75 94117138152153141118 89 6120 921MR 7 2149183515499999999999999 034 281246 6599999999999999
 38 28 31 46 68 94116131136132120104 90 83 86 97113131145151145129105 7920 922MR 759136185915199999999999999 116 271316 8399999999999999
 55 38 32 36 49 69 89107119123122115107100 98103113125137144143134118 9720 923MR 911124192514599999999999999 2 5 321346 9899999999999999
 76 57 44 39 42 52 66 82 9610711311611511211111111512112813413613312411120 924MR1110116195613699999999999999 3 6 39142011099999999999999
 96 79 64 53 47 47 52 61 74 87 9910911611912011911911912012312512512411920 925MR1354120204812699999999999999 433 46162111999999999999999
111100 87 73 61 52 48 49 56 67 81 9611012012612712411911511211211311611820 926MR1441127233711999999999999999 618 47194211299999999999999
118115108 96 81 66 53 45 44 51 64 81100117128133130123113104 99 9910311120 927MR15 7133999999999999999999999 737 442034 9899999999999999
118123123116103 84 65 50 41 40 50 67 88110127136137128115101 90 85 88 9820 928MR 128124153113899999999999999 831 3921 6 8599999999999999
111124132131122105 83 61 44 37 40 54 76101123137141135120101 85 74 73 8220 929MR 229133155314199999999999999 912 362135 7299999999999999
 98117133140137123102 77 54 39 36 46 65 91116135144141127106 84 67 61 6720 930MR 314140161414499999999999999 945 3622 2 6199999999999999
 83105126142146138120 95 69 48 39 42 57 82108131145145134113 88 65 53 532010 1MR 3521461633147999999999999991015 382229 5199999999999999
 66 88114136148148135113 86 62 46 44 54 75101126143148140120 94 68 49 432010 2MR 4281501653148999999999999991043 432257 4399999999999999
 51 71 97124143151145128104 78 59 50 55 71 95120140149145128103 75 51 382010 3MR 5 315117111499999999999999911 9 502324 3699999999999999
 39 54 79107132147148138118 95 74 61 60 71 91114135147147135112 84 57 382010 4MR 5391491730149999999999999991135 582353 3399999999999999
 33 41 62 89116136145142129109 89 73 68 73 89109130144148139120 94 67 442010 5MR 61514617491489999999999999912 0 68999999999999999999999
 32 34 48 71 97121136140133119102 87 78 79 90106124139145141127104 78 542010 6MR 65214018 814599999999999999 023 311224 7799999999999999
 38 33 40 57 80103121131132124112 99 90 87 93105119133141140130112 90 672010 7MR 733133182714299999999999999 055 331248 8799999999999999
 49 38 38 47 64 84103117124123117108101 97 99106116127135137131118101 812010 8MR 824125184613799999999999999 131 371312 9799999999999999
 62 49 42 44 53 68 84 99111116117114110107106109115122128131129121109 942010 9MR 93811719 713199999999999999 217 42133910699999999999999
 78 64 53 48 48 55 66 80 93104111115116116115115116119121123123120114105201010MR12 6116193012499999999999999 322 47143511599999999999999
 94 82 69 59 51 49 52 60 72 86 99110118123124123120117115114114114114113201011MR1354124999999999999999999999 457 49999999999999999999999
108101 90 77 63 52 45 45 52 65 82 99115126132132126119110104102103107113201012MR1426132999999999999999999999 631 44201110299999999999999
117118113101 84 66 49 39 37 45 62 83106125137140135123109 96 88 87 93104201013MR 037118145314099999999999999 740 372040 8699999999999999
117127131126111 89 66 45 33 32 44 65 92118137146144131112 92 76 69 72 85201014MR 156131151814799999999999999 833 312112 6999999999999999
105125140145137118 92 64 42 30 33 50 76106132149152141120 94 70 54 51 61201015MR 254145154315299999999999999 918 302145 5099999999999999
 82109135152155145122 92 63 42 34 42 64 94124147156151131103 72 47 34 36201016MR 34515616 815699999999999999 959 342219 3399999999999999
 55 83115143159161147122 91 64 47 45 59 84114141157158143116 82 49 26 19201017MR 4351621633160999999999999991037 442256 1999999999999999
 29 53 86121147161160144119 91 68 58 62 80106133154161153130 97 61 31 13201018MR 5241631659161999999999999991113 572333 1099999999999999
 12 27 56 90123147157154138116 93 76 72 82101126147160158142114 80 46 20201019MR 6141581724161999999999999991148 72999999999999999999999
  8 13 32 61 93122141149144131113 96 87 89101119139154158149128 99 67 37201020MR 7 6149175015899999999999999 013  81221 8799999999999999
 18 12 20 39 66 94117132138134124112102 99104115131144152149137115 88 60201021MR 8 4138181715299999999999999 055 121253 9999999999999999
 38 24 22 30 48 69 92110122127126120113109109114123133141143137124104 83201022MR 915127184614399999999999999 142 21132910899999999999999
 61 45 35 34 41 54 71 88103113120121120117114115118123128131130124114100201023MR1056121191813199999999999999 238 34142511499999999999999
 84 68 56 48 45 49 57 70 84 97109117121122121118115115115117118117114109201024MR1246122201611899999999999999 354 4517 211599999999999999
100 90 78 67 58 53 53 58 68 81 96109119125126123117110105102102104107110201025MR1341126233011099999999999999 530 52192910299999999999999
110106 99 88 76 64 57 54 58 68 83 99114126131129121110 99 91 87 89 95103201026MR1413131999999999999999999999 653 542011 8799999999999999
111115115108 95 80 66 57 54 59 71 89108124133135128114 98 83 74 73 79 91201027MR 122116143913599999999999999 752 542042 7299999999999999
105117124123114 99 81 65 55 55 63 79100120134140135121101 81 65 58 62 75201028MR 22212515 214099999999999999 835 542110 5899999999999999
 93112127133129117 98 78 63 55 59 72 92114132142141129108 83 62 48 47 57201029MR 3 8133152414399999999999999 911 552137 4699999999999999
 77101122136140132115 94 74 61 59 68 85108129143146137116 90 63 43 35 41201030MR 347140154514699999999999999 943 5822 4 3599999999999999
 59 85112133144143131111 89 72 63 67 81102124141149143125 99 69 43 28 28201031MR 42414516 5149999999999999991013 632232 2699999999999999
 42 67 96123142148142126105 85 72 70 79 97119138149148134109 79 49 28 202011 1MR 5 01481625150999999999999991042 6923 0 2099999999999999
 28 49 78108132146147137119 99 83 76 80 94113133147150141119 90 59 33 192011 2MR 53514816461509999999999999911 9 762329 1799999999999999
 19 33 59 89117137146142130112 95 84 83 92108127142149145128102 72 44 242011 3MR 61114617 7149999999999999991136 82999999999999999999999
 16 24 43 71 99123138142135122106 94 89 93105121136146145134113 86 57 342011 4MR 649142172914799999999999999 0 0 1612 3 8999999999999999
 21 20 32 54 80106125135135127116104 97 97104116129140143136121 98 72 492011 5MR 731136175114399999999999999 032 191231 9699999999999999
 31 24 28 42 63 86107122129128122113105102105113123132137135125108 87 652011 6MR 821129181513799999999999999 1 9 2413 310299999999999999
 46 34 30 36 49 68 88105118123123119114110109111117123128129125115100 822011 7MR 929124184213099999999999999 154 30134610999999999999999
 65 50 40 38 42 53 69 86101113120122121118115113113115118120119115108 982011 8MR11 3122192312099999999999999 253 37152211399999999999999
 85 71 58 48 44 46 54 67 83 991121211261261221171121081061061071091091072011 9MR1229126214411099999999999999 413 44182610699999999999999
102 93 81 68 56 48 47 52 65 81 99115126132131124114104 95 90 90 95101108201110MR1319132999999999999999999999 542 461930 9099999999999999
113112105 93 78 62 51 47 52 65 84105123135138133121104 88 76 71 73 84 98201111MR 024113135313899999999999999 657 4720 8 7099999999999999
112123125119105 86 67 53 48 54 70 93116134144143131111 87 66 53 50 59 76201112MR 149126142314599999999999999 756 482045 5099999999999999
 99120135139131114 92 71 56 53 62 81106130146151142122 94 65 42 30 32 48201113MR 252139145215199999999999999 846 532121 2999999999999999
 74103129145149140120 96 75 62 62 74 97122144155153136108 74 42 20 12 20201114MR 346149152015699999999999999 931 602159 1299999999999999
 43 75109137153155143123 99 79 70 74 90114138155160150125 91 54 22  3  1201115MR 4381561549160999999999999991012 702238 -199999999999999
 15 44 79114141155155143122100 85 81 89107130151162159141111 74 37  8 -6201116MR 5291571619162999999999999991051 802318 -699999999999999
 -2 18 49 85118142153151138120102 91 92103122142157161152129 96 59 26  3201117MR 6201541649162999999999999991128 902359 -599999999999999
 -5  3 25 56 90119139147143132116103 98102114131147157155140115 83 50 22201118MR 71114717211579999999999999912 5 98999999999999999999999
  5  3 14 36 65 94118133139135125114105103109121135146150144127103 74 47201119MR 8 4139175515099999999999999 041  2124410399999999999999
 26 15 15 27 47 72 96115127131128120112107107112122132138138130115 94 71201120MR 9 2131183113999999999999999 126 13133010699999999999999
 50 34 27 30 40 57 77 96112121125123118111107107111117123126124117105 89201121MR10 6125191312699999999999999 215 27143410799999999999999
 72 57 46 41 43 52 65 81 97110119122121117111106104104107110112111107100201122MR1115123202011299999999999999 311 41162110399999999999999
 90 78 66 57 53 54 60 71 85 99111120123122117109101 95 93 93 96 99102102201123MR1215124224310399999999999999 421 521822 9299999999999999
100 94 86 76 68 62 61 66 76 89103115124127123115104 92 83 78 78 83 90 98201124MR13 0127999999999999999999999 538 611927 7899999999999999
103105102 95 85 75 68 66 71 81 94109122129130123110 94 78 67 62 65 74 87201125MR 053105133513199999999999999 648 6620 7 6299999999999999
 99109113111103 91 80 72 70 75 87102118130135131119100 79 61 50 49 56 71201126MR 2 811314 513599999999999999 745 702041 4899999999999999
 89106118122118108 94 82 74 74 82 96113128138138128109 85 61 43 35 39 53201127MR 3 0122143213999999999999999 831 732111 3599999999999999
 74 97116128130123110 95 82 76 79 91107125138143136119 94 67 42 27 24 35201128MR 343131145714399999999999999 910 762141 2399999999999999
 56 82108127137135125109 93 83 80 87102119136145143130106 76 47 25 15 19201129MR 422137152214699999999999999 945 802211 1499999999999999
 37 64 93119136142136123106 92 84 86 97114131144148139118 89 57 29 12  9201130MR 4591421548148999999999999991018 842242  899999999999999
 21 45 75105129142143134118102 90 87 94108125141148145129103 71 40 16  52012 1MR 5351441613149999999999999991050 872313  499999999999999
  9 27 56 87115135143140128113 99 91 93103118135146148137116 87 54 26  82012 2MR 6121431640148999999999999991121 902347  499999999999999
  4 15 37 67 97122137141134122108 97 94 99111127140146142126102 72 42 192012 3MR 65014117 8146999999999999991152 94999999999999999999999
  7  8 24 48 77105125136136128116104 98 98106118131140141132114 88 60 352012 4MR 731137173714299999999999999 022  61227 9799999999999999
 17 10 17 34 58 85109125132131123112103100102110121131136133122103 79 542012 5MR 817133181113699999999999999 1 1 1013 7 9999999999999999
 34 21 18 26 44 66 90110124129127119111104101104110118125127123112 95 752012 6MR 910129185312799999999999999 144 1814 110199999999999999
 55 38 29 28 36 52 73 93111122127125118110103100100104110114116113105 932012 7MR10 8127195511699999999999999 235 27152110099999999999999
 77 61 47 39 38 45 59 77 96112123127125118109100 94 91 92 961011051061042012 8MR11 7127214910799999999999999 337 381711 9199999999999999
 96 85 72 60 51 49 54 66 83100116126130126117105 92 82 76 75 80 88 971042012 9MR12 0130999999999999999999999 449 491835 7599999999999999
107105 97 85 73 63 59 62 73 89107122132134128114 97 79 64 56 55 63 76 92201210MR 0 5107124413499999999999999 6 4 591932 5499999999999999
106115116110 99 85 73 67 70 81 97115131139138127108 84 61 43 34 36 49 68201211MR 143117132414099999999999999 712 672019 3499999999999999
 91111124128123110 95 82 75 78 90107126140146140124 98 69 41 22 14 21 39201212MR 25512914 114699999999999999 812 7521 2 1499999999999999
 65 94118134139133119102 88 82 87100118137149151140117 85 52 22  4  0 11201213MR 354139143915299999999999999 9 5 822145 -199999999999999
 35 67 99126142145138122105 92 88 95110129146156152136107 71 36  7 -9 -8201214MR 447146151615699999999999999 953 882227-1199999999999999
  8 37 72106132146147138122105 94 93102119138153158150128 96 58 23 -3-14201215MR 5371481554158999999999999991037 922310-1499999999999999
 -8 13 44 79112135146145134118103 95 97109126144156156143117 84 47 15 -6201216MR 6231471632157999999999999991118 952351-1299999999999999
-12 -1 22 54 88116135143139127112100 95100113130145153149132106 73 40 13201217MR 7 71431711153999999999999991158 95999999999999999999999
 -2 -3 11 36 66 96119134137131119105 96 95102115131142146138120 94 64 36201218MR 749137175014699999999999999 032 -41239 9499999999999999
 16  7 11 26 50 77103121130130123111100 93 94102114126134134125107 84 59201219MR 829131183113599999999999999 111  71323 9399999999999999
 38 24 20 27 43 65 88108121127124116105 95 91 92 99109118123121112 97 78201220MR 9 9127191512399999999999999 151 201415 9099999999999999
 59 43 35 35 43 58 77 96112121123119111100 92 87 88 93100107110108101 90201221MR 950123201211099999999999999 230 341522 8799999999999999
 76 63 53 48 50 58 72 87103114121121116107 97 88 82 81 83 88 94 98 98 95201222MR10341222139 9899999999999999 314 481650 8199999999999999
 88 80 71 64 61 63 71 82 95107117122121115105 93 82 74 70 71 76 82 89 93201223MR11221222354 9499999999999999 4 6 611817 7099999999999999
 94 92 87 81 76 73 74 80 89101112120124122114102 87 73 62 57 58 64 74 84201224MR1211124999999999999999999999 514 731920 5699999999999999
 93 99100 97 92 86 82 82 86 95105116124126123112 96 77 60 47 42 46 56 70201225MR 147100125612699999999999999 632 8120 6 4299999999999999
 86 99108110107101 93 87 86 91 99111121129129122107 86 64 44 32 30 37 53201226MR 256110133613099999999999999 742 862045 2999999999999999
 72 92109118120115106 96 90 89 95105117128134131119 99 73 48 28 18 20 33201227MR 344120141313499999999999999 838 892120 1799999999999999
 55 79102119127127119107 97 91 91 99111125135138130112 87 57 31 13  8 15201228MR 424128144713899999999999999 924 902154  799999999999999
 35 62 90114129134130119105 95 90 94105119133141139126102 72 41 15  1  2201229MR 5 013415201429999999999999910 3 902229  099999999999999
 16 42 72101124136137128115101 92 91 98112128140144137118 89 56 25  3 -6201230MR 5351381554144999999999999991039 9023 4 -699999999999999
  1 21 51 83111131138135124109 96 90 93104120135145144131107 75 42 13 -4201231MR 6111391627146999999999999991112 902340 -899999999999999
