257247216169120 79 58 62 9013619024127729228325421216813411812214417621020 1 1MT 0 625713 729399999999999999 622 56191811799999999999999
233240229200161122 92 81 9011815920524527027726423419715913212012514517220 1 2MT 054241135027799999999999999 7 5 81201212099999999999999
20022022621719516513511310611514017421124126026224822118615312811712013720 1 3MT 155226143826399999999999999 756106211511699999999999999
16218820921921620217915513612813415217920823324925123821217914612010710820 1 4MT 318219153825299999999999999 9 6128222410699999999999999
124149178204222227219200177156143142154176202226243246234207172135106 9020 1 5MT 45222716442479999999999999910341412327 8899999999999999
 91109139176211236247241221194167147141149170198225244248233202160117 8320 1 6MT 6 82471744248999999999999991157141999999999999999999999
 67 71 96137184228260272263237202167142133142167200231252253232192141 9220 1 7MT 7 5272183425599999999999999 018 6613 013399999999999999
 56 42 55 9114420225328629527924319915813012313917121024526325822717511520 1 8MT 751296191826599999999999999 1 2 42134812399999999999999
 61 27 21 45 9616122728131131228523918614211711714218322826227526021615220 1 9MT 832316195927599999999999999 142 20143011499999999999999
 85 31  2  7 4510918425430633032028122516812510611615120024727828325619920 110MT 913330203928599999999999999 222  015 910699999999999999
126 56  4-15  3 5412921028032634031826920614811010012116622026629128524620 111MT 953340212029399999999999999 3 2-15154810099999999999999
179101 31-13-22  8 71153235301339341308249183129 98 9913018223728029728220 112MT103434522 329799999999999999 343-231628 9599999999999999
232159 80 15-20-18 24 94178257316343333290226161112 9010114019524928629620 113MT1114344224929799999999999999 426-241710 9099999999999999
272217142 67 10-15 -2 47120202274323339318267202141 99 8610514820325328520 114MT1156339233729199999999999999 510-151754 8699999999999999
288260203132 65 18  3 24 76147222284321326296242179124 90 8510815220424920 115MT1237328999999999999999999999 555  31841 8399999999999999
275276247194132 75 39 31 56106171235285310306272219161113 86 8410814919620 116MT 030279132131299999999999999 644 301933 8299999999999999
237261261237194143 97 69 66 89132186238277293283250201149107 83 8310314020 117MT 13226414 829399999999999999 737 642032 8099999999999999
182220245250236204164128105101117150192232261273263233190143104 81 77 9320 118MT 24725115 227399999999999999 8411002141 7699999999999999
124164202232247243223193161138129136157188220245256249224185141101 75 6620 119MT 41824816 82569999999999999910 51292256 6699999999999999
 77106146190228252259247222190162145142154178208233247244221184138 95 6420 120MT 5512591720248999999999999991141141999999999999999999999
 51 60 90135187233267280271244208172147137145169201230247246223182131 8320 121MT 7 5280182624999999999999999 0 5 5113 213799999999999999
 47 34 45 8113519424828630028825521116813812713816620323725525122317511720 122MT 8 2300192125699999999999999 1 3 3314 012799999999999999
 65 29 19 38 8314621226930531329325120015312311713617321625026625521816120 123MT 84731420 726699999999999999 152 18144411699999999999999
 97 44 12 11 41 9716723629031931728523317813310911414418923526627425320420 124MT 926322204727599999999999999 233  7152110899999999999999
139 74 24  2 13 5612219626230832530826420615011210111916021025528027624220 125MT10 0325212428299999999999999 311  1155310199999999999999
183113 50 10  1 27 82155228286319320288234174124 9710013218123327228626920 126MT1031324215828699999999999999 345  01624 9599999999999999
222156 87 32  5 12 52117191258304321304259200142102 9010815020325128128220 127MT11 0321223328699999999999999 418  41654 9099999999999999
253197129 66 23 12 35 86155225281312311279225165116 89 9112116922226328120 128MT112831623 828199999999999999 450 121725 8699999999999999
270230170106 54 27 32 67125192253295308291248191136 98 8510013718723326520 129MT1156308234527299999999999999 522 251758 8599999999999999
272251206148 93 55 43 61104162222270295293263215160115 89 8811115219823620 130MT1225298999999999999999999999 554 431832 8599999999999999
258256230186136 93 69 70 96140192240273283269233185138103 88 9512216120020 131MT 025260125528499999999999999 628 661910 8799999999999999
231245239213176137106 94101128167209244264263243207164125 99 9110212716120 2 1MT 112246132926699999999999999 7 7 931956 9199999999999999
195220232227207179150129122130152182213236247242221189153121100 9310212420 2 2MT 211232141124799999999999999 7571222054 9399999999999999
154184209223224213194172155147150163183204221230226209182150120 98 89 9420 2 3MT 335226151223099999999999999 91414722 9 8999999999999999
113141173202224234231217197177163157161173191208220220208184151118 90 7520 2 4MT 51523416352229999999999999911 51572326 7499999999999999
 77 95127166205236254255241217189165150148160180203221227217190151109 7320 2 5MT 6352571754227999999999999991237147999999999999999999999
 53 54 76117167217257280281261227188154134132149178210234243229195145 9220 2 6MT 732283185524399999999999999 029 51133513199999999999999
 49 26 30 6211517823828430630027022317413511511914618622725626224119413120 2 7MT 818307194526399999999999999 121 24141911399999999999999
 68 20  0 12 56123198265310327310266207151111 9711315320425127927924718620 2 8MT 9 0327203028399999999999999 2 8 -11458 9799999999999999
111 41 -6-20  5 63142224292332338307249181123 88 8511416722727530029024520 2 9MT 939340211530199999999999999 252-201535 8299999999999999
171 88 17-25-28 10 81168252315346337291222150 95 69 8012318524929531229220 210MT1017348215931299999999999999 334-311613 6899999999999999
235153 69  2-30-20 30110199278332348324264189118 71 57 8113520326630731520 211MT1054348224431799999999999999 416-321651 5799999999999999
285220136 56  0-20  2 62144229298337337298231154 90 54 53 8814821627430820 212MT1131342233031299999999999999 458-201731 4999999999999999
308271204126 56 13  6 37100178252306329314265195124 71 46 57 9815822127220 213MT12 7329999999999999999999999 540  41812 4699999999999999
298292254192125 69 40 43 79138205264301308283230165104 62 48 6510616221720 214MT 019300124331099999999999999 624 371857 4899999999999999
260280272239189136 95 77 86118167219261283279250201145 95 64 57 7411115720 215MT 114281132228599999999999999 711 771947 5699999999999999
204240258255232196159130118125148182218245257249223183138 99 74 68 8010820 216MT 22126014 725799999999999999 8 91182051 6799999999999999
145185218240245236214188166153152163182204222231226208178143110 86 74 7820 217MT 351246151123199999999999999 9351512215 7499999999999999
 97128164201230247249238218195174162160168183200213217208186155121 92 7320 218MT 53925016482179999999999999911411602345 6899999999999999
 68 81110150194232259269261239209179156145150166189210221219199166126 8820 219MT 7 32691819222999999999999991312145999999999999999999999
 62 53 6610014720024627828927724620516613712613516019222123723421016811920 220MT 758289192223899999999999999 055 5314 312699999999999999
 74 45 38 5710115821826829830127823518514111411013116820924225624721115820 221MT 83830320 725799999999999999 146 37143910999999999999999
101 53 27 29 61116182244291312302264210155113 9510614018823426527224920020 222MT 911312204427399999999999999 226 2415 8 9599999999999999
137 76 32 15 32 78144214273309314287235174121 89 8611416221726228527823920 223MT 939316211728699999999999999 3 0 151535 8499999999999999
177108 50 16 16 49109181249298318304259197135 91 74 9013319124628429427020 224MT10 5318214829499999999999999 331 1216 1 7499999999999999
217147 80 31 13 30 79148220279313313279221155100 69 7110415922027029729120 225MT1030317222029899999999999999 4 1 131627 6699999999999999
252188117 57 24 24 59119191256301315294244178116 73 60 8012718724528529720 226MT1054315225229799999999999999 429 191653 6099999999999999
276225158 93 47 31 49 97162229281308301263202137 85 58 63 9715221226228920 227MT1118309232529299999999999999 458 311721 5699999999999999
286253197134 81 51 52 84138201256292299274224162104 66 56 7611917522926820 228MT1143300999999999999999999999 527 481750 5699999999999999
282268228174121 82 69 84123175228269286276239186129 84 61 65 9414019123620 229MT 0 128212 828699999999999999 558 691821 5999999999999999
264268248209162122 98 97118156201240264266245205155109 77 66 7911015319720 3 1MT 040269123626899999999999999 633 941857 6699999999999999
233252251232200165136123128148178211236247240216180139103 81 77 9111915520 3 2MT 12825413 824799999999999999 7151231944 7699999999999999
192221238239227205180160151153165184204219224217198169138109 91 85 9411520 3 3MT 236240135622499999999999999 8191502053 8599999999999999
145177206227237235222204186173166167175187199206206195175149121 98 85 8420 3 4MT 41823715272079999999999999910211652231 8399999999999999
 98125159195226247254248230206182163154156167184201211209193165130 96 7220 3 5MT 6 125417222119999999999999912201532358 6399999999999999
 63 73102145193236268281273248212175145130133153182211231234216180132 8420 3 6MT 7 82811840235999999999999991320129999999999999999999999
 48 35 47 8514120325829530729125320215311810411614919323526126323718612220 3 7MT 756307193526599999999999999 1 2 3514 210499999999999999
 62 20  8 29 80151224285321325296241177121 87 8210915921726629228824818220 3 8MT 837328202229599999999999999 153  71438 8099999999999999
104 37 -5-10 24 91173252312341331284214142 85 59 6911317824529631830324920 3 9MT 91534221 631899999999999999 238-131514 5899999999999999
169 84 16-19-12 37116204282334348320256176102 52 39 6612620227232033330520 310MT 950349215033499999999999999 320-211549 3999999999999999
239151 67  6-17  4 65150237306344340294218134 65 28 31 7414522429233233520 311MT1025348223433999999999999999 4 1-171626 2499999999999999
296223136 59 10  2 36104187265320340317257176 96 38 16 35 8816324030133220 312MT1059340231933499999999999999 442  017 3 1699999999999999
324279206127 64 30 35 77144219282319320283216137 68 26 18 4810617824729720 313MT1132324999999999999999999999 522 271742 1799999999999999
318304259194129 81 63 77119179239284302288243179110 56 28 32 6612218524320 314MT 0 731912 530299999999999999 6 4 621822 2699999999999999
283297281242191142110101118154200242269274252209153100 61 44 53 8513218320 315MT 058297124027599999999999999 65010119 8 4499999999999999
229261272261234198165143138150174204230244241220186144106 78 67 74 9813220 316MT 2 0272132124599999999999999 74713820 6 6799999999999999
172209237251250236215192174166167177192206214213201179152124101 89 8810020 317MT 326253142321599999999999999 9211652133 8799999999999999
124155188218240251248236216195177166164170180192199199189171147122101 9020 318MT 51825116292009999999999999911451642320 8999999999999999
 9310913817421124326226625423019917115014214716318320221221019316413010020 319MT 64426618192139999999999999913 7141999999999999999999999
 81 78 9412817221825727928126222818614912511913216019322123623220816912520 320MT 736283191923799999999999999 039 77134811899999999999999
 87 64 64 8813218523827729628825620815911910010513217421624826124821115920 321MT 81229620 026199999999999999 131 611418 9999999999999999
106 66 48 58 94150211264298304280232175123 90 8310514920124827627825019820 322MT 842305203428199999999999999 210 471444 8299999999999999
136 81 46 40 65116181243290310298256196134 88 68 8012117823527929728223720 323MT 9 831121 429799999999999999 242 3815 8 6899999999999999
173108 58 35 46 88150218275309310277218151 94 61 60 9214821226830230427220 324MT 932313213430799999999999999 311 341532 5699999999999999
213143 81 43 38 67123191255300314293241173107 61 46 6611618124629431329820 325MT 95531422 431399999999999999 339 361556 4699999999999999
250182114 63 42 55100164231284311303262197127 70 41 47 8514721527330831120 326MT1018312223531499999999999999 4 7 421621 3999999999999999
279221153 94 58 55 85140205262299305277220151 87 46 36 6011317924329131120 327MT104130723 731199999999999999 435 521647 3599999999999999
298254193131 85 67 81122179237280298284240177111 60 36 45 8414320726229720 328MT11 5298234030499999999999999 5 4 671714 3599999999999999
302277229171121 91 88113158210255282281252200138 83 48 41 6411016822627020 329MT1130285999999999999999999999 535 861743 4099999999999999
291286255209161124108115144185227257268254218167113 71 51 56 8513218423220 330MT 018292115726899999999999999 6101071818 5099999999999999
265278268239201164139131142167199228245245226190147105 75 65 7410214218620 331MT 1 3278123024799999999999999 65413119 2 6599999999999999
225252262255234206179161155161177197214224221205178145114 91 81 8710713820 4 1MT 2 5262131722499999999999999 75915520 8 8199999999999999
174209236251253243223201182170166170180193203206200184161134109 93 88 9820 4 2MT 338254145320699999999999999 9581662150 8899999999999999
121154191225251263261246222194170154149156172191207213207187157123 93 7620 4 3MT 52126417 32139999999999999911521492329 7499999999999999
 76 96132178225262284285266232191153128121133160194224242240217176127 8220 4 4MT 6342871825244999999999999991252121999999999999999999999
 54 51 73119178237284308305275225170123 95 9311816221225527827324018411920 4 5MT 724310192227999999999999999 039 491334 9099999999999999
 63 31 29 62121192260309329314267201135 84 62 7311517724129031230025218020 4 6MT 8 5329201031399999999999999 132 261410 6199999999999999
104 44 13 21 66138218287330338306242164 93 46 36 6512620127232233831325120 4 7MT 842340205433899999999999999 219 111446 3599999999999999
169 89 31  9 29 87167248311342333283204120 52 17 23 7014522830034435031220 4 8MT 917344213835299999999999999 3 1  91521 1499999999999999
241155 78 29 20 53120201275326340312246160 78 21  1 24 8516725131835334720 4 9MT 951341222235699999999999999 343 181558  199999999999999
301225143 77 41 45 88156231294328324279204119 47  4  0 3710618926732434820 410MT102433123 734999999999999999 424 381635 -399999999999999
333282211139 86 65 79126189253299315295241165 89 30  4 14 5912820527331820 411MT1058315235433399999999999999 5 5 641713  399999999999999
333312263200143104 95115159212260289290260204136 74 32 19 38 8414721326820 412MT1132294999999999999999999999 549 941754 1999999999999999
303310289247198155129126146181221253267259226177122 76 48 45 6510615821120 413MT 04431112 826899999999999999 6371241838 4399999999999999
255281286270239203172154152165189214233239228202164125 93 74 73 9012116120 414MT 143287125223999999999999999 7371511933 7299999999999999
202237260267259240214190173166170182196208213207191168142118102 9810512520 415MT 258267135921399999999999999 9 91662053 9799999999999999
15418821924425825924822820418216716116317318519620119718516614412411110920 416MT 43426016 7201999999999999991111160223910899999999999999
12014317420923926026725823720717715314014015317319521121721019016213311120 417MT 5572671758217999999999999991228139999999999999999999999
10210913316920924627127826623619615812811512114417721023424323220416612820 418MT 652278185824399999999999999 0 4102131111599999999999999
 99 89100131175223263286286262220171127100 9511415119623726326724620515620 419MT 730289194026899999999999999 1 0 891342 9499999999999999
112 83 78 99141195246284298284245190135 93 75 8512117322726928928124619220 420MT 8 1298201429099999999999999 142 7714 9 7599999999999999
136 92 70 77112165224273301300268213150 96 63 61 9014320526129830628223220 421MT 828304204530799999999999999 216 691434 5899999999999999
170113 75 66 89137198255295307287236170106 61 45 6311017524129331831026920 422MT 853308211631999999999999999 247 661459 4599999999999999
208144 93 68 76114171233282307300259195125 67 37 41 7914121127431632530020 423MT 917309214732699999999999999 316 671523 3499999999999999
247181121 82 74 98147208263299305277220149 83 39 28 5210617624630032732020 424MT 941307221832999999999999999 345 721549 2799999999999999
280220156106 82 90127182239283302289243177107 52 25 33 7413821027331532620 425MT10 6302225132799999999999999 415 811616 2499999999999999
304256194138102 94115159213261290291261205136 74 35 26 5110317023729031820 426MT1032295232632199999999999999 446 931645 2599999999999999
316284232176131108113142187234269283269228169106 57 33 39 7413019525329520 427MT11 1283999999999999999999999 5201071718 3199999999999999
311300264215168134123135165205242265266243198143 91 55 43 58 9715120825820 428MT 0 5311113326899999999999999 5591231756 4399999999999999
290299284250209171146140153179210236250244219179133 92 66 61 7711316020920 429MT 052299121425099999999999999 6491401844 6099999999999999
251278285273247213182161154161179202221230226207176140107 85 78 9011715620 430MT 152285131223199999999999999 7581541952 7899999999999999
199237265277272253225196172158157166183201215219210190161131105 90 9110920 5 1MT 312277145021999999999999999 9381562126 8999999999999999
142183224258278281267239205172149138143161185210226230218191155119 93 8320 5 2MT 44028216442319999999999999911101382258 8399999999999999
 94125169218260288296281247202158125110116142179219249261251220173124 8620 5 3MT 55029618 5261999999999999991212109999999999999999999999
 69 78112164222273305311288242184129 90 77 9213218624028029628324118212120 5 4MT 64331219 429699999999999999 011 691258 7799999999999999
 75 56 68110172237291321319283222152 91 54 49 7813520526931332730525118120 5 5MT 726324195432799999999999999 1 8 551338 4699999999999999
113 66 49 69121191259310331316264189112 51 22 31 7715022929834134731525120 5 6MT 8 5332204035099999999999999 157 491416 2199999999999999
174105 62 54 84144216282324331299233150 72 19  2 27 8917125432135835531220 5 7MT 842333212636199999999999999 242 521454  299999999999999
242165101 67 70109173242298327319272196111 40 -1 -3 3710819427533536234920 5 8MT 917329221136399999999999999 326 631532 -799999999999999
300229157104 80 93138200262306319296238159 80 20 -6  7 5613121428833935520 5 9MT 953319225735599999999999999 4 9 801611 -799999999999999
334283216154112100120165222272302301267205130 62 16  4 27 8115423029333220 510MT1030306234334199999999999999 452 991651  499999999999999
340314265206155124121144186233271288277238178113 58 27 26 5410717323829020 511MT11 8288999999999999999999999 5381191733 2299999999999999
319319293249200160139140162197234260267251213161109 68 48 53 8313018624020 512MT 031323114926899999999999999 6271361818 4799999999999999
281301299275239199168152153171198224242244228197157117 88 75 8210714619220 513MT 123303123724599999999999999 72515019 9 7599999999999999
23526828428226323420217616015917018820822222521519316413511310210512415420 514MT 223285134322599999999999999 837158201610199999999999999
19122625527127225823420617916115415917219020621421320218215813612211913120 515MT 33427315242159999999999999910 4154214111999999999999999
15418521824726527025923620517515113914115517619921722522020317915213212320 516MT 44827017 822599999999999999112213823 612399999999999999
12914918021624826927426223419716013111812214217320623324624322319215813120 517MT 5482741819247999999999999991216117999999999999999999999
118123146182222257278280260222177134105 9610914118322625827226323419415320 518MT 63528219 727299999999999999 0131181255 9699999999999999
122110120150192237272288280248199146102 78 7910615220625428629427523418520 519MT 711289194729499999999999999 1 41101327 7599999999999999
140110104123163212258288294271225166110 70 57 7411717623728531130727422320 520MT 743295202231399999999999999 1441031356 5799999999999999
168124101106137185237279298289250191126 73 45 48 8314120827031232630826220 521MT 812299205532699999999999999 2201001424 4299999999999999
204149111100118160212262294299272218151 87 44 31 5210317224229933133029720 522MT 840301212933499999999999999 2531001453 3199999999999999
242182132105108138187240282300289245181111 55 26 31 6913220527232033832320 523MT 9 830122 333899999999999999 3251031522 2399999999999999
279220162122108123163214262292296268213143 78 33 20 42 9316323529533133620 524MT 938298223833899999999999999 3591081553 2099999999999999
308257199148119117143187236275293282242180112 55 25 27 6112019125830933320 525MT10 9293231633499999999999999 4331151627 2199999999999999
326290237183142123131162206249278285263215153 91 46 28 41 8314521327331420 526MT1044286235832899999999999999 51212317 4 2899999999999999
328312273222174142131145176217252273270243194136 83 48 39 5910316322527820 527MT1124275999999999999999999999 5561311748 3999999999999999
311318299261214173146140154183217247261255228184133 88 61 56 7711917322920 528MT 046319121426299999999999999 6481391840 5599999999999999
275303308290255213175150143154179209235248244223186143105 79 74 9012617420 529MT 142309131824999999999999999 7521431945 7399999999999999
225267294300286254215177150139145165193220239243230202165127100 89 9812720 530MT 247301144424399999999999999 9 813921 3 8999999999999999
169217260289298287257216174141124126145176210238252249227192151117 9810020 531MT 35729816192539999999999999910241232225 9699999999999999
12316321125628930129025821116212210010112316220724727227625721817112810120 6 1MT 5 23011740277999999999999991128 972340 9699999999999999
 97118159210260295307293253197140 94 70 7510615721426629830528423918313320 6 2MT 5583071844306999999999999991221 69999999999999999999999
101 95117161217269304312290240174109 62 42 54 9716123028932533030225018820 6 3MT 647313193933299999999999999 043 9413 7 4199999999999999
133100 96122172231282312312279218144 77 32 20 4410017525131234634631025120 6 4MT 730316202935099999999999999 138 941350 1999999999999999
186131101102135189248294316305260190112 48 10  9 4611319427233035835030820 6 5MT 811317211736099999999999999 227 971431  599999999999999
244179129105114153208264303314291236160 84 27  0 12 5913321528934136134420 6 6MT 85131522 236199999999999999 3131041512 -199999999999999
296232171128113129172227276305305272210134 64 17  3 25 8015523530234535520 6 7MT 930309224735699999999999999 3581131553  299999999999999
330279218163129123146190240282301291250186114 54 18 16 4710517925130934120 6 8MT1010301233034599999999999999 4421211635 1399999999999999
341311260203157132134161204248281291272227166103 54 30 37 7413220026431020 6 9MT1052291999999999999999999999 5261291717 2999999999999999
331323290240190153136144172212249273275252208153101 63 50 6410215721827120 610MT 013332113527899999999999999 6111361759 5099999999999999
306318304269224181151141151179213244261258235195149107 80 75 9212917822920 611MT 056318122326399999999999999 6591411845 7499999999999999
27229730228525221217515114415517920823324724322419115412210210011715019220 612MT 142303131924799999999999999 7531441936 9999999999999999
23426828628727023920417114914315217219822123423522119716814112512313616320 613MT 232289143223699999999999999 855143203912299999999999999
19823326127727626023219816614413614216118621122923622921118616214413814720 614MT 32927816 12369999999999999910 3136215413899999999999999
16819822925627127125522619015613112212814917820923424824623120517715514420 615MT 43027317242499999999999999911 6121231314499999999999999
14916719622825527127025121717713911210311314017821825026826724921818415720 616MT 5272731827270999999999999991158103999999999999999999999
143146166197232261276270244203156114 88 8410314118923727429228626022218220 617MT 615276191629299999999999999 0191421241 8399999999999999
151137143168205243271281268231181128 86 65 7110215321026330031229826221620 618MT 656281195831299999999999999 1111371318 6499999999999999
172141131145178220259283284258210151 96 59 48 6711217423829132232530025420 619MT 733287203632799999999999999 1551311352 4799999999999999
202158131130153194239275292281242183119 66 37 39 7313220126731533832829220 620MT 8 7292211233899999999999999 2331271426 3499999999999999
239185144126135168214259289294270219152 88 41 24 41 8915622929233334432320 621MT 842296215034599999999999999 31012615 1 2499999999999999
276219167133126146186235276297291254193123 62 25 21 5111018325531334434320 622MT 917298222834899999999999999 3461251537 1899999999999999
311258200152128130159205252287299281234168 99 45 19 27 6813320827732634720 623MT 95529923 834799999999999999 4241251616 1799999999999999
335295238182142126138173220264292295268215148 83 37 22 40 8815622929233320 624MT1036297235034499999999999999 5 41261658 2299999999999999
344323278221169135127144183229269291287255200136 78 41 33 5810917624530120 625MT1122292999999999999999999999 5491261744 3299999999999999
333336309261206159131127149187230266284277245193134 84 54 52 7912919325520 626MT 035338121428599999999999999 6371261834 4999999999999999
303327324294246194151127126147184225258275269241195144100 75 7410014620320 627MT 123329131527699999999999999 7321231931 7199999999999999
258299318311281234185144121120140174214248267267245208163124100 9811815820 628MT 214318142926999999999999999 8331182036 9699999999999999
20725529130729927022617713611110812615920023826427225922918915112511713120 629MT 311307155327299999999999999 939107215111799999999999999
163206249282298291263218168124 97 9110714218723326828528025521717614513120 630MT 4132981717286999999999999991046 90231213199999999999999
137163202244277293287257210156108 77 70 8812818123527930430428023919415720 7 1MT 5142941830307999999999999991148 69999999999999999999999
137139162200242277293285252200140 88 56 50 7312018224529632432529825320320 7 2MT 612294193132899999999999999 0261351243 4999999999999999
160137137162203247282296284244185121 67 36 35 6612219226131434233930725620 7 3MT 7 4296202434499999999999999 1291341332 3199999999999999
201156133137166211257290300280233167100 47 21 28 6913420927933035334330320 7 4MT 751300211135499999999999999 2221311418 2099999999999999
247190148130140176224269298301272217147 80 32 15 32 8215323029734235633720 7 5MT 835303215535799999999999999 3 812915 1 1599999999999999
290230175138128148189239282304297260198126 64 25 18 4610317825231334835120 7 6MT 917305223535499999999999999 3501281542 1699999999999999
321269209159130131159205254291305288243177108 54 25 30 6813120527432434720 7 7MT 958305231234899999999999999 4291271621 2399999999999999
338299243186144126137172220266295299274223158 95 51 35 52 9716223229133020 7 8MT1038301234834099999999999999 5 712617 0 3599999999999999
339318272217166133126146186232272293288256203142 90 58 54 8013019325530320 7 9MT1119294999999999999999999999 5451261737 5299999999999999
327324293245192150128130156196239272284272237187134 93 73 8011216221927120 710MT 02232912 228499999999999999 6241261816 7299999999999999
306317303267220174140127136164202239265272256223179136106 9610914318923720 711MT 056317124827299999999999999 7 51261856 9699999999999999
27730030128124420016113512814016720223425525924521618114812712313716820620 712MT 133304134325999999999999999 751127194312299999999999999
24527428828326122618715313212814016519622524525124222019316715114815918320 713MT 215289145425199999999999999 845127204314799999999999999
21324326527426824621417914812812313415718721724025124923421218917216517120 714MT 3 5274161925299999999999999 94812322 216599999999999999
18821123625526425823820717214011911212314718021524426226525423220718517220 715MT 4 72641741266999999999999991053112233117099999999999999
172184205229250260255235202163127103 9710913817922225928128627324721518720 716MT 5132611845287999999999999991151 96999999999999999999999
169165177201229253264258233193148108 83 79 9813618623828030430628725221320 717MT 611264193530899999999999999 0421651241 7799999999999999
179158157173203236263273261228179127 84 60 63 9214220326130532632029124720 718MT 659273201832799999999999999 1351551324 5899999999999999
201164146151176214252278283262218159101 58 40 53 9515722528632834232628520 719MT 743284205834299999999999999 21814514 5 4099999999999999
233183148136151186231271294290258202135 74 35 26 5210617825131134635032220 720MT 824296213735299999999999999 2561361445 2599999999999999
271212162133131157202251290306293249182110 51 18 21 5912520327733235834920 721MT 9 5306221535999999999999999 3331281526 1599999999999999
309250188142121131168219270305314290235162 89 34 11 26 7614923030034736220 722MT 947314225436299999999999999 41112116 7 1199999999999999
340289225165125114135180236285315315281219144 74 28 16 41 9917625531835520 723MT1030319233336099999999999999 4501141649 1599999999999999
357323265199143111111140191247293317310270205132 70 34 32 6512820327532920 724MT1117318999999999999999999999 5311071733 2899999999999999
353343300238174125102110146198252294312300259197131 78 52 58 9615722628820 725MT 01235412 731299999999999999 6151021819 5099999999999999
330342322275213155113 98111149199250287302289251197141 99 80 9112718224120 726MT 05334213 330299999999999999 7 2 9819 9 8099999999999999
291321323298250193141107 9611114619324027429028125120816312911512415419820 727MT 13632614 929099999999999999 754 9620 711499999999999999
245283304301276232181135104 9510713818122426028028026122819216214715017120 728MT 224306153028299999999999999 856 94212014699999999999999
203239269285283260222177134103 90 9812516420924927728727825422219217216620 729MT 32328617 22879999999999999910 7 90225316699999999999999
175198226253270272254221177133 99 82 8510814919824528230130027924721218320 730MT 4342731826303999999999999991121 80999999999999999999999
168170187215244265270256224178130 90 68 69 9413919525129532032029826021720 731MT 548271193132399999999999999 0251671228 6699999999999999
181160159178209244269277263226175121 76 53 56 8613920326531333733430425820 8 1MT 653277202233999999999999999 1331571324 5099999999999999
208168147150175214254281288268224165105 60 39 49 8915122128533134933629620 8 2MT 74528821 534999999999999999 2231451411 3999999999999999
242188149134147182229271296296267213147 86 44 32 5310417324630734535232620 8 3MT 830300214235399999999999999 3 31341453 3299999999999999
276216164132128153198249290308298258195126 68 35 35 6812920327432635234320 8 4MT 910309221535399999999999999 3381261530 3099999999999999
304246185139119129167219270305314291240171104 54 34 49 9516323629934034920 8 5MT 947315224634999999999999999 41011916 5 3499999999999999
324273211155120115139186241288314310275216147 87 50 45 7413020026831934320 8 6MT1023316231434499999999999999 4411131638 4399999999999999
335296237177131109118154206259299313297253191128 79 58 6810916923629332920 8 7MT11 0313234233799999999999999 5121091711 5799999999999999
335311262202148114107129172224271300304278230171118 84 7710014720626430720 8 8MT1137306999999999999999999999 5441061743 7699999999999999
32631628022717212810711314218723627529428825821116112010010513518223428020 8 9MT 010327121729599999999999999 6181061818 9999999999999999
30831129024819715011810812215519824027028227124220216313512513816820925020 810MT 03931313 228299999999999999 654108185612599999999999999
28129528826122017613811711513216320123626026825923520517615815416719122220 811MT 110296135726899999999999999 736113194315399999999999999
25127127626423820216513612012013616319622724925925624021919718317918620120 812MT 148276151326099999999999999 829118205317999999999999999
22224125425624622419516413812212013215518621724325926425624022020419319120 813MT 242257164926499999999999999 939119224319199999999999999
19821122623924524022319716613811811111914217521124627028127826123821319420 814MT 4 32451814282999999999999991058111999999999999999999999
183185197215233245245230202167131104 9210012716821525829030529927724420920 815MT 530247191330599999999999999 02218312 6 9299999999999999
181167169187213240258260242206160115 82 69 8111717022828031532831528223720 816MT 636262195932899999999999999 12216613 1 6999999999999999
193161148158186224259279278252204145 91 55 46 6811618225030634034532027320 817MT 727282204034799999999999999 2 41481348 4599999999999999
217168137133155196244284303293254193123 64 30 30 6412720427733336035231220 818MT 812303211736199999999999999 2401311431 2599999999999999
252189140116124161215270309322302249175 99 40 13 25 7414923230535537034720 819MT 855322215437099999999999999 3151151512 1399999999999999
292222157113101124174237294330334302236155 78 25 10 35 9617926333036836820 820MT 937337223037399999999999999 3511011553  999999999999999
328262187125 91 93130191258313342337293220137 66 24 21 5812821229034737020 821MT102134523 537099999999999999 427 871634 1799999999999999
353300226152 99 77 93140207273323345330279205127 67 37 47 9316424231035220 822MT11 7345234036099999999999999 5 5 771716 3699999999999999
358327265190124 81 72 98152218280323337316265196129 82 65 8313119726531720 823MT1155337999999999999999999999 545 711759 6599999999999999
343334294230161105 74 7510716022227631232130025419714410910212316722227420 824MT 016344124832299999999999999 628 71184510199999999999999
310321304261202144 99 78 8411516321726329430328725220916914514115819123220 825MT 054321135030399999999999999 716 77194114099999999999999
268291293274236187140105 89 9411915820324427428728126023020118117418220120 826MT 137295151128799999999999999 815 88205817499999999999999
22625026526725222418614811710010011614618422425827928627725723220919318920 827MT 236268165328699999999999999 932 98225518999999999999999
195210228243250245226197162130106 9710512916620925128329929828125322219620 828MT 4 625018263019999999999999911 4 97999999999999999999999
180178189210231247251239212175136104 87 8911315520625629631831729525821720 829MT 545252192832099999999999999 0381771222 8599999999999999
182161158174203235259268256224178130 91 71 7510615621627331533532729424720 830MT 657268201333599999999999999 1371571320 7099999999999999
197158139144172212252280286268226170114 73 57 6911117223829633434432327720 831MT 747287204934599999999999999 21713814 5 5699999999999999
220167132123142184233277302300269214150 93 56 50 7613119926732034734130420 9 1MT 827305212034999999999999999 2491231442 4899999999999999
246184136112118154207261302318303257192124 72 47 56 9816323529833934832420 9 2MT 9 2318214734999999999999999 3171101514 4699999999999999
271206147109102127176236289321324292234163 99 58 50 7613220227132334733620 9 3MT 934327221234899999999999999 3441001545 4899999999999999
293230165115 93104145204265311330317271205136 82 57 6710917324230233834120 9 4MT10 6330223634499999999999999 410 921614 5699999999999999
311254187128 92 88117170232288323327299244177116 78 70 9614921427732133820 9 5MT103932923 033899999999999999 437 861643 6999999999999999
321275211148101 83 96138196256302323314275217156109 87 9613318924929832520 9 6MT1113324232532899999999999999 5 4 821713 8699999999999999
322289234171118 87 8611316121927130531429425119714711510812917122327230520 9 7MT1148314235031499999999999999 533 82174410799999999999999
314295252196142102 87 9813318223427629829727323218715113313716320224427820 9 8MT1227301999999999999999999999 6 4 87181813299999999999999
295290262218168126100 9611515119623927128528025822419116715916719022024920 9 9MT 016296131428699999999999999 639 9519 015999999999999999
26927426223319415512410811012916119823325927126825323020719018418920422220 910MT 047275141927299999999999999 72210620 118499999999999999
24025025023821518615613211912013415818922024526226726124622921320219920220 911MT 130252155526799999999999999 82711822 219999999999999999
21022123023322821419216714412712012514417220523726327828026925122820719220 912MT 25623317392809999999999999910 4120999999999999999999999
18619020221622923422821018215112410610512115319523927629930429126422919620 913MT 459234184730599999999999999 0 5186113510399999999999999
172162169190217242256252231193149108 82 79 9914219725329932532730426221320 914MT 620257193432999999999999999 1 31621239 7799999999999999
170143138156192233268286279246194134 83 54 54 8614221227732734934030224420 915MT 715286201335099999999999999 1421371330 5099999999999999
184137114120155207261301316300252184112 56 30 40 8615823730735336433928320 916MT 8 0316204936599999999999999 2161121414 2999999999999999
212146102 90113166232293332340310247166 89 35 18 4210318626933537036632120 917MT 843342212437399999999999999 250 891455 1899999999999999
249170106 72 76118185260322356353309233146 71 27 23 6213422029935537435120 918MT 926359215837499999999999999 324 691535 1999999999999999
289207128 72 52 74131208284342367352298217132 66 34 44 9417125432236236320 919MT10 9368223136899999999999999 359 521616 3299999999999999
322249165 92 49 45 81148227300350365341281202127 74 57 7913420727933335420 920MT105436523 535599999999999999 436 421657 5799999999999999
338284208129 69 41 51 96165240305345352322265195134 96 9111917223529232820 921MT1141354233933599999999999999 514 401739 8999999999999999
332303245173107 61 47 6611317824429832933130325419815212712915620124928820 922MT1233334999999999999999999999 555 47182612599999999999999
308301267214153101 69 64 8512818323728130730828825121117916216418421424620 923MT 015309133431099999999999999 642 63192316199999999999999
270279268238196150112 89 8610313617822225928329028125923220819218819521120 924MT 057279145529199999999999999 739 85205118899999999999999
22924424924322319516313411310611313416520223726628228527425523121019519020 925MT 159249164128699999999999999 9 110623 419099999999999999
19320421722823222520918515813311711312414918422326028629729227224321118520 926MT 3542321811298999999999999991047112999999999999999999999
17016918120022223724223220817514111510210913417522226730031330527723719620 927MT 55024219 831499999999999999 035168121110299999999999999
162145147168199233257266254223180136102 87 9713018023628531832630726621520 928MT 656266194832699999999999999 12314313 7 8799999999999999
167133121136171215257284289267224169119 84 75 9514020026030833332729323920 929MT 741290202033499999999999999 1561211349 7599999999999999
180132106109140190244287309302266209147 96 69 7310716523129032833831426320 930MT 817310204733999999999999999 2241041424 6799999999999999
199140100 89111160220277315325302250184121 78 64 851342002663163393292852010 1MT 848326211234099999999999999 249 891454 6499999999999999
221154102 78 87129190255307334327287223154 98 69 741111722402983333363042010 2MT 918336213533999999999999999 313 771522 6799999999999999
244174112 74 70100157225287329340315262193129 86 74 971482132763203363172010 3MT 949340215733699999999999999 337 671550 7499999999999999
266197129 79 60 77124190257311338332293232166113 87 931311882503013283222010 4MT1019340222133099999999999999 4 2 601618 8599999999999999
284222152 94 61 62 961542222833243353142662051471101011221682242773123192010 5MT1051336224432099999999999999 428 57164810099999999999999
295244178115 72 59 771231852482983253222912401851411191241552012502893072010 6MT112532723 930799999999999999 455 59171811899999999999999
297259203143 93 67 701001512092633013153032682221771471381521842252622852010 7MT12 2315233628999999999999999 524 64175313899999999999999
288266224171122 87 75 891241722242672943002842532151821631621772042342582010 8MT1246300999999999999999999999 557 75183516099999999999999
269261236198154117 95 921081411822252592802842722482211971841821922092282010 9MT 0 7269134428599999999999999 639 90193718199999999999999
242246237216187155128111109121145178213244266275271257237217201193192199201010MT 051246151227599999999999999 740108213319199999999999999
209220225224213194171147128118120136162195229258277283275257233208188177201011MT 219226165528399999999999999 919117233217599999999999999
177186201217227228217196167137115106115140178222262291303296272237198167201012MT 43622918 83049999999999999911 2106999999999999999999999
149149166193224248258249221179135100 83 90121170227278314326312275224172201013MT 6 2258185832699999999999999 0311471213 8299999999999999
134116124156201247281293279238181122 77 58 71113176245303339343315260194201014MT 659293193934599999999999999 11111613 7 5899999999999999
134 95 86110160222280318327301244172103 56 42 65122197272329357347300228201015MT 746328201535899999999999999 146 851353 4199999999999999
152 90 59 65108177252314350350310239156 85 43 39 76145227301350363335269201016MT 829355204936499999999999999 220 571435 3599999999999999
185106 51 33 58119201281343372359306226141 75 43 53102178258324359354307201017MT 913373212336299999999999999 255 331516 4199999999999999
228140 65 23 22 64138225305360379355293211132 77 58 80137212284336354331201018MT 957379215735499999999999999 331 171558 5899999999999999
269185100 37 10 26 80160246319364372340276200132 90 84114172240299334335201019MT1042374223133999999999999999 4 8 101640 8299999999999999
298229147 73 26 14 42101179258320355355320261195141113116149200256299318201020MT113036023 731899999999999999 447 13172411099999999999999
306261195123 64 32 32 65123193260311337332300250198158140147175217258286201021MT1221339234629399999999999999 529 27181413999999999999999
292273230173116 72 52 58 90140198253294313309284247208179165170190218245201022MT1320315999999999999999999999 615 51191416599999999999999
262262244209166124 93 80 86111150195239272291292277251222198183181190206201023MT 031264143329499999999999999 711 80204218099999999999999
223234236226204175146122108108123150185221254276284279261236210189178176201024MT 13823716 528499999999999999 830107223717599999999999999
184198211221222214196173148129120124142172207243271287286271243211181161201025MT 3392231729289999999999999991012120999999999999999999999
153160178200221234235221196166138120117132162202244278296295274238197159201026MT 533236182729999999999999999 0 0153114011699999999999999
135129142170205237257260243210170133110107125162210257292308299266219169201027MT 63926119 830899999999999999 049128124010599999999999999
128107110136179225264285282254210160119 97100128175230278309314291244186201028MT 723287194131699999999999999 1231051324 9599999999999999
132 96 85104147202256294308292251196141102 88103144200257301320308267207201029MT 75930820 832099999999999999 151 851359 8899999999999999
144 94 69 76114172236289320321289235173120 90 89119172232285318319288231201030MT 831324203332399999999999999 217 681431 8599999999999999
162101 62 56 83138206271318336319273210148103 87103147206265308323304254201031MT 9 1336205832399999999999999 242 5415 0 8799999999999999
185117 65 44 57104171243302337338305248182127 96 971281812412913183132752011 1MT 932342212232099999999999999 3 7 431529 9299999999999999
211139 78 42 41 741352072753243433272812191591161011171592152693053142902011 2MT10 3343214731599999999999999 332 37155910199999999999999
236166 99 51 34 521011692402993343363072541941431151151441912432853062972011 3MT1035339221330699999999999999 359 34162911199999999999999
257195127 71 40 41 751332012653123323212832301771381241361712162602892932011 4MT11 9332224029599999999999999 427 3617 212499999999999999
270221159100 58 43 591021622262803143213022612131701431401581922322642792011 5MT1146322231128099999999999999 458 43173913899999999999999
272240190135 87 59 57 821271832392823063062842472061721551571752042342562011 6MT1230309234926299999999999999 534 55182515399999999999999
261248215171125 90 72 761021431932402752942922732422091831681681812022242011 7MT1325296999999999999999999999 618 71192916799999999999999
239241229203168132104 90 941141481892302632822852722482191941761701751882011 8MT 041242143928699999999999999 719 8921 317099999999999999
2052192262222061811521251081031151411772172522772872812602301991731571552011 9MT 2 922616 628799999999999999 847103224015499999999999999
165184206223231226207178146118103105126161205249282298295271234192154131201110MT 4 82311719299999999999999991023101234612599999999999999
126139168203235256258239204160119 93 89109150203255295314307275224169122201111MT 5362591814315999999999999991140 88999999999999999999999
 95 94119163214260289293269222164113 80 75100150212272314329312265199133201112MT 638295185932999999999999999 033 911240 7399999999999999
 82 59 68109170237293324324289229160102 68 68102162232293331336303240162201113MT 729328193833899999999999999 113 581331 6499999999999999
 90 42 28 53112189265324353344297226152 93 64 73117184256312340330282205201114MT 816354201534299999999999999 151 281417 6399999999999999
120 49 10 10 52126212292349370350294218143 90 70 89141211278325339313250201115MT 9 1370205233999999999999999 229  515 1 7099999999999999
165 80 18 -9  8 64146235312362374344282206138 94 85113169236294328326286201116MT 947375212833299999999999999 3 7 -91544 8499999999999999
214128 51  1-11 19 83168254323363365330267197138105106139194253299319304201117MT103336922 631999999999999999 347-12162810199999999999999
255182102 36  0  1 40107188265324354348310252190143121128162211260294301201118MT1121356224530299999999999999 428 -4171512099999999999999
278226157 88 37 14 24 66130202269317337327290239188151137147178219256278201119MT1210338232828199999999999999 511 1318 513799999999999999
277251202144 89 51 38 53 93149211266303317305273231190161150159184215243201120MT13 2317999999999999999999999 557 3819 215099999999999999
257253229189143101 74 67 82116163213257287297288262227193169158162179202201121MT 01725814 129799999999999999 649 67201115899999999999999
223235232216188154123102 95106132169209246272283277257227197171157156166201122MT 12123615 928399999999999999 753 95213615599999999999999
184203217222215198173148127117121139168203236262275273256228195166146140201123MT 256222162127699999999999999 914117225714099999999999999
147165188209223226217196170146130127139164197232260276274255223185150126201124MT 4442271725277999999999999991042126235611899999999999999
118128152183215238247239216184153131124135161198236267282276250209164124201125MT 6 22471815282999999999999991154124999999999999999999999
100 97115150193234262271258227188150124118132165208249279288273235184133201126MT 655271185428899999999999999 039 95124911899999999999999
 93 74 82113162215261289291269227180138114114137178226267291289260209150201127MT 736293192629399999999999999 114 74133211199999999999999
 96 62 56 78126186246291311302267216164124107117151199248285297280235173201128MT 812312195629799999999999999 144 5414 810799999999999999
110 61 39 49 90151219278316324301253196145112107130173225271296293259200201129MT 845325202429999999999999999 212 39144110599999999999999
132 72 34 29 57113183252306332325288232174129108116150200251287299278229201130MT 917333205229999999999999999 240 27151310799999999999999
161 93 42 19 32 771442182823243363142662071531191111331752262712952902542012 1MT 950336212129799999999999999 3 8 19154511099999999999999
193122 61 23 18 471051772483043333292952421841391171221532002472822922722012 2MT1024335215229299999999999999 338 16161811599999999999999
224157 90 39 17 28 711352072713163313152742191671321221371742192602832802012 3MT11 0331222428599999999999999 410 16165412199999999999999
248194128 69 31 23 46 971632302863193232982532011571321311521892302622752012 4MT113832523 127599999999999999 445 22173312899999999999999
262225169109 60 34 37 671201842452913143112822381911541361391621972312562012 5MT1221316234526299999999999999 525 31182013599999999999999
261244206155103 64 46 55 881381972502893062982702291871551401441641942232012 6MT1311306999999999999999999999 611 46191713999999999999999
243246231198154111 78 64 731031482002482822972892632251861561391401561812012 7MT 04124714 929799999999999999 7 8 64202713799999999999999
209229236227203167130 99 84 881111501972412742902852622261851511301251382012 8MT 158236151629199999999999999 818 83214512599999999999999
162192219235236221191155122100 961131461902352702892872642251791381101012012 9MT 334238162429199999999999999 941 95225510199999999999999
113141179217246257248221181141111 99109140185232271293291264218163114 81201210MT 5 525717252959999999999999911 2 992353 7199999999999999
 71 87124175226266285279249202153115 97105136185237279300294259203139 82201211MT 6162861817301999999999999991213 96999999999999999999999
 47 41 66116181244292315307270215158114 94103139192248289307292247179107201212MT 71531619 430799999999999999 042 401312 9399999999999999
 48 16 18 55119195266317339325280218156111 93107149206262300309284227150201213MT 8 7339194731099999999999999 127 1214 4 9399999999999999
 74 17 -8  6 55131214288338353332280213150108 96117164224276307306269202201214MT 855354202831199999999999999 210 -81452 9599999999999999
121 46 -4-19  6 67149234306349357327270202143107103131182240286308295248201215MT 94235921 930899999999999999 252-19153710099999999999999
175 94 26-15-17 19 87170253317352350314253188136109113147199252291302279201216MT1027356215130299999999999999 334-21162110799999999999999
225151 75 16-12 -4 40111192267322346335294234175131113125162212259288289201217MT1111347223329299999999999999 417-1417 511399999999999999
259203132 65 18  2 19 68137212277320333315271215163128119136174219258278201218MT1155333231727999999999999999 459  2175011999999999999999
271238183120 65 30 24 48 98162227281312316292248197154128125145180219250201219MT1237318999999999999999999999 542 23183712399999999999999
262252218170117 74 51 53 80126183237279299295269228184149129130149180212201220MT 0 3262132130199999999999999 626 48192812799999999999999
236244233205165124 92 77 83109150197240271284276250214176145129130147172201221MT 05624414 728499999999999999 714 76202612899999999999999
200220228221200170139115104110132165203237261269261237204170142126125137201222MT 2 322815 026999999999999999 810104213412399999999999999
160185207219219207185160139128130145171202230251259251229197163134115112201223MT 33022116 125999999999999999 921127224411199999999999999
123146174201221229223206182159144140149170197225246254247224190152119 98201224MT 5 422917 32549999999999999910471392343 9399999999999999
 94108135171207234248244226198170148140146166195225248256245217176133 96201225MT 61724817572569999999999999912 5140999999999999999999999
 76 76 96134180224256271264239205170144133141166199232255259242205156107201226MT 711271184326099999999999999 030 7313 413399999999999999
 70 53 62 95144199249282291277243200160133126140172211245265261233184128201227MT 753292192226699999999999999 110 53134912699999999999999
 76 43 36 58104164226276304304278234185144122123147186228261273257216157201228MT 830308195727399999999999999 145 35142711999999999999999
 95 46 22 28 65124192256301319307269217166128114127161206248274275245191201229MT 9 5319203127899999999999999 218 2015 211499999999999999
125 63 21  9 31 82151223283319325299251194145116113138180228266282269227201230MT 94032721 528299999999999999 252  9153511199999999999999
162 92 35  4  7 43106180251304329321283228172129110120154201248278283257201231MT1016330214028599999999999999 326  1161011099999999999999
