 14 14 16 17 19 19 18 16 13  9  5  2  0  0  1  4  7 10 12 14 14 14 13 1220 1 1MZ 454 191945 14999999999999991247  0999999999999999999999
 12 12 13 14 15 16 16 15 13 10  7  5  3  2  2  3  6  8 11 13 14 13 13 1220 1 2MZ 536 162024 1499999999999999 0 6 121322  299999999999999
 11 11 10 11 11 12 13 13 12 11  9  7  5  4  4  4  6  8 10 12 14 14 13 1220 1 3MZ 637 132054 1499999999999999 2 5 101355  499999999999999
 11 10  9  8  8  8  9 10 11 10 10  9  7  7  6  6  7  8 10 12 14 15 15 1420 1 4MZ 816 112120 1599999999999999 336  81429  699999999999999
 12 10  8  6  5  5  6  7  8  9 10 10  9  9  9  8  8  9 11 12 14 16 16 1520 1 5MZ1033 102148 1699999999999999 447  51513  899999999999999
 13 11  8  6  4  2  2  3  5  7  9 10 11 11 11 10 10 10 11 13 15 17 18 1720 1 6MZ1243 112219 1899999999999999 538  21612 1099999999999999
 16 13 10  6  3  1 -1 -1  1  4  7 10 12 13 13 13 12 12 12 13 15 17 19 1920 1 7MZ1352 132256 1999999999999999 621 -11714 1299999999999999
 18 16 12  8  4  0 -3 -4 -3  0  4  8 11 13 14 14 14 13 13 13 15 17 19 2120 1 8MZ1431 142337 2199999999999999 7 3 -418 6 1399999999999999
 21 19 16 11  6  1 -3 -6 -6 -4  0  4  9 13 15 16 15 14 14 13 14 16 18 2120 1 9MZ15 4 16999999999999999999999 745 -61849 1399999999999999
 23 23 20 16 10  4 -2 -6 -9 -8 -6  0  5 10 14 16 16 15 14 13 13 14 17 2020 110MZ 022 231537 1699999999999999 829 -91928 1399999999999999
 23 24 24 20 15  8  2 -4 -9-11-10 -6  0  6 11 15 16 15 14 13 13 13 14 1720 111MZ 110 241612 1699999999999999 914-1120 7 1399999999999999
 21 24 25 24 20 14  7 -1 -7-11-12-10 -6  1  7 12 15 15 14 13 12 11 12 1420 112MZ 2 0 251648 159999999999999910 1-122050 1199999999999999
 17 21 25 25 24 19 12  5 -2 -8-11-12-10 -4  2  8 12 14 14 12 11 10 10 1020 113MZ 250 261725 14999999999999991048-122147 1099999999999999
 13 16 21 24 24 22 17 10  3 -3 -8-11-11 -8 -2  4  9 12 13 13 11  9  8  820 114MZ 342 2418 3 13999999999999991134-1123 0  899999999999999
  9 11 15 19 22 22 20 15  9  2 -3 -7 -9 -8 -5  0  6 10 12 13 12 10  8  720 115MZ 438 221842 13999999999999991221 -9999999999999999999999
  6  6  9 12 16 18 18 17 13  7  3 -1 -4 -5 -4 -1  4  8 11 13 13 11  9  720 116MZ 539 191922 1399999999999999 014  613 6 -599999999999999
  5  4  4  6  9 12 14 15 13 11  7  4  1  0 -1  0  3  7 10 13 14 13 11  820 117MZ 651 1520 2 1499999999999999 128  41352 -199999999999999
  6  3  2  1  2  5  7 10 11 11 10  8  6  4  3  3  4  7 10 12 14 15 13 1120 118MZ 823 112043 1599999999999999 247  11438  399999999999999
  8  5  2 -1 -2 -1  1  4  6  8  9  9  9  8  8  7  7  8 10 12 14 16 16 1420 119MZ1032 102127 1699999999999999 411 -21530  799999999999999
 11  8  4  0 -3 -4 -4 -3  1  4  7  9 10 11 11 10 10 10 11 12 14 16 17 1720 120MZ1330 112214 1799999999999999 528 -51636 1099999999999999
 15 11  7  3 -1 -5 -7 -7 -5 -1  3  7 10 11 12 12 12 12 12 12 14 16 18 1920 121MZ23 4 19999999999999999999999 630 -7999999999999999999999
 18 15 12  7  1 -3 -7 -9 -9 -6 -1  3  8 11 12 13 13 13 12 12 13 15 17 1920 122MZ1522 132354 2099999999999999 722 -91835 1299999999999999
 20 19 16 11  5  0 -5 -9-10 -9 -6 -1  5  9 12 13 13 13 12 12 12 13 15 1820 123MZ1536 13999999999999999999999 8 8-101910 1299999999999999
 20 20 19 15 10  4 -2 -7-10-11 -9 -5  1  6 10 12 13 12 11 11 11 11 13 1620 124MZ 043 211553 1399999999999999 850-111933 1199999999999999
 19 21 20 18 14  8  1 -4 -9-11-11 -8 -3  3  8 11 12 12 11 10  9 10 11 1320 125MZ 129 211615 1299999999999999 929-111957  999999999999999
 16 19 20 20 17 12  5 -1 -6-10-11-10 -6 -1  5  9 11 11 10  9  8  8  8 1020 126MZ 212 201640 119999999999999910 5-112028  899999999999999
 13 16 19 19 18 14  9  2 -3 -8-10-10 -8 -4  2  6  9 10 10  8  7  6  6  720 127MZ 252 1917 6 10999999999999991039-1121 7  699999999999999
  9 12 15 17 17 15 11  5 -1 -5 -8 -9 -9 -5 -1  4  7  9  9  8  6  5  5  520 128MZ 329 181732  99999999999999911 9 -92154  599999999999999
  6  9 12 14 15 14 12  7  2 -2 -6 -8 -8 -6 -2  2  6  8  9  8  6  5  4  320 129MZ 4 5 151758  9999999999999991136 -82254  399999999999999
  4  5  8 10 12 12 11  8  4  0 -3 -5 -6 -5 -2  1  5  7  8  8  7  5  3  220 130MZ 441 121822  89999999999999912 0 -6999999999999999999999
  2  3  4  6  8  9  9  8  5  2 -1 -2 -3 -3 -2  1  4  7  8  9  8  6  4  220 131MZ 523  91846  999999999999999 0 0  21220 -399999999999999
  1  1  1  3  4  6  7  6  5  3  1  0 -1 -1  0  2  4  7  8  9  9  7  5  320 2 1MZ 618  71911  999999999999999 1 6  11233 -199999999999999
  2  0 -1  0  1  2  3  4  4  4  3  2  2  2  2  3  5  7  9 10 10  9  7  520 2 2MZ 743  41941 1099999999999999 218 -11226  299999999999999
  3  1 -1 -2 -2 -2  0  1  2  3  4  4  4  4  4  5  6  7  9 10 11 11 10  720 2 3MZ2019 11999999999999999999999 338 -2999999999999999999999
  5  2 -1 -3 -4 -5 -4 -2  0  2  3  4  5  6  6  7  7  8  9 10 12 12 12 1020 2 4MZ21 8 12999999999999999999999 452 -5999999999999999999999
  8  4  1 -2 -5 -7 -7 -6 -4 -1  2  4  6  7  8  8  8  8  9 10 12 13 14 1320 2 5MZ22 6 14999999999999999999999 551 -7999999999999999999999
 11  8  4  0 -4 -8-10-10 -9 -5 -1  3  6  8  9  9  9  9  9  9 11 13 14 1520 2 6MZ23 7 15999999999999999999999 642-10999999999999999999999
 15 12  8  4 -2 -7-11-13-13-10 -6 -1  4  7  9 10  9  9  8  8  9 11 14 1620 2 7MZ15 4 10999999999999999999999 729-131831  899999999999999
 17 16 13  9  3 -4 -9-13-15-15-11 -6  0  5  8 10  9  8  7  7  7  8 11 1420 2 8MZ 0 7 171520 1099999999999999 816-151918  799999999999999
 18 19 18 14  8  1 -6-12-16-17-16-11 -4  2  6  9  9  8  6  5  5  5  7 1020 2 9MZ 1 3 191544 1099999999999999 9 3-1720 6  599999999999999
 15 19 20 19 14  8  0 -7-13-17-18-15 -9 -2  4  8  9  9  6  4  3  2  3  520 210MZ 158 201612  999999999999999 948-1821 1  299999999999999
 10 15 19 20 18 13  6 -2 -8-13-16-16-13 -7  0  6  9  9  7  4  2  0  0  020 211MZ 252 201643  9999999999999991032-1722 2  099999999999999
  3  9 14 18 19 17 12  5 -2 -8-12-14-13 -9 -3  3  7  9  9  6  2  0 -2 -320 212MZ 347 191714  9999999999999991115-1423 4 -399999999999999
 -2  2  7 12 15 16 14  9  3 -2 -7 -9-11 -9 -4  1  6  9 10  8  5  1 -2 -420 213MZ 445 161747 10999999999999991156-11999999999999999999999
 -5 -4 -1  4  9 12 12 11  7  3 -1 -4 -6 -6 -3  1  5  8 10 10  7  4  0 -320 214MZ 549 121822 1099999999999999 0 6 -51235 -699999999999999
 -5 -7 -6 -3  1  5  7  8  8  5  3  1  0 -1 -1  2  5  8 10 11 10  7  4  020 215MZ 7 3  81858 1199999999999999 111 -71311 -199999999999999
 -3 -6 -8 -7 -5 -2  1  3  5  5  5  4  4  3  3  4  6  8 10 11 12 10  8  420 216MZ 848  51940 1299999999999999 224 -81339  399999999999999
  0 -3 -6 -8 -9 -8 -6 -3  0  3  4  5  6  6  6  7  7  8  9 11 12 12 11  820 217MZ2031 12999999999999999999999 351 -9999999999999999999999
  5  1 -3 -6 -9-10-10 -8 -5 -1  2  4  6  7  8  8  8  8  9 10 11 12 12 1120 218MZ2135 12999999999999999999999 516-10999999999999999999999
  9  5  1 -3 -7-10-12-11 -9 -6 -2  2  5  7  8  9  9  9  8  9 10 11 13 1320 219MZ2244 13999999999999999999999 623-12999999999999999999999
 12  9  6  1 -4 -8-11-13-12 -9 -5 -1  3  6  8  8  8  8  8  7  8  9 11 1320 220MZ1526  82346 1399999999999999 715-131851  799999999999999
 13 12  9  5  0 -5 -9-12-13-12 -8 -4  1  5  7  8  8  7  6  6  6  7  9 1220 221MZ1515  8999999999999999999999 758-131924  699999999999999
 14 14 12  9  4 -2 -7-11-13-13-11 -6 -1  3  6  7  7  6  5  4  4  5  6  920 222MZ 039 141521  799999999999999 836-141948  499999999999999
 12 14 14 12  7  2 -4 -9-12-13-13 -9 -4  1  5  7  7  5  4  2  2  2  3  620 223MZ 125 141535  799999999999999 9 9-142014  299999999999999
 10 13 14 13 10  5 -1 -6-10-13-13-11 -6 -1  3  6  7  5  3  1  0  0  1  320 224MZ 2 7 141554  799999999999999 940-132047  099999999999999
  6 10 12 13 11  7  2 -4 -8-11-12-11 -8 -3  2  5  6  6  4  1 -1 -2 -2  020 225MZ 245 131613  69999999999999910 7-122125 -299999999999999
  2  6 10 12 11  9  5 -1 -5 -9-11-11 -8 -4  1  4  6  6  4  2 -1 -3 -3 -320 226MZ 322 121633  6999999999999991032-1122 8 -399999999999999
 -1  2  6  9 10  9  6  2 -3 -6 -8 -9 -8 -4  0  4  6  7  5  3  0 -3 -4 -520 227MZ 359 101651  7999999999999991054 -92253 -599999999999999
 -4 -1  2  6  7  8  6  3  0 -4 -6 -6 -6 -4  0  3  6  7  6  4  1 -2 -4 -520 228MZ 439  817 9  7999999999999991112 -62340 -699999999999999
 -6 -4 -1  2  4  5  5  4  1 -1 -3 -4 -4 -2  0  4  6  7  7  6  3  0 -3 -520 229MZ 524  61726  8999999999999991123 -4999999999999999999999
 -6 -6 -5 -2  1  2  3  3  2  0 -1 -1 -1  0  1  4  6  8  8  7  5  2 -1 -420 3 1MZ 622  31747  899999999999999 030 -61114 -199999999999999
 -6 -7 -7 -5 -3 -1  1  2  2  1  1  1  1  2  3  5  6  8  9  8  7  4  1 -220 3 2MZ 747  21815  999999999999999 126 -71038  199999999999999
 -4 -6 -7 -8 -7 -5 -3 -1  0  1  2  2  3  4  5  5  7  8  9  9  9  7  4  120 3 3MZ1856  9999999999999999999999 236 -8999999999999999999999
 -2 -5 -7 -8 -9 -8 -7 -5 -2  0  2  3  4  5  6  6  7  7  8  9  9  9  7  520 3 4MZ20 1  9999999999999999999999 359 -9999999999999999999999
  2 -2 -5 -8-10-11-11 -9 -6 -3  0  3  5  6  6  7  7  7  7  8  9 10 10  920 3 5MZ2127 10999999999999999999999 515-11999999999999999999999
  6  2 -2 -6 -9-12-13-13-11 -7 -3  1  4  6  7  7  6  6  6  6  8 10 11 1220 3 6MZ1436  72248 1299999999999999 616-141743  699999999999999
 11  8  3 -2 -7-11-14-16-15-12 -7 -2  3  5  7  7  6  5  4  4  5  7 10 1320 3 7MZ1426  72358 1499999999999999 7 8-161835  499999999999999
 14 13  9  4 -2 -8-13-16-17-16-11 -5  0  4  7  7  6  4  2  1  1  3  6 1120 3 8MZ1437  7999999999999999999999 756-171922  199999999999999
 14 16 14 10  5 -2 -9-14-17-18-15 -9 -3  3  6  7  6  4  1 -1 -2 -2  1  620 3 9MZ 059 161458  799999999999999 842-182013 -299999999999999
 11 15 17 15 11  4 -3 -9-14-17-16-12 -6  1  6  8  8  5  1 -2 -5 -6 -5 -120 310MZ 158 171524  899999999999999 926-1721 7 -699999999999999
  5 11 15 17 15 10  4 -3 -9-13-14-13 -8 -2  4  8  9  7  3 -1 -5 -8 -9 -720 311MZ 256 171552  99999999999999910 8-1422 3 -999999999999999
 -3  4 10 14 15 14  9  3 -3 -7-10-11 -8 -3  3  8 10 10  7  2 -3 -7-10-1120 312MZ 355 151622 10999999999999991048-112258-1199999999999999
 -9 -4  2  8 12 13 11  7  3 -1 -4 -6 -6 -3  2  7 10 11 10  6  0 -5 -9-1120 313MZ 456 131653 11999999999999991126 -62354-1299999999999999
-12-10 -6  0  5  8 10  8  6  3  1 -1 -1  0  3  7 10 12 12  9  5  0 -5 -920 314MZ 6 2 101725 129999999999999912 1 -1999999999999999999999
-12-13-11 -7 -3  2  5  6  6  5  4  4  3  3  4  7  9 11 12 11  8  4  0 -420 315MZ 723  618 0 1299999999999999 053-131228  399999999999999
 -8-11-12-11 -8 -5 -1  2  4  5  5  6  6  6  7  8  9 10 11 12 10  8  4  120 316MZ1840 12999999999999999999999 2 2-12999999999999999999999
 -3 -7-10-11-11-10 -7 -4  0  2  4  6  7  8  8  8  9  9 10 11 11 10  8  520 317MZ1936 11999999999999999999999 326-11999999999999999999999
  1 -2 -6 -9-11-11-10 -8 -5 -1  2  5  7  8  9  9  8  8  8  9 10 10  9  820 318MZ21 0 10999999999999999999999 453-11999999999999999999999
  5  2 -1 -5 -8-11-12-11 -8 -4 -1  3  5  7  8  8  8  7  7  7  7  9  9  920 319MZ1442  82229 1099999999999999 6 0-121826  799999999999999
  8  6  3 -1 -5 -9-11-12-10 -7 -3  1  4  6  7  7  7  6  5  4  5  6  8 1020 320MZ1429  72340 1099999999999999 652-1219 2  499999999999999
 10  9  6  2 -2 -6 -9-11-11 -9 -5 -1  3  5  7  6  5  4  3  2  2  4  6  820 321MZ1423  7999999999999999999999 732-121929  299999999999999
 10 10  8  5  1 -3 -7-10-11-10 -7 -3  2  5  6  6  5  3  1  0  0  1  3  620 322MZ 034 101430  799999999999999 8 6-111954  099999999999999
  9 10 10  8  4 -1 -5 -8-10-10 -8 -4  0  4  6  7  5  3  0 -1 -2 -2  0  320 323MZ 121 101442  799999999999999 836-112020 -299999999999999
  7  9 11 10  7  2 -2 -6 -9-10 -9 -5 -1  4  6  7  6  3  0 -2 -4 -4 -3  020 324MZ 2 2 111457  799999999999999 9 2-102051 -499999999999999
  4  7 10 10  9  5  1 -4 -6 -8 -8 -5 -1  3  6  8  7  5  1 -2 -5 -6 -6 -420 325MZ 242 101513  899999999999999 926 -82125 -699999999999999
  0  4  8 10  9  7  3 -1 -4 -6 -6 -5 -1  3  7  9  9  7  3 -1 -5 -7 -7 -720 326MZ 322 101529  999999999999999 948 -622 1 -899999999999999
 -4  1  5  8  9  8  5  2 -1 -3 -4 -3 -1  3  7  9 10  8  5  1 -3 -6 -8 -820 327MZ 4 2  91545 109999999999999910 7 -42240 -899999999999999
 -7 -3  2  5  7  8  6  4  1  0 -1 -1  0  3  7 10 11 10  7  3 -1 -5 -8 -920 328MZ 446  816 2 11999999999999991022 -12320 -999999999999999
 -9 -6 -2  2  5  6  6  5  3  2  1  1  2  4  7 10 11 11  9  6  1 -3 -6 -820 329MZ 536  61621 11999999999999991020  1999999999999999999999
 -9 -8 -6 -2  1  4  5  5  4  4  3  4  4  5  7 10 11 12 10  8  4  0 -4 -720 330MZ 638  51643 1299999999999999 0 3 -9 956  399999999999999
 -9 -9 -8 -6 -3  0  2  4  4  4  5  5  6  7  8 10 11 12 11 10  7  3 -1 -420 331MZ1711 12999999999999999999999 053 -9999999999999999999999
 -7 -9 -9 -8 -6 -4 -1  1  3  4  5  6  7  8  9  9 10 11 11 11  9  6  3 -120 4 1MZ1754 11999999999999999999999 155 -9999999999999999999999
 -4 -7 -9 -9 -9 -8 -5 -2  1  3  5  6  7  8  9  9  9 10 10 11 10  9  7  420 4 2MZ1916 11999999999999999999999 315-10999999999999999999999
  0 -3 -6 -9-10-10 -9 -6 -3  1  4  6  8  8  9  8  8  8  8  9 10 11 10  820 4 3MZ21 5 11999999999999999999999 436-11999999999999999999999
  5  1 -3 -6 -9-11-12-10 -7 -3  2  5  7  8  8  8  7  6  6  6  8 10 12 1220 4 4MZ1324  82237 1299999999999999 543-121750  699999999999999
 10  7  3 -2 -6-10-12-12-10 -6 -1  4  7  9  8  7  5  4  3  3  4  7 10 1320 4 5MZ1325  92352 1499999999999999 638-131836  299999999999999
 14 12  9  4 -1 -6-10-12-12 -9 -4  2  7  9  9  8  5  2  0 -1 -1  1  6 1120 4 6MZ1340 10999999999999999999999 727-121922 -199999999999999
 14 16 14 11  5 -1 -6 -9-11-10 -6  0  6 10 11 10  7  2 -1 -4 -5 -5 -1  520 4 7MZ 059 1614 3 1199999999999999 812-112012 -599999999999999
 11 15 17 15 11  6  0 -4 -7 -8 -7 -2  5 10 13 13 10  5 -1 -5 -8 -9 -8 -320 4 8MZ 2 2 171430 1399999999999999 856 -821 3 -999999999999999
  4 11 15 17 16 12  6  1 -2 -4 -4 -2  4 10 14 15 13  9  3 -3 -8-11-12-1020 4 9MZ 3 4 171459 1599999999999999 937 -52154-1299999999999999
 -4  3 10 14 16 15 11  7  3  1  0  0  4  9 14 16 16 13  8  1 -5 -9-12-1320 410MZ 4 5 161530 17999999999999991015  02246-1399999999999999
-11 -5  2  8 12 14 13 11  8  6  4  4  5  9 13 16 18 17 13  7  0 -5-10-1320 411MZ 5 8 1416 3 18999999999999991051  42339-1399999999999999
-13-10 -5  1  6 10 12 12 10  9  8  8  8 10 13 16 18 18 16 12  6  0 -5 -920 412MZ 618 121637 18999999999999991122  8999999999999999999999
-12-12 -9 -5  0  4  8 10 10 10 10 10 10 11 12 14 16 17 17 14 10  5  1 -420 413MZ1712 17999999999999999999999 035-12999999999999999999999
 -8-10-10 -8 -5 -1  3  6  8  9 10 11 12 12 13 13 14 15 16 15 13  9  5  120 414MZ1752 16999999999999999999999 138-10999999999999999999999
 -2 -6 -8 -8 -8 -5 -2  2  5  7  9 11 12 13 13 13 13 13 13 13 13 11  9  620 415MZ1849 13999999999999999999999 254 -8999999999999999999999
  2 -1 -4 -6 -7 -7 -5 -2  2  5  8 10 11 12 12 12 11 11 11 11 11 11 11  920 416MZ1341 122025 1299999999999999 414 -71731 1199999999999999
  6  3  0 -3 -5 -6 -6 -4 -1  3  6  9 10 11 11 11 10  9  8  8  9 10 11 1020 417MZ1330 1122 9 1199999999999999 520 -61817  899999999999999
  9  7  4  1 -2 -5 -6 -5 -3  1  4  8 10 11 10 10  8  7  6  6  6  8 10 1120 418MZ1320 112326 1199999999999999 610 -61848  699999999999999
 10  9  7  4  0 -2 -4 -5 -3  0  3  7  9 11 10  9  7  5  4  3  3  5  7 1020 419MZ1320 11999999999999999999999 648 -51913  399999999999999
 11 11  9  7  3  0 -2 -3 -3 -1  3  6  9 11 11  9  7  4  2  1  1  2  5  820 420MZ 025 111328 1199999999999999 719 -41939  199999999999999
 10 12 11  9  6  3  0 -2 -2 -1  2  6 10 12 12 11  8  4  1 -1 -1 -1  2  520 421MZ 115 121340 1299999999999999 746 -220 6 -199999999999999
  9 11 12 11  9  6  3  1  0  0  3  6 10 13 14 12 10  5  2 -1 -3 -3 -1  220 422MZ 2 0 121354 1499999999999999 810  02036 -399999999999999
  7 10 12 13 11  8  5  3  2  2  3  7 11 14 15 14 12  8  3 -1 -4 -5 -4 -120 423MZ 243 131410 1599999999999999 833  221 9 -599999999999999
  3  8 11 13 13 11  8  6  4  4  5  7 11 14 16 16 14 10  5  0 -3 -6 -6 -420 424MZ 325 131428 1799999999999999 855  42145 -699999999999999
  0  5  9 12 13 13 11  8  7  6  6  8 11 15 17 18 17 13  8  3 -2 -5 -7 -620 425MZ 4 9 131448 1899999999999999 914  62222 -799999999999999
 -3  1  6 10 12 13 12 10  9  8  8  9 12 15 18 19 18 16 11  6  1 -3 -6 -720 426MZ 455 131511 1999999999999999 923  823 2 -799999999999999
 -6 -2  2  7 10 12 12 12 11 10 10 11 12 14 17 19 19 18 14  9  4 -1 -4 -620 427MZ 548 121536 1999999999999999 912 102345 -799999999999999
 -7 -5 -1  3  7 10 11 12 12 11 12 12 13 14 16 18 19 19 16 13  8  3 -1 -420 428MZ16 6 199999999999999999999999999999999999999999999999999
 -6 -6 -4 -1  3  6  9 11 12 12 12 13 14 15 16 17 18 19 18 15 12  7  3 -120 429MZ1644 19999999999999999999999 035 -6999999999999999999999
 -4 -6 -6 -4 -1  2  6  8 11 12 13 13 14 15 15 16 17 17 17 17 14 11  7  320 430MZ1740 17999999999999999999999 134 -6999999999999999999999
  0 -3 -5 -5 -4 -2  2  5  9 11 13 14 14 14 14 14 14 15 16 16 16 14 12  820 5 1MZ1913 16999999999999999999999 245 -5999999999999999999999
  4  1 -2 -4 -5 -4 -2  2  6  9 12 14 14 14 13 13 12 12 13 14 15 16 15 1320 5 2MZ1213 142059 1699999999999999 359 -51641 1299999999999999
 10  6  2 -1 -3 -4 -4 -1  3  8 11 14 15 14 13 11 10  9  9 10 12 15 16 1620 5 3MZ12 6 152232 1799999999999999 5 4 -41737  899999999999999
 15 12  8  4  0 -2 -3 -2  1  6 11 14 16 15 14 11  8  6  5  5  7 10 14 1720 5 4MZ1220 162352 1899999999999999 6 0 -31825  599999999999999
 18 17 14 10  5  2  0 -1  1  5 10 14 17 18 16 12  8  5  2  0  1  4  9 1520 5 5MZ1241 18999999999999999999999 649 -11913  099999999999999
 18 20 19 16 11  7  4  2  2  5  9 15 19 20 19 16 11  5  1 -2 -3 -2  2  920 5 6MZ 1 3 2013 8 2099999999999999 735  220 3 -399999999999999
 15 19 21 20 17 13 10  7  6  6  9 14 19 22 23 20 15  9  3 -2 -5 -6 -4  120 5 7MZ 210 211338 2399999999999999 818  62053 -699999999999999
  8 15 19 21 21 18 14 12 10 10 11 14 19 23 25 24 21 15  7  1 -4 -7 -8 -520 5 8MZ 314 211412 2599999999999999 858 102143 -899999999999999
  1  8 15 19 21 20 18 16 14 13 13 15 19 23 26 27 25 20 13  6  0 -5 -8 -820 5 9MZ 415 211448 2799999999999999 935 132233 -999999999999999
 -5  1  8 14 18 20 20 18 17 16 16 16 18 22 25 27 27 24 19 12  5  0 -5 -720 510MZ 518 201525 279999999999999910 7 162324 -899999999999999
 -7 -4  2  8 13 17 19 19 18 18 18 18 19 21 24 26 27 26 23 18 11  5  0 -420 511MZ 631 1916 3 279999999999999910 5 18999999999999999999999
 -6 -5 -2  3  8 12 16 17 18 18 19 19 19 20 22 23 25 25 24 21 16 11  6  220 512MZ1642 25999999999999999999999 017 -6999999999999999999999
 -2 -3 -3  0  4  8 12 15 17 18 18 19 19 20 20 21 22 23 23 21 19 15 11  720 513MZ1726 23999999999999999999999 114 -3999999999999999999999
  3  0 -1  0  1  5  8 12 14 16 18 19 19 19 19 19 19 20 20 20 19 17 14 1120 514MZ1822 20999999999999999999999 217 -1999999999999999999999
  7  5  2  1  1  3  6  9 12 15 17 18 18 18 18 17 17 17 17 17 18 17 16 1420 515MZ1227 181949 1899999999999999 322  11645 1799999999999999
 11  8  6  4  3  3  5  7 11 14 16 17 18 18 17 16 15 14 14 14 15 16 16 1520 516MZ12 9 182134 1699999999999999 421  31740 1499999999999999
 14 11  9  7  5  5  5  7 10 13 16 17 18 18 16 15 13 12 11 11 13 14 15 1620 517MZ12 6 1823 2 1699999999999999 5 9  51815 1199999999999999
 15 14 12 10  8  7  6  7 10 13 16 18 19 19 17 15 12 10  9  9 10 12 14 1620 518MZ1211 19999999999999999999999 545  61844  999999999999999
 16 16 15 13 11  9  8  8 10 13 16 19 20 20 18 15 12  9  7  6  7  9 12 1520 519MZ 012 161221 2099999999999999 615  81912  699999999999999
 17 17 17 15 13 12 10 10 11 14 17 20 22 22 20 17 13 10  7  5  4  6  9 1320 520MZ 1 9 171235 2299999999999999 642 101942  499999999999999
 16 18 19 18 16 14 13 12 13 14 18 21 23 24 23 20 16 11  7  4  3  3  6 1020 521MZ 159 191253 2499999999999999 7 7 122014  299999999999999
 14 18 19 20 19 17 15 14 14 16 18 21 24 26 25 23 19 14  8  4  2  1  3  720 522MZ 245 201315 2699999999999999 733 142049  199999999999999
 12 16 19 21 21 19 18 17 16 17 19 22 25 27 28 26 22 17 11  6  2  0  1  320 523MZ 328 211340 2899999999999999 757 162126  099999999999999
  8 13 18 20 22 21 20 19 18 18 19 22 25 28 29 28 26 21 15  9  4  1  0  120 524MZ 413 2214 9 2999999999999999 815 1822 6  099999999999999
  4 10 15 19 21 22 21 20 20 20 20 22 24 27 29 30 28 24 19 13  7  3  0 -120 525MZ 5 0 221441 3099999999999999 825 202249 -199999999999999
  1  6 11 15 19 21 22 21 21 21 21 22 23 26 29 30 30 27 23 17 11  6  2  020 526MZ 555 221517 3099999999999999 831 212335  099999999999999
  0  2  6 11 16 19 21 21 21 21 21 22 23 25 27 29 29 29 26 21 16 10  6  220 527MZ1559 299999999999999999999999999999999999999999999999999
  1  1  3  7 12 16 19 20 21 21 22 22 23 23 25 26 28 28 27 24 20 15 10  620 528MZ1650 28999999999999999999999 026  0999999999999999999999
  3  2  2  4  8 12 16 19 21 21 22 22 22 22 22 23 25 26 27 26 23 20 15 1120 529MZ1756 27999999999999999999999 122  1999999999999999999999
  7  5  3  3  5  9 13 17 20 21 22 22 22 21 21 21 21 22 24 25 25 23 20 1620 530MZ1029 221923 2599999999999999 223  31447 2099999999999999
 12  9  7  5  5  7 11 15 18 21 23 23 22 21 19 18 18 18 19 21 23 24 23 2120 531MZ1036 2321 0 2499999999999999 325  51611 1799999999999999
 18 14 11  9  8  8 10 13 17 21 24 24 23 22 19 17 15 14 14 16 19 22 24 2420 6 1MZ1055 242234 2499999999999999 424  81715 1499999999999999
 22 20 17 14 12 11 11 13 17 21 25 26 26 24 21 17 14 11 10 11 13 17 21 2420 6 2MZ1120 272359 2599999999999999 518 111810 1099999999999999
 25 24 22 19 17 15 14 15 17 21 26 29 29 28 24 19 14 10  7  6  7 11 16 2120 6 3MZ1149 29999999999999999999999 6 7 1419 2  699999999999999
 25 27 26 24 22 20 18 18 19 22 26 30 32 32 29 24 18 12  7  4  3  5 10 1620 6 4MZ 116 271222 3299999999999999 651 181953  399999999999999
 22 26 28 28 26 24 22 21 21 23 26 30 34 35 33 29 23 16 10  5  2  1  4 1020 6 5MZ 224 281258 3599999999999999 732 212043  199999999999999
 16 22 27 29 28 27 25 24 24 24 26 30 34 36 37 34 29 23 15  9  4  1  1  420 6 6MZ 326 291338 3799999999999999 8 7 242132  199999999999999
 10 17 23 27 29 29 27 26 26 26 27 29 32 36 38 37 34 29 21 14  8  4  1  220 6 7MZ 423 291420 3899999999999999 833 262222  199999999999999
  5 11 18 23 27 28 28 27 27 27 27 28 31 34 37 38 37 33 27 20 14  8  4  220 6 8MZ 520 2815 2 3899999999999999 833 272310  299999999999999
  3  7 13 18 23 26 27 27 27 27 27 28 29 31 34 36 36 35 31 25 19 13  9  520 6 9MZ1545 379999999999999999999992359  4999999999999999999999
  4  6  9 14 19 23 25 26 27 27 27 27 28 29 31 33 34 34 32 29 24 18 13 1020 610MZ1628 349999999999999999999999999999999999999999999999999
  7  7  8 11 16 20 23 25 26 26 26 27 27 27 28 30 31 32 31 29 26 22 18 1420 611MZ1712 32999999999999999999999 048  7999999999999999999999
 11  9  9 11 14 17 20 23 25 26 26 26 26 26 26 27 27 28 29 28 27 24 21 1820 612MZ18 2 29999999999999999999999 137  9999999999999999999999
 15 13 12 12 13 16 19 22 24 25 26 26 26 25 25 24 24 25 26 26 26 25 23 2020 613MZ1034 261912 2699999999999999 224 111516 2499999999999999
 18 16 14 14 14 16 18 21 23 25 26 26 26 25 24 23 22 22 22 23 24 24 24 2220 614MZ1034 262048 2499999999999999 3 9 141636 2299999999999999
 21 19 17 16 16 17 19 21 24 26 27 27 27 25 23 22 20 19 19 20 21 23 24 2420 615MZ1044 272232 2499999999999999 350 161726 1999999999999999
 23 22 20 19 19 19 20 22 24 27 28 29 28 26 24 21 19 17 17 17 19 21 23 2420 616MZ1057 29999999999999999999999 426 1818 4 1799999999999999
 24 24 23 22 21 21 21 23 25 28 30 31 30 29 26 22 19 16 15 15 16 18 21 2420 617MZ 0 0 241114 3199999999999999 5 0 211839 1499999999999999
 25 26 26 25 24 23 23 24 26 28 31 33 33 31 28 25 20 17 14 13 13 15 19 2220 618MZ 1 8 261135 3399999999999999 533 231913 1399999999999999
 25 27 28 27 26 25 25 25 27 29 32 34 35 34 32 28 23 18 14 12 11 12 16 2020 619MZ 2 2 2812 2 3599999999999999 6 6 251950 1199999999999999
 24 27 29 29 28 27 27 27 27 29 32 35 37 37 35 31 26 21 16 12 10 10 12 1720 620MZ 247 291233 3799999999999999 637 272029  999999999999999
 22 26 29 30 30 29 28 28 28 29 32 35 38 39 38 35 31 25 19 14 10  8  9 1320 621MZ 329 3013 8 3999999999999999 7 6 282110  899999999999999
 18 23 27 30 31 30 30 29 29 30 31 34 37 40 40 39 35 29 23 17 12  9  8  920 622MZ 411 311348 4099999999999999 732 292154  899999999999999
 14 19 24 28 30 31 30 30 29 30 30 32 35 39 41 41 38 34 28 21 15 11  8  720 623MZ 454 311430 4199999999999999 757 292240  799999999999999
 10 15 20 25 29 30 31 30 29 29 30 31 33 36 39 41 40 38 33 26 20 14 10  820 624MZ 541 311516 4199999999999999 826 292328  899999999999999
  8 11 16 21 26 29 30 30 30 29 29 30 31 33 36 39 40 39 36 31 25 19 14 1120 625MZ 630 3016 6 4099999999999999 9 7 29999999999999999999999
  9  9 13 17 22 26 29 30 30 29 29 29 29 30 32 35 37 38 37 34 30 24 19 1520 626MZ 720 3017 3 3899999999999999 017  91032 2999999999999999
 12 11 12 15 19 24 27 30 30 30 29 29 28 28 28 30 33 35 36 35 33 29 24 2020 627MZ 8 6 301810 3699999999999999 1 7 111257 2899999999999999
 17 15 14 15 18 22 26 29 31 31 30 29 28 27 26 26 27 30 32 33 33 32 29 2520 628MZ 845 311932 3499999999999999 159 141424 2699999999999999
 22 20 18 17 18 21 25 28 31 33 32 31 29 27 25 23 23 24 26 29 31 32 31 3020 629MZ 920 3321 7 3299999999999999 251 171545 2399999999999999
 27 25 23 21 21 22 25 28 32 34 35 34 32 28 25 22 20 19 20 23 26 29 31 3220 630MZ 954 352249 3299999999999999 343 211656 1999999999999999
 31 29 28 26 25 25 26 29 32 35 37 37 35 32 28 24 20 17 16 17 21 25 29 3120 7 1MZ1029 38999999999999999999999 435 251759 1699999999999999
 33 33 32 30 29 29 29 30 33 36 39 40 39 37 32 27 22 18 15 14 15 19 24 2920 7 2MZ 025 3311 7 4099999999999999 524 291855 1499999999999999
 32 34 34 34 33 32 31 32 33 36 39 42 43 41 37 32 26 20 16 13 12 14 18 2420 7 3MZ 144 341149 4399999999999999 6 6 311947 1299999999999999
 29 33 35 35 35 34 33 33 34 36 39 42 44 45 42 38 32 25 19 14 11 11 14 1920 7 4MZ 245 361233 4599999999999999 641 332036 1199999999999999
 25 30 34 36 36 35 34 34 34 35 37 41 44 46 46 43 37 31 24 18 13 11 11 1520 7 5MZ 335 361319 4699999999999999 7 5 342124 1199999999999999
 20 26 31 35 36 36 35 34 34 35 36 39 42 45 47 46 42 36 29 23 17 13 11 1220 7 6MZ 418 3614 6 4799999999999999 727 342210 1199999999999999
 16 22 28 32 35 36 35 34 34 34 35 36 39 43 45 46 44 40 35 28 22 17 13 1220 7 7MZ 459 361451 4699999999999999 754 342255 1299999999999999
 14 18 24 29 32 34 35 34 33 33 34 35 36 39 42 44 44 42 38 32 26 21 17 1420 7 8MZ 540 351534 4599999999999999 827 332337 1499999999999999
 14 17 21 26 30 32 34 34 33 33 33 33 34 36 39 41 42 42 39 35 30 25 21 1820 7 9MZ 621 341615 4299999999999999 9 6 33999999999999999999999
 16 17 19 23 27 31 33 33 33 32 32 32 32 33 35 37 39 40 39 36 32 28 24 2120 710MZ 7 2 331656 4099999999999999 016 1610 5 3299999999999999
 19 19 20 22 26 29 31 33 33 32 32 32 31 31 32 34 35 36 37 36 33 30 27 2420 711MZ 741 331742 3799999999999999 052 191221 3199999999999999
 22 21 21 23 25 28 31 33 33 33 32 32 31 30 30 31 32 33 34 34 33 31 29 2720 712MZ 815 331842 3499999999999999 125 211350 3099999999999999
 25 24 24 24 26 28 31 33 34 34 34 33 31 30 29 28 29 29 30 31 32 31 31 2920 713MZ 844 3420 9 3299999999999999 155 241511 2899999999999999
 28 27 27 27 28 29 31 33 35 36 35 34 32 30 29 27 26 26 27 28 30 31 31 3120 714MZ 910 3622 8 3199999999999999 224 271624 2699999999999999
 30 30 29 29 29 31 32 34 36 37 37 36 34 32 29 27 25 24 24 26 27 29 31 3220 715MZ 937 37999999999999999999999 257 291719 2499999999999999
 32 32 32 32 31 32 33 35 37 39 39 39 37 34 31 28 25 23 22 23 24 27 30 3220 716MZ 013 3210 7 3999999999999999 339 3118 4 2299999999999999
 33 34 34 34 33 33 34 35 38 40 41 41 40 38 34 30 26 23 21 20 21 24 28 3120 717MZ 132 341042 4299999999999999 431 331846 2099999999999999
 33 35 36 35 35 35 35 36 38 40 42 43 43 41 38 33 29 24 20 18 18 21 24 2920 718MZ 217 361122 4499999999999999 519 351929 1899999999999999
 32 35 36 37 36 36 36 36 37 39 42 45 46 45 42 38 32 27 22 18 16 17 20 2520 719MZ 250 3712 5 4699999999999999 6 1 362012 1699999999999999
 30 34 36 37 37 37 36 36 36 38 41 44 47 47 46 42 37 31 25 20 16 15 16 2120 720MZ 322 371251 4799999999999999 638 362057 1599999999999999
 26 31 35 37 38 37 36 36 36 37 39 42 46 48 49 47 42 36 29 23 18 15 14 1620 721MZ 354 381339 4999999999999999 715 352143 1499999999999999
 21 27 32 36 37 37 36 35 35 35 37 39 43 47 49 49 46 41 35 27 21 17 14 1420 722MZ 428 381428 4999999999999999 755 352229 1499999999999999
 17 23 29 33 36 37 37 35 34 34 34 36 39 43 47 49 49 45 40 33 26 21 17 1520 723MZ 5 4 371519 4999999999999999 846 342315 1599999999999999
 16 19 25 30 35 37 37 36 34 33 33 33 35 38 42 46 48 47 44 38 32 26 21 1820 724MZ 540 371613 489999999999999910 2 33999999999999999999999
 17 18 22 28 32 36 37 37 35 34 32 32 32 33 36 40 44 45 45 42 37 31 27 2320 725MZ 618 371712 4599999999999999 0 1 171134 3299999999999999
 21 20 22 26 31 35 37 38 37 35 33 32 30 30 31 34 38 41 42 42 40 36 32 2920 726MZ 656 381822 4299999999999999 046 201250 3099999999999999
 26 24 24 26 30 34 37 39 39 38 35 33 31 29 28 29 31 34 37 39 39 38 36 3320 727MZ 735 391945 3999999999999999 130 2414 5 2899999999999999
 31 30 29 29 31 34 37 40 41 41 39 36 33 30 27 26 26 28 31 34 36 37 37 3720 728MZ 816 412129 3899999999999999 216 291524 2699999999999999
 35 34 33 33 33 35 37 40 42 43 42 40 36 33 29 26 24 23 25 28 31 34 37 3820 729MZ 9 0 432344 3899999999999999 3 4 331644 2399999999999999
 38 37 37 36 36 37 38 40 43 45 45 44 41 37 33 28 25 22 21 23 26 30 34 3720 730MZ 948 45999999999999999999999 359 361753 2199999999999999
 38 39 39 39 39 38 39 40 42 45 47 47 45 42 38 32 28 23 20 20 21 25 29 3420 731MZ 135 391040 4799999999999999 456 381851 2099999999999999
 37 39 40 40 40 40 39 40 41 44 47 48 48 47 43 38 32 26 22 19 19 21 25 3020 8 1MZ 229 401132 4999999999999999 544 391943 1999999999999999
 35 38 40 41 40 40 39 40 40 42 45 48 50 50 47 43 37 31 25 21 19 19 21 2620 8 2MZ 259 411224 5099999999999999 619 392030 1899999999999999
 32 36 39 40 40 40 39 39 39 40 43 46 49 51 50 47 42 36 29 24 20 18 19 2320 8 3MZ 324 411313 5199999999999999 647 392114 1899999999999999
 28 33 37 40 40 39 38 38 38 38 40 43 47 50 51 49 46 40 34 28 23 20 19 2120 8 4MZ 350 401359 5199999999999999 718 382154 1999999999999999
 25 30 35 38 40 39 38 37 36 37 38 40 43 47 49 50 48 44 38 32 26 22 20 2020 8 5MZ 418 401442 5099999999999999 754 362232 2099999999999999
 23 27 32 36 38 39 38 36 35 35 36 37 39 43 46 48 48 45 41 35 30 25 23 2120 8 6MZ 447 391523 4899999999999999 835 3523 6 2199999999999999
 22 26 30 34 37 39 38 37 35 34 34 35 36 39 43 45 46 45 42 38 33 29 26 2420 8 7MZ 515 3916 2 4699999999999999 926 342336 2399999999999999
 24 25 29 33 36 38 38 37 35 34 33 33 34 36 39 41 43 44 42 39 35 31 29 2720 8 8MZ 543 381642 44999999999999991036 33999999999999999999999
 26 27 29 32 35 38 38 38 37 35 33 33 33 33 35 38 40 41 41 39 37 34 31 3020 8 9MZ 610 391727 4199999999999999 0 3 261148 3399999999999999
 29 29 30 33 35 38 39 39 38 36 34 33 32 32 32 34 36 37 38 38 37 35 34 3220 810MZ 636 391825 3899999999999999 026 291253 3299999999999999
 31 31 32 34 36 38 39 40 39 38 36 34 32 31 31 31 32 34 35 36 36 36 35 3420 811MZ 7 3 401948 3699999999999999 046 3114 1 3199999999999999
 34 34 34 35 37 38 40 41 41 40 38 36 34 32 30 29 30 31 32 34 35 36 36 3620 812MZ 734 41999999999999999999999 059 341516 2999999999999999
 36 36 36 37 38 39 40 42 42 42 41 39 36 33 31 29 28 28 29 31 33 35 36 3720 813MZ 814 429999999999999999999991630 28999999999999999999999
 38 38 38 38 38 39 41 42 43 44 43 42 39 36 33 30 27 26 26 27 30 32 35 3720 814MZ 9 2 449999999999999999999991730 26999999999999999999999
 38 39 39 39 39 40 40 42 43 45 45 45 43 39 36 32 28 25 24 24 26 29 33 3620 815MZ 957 459999999999999999999991821 24999999999999999999999
 38 40 40 40 40 40 40 41 43 45 47 47 46 43 40 35 30 26 23 22 22 25 29 3320 816MZ1054 4799999999999999999999919 9 22999999999999999999999
 37 39 40 41 40 39 39 40 41 43 46 48 49 48 44 40 34 28 24 21 20 21 25 3020 817MZ 235 411149 4999999999999999 552 391955 2099999999999999
 35 38 40 41 40 39 38 38 39 41 44 48 50 51 49 45 39 33 26 22 19 18 21 2520 818MZ 253 411242 5199999999999999 634 382041 1899999999999999
 31 36 39 41 40 39 37 37 37 38 41 45 49 52 52 50 45 38 31 25 20 18 18 2120 819MZ 316 411334 5299999999999999 717 372126 1899999999999999
 27 33 38 40 41 39 37 35 35 35 37 40 45 50 53 53 50 44 37 30 24 20 18 1920 820MZ 344 411427 5399999999999999 8 9 352211 1899999999999999
 24 30 35 39 41 40 38 35 33 33 33 35 39 45 50 52 52 48 43 36 29 25 21 2020 821MZ 413 411521 5299999999999999 913 332254 2099999999999999
 22 27 33 38 41 41 40 37 34 32 31 31 33 38 43 48 50 50 46 41 35 30 26 2420 822MZ 445 411619 50999999999999991025 312336 2399999999999999
 24 26 31 37 40 42 42 39 36 32 30 29 29 31 36 41 45 47 47 44 40 35 32 2920 823MZ 519 421723 47999999999999991132 29999999999999999999999
 28 28 31 36 40 42 43 42 39 35 32 29 28 27 30 34 38 42 44 44 42 39 37 3520 824MZ 555 431835 4499999999999999 018 281238 2799999999999999
 33 32 33 36 39 42 44 44 42 39 35 32 29 27 26 28 31 35 38 40 41 41 40 3820 825MZ 634 4420 6 4199999999999999 059 321347 2699999999999999
 37 37 36 37 40 42 44 45 45 43 40 36 33 29 26 25 26 28 31 35 37 39 40 4020 826MZ 719 452322 4099999999999999 142 3615 8 2599999999999999
 40 40 40 40 40 42 44 45 46 46 44 41 37 33 29 26 24 24 26 29 33 36 38 4020 827MZ 814 46999999999999999999999 233 401633 2499999999999999
 41 42 42 42 41 42 43 44 46 47 47 45 42 38 34 30 26 24 23 25 28 32 35 3920 828MZ 919 479999999999999999999991747 23999999999999999999999
 41 42 42 42 42 42 42 43 45 46 48 48 46 43 39 34 29 25 23 22 24 28 32 3620 829MZ 217 421027 4899999999999999 515 421845 2299999999999999
 39 41 42 42 42 41 41 41 42 45 47 49 48 47 43 38 33 28 25 22 22 24 28 3320 830MZ 227 421129 4999999999999999 6 5 411934 2299999999999999
 37 40 41 41 41 40 39 39 40 42 45 48 49 49 47 43 37 32 27 24 22 22 26 3020 831MZ 234 411223 4999999999999999 640 392016 2299999999999999
 35 38 40 41 40 39 38 37 38 39 42 45 48 50 49 46 41 36 30 26 23 22 24 2820 9 1MZ 247 411310 5099999999999999 7 8 372054 2299999999999999
 33 37 39 41 40 38 36 36 35 36 38 42 46 48 49 48 44 39 33 29 25 23 23 2620 9 2MZ 3 5 411354 4999999999999999 737 352128 2399999999999999
 30 35 38 40 40 38 36 34 34 34 35 38 42 46 48 48 46 42 37 31 27 25 24 2520 9 3MZ 326 401434 4899999999999999 812 342159 2499999999999999
 29 33 37 40 40 39 36 34 32 32 33 35 38 42 46 47 46 44 39 34 30 27 26 2620 9 4MZ 348 401514 4799999999999999 854 322226 2599999999999999
 28 32 36 39 40 40 37 34 32 31 31 32 34 38 42 45 45 44 41 37 33 30 28 2820 9 5MZ 4 9 401553 4599999999999999 941 312250 2899999999999999
 29 32 36 39 40 40 39 36 33 31 30 30 31 34 38 41 43 43 41 38 35 32 31 3020 9 6MZ 429 411635 43999999999999991031 302310 3099999999999999
 30 33 36 39 41 41 40 37 34 32 30 29 29 31 34 37 40 41 41 39 37 35 33 3320 9 7MZ 448 411722 41999999999999991121 292326 3299999999999999
 33 34 36 39 41 42 41 39 36 33 31 29 29 29 31 34 36 38 39 39 38 36 35 3520 9 8MZ 5 8 421821 39999999999999991213 292330 3599999999999999
 35 35 37 39 41 42 42 41 39 36 33 31 29 28 29 30 33 35 36 37 37 37 37 3720 9 9MZ 531 421944 37999999999999991310 282238 3799999999999999
 37 37 38 39 41 42 42 42 41 38 35 33 30 29 28 28 29 31 33 35 36 37 37 3820 910MZ 6 2 429999999999999999999991418 28999999999999999999999
 38 39 39 40 41 42 42 43 42 41 38 35 33 30 28 27 27 28 29 31 34 36 37 3820 911MZ 650 439999999999999999999991539 27999999999999999999999
 39 39 40 40 40 41 42 43 43 43 41 39 36 33 30 27 25 25 26 28 30 33 36 3820 912MZ 8 0 439999999999999999999991655 25999999999999999999999
 39 40 40 40 40 40 41 42 43 44 44 42 40 36 32 29 26 23 23 24 26 30 34 3720 913MZ 920 449999999999999999999991754 23999999999999999999999
 39 40 40 40 39 39 39 40 42 44 45 45 44 41 37 32 27 24 21 21 22 26 30 3520 914MZ 151 401034 4599999999999999 513 391845 2199999999999999
 38 39 40 39 38 37 37 37 39 42 45 47 47 45 42 37 31 26 22 20 19 22 26 3220 915MZ 151 401137 4799999999999999 557 371932 1999999999999999
 36 39 40 39 38 36 35 34 35 38 42 46 49 49 47 42 36 30 25 21 19 19 23 2820 916MZ 2 4 401235 4999999999999999 640 342017 1999999999999999
 34 38 40 40 38 35 33 32 32 33 37 42 47 50 50 47 42 36 29 24 21 19 21 2520 917MZ 224 401332 5099999999999999 728 3121 1 1999999999999999
 31 37 40 41 39 36 32 30 28 29 31 36 42 47 50 50 47 42 35 29 25 22 21 2420 918MZ 250 411428 5199999999999999 823 282144 2199999999999999
 29 35 40 42 41 38 34 30 27 26 26 29 34 41 47 50 49 46 41 35 30 26 24 2520 919MZ 318 421527 5099999999999999 923 252226 2499999999999999
 28 34 39 42 43 41 37 32 28 25 23 24 27 33 40 45 47 47 45 40 35 32 29 2820 920MZ 349 431628 48999999999999991023 2323 6 2899999999999999
 29 33 38 42 44 44 41 36 31 26 23 22 22 26 31 37 42 44 45 43 39 36 34 3320 921MZ 422 441734 45999999999999991122 212346 3299999999999999
 32 34 38 41 44 45 44 40 35 31 26 23 21 21 25 29 34 38 41 42 41 39 38 3720 922MZ 458 451851 42999999999999991222 21999999999999999999999
 36 36 38 41 43 45 45 44 40 36 31 27 24 21 22 24 27 31 35 38 39 40 40 3920 923MZ 539 4521 2 4099999999999999 026 361329 2199999999999999
 39 39 39 40 42 44 45 45 43 40 36 32 28 25 22 22 23 26 29 33 36 38 39 4020 924MZ 629 45999999999999999999999 111 391449 2299999999999999
 41 41 40 40 41 42 43 44 44 43 40 37 33 30 26 23 22 22 24 27 31 34 37 3920 925MZ 734 449999999999999999999991618 22999999999999999999999
 40 41 41 40 40 40 41 42 43 43 43 41 38 34 30 27 24 22 22 24 27 31 34 3720 926MZ 123 41 858 4399999999999999 428 401731 2299999999999999
 39 40 40 40 39 38 38 39 41 42 43 43 41 39 35 31 27 23 22 22 24 27 31 3520 927MZ 138 401022 4399999999999999 536 381828 2199999999999999
 38 39 39 38 37 36 36 36 37 40 42 43 43 42 38 34 30 26 23 22 22 25 29 3320 928MZ 140 391128 4399999999999999 619 361913 2199999999999999
 36 38 38 37 36 35 34 33 34 36 39 42 43 43 41 38 33 29 25 23 22 23 27 3120 929MZ 145 381222 4499999999999999 652 331951 2299999999999999
 35 37 38 37 35 33 32 31 31 33 36 39 42 43 43 40 36 31 27 24 23 23 26 3020 930MZ 156 3813 8 4399999999999999 721 312023 2399999999999999
 34 37 38 37 35 32 30 29 29 30 32 36 40 42 43 42 39 34 30 26 24 24 25 292010 1MZ 210 381351 4399999999999999 750 292051 2499999999999999
 33 36 38 38 36 33 30 28 27 27 29 32 37 40 42 42 40 37 32 29 26 25 26 282010 2MZ 227 381431 4399999999999999 822 272116 2599999999999999
 32 36 38 39 37 34 30 27 25 25 26 28 33 37 40 42 41 39 35 31 28 27 27 282010 3MZ 245 391511 4299999999999999 857 252138 2799999999999999
 32 36 38 39 38 36 32 28 25 24 24 25 29 33 37 40 41 39 37 33 31 29 29 302010 4MZ 3 3 391552 4199999999999999 935 232158 2999999999999999
 32 35 38 40 40 38 34 30 26 24 23 23 25 30 34 37 39 39 38 35 33 31 31 312010 5MZ 320 401636 39999999999999991015 232215 3199999999999999
 33 35 38 40 40 39 36 32 28 25 23 22 23 26 30 34 36 38 37 36 34 33 33 332010 6MZ 338 401724 38999999999999991057 222222 3399999999999999
 34 36 38 40 41 40 38 34 30 26 24 22 22 23 26 30 33 35 36 36 35 34 34 342010 7MZ 358 411823 36999999999999991142 222157 3499999999999999
 35 36 38 40 41 40 39 36 33 29 26 23 22 22 23 26 29 32 33 35 35 35 35 352010 8MZ 421 419999999999999999999991233 22999999999999999999999
 36 36 37 39 40 40 40 38 35 32 28 25 23 22 22 23 25 28 30 32 34 34 35 362010 9MZ 452 409999999999999999999991335 22999999999999999999999
 36 37 37 38 39 39 39 39 37 34 31 28 26 23 22 21 22 24 26 29 31 33 35 35201010MZ 541 399999999999999999999991452 21999999999999999999999
 36 37 37 37 37 38 38 38 38 37 35 32 29 26 23 21 20 20 22 25 28 31 33 35201011MZ 710 389999999999999999999991614 20999999999999999999999
 36 36 36 36 35 35 36 37 38 38 38 36 33 29 26 22 20 19 19 21 24 28 32 34201012MZ 110 36 852 3899999999999999 424 351720 1999999999999999
 35 36 35 34 33 33 33 34 36 38 39 39 37 34 30 26 22 19 17 18 21 25 29 33201013MZ 048 361018 4099999999999999 517 331814 1799999999999999
 35 35 35 33 31 30 30 30 32 36 39 41 41 39 35 30 25 21 18 17 18 22 27 32201014MZ 051 361129 4199999999999999 559 3019 1 1799999999999999
 35 36 35 33 30 28 26 26 27 31 35 40 42 43 40 36 31 25 21 19 18 20 25 30201015MZ 1 6 361233 4399999999999999 643 261947 1899999999999999
 35 37 37 35 31 27 24 22 22 24 29 35 40 43 44 41 37 31 26 22 20 20 23 28201016MZ 128 371334 4499999999999999 732 222030 2099999999999999
 34 38 39 37 33 28 23 20 18 18 22 28 35 41 44 44 41 37 31 27 24 23 24 27201017MZ 154 391435 4499999999999999 825 182112 2399999999999999
 33 38 40 40 37 32 26 20 17 15 16 20 26 34 40 43 43 41 36 32 29 27 26 28201018MZ 225 411536 4399999999999999 919 152153 2699999999999999
 32 37 41 42 41 37 30 24 18 15 13 14 18 25 33 38 41 42 39 36 33 31 30 30201019MZ 258 421639 42999999999999991013 132233 3099999999999999
 32 36 40 43 43 41 36 29 23 18 14 12 13 18 24 31 36 39 39 38 36 34 33 33201020MZ 334 431745 399999999999999911 9 122313 3399999999999999
 33 35 39 42 43 43 40 35 28 23 18 14 13 14 18 23 29 33 36 37 36 36 35 35201021MZ 413 4319 7 379999999999999912 7 132353 3599999999999999
 35 36 37 40 42 42 41 38 34 28 24 19 16 14 15 18 22 27 30 33 35 35 36 36201022MZ 457 429999999999999999999991310 14999999999999999999999
 36 36 36 37 39 40 40 39 37 33 29 25 21 18 16 16 18 21 25 29 31 33 35 35201023MZ 550 409999999999999999999991425 16999999999999999999999
 36 36 35 35 36 37 38 38 38 36 33 30 26 22 19 17 17 18 21 24 28 31 33 34201024MZ 7 1 389999999999999999999991547 17999999999999999999999
 35 35 34 34 33 33 34 35 36 36 35 33 30 27 24 21 18 18 18 21 24 28 31 33201025MZ 036 35 835 3699999999999999 429 331659 1899999999999999
 34 34 33 32 31 30 30 31 33 34 35 34 33 30 27 24 21 19 18 19 22 25 29 31201026MZ 040 3410 8 3599999999999999 530 301754 1899999999999999
 33 33 32 31 29 28 27 28 29 31 33 34 34 33 30 27 24 21 19 19 21 24 27 30201027MZ 041 331121 3499999999999999 611 271837 1999999999999999
 32 32 32 30 28 26 25 24 25 28 31 33 34 34 32 29 26 23 21 20 20 23 26 30201028MZ 047 321219 3499999999999999 644 241911 2099999999999999
 32 33 32 30 27 24 23 22 22 24 27 31 33 34 34 32 28 25 23 21 21 23 26 29201029MZ 058 3313 8 3499999999999999 714 221939 2199999999999999
 32 33 33 30 27 24 21 20 19 21 24 28 31 34 34 33 31 28 25 23 22 23 26 29201030MZ 111 331352 3499999999999999 743 1920 2 2299999999999999
 32 34 34 32 28 24 21 18 17 18 20 24 29 32 34 34 33 30 27 25 24 24 26 29201031MZ 127 341434 3499999999999999 813 172024 2499999999999999
 32 35 35 34 30 26 21 18 16 15 17 21 25 30 33 34 34 32 29 27 26 25 26 292011 1MZ 145 351515 3499999999999999 846 152045 2599999999999999
 32 35 36 35 33 28 23 19 16 14 14 17 22 27 31 33 34 33 31 29 27 27 27 292011 2MZ 2 4 361556 3499999999999999 921 1421 5 2799999999999999
 32 35 37 37 35 31 26 21 17 14 13 14 18 23 27 31 33 33 32 30 29 28 28 292011 3MZ 226 371640 3399999999999999 958 132121 2899999999999999
 32 34 37 37 36 33 28 23 19 15 13 13 15 19 23 28 30 32 32 31 30 29 29 302011 4MZ 250 371728 32999999999999991038 132123 2999999999999999
 31 33 36 37 37 35 31 26 21 17 14 13 13 15 19 24 27 29 31 31 30 30 30 302011 5MZ 316 371826 31999999999999991121 132110 3099999999999999
 31 32 34 36 36 35 33 29 24 20 16 14 13 13 16 19 23 26 28 29 30 30 30 302011 6MZ 347 369999999999999999999991210 13999999999999999999999
 31 31 33 34 35 35 34 31 27 23 19 16 14 13 14 16 19 22 25 27 28 29 29 302011 7MZ 425 3599999999999999999999913 6 13999999999999999999999
 30 31 31 32 33 33 33 32 30 26 22 19 16 14 13 13 15 18 21 24 26 28 29 292011 8MZ 520 339999999999999999999991414 13999999999999999999999
 30 30 30 30 30 31 31 32 31 29 26 23 19 17 14 13 13 15 17 21 24 26 28 292011 9MZ 648 322335 29999999999999991529 13999999999999999999999
 29 29 28 27 27 27 28 30 31 31 29 27 24 20 17 15 13 13 15 18 21 25 27 29201110MZ 833 312331 2999999999999999 4 5 271636 1399999999999999
 29 28 27 25 24 23 24 26 28 30 31 30 28 25 22 18 15 14 14 16 19 23 27 29201111MZ10 6 312345 3099999999999999 5 3 231733 1499999999999999
 30 28 26 24 21 20 19 20 23 27 30 32 32 30 27 23 19 17 15 15 18 22 26 30201112MZ1126 32999999999999999999999 551 191824 1599999999999999
 31 30 28 24 20 17 15 15 17 21 26 31 33 33 32 28 24 21 18 17 18 21 25 30201113MZ 0 7 311237 3499999999999999 639 151910 1799999999999999
 33 33 31 26 21 16 13 11 11 14 19 26 31 34 35 33 29 26 23 21 20 21 25 30201114MZ 034 331344 3599999999999999 729 101955 2099999999999999
 34 35 34 31 25 18 13  9  7  7 11 18 25 31 34 35 33 30 27 24 23 23 25 29201115MZ 1 6 351447 3599999999999999 820  72037 2399999999999999
 34 37 37 35 30 23 16 10  6  4  5 10 17 25 31 34 35 33 30 28 26 25 26 28201116MZ 142 371548 3599999999999999 912  42118 2599999999999999
 32 36 39 38 35 29 22 14  9  5  3  5 10 17 24 30 33 34 32 30 29 28 27 28201117MZ 221 391648 349999999999999910 4  32157 2799999999999999
 31 35 38 39 38 34 28 21 14  8  4  3  5 10 17 23 28 31 32 31 30 29 29 29201118MZ 3 2 391751 32999999999999991057  32234 2899999999999999
 30 32 35 38 38 37 32 26 20 14  9  5  4  6 11 17 22 26 29 30 29 29 29 29201119MZ 346 3819 7 30999999999999991152  42313 2999999999999999
 29 30 32 34 36 36 34 30 25 19 14 10  7  6  8 12 16 21 24 27 28 28 28 28201120MZ 434 369999999999999999999991250  6999999999999999999999
 28 28 29 31 32 33 33 31 28 24 19 15 12  9  9 10 13 16 20 23 25 26 27 27201121MZ 526 339999999999999999999991352  9999999999999999999999
 27 27 27 27 28 29 30 30 29 26 23 20 16 13 11 11 11 14 17 20 23 25 26 26201122MZ 630 302326 26999999999999991459 11999999999999999999999
 26 26 25 24 24 25 26 26 27 26 25 22 20 17 15 13 12 13 15 17 20 23 25 25201123MZ 754 272325 2599999999999999 350 2416 4 1299999999999999
 25 25 24 22 21 21 21 22 24 24 24 24 22 20 18 16 14 14 14 16 19 22 24 25201124MZ 935 252331 2599999999999999 5 2 211658 1499999999999999
 25 24 23 21 19 18 18 18 20 22 23 24 23 22 20 18 16 15 15 16 18 21 24 25201125MZ11 5 242342 2599999999999999 550 181741 1599999999999999
 25 24 22 20 18 16 15 15 16 18 21 23 24 23 22 20 19 17 16 17 18 21 24 26201126MZ1216 242355 2699999999999999 626 151813 1699999999999999
 26 25 23 20 17 14 12 12 13 15 18 21 23 24 24 22 21 19 18 18 19 21 24 26201127MZ1313 24999999999999999999999 657 121840 1899999999999999
 27 27 25 21 18 14 11 10 10 12 15 19 22 24 25 24 23 21 20 19 20 21 24 27201128MZ 011 2714 1 2599999999999999 727  919 4 1999999999999999
 28 29 27 23 19 15 11  8  7  8 12 16 20 23 25 25 24 23 21 21 21 22 24 27201129MZ 031 291443 2699999999999999 758  71929 2099999999999999
 29 30 29 26 22 16 12  8  6  6  8 12 17 21 24 26 26 24 23 22 21 22 24 27201130MZ 055 301522 2699999999999999 831  61954 2199999999999999
 29 31 31 28 24 19 14  9  6  4  5  9 14 19 23 25 26 25 24 23 22 22 23 262012 1MZ 122 3116 2 2699999999999999 9 7  42019 2299999999999999
 29 31 32 30 27 22 16 11  7  4  3  5  9 15 20 23 25 25 25 23 23 23 23 252012 2MZ 152 321642 2699999999999999 945  32040 2399999999999999
 27 30 32 31 29 25 20 14  9  5  3  3  6 10 16 20 23 24 24 24 23 23 23 242012 3MZ 225 321727 25999999999999991026  32054 2399999999999999
 26 28 30 31 30 28 23 17 12  7  4  2  3  6 11 16 20 22 23 23 23 22 22 232012 4MZ 3 1 311818 23999999999999991110  221 5 2299999999999999
 24 26 28 30 30 29 25 21 15 10  6  3  3  4  7 11 16 19 21 22 22 22 22 222012 5MZ 341 309999999999999999999991157  3999999999999999999999
 23 24 25 27 28 28 27 23 19 14  9  6  4  3  5  8 12 15 19 21 21 21 21 212012 6MZ 427 299999999999999999999991248  3999999999999999999999
 21 22 22 24 25 26 26 24 21 17 13  9  6  5  4  6  8 12 16 18 20 21 21 212012 7MZ 526 262118 21999999999999991343  4999999999999999999999
 20 20 20 20 21 22 24 24 23 20 17 13 10  8  6  6  7 10 13 16 19 21 21 212012 8MZ 644 242147 2199999999999999 157 201443  699999999999999
 20 18 17 17 17 18 19 21 22 22 20 18 15 12  9  8  8  9 11 15 18 21 22 222012 9MZ 820 222214 2299999999999999 329 161544  899999999999999
 20 18 16 14 13 13 14 16 19 21 22 21 19 16 14 12 10 10 11 14 17 21 23 23201210MZ10 0 222242 2399999999999999 440 121644 1099999999999999
 22 19 16 13 10  8  8 10 13 17 20 22 22 21 19 16 14 13 13 14 17 21 24 26201211MZ1133 222314 2699999999999999 539  81739 1399999999999999
 25 22 18 14  9  6  4  4  6 11 16 20 23 24 23 21 18 17 16 16 17 21 24 27201212MZ1254 242349 2899999999999999 633  41830 1699999999999999
 28 26 23 17 11  6  2  0  0  4  9 15 20 24 25 24 22 20 19 18 18 20 24 28201213MZ14 4 25999999999999999999999 725  01917 1899999999999999
 30 30 27 22 16  9  3 -1 -3 -2  2  8 15 21 24 26 25 23 21 20 20 20 23 27201214MZ 029 3015 4 2699999999999999 816 -31959 2099999999999999
 30 32 31 28 22 15  7  1 -3 -5 -4  1  8 15 21 24 25 25 23 22 21 21 22 25201215MZ 113 321559 2599999999999999 9 7 -52039 2199999999999999
 29 32 33 32 27 21 13  6  0 -4 -6 -4  2  9 16 21 24 24 23 22 21 21 21 23201216MZ 159 331650 2499999999999999 957 -62115 2199999999999999
 26 29 32 33 31 26 19 12  5  0 -4 -5 -2  3 10 16 20 22 23 22 21 20 20 21201217MZ 246 331741 23999999999999991047 -52148 2099999999999999
 22 25 29 31 31 29 24 17 11  5  0 -3 -3 -1  5 10 15 19 21 21 20 20 19 19201218MZ 334 311832 21999999999999991136 -42225 1999999999999999
 20 22 24 27 29 28 26 21 15  9  5  1 -1 -1  2  6 11 15 18 19 19 19 18 18201219MZ 421 291927 19999999999999991225 -12337 1899999999999999
 18 19 20 22 24 25 25 22 18 13  9  5  2  1  2  4  8 12 15 17 18 18 17 17201220MZ 5 8 252022 18999999999999991312  1999999999999999999999
 17 17 17 18 19 21 21 21 19 15 12  9  6  4  4  4  7 10 13 15 17 17 17 16201221MZ 559 2121 8 1799999999999999 1 6 171359  499999999999999
 16 15 15 14 15 16 17 17 17 16 14 11  9  7  6  6  7  9 11 14 16 17 17 16201222MZ 7 4 172139 1799999999999999 238 141443  699999999999999
 15 14 13 12 12 12 13 14 14 14 14 13 11 10  9  8  8  9 11 13 15 17 17 17201223MZ 839 1522 3 1799999999999999 4 7 121525  899999999999999
 16 14 12 11  9  9  9 10 11 12 13 13 13 12 11 11 10 11 12 13 15 17 18 18201224MZ1043 132224 1899999999999999 514  916 4 1099999999999999
 17 15 12 10  8  6  6  6  8 10 12 13 14 14 13 13 12 12 13 14 16 18 19 19201225MZ1234 142246 1999999999999999 558  61643 1299999999999999
 18 16 14 10  7  5  3  3  4  7 10 12 14 15 15 15 14 14 14 15 16 18 20 21201226MZ1344 152312 2199999999999999 634  31723 1499999999999999
 20 19 16 12  8  4  2  1  1  4  7 10 13 15 16 16 16 15 15 15 16 18 20 22201227MZ1429 162343 2299999999999999 7 7  118 2 1599999999999999
 22 21 18 14 10  5  1 -1 -1  0  4  8 12 15 17 17 17 16 16 15 16 18 20 22201228MZ15 3 17999999999999999999999 741 -11840 1599999999999999
 24 23 21 17 12  7  2 -1 -3 -3  0  4  9 13 16 18 18 17 16 16 16 17 19 22201229MZ 017 241533 1899999999999999 818 -31916 1699999999999999
 24 25 24 20 16 10  4 -1 -4 -5 -3  0  6 11 15 17 18 17 16 16 15 16 18 20201230MZ 055 2516 5 1899999999999999 856 -51948 1599999999999999
 23 25 25 23 19 14  7  2 -3 -6 -6 -4  1  7 12 15 17 17 16 15 15 15 16 18201231MZ 134 261640 1799999999999999 937 -62013 1599999999999999
