 77 74 63 48 32 20 14 17 26 38 51 61 67 68 63 54 41 30 23 23 28 39 50 6120 1 1N5 0 5 771242 6899999999999999 610 141834 2299999999999999
 68 69 65 56 43 30 22 19 23 32 42 52 59 63 62 57 49 39 31 27 27 32 39 4820 1 2N5 050 701322 6399999999999999 650 191927 2699999999999999
 56 62 63 59 51 40 31 25 24 28 36 44 51 56 59 58 54 48 40 34 30 29 31 3720 1 3N5 146 631419 5999999999999999 738 242043 2999999999999999
 44 51 56 59 56 50 41 34 29 28 31 36 43 49 54 58 58 55 50 43 36 30 28 2820 1 4N5 258 591539 5899999999999999 841 282216 2899999999999999
 33 39 47 54 57 57 52 44 37 31 29 31 35 41 48 55 59 61 59 53 45 36 28 2420 1 5N5 421 581659 619999999999999910 1 292332 2399999999999999
 23 28 35 45 54 59 60 56 48 38 31 28 28 33 40 49 58 64 67 64 56 45 32 2320 1 6N5 538 6018 0 67999999999999991119 27999999999999999999999
 17 18 23 34 46 57 65 66 60 50 38 28 24 25 31 41 53 64 72 73 68 57 41 2620 1 7N5 640 661847 7499999999999999 027 171219 2399999999999999
 15 10 12 21 35 50 64 72 72 64 50 35 23 18 21 30 44 59 72 80 80 71 55 3620 1 8N5 731 731931 8199999999999999 111 1013 8 1899999999999999
 18  6  3  8 21 38 57 72 80 77 65 47 28 16 12 18 32 49 67 81 88 85 71 5020 1 9N5 817 802013 8899999999999999 152  31351 1299999999999999
 27  9 -2 -2  7 24 45 65 81 87 80 63 40 20  8  8 18 36 56 76 90 94 87 6920 110N5 859 872055 9499999999999999 232 -41432  699999999999999
 44 18  0 -9 -5  9 29 52 74 88 91 79 57 32 11  2  5 20 41 63 83 95 97 8620 111N5 941 922139 9899999999999999 312 -91513  199999999999999
 63 35 10 -7-12 -4 13 36 61 81 93 91 74 48 22  4 -2  6 24 47 69 88 98 9620 112N51021 942223 9999999999999999 352-121554 -299999999999999
 81 56 27  3-11-11  0 20 44 68 86 93 86 66 39 14  0 -2 10 29 51 73 89 9620 113N511 2 9323 8 9699999999999999 433-131635 -399999999999999
 91 74 48 21  0-10 -7  7 28 51 72 87 89 78 56 30  9 -1  2 15 34 54 73 8620 114N51142 902355 9099999999999999 514-101717 -199999999999999
 90 83 65 41 17  0 -5  1 16 36 57 74 84 82 69 48 25  9  2  7 20 37 54 6920 115N51223 85999999999999999999999 557 -518 2  299999999999999
 79 82 74 57 36 17  4  3 10 25 42 59 72 78 74 61 42 24 12  8 13 24 38 5120 116N5 044 8213 7 7899999999999999 641  21852  899999999999999
 63 71 72 65 51 34 20 11 11 19 32 46 59 68 71 67 56 41 26 17 14 18 26 3620 117N5 140 731357 7199999999999999 729 101953 1499999999999999
 46 55 62 64 59 49 36 25 19 19 25 35 46 56 64 66 63 55 43 31 22 19 20 2520 118N5 248 6415 0 6699999999999999 827 182113 1999999999999999
 32 40 48 55 58 57 50 41 31 25 24 28 35 44 53 61 65 64 58 48 36 27 21 1920 119N5 415 591620 6599999999999999 942 242254 1999999999999999
 21 26 34 42 51 57 59 55 46 36 28 25 27 33 42 51 60 66 68 63 53 40 28 2020 120N5 547 591743 689999999999999911 9 25999999999999999999999
 16 16 21 29 40 52 61 64 61 51 38 28 22 23 29 40 52 64 72 74 68 56 41 2620 121N5 7 0 641848 7499999999999999 021 151222 2199999999999999
 15 10 11 18 28 42 57 68 71 66 53 37 23 16 18 27 41 56 69 78 80 72 57 3820 122N5 755 711940 8099999999999999 120 101318 1699999999999999
 21  9  5  8 17 31 48 64 76 77 68 50 31 16 10 15 28 45 62 77 85 84 72 5320 123N5 839 782024 8699999999999999 2 5  514 3 1099999999999999
 32 13  2  1  7 21 38 57 73 82 80 65 44 22  8  6 15 31 51 70 84 89 84 6820 124N5 917 8321 2 8999999999999999 242  01443  599999999999999
 46 23  5 -3  0 11 28 47 67 81 85 77 58 33 13  2  5 18 38 60 78 89 90 8020 125N5 952 862137 9199999999999999 315 -31519  299999999999999
 60 35 13 -1 -4  3 18 38 58 75 85 83 69 46 22  5  0  8 25 47 68 83 90 8620 126N51023 862210 9199999999999999 346 -51553  099999999999999
 71 48 23  4 -4 -2 11 29 48 67 80 84 76 57 33 12  1  2 15 34 56 74 86 8820 127N51050 842241 8899999999999999 415 -51625  099999999999999
 78 59 35 13  0 -3  5 21 40 58 73 80 77 64 44 22  6  1  8 23 43 62 77 8420 128N51115 812311 8499999999999999 443 -31656  199999999999999
 80 67 46 24  7 -1  3 15 32 50 65 74 76 67 51 32 15  5  6 16 32 50 66 7620 129N51138 762343 7899999999999999 510 -11727  499999999999999
 78 70 54 34 16  5  4 11 26 42 57 67 71 68 56 40 24 12  8 12 23 38 53 6520 130N512 1 71999999999999999999999 538  31759  899999999999999
 71 69 59 44 27 13  8 11 21 35 49 60 66 66 59 47 33 21 14 14 19 30 42 5320 131N5 017 711227 6799999999999999 6 8  81835 1399999999999999
 61 64 60 50 37 24 15 14 19 30 41 52 59 62 59 52 42 31 23 19 19 25 32 4120 2 1N5 056 6413 0 6299999999999999 642 131921 1899999999999999
 50 55 57 53 45 34 25 20 21 26 35 44 52 56 57 55 49 41 33 27 23 23 27 3220 2 2N5 147 571348 5799999999999999 724 202030 2399999999999999
 38 45 49 51 49 44 37 30 26 27 31 37 43 49 53 55 54 50 45 38 31 26 24 2520 2 3N5 3 0 511512 5599999999999999 825 262214 2499999999999999
 28 33 39 45 50 50 48 42 36 31 30 31 35 40 46 51 55 57 56 50 42 34 26 2120 2 4N5 444 5017 2 579999999999999910 3 302351 2099999999999999
 20 22 28 36 45 52 56 55 49 41 33 28 27 30 36 44 53 60 64 63 57 46 33 2220 2 5N5 617 561820 65999999999999991147 27999999999999999999999
 14 12 15 24 35 48 59 64 63 55 43 31 22 20 24 33 45 58 69 74 72 62 46 2920 2 6N5 719 651916 7499999999999999 054 121252 2099999999999999
 14  5  3 10 22 39 55 69 75 71 58 40 23 13 11 19 32 49 66 79 84 80 65 4320 2 7N5 8 7 7520 5 8499999999999999 140  31341 1199999999999999
 21  3 -5 -4  7 25 45 66 80 84 75 56 33 13  3  4 16 34 55 75 89 93 85 6420 2 8N5 849 842050 9399999999999999 221 -61423  299999999999999
 37 11 -7-14 -8  8 30 55 77 90 90 74 49 22  1 -7 -1 16 39 63 84 98 99 8520 2 9N5 929 92213510099999999999999 3 1-1415 4 -799999999999999
 59 28  1-16-18 -7 14 39 66 87 97 90 68 38 10 -9-12 -2 19 44 70 91102 9920 210N510 7 97221810399999999999999 340-191544-1399999999999999
 80 50 18 -7-20-17 -1 23 50 76 94 97 84 58 26 -1-14-13  2 25 50 75 9410120 211N51044 9823 010199999999999999 418-201624-1699999999999999
 93 71 40 10-11-18-10  9 34 60 82 95 92 74 45 16 -6-14 -8  8 31 55 76 9120 212N51121 962343 9499999999999999 456-1817 3-1499999999999999
 94 82 59 30  5 -9-10  1 21 45 67 84 90 82 62 35 10 -6 -9  0 16 37 57 7320 213N51157 90999999999999999999999 534-121744 -999999999999999
 83 82 69 48 24  6 -3  1 14 33 52 70 80 81 70 51 29 10  0  1 10 24 40 5420 214N5 026 841234 8299999999999999 612 -31827 -199999999999999
 66 72 69 58 41 23 11  8 13 26 41 56 67 73 70 60 45 28 15  9 11 18 28 3920 215N5 111 721313 7399999999999999 652  81916  999999999999999
 49 56 60 58 50 38 27 20 19 24 33 44 54 61 64 62 54 44 32 23 19 19 23 2920 216N5 2 7 6014 3 6499999999999999 739 182024 1999999999999999
 35 42 47 50 51 47 41 34 29 28 30 36 43 49 55 58 58 54 48 40 32 27 24 2420 217N5 338 511530 5899999999999999 850 272226 2499999999999999
 26 30 34 40 46 50 51 48 42 36 32 31 33 38 44 50 56 59 59 55 47 38 30 2420 218N5 543 511727 59999999999999991047 31999999999999999999999
 21 21 24 29 38 47 55 58 56 48 38 30 26 27 32 40 50 58 65 66 62 52 40 2820 219N5 7 4 581846 6699999999999999 035 211222 2699999999999999
 20 15 15 20 29 41 54 64 67 62 50 36 24 18 20 28 40 53 65 73 74 66 53 3720 220N5 753 671937 7499999999999999 129 141316 1899999999999999
 22 12  8 11 20 33 49 64 73 73 63 46 28 15 10 16 28 44 61 74 81 79 67 4920 221N5 830 752017 8199999999999999 2 3  81356 1099999999999999
 29 13  4  4 11 24 42 60 74 81 75 59 37 17  5  5 15 33 52 70 83 86 79 6220 222N5 9 3 812051 8699999999999999 232  31431  399999999999999
 39 18  3 -2  3 16 33 53 71 83 83 71 49 24  5 -2  4 20 41 62 79 89 87 7420 223N5 932 852123 9099999999999999 259 -215 3 -299999999999999
 52 27  7 -4 -3  8 25 45 65 80 86 79 60 35 11 -3 -4  8 28 51 72 86 91 8320 224N5 958 862153 9199999999999999 325 -51534 -599999999999999
 64 38 14 -2 -6  1 17 37 58 75 85 83 69 45 20  1 -7 -1 16 38 61 79 89 8720 225N51022 862222 9099999999999999 351 -616 3 -799999999999999
 73 50 24  4 -6 -3 10 29 50 69 81 84 74 55 30  8 -4 -5  7 26 48 69 83 8720 226N51044 842250 8799999999999999 416 -61632 -699999999999999
 79 60 35 13 -2 -4  5 22 42 61 76 81 77 61 40 18  2 -4  2 16 36 56 73 8220 227N511 4 812319 8299999999999999 441 -41659 -499999999999999
 80 67 46 23  6 -1  3 17 35 54 69 77 76 66 48 28 11  1  2 11 27 45 61 7320 228N51125 782350 7699999999999999 5 6 -11727  099999999999999
 76 69 54 34 16  5  5 14 29 46 61 71 73 67 54 37 21 10  6 10 21 35 49 6220 229N51147 73999999999999999999999 533  41758  699999999999999
 68 67 58 43 27 15 10 14 25 39 53 63 68 66 58 45 32 20 13 13 18 28 39 5020 3 1N5 022 691213 6899999999999999 6 2 101833 1299999999999999
 58 61 58 49 37 26 19 18 24 34 46 55 61 62 59 51 42 32 24 20 20 25 32 3920 3 2N5 1 1 611246 6399999999999999 637 171923 1999999999999999
 46 51 53 51 45 37 30 26 27 31 39 47 53 56 57 54 50 43 36 30 26 25 27 3020 3 3N5 157 531342 5799999999999999 724 262051 2599999999999999
 35 40 45 48 49 47 43 38 34 33 35 38 43 47 51 54 55 54 50 44 37 30 26 2420 3 4N5 347 4916 5 5599999999999999 853 3323 8 2499999999999999
 25 28 34 41 47 52 54 51 46 40 34 32 32 35 41 48 55 60 62 60 52 42 30 2120 3 5N5 555 5418 0 62999999999999991121 32999999999999999999999
 16 16 21 29 40 52 61 64 61 52 41 30 23 22 27 36 48 60 70 74 70 59 43 2620 3 6N5 7 3 6419 4 7499999999999999 032 151239 2299999999999999
 12  6  7 15 29 45 61 73 76 69 54 35 20 11 11 20 35 53 69 82 86 79 62 3920 3 7N5 750 761954 8699999999999999 121  51327 1099999999999999
 17  1 -5  0 13 33 54 74 86 85 72 49 25  6 -2  2 17 37 60 80 94 96 84 6020 3 8N5 830 872039 9799999999999999 2 2 -514 9 -299999999999999
 31  5-10-13 -3 17 41 66 87 96 90 69 40 11 -7-12 -3 17 43 69 91104101 8320 3 9N5 9 7 96212210599999999999999 241-141448-1299999999999999
 53 20 -5-18-15  1 25 53 79 98102 88 60 26 -2-18-17 -2 22 50 77 9910810020 310N5 94410322 410899999999999999 319-191527-1999999999999999
 76 42 10-13-20-11  9 37 65 90104100 80 47 13-12-22-16  3 29 57 8310110520 311N51020104224510599999999999999 356-2016 6-2299999999999999
 92 65 31  2-14-15 -1 22 49 76 95102 92 67 34  4-15-19 -8 12 36 62 84 9720 312N510551022325 9899999999999999 432-171645-1999999999999999
 95 79 52 22  0 -9 -4 12 36 60 81 94 94 79 53 24  1-11-10  3 22 43 64 8020 313N51128 96999999999999999999999 5 8 -91723-1299999999999999
 87 81 65 41 19  4  1 10 27 47 66 81 87 81 65 43 20  5 -1  3 15 30 47 6120 314N5 0 5 8712 2 8799999999999999 544  118 3 -199999999999999
 71 73 67 53 35 20 12 14 23 38 54 67 75 76 68 55 38 23 13 11 16 25 35 4620 315N5 047 731236 7699999999999999 620 121847 1199999999999999
 55 60 60 55 46 35 27 23 26 34 44 54 62 66 65 59 50 39 30 24 23 26 31 3620 316N5 136 611319 6699999999999999 7 3 231946 2399999999999999
 42 46 49 51 50 46 41 36 33 34 38 44 50 54 57 57 56 51 45 39 34 31 30 3120 317N5 3 7 511446 5799999999999999 811 332155 3099999999999999
 33 35 39 43 48 51 51 48 44 39 37 37 39 42 47 52 56 58 57 53 47 40 34 3020 318N5 534 521716 58999999999999991035 36999999999999999999999
 27 27 29 35 42 51 57 59 56 49 40 33 30 31 36 43 52 60 65 65 60 51 41 3120 319N5 652 591835 6599999999999999 033 271215 3099999999999999
 24 21 22 27 36 48 59 67 67 60 48 35 25 21 24 32 44 57 67 73 72 64 51 3620 320N5 735 681922 7499999999999999 117 2013 3 2199999999999999
 24 16 15 19 29 42 57 70 76 72 59 41 25 14 13 20 34 50 65 77 81 76 63 4420 321N5 8 8 761958 8199999999999999 144 141339 1299999999999999
 27 14  9 12 21 35 52 69 80 81 71 52 30 13  5  8 21 40 59 76 85 85 75 5620 322N5 837 822030 8799999999999999 2 8  91411  599999999999999
 34 16  5  5 13 28 46 65 80 86 80 63 39 17  2  0  9 27 49 70 85 91 85 6820 323N5 9 3 8621 1 9199999999999999 232  41441 -199999999999999
 44 21  6  0  6 20 39 59 77 87 87 73 50 25  4 -5 -1 15 37 60 80 92 92 7920 324N5 927 892130 9399999999999999 257  01510 -599999999999999
 56 31 10 -1  1 13 31 52 72 86 90 81 60 35 11 -4 -6  5 24 48 71 87 94 8720 325N5 949 902159 9499999999999999 322 -21539 -799999999999999
 67 42 18  2 -2  7 24 45 66 82 89 85 69 45 20  1 -7 -2 14 35 59 79 90 9020 326N51010 902228 9299999999999999 346 -216 6 -799999999999999
 76 53 28  8 -1  3 17 37 58 76 87 87 75 55 30  9 -3 -3  7 25 46 67 83 8820 327N51031 882257 8899999999999999 411 -11633 -599999999999999
 81 63 40 18  5  3 13 30 50 69 82 85 79 63 41 20  5 -1  4 18 36 55 72 8120 328N51053 862327 8399999999999999 437  217 1 -199999999999999
 81 69 50 29 13  7 11 25 43 61 74 81 79 68 51 31 15  6  6 14 28 44 60 7120 329N51116 812359 7699999999999999 5 5  71730  599999999999999
 76 71 58 41 25 15 14 22 37 52 66 74 76 70 58 42 27 17 12 15 24 36 49 6020 330N51142 76999999999999999999999 534 1318 5 1299999999999999
 66 67 61 50 37 26 21 24 33 45 57 66 69 68 62 52 40 29 22 20 23 30 39 4820 331N5 036 681213 7099999999999999 6 9 211853 2099999999999999
 55 59 59 55 47 38 32 29 32 39 48 56 61 62 61 57 51 43 36 30 27 28 32 3720 4 1N5 128 6013 6 6299999999999999 656 292015 2799999999999999
 43 49 53 54 54 50 45 40 37 37 40 45 49 53 56 58 59 57 51 44 37 31 28 2820 4 2N5 313 551540 5999999999999999 825 372226 2799999999999999
 31 36 42 49 55 59 58 54 47 41 36 35 36 40 47 54 61 66 66 62 52 41 30 2220 4 3N5 523 591739 67999999999999991057 352358 2099999999999999
 20 22 29 40 51 62 68 69 62 51 38 28 24 25 32 43 55 68 77 79 72 58 40 2420 4 4N5 633 691844 79999999999999991217 23999999999999999999999
 13 10 15 26 42 58 73 81 79 67 49 30 16 10 14 26 43 61 78 89 90 79 59 3520 4 5N5 720 811935 9199999999999999 052 1013 5 1099999999999999
 14  2  1 11 28 49 70 86 93 86 67 41 17  2 -2  7 24 46 70 90101 98 81 5420 4 6N5 8 1 93202010299999999999999 134  01347 -299999999999999
 26  3 -7 -3 12 34 59 83 99101 87 61 29  3-11-10  4 26 53 79100109101 7820 4 7N5 83910221 410999999999999999 214 -71427-1299999999999999
 46 15 -5-11 -2 18 45 72 95107103 82 50 16 -8-18-12  6 32 60 87106110 9720 4 8N5 916108214611199999999999999 252-1115 6-1899999999999999
 70 36  7 -9 -9  5 29 57 84103110 98 72 37  6-14-18 -8 13 40 67 9210610520 4 9N5 952110222710899999999999999 330-111546-1999999999999999
 88 58 27  2 -7 -2 16 42 69 92106105 88 59 27  0-13-12  1 23 47 72 9210020 410N5102710723 710199999999999999 4 7 -71625-1599999999999999
 95 75 47 21  4  0 10 30 54 77 94101 94 75 47 20  1 -6 -1 13 32 54 73 8620 411N511 21012347 9099999999999999 444  017 4 -699999999999999
 90 81 62 39 20 10 12 24 42 62 79 90 91 81 62 40 20  8  6 12 25 41 56 6920 412N51135 91999999999999999999999 520  91744  599999999999999
 77 77 68 53 36 24 20 24 36 51 65 76 81 78 69 54 38 25 18 18 24 34 45 5520 413N5 029 781211 8199999999999999 558 201828 1799999999999999
 62 66 65 59 49 39 31 30 35 43 54 63 69 71 68 61 52 41 33 29 29 33 39 4520 414N5 118 661255 7199999999999999 643 301924 2999999999999999
 50 55 57 58 55 50 44 40 38 41 45 51 57 60 62 62 59 54 47 41 37 36 37 3920 415N5 242 581425 6399999999999999 753 3821 7 3699999999999999
 41 45 49 53 56 58 56 51 46 42 41 42 45 49 54 59 62 62 60 54 48 42 37 3520 416N5 452 581641 629999999999999910 5 412335 3599999999999999
 35 37 41 47 54 60 64 62 56 48 40 35 34 38 44 52 60 66 69 66 59 50 41 3420 417N5 612 641759 69999999999999991143 34999999999999999999999
 30 30 33 40 49 60 68 71 67 58 45 34 27 26 32 42 54 66 73 76 71 61 47 3520 418N5 658 711848 7699999999999999 032 291233 2699999999999999
 27 24 26 33 44 57 69 76 77 68 54 37 24 18 21 31 45 61 74 82 81 72 57 4120 419N5 732 781926 8299999999999999 1 4 241310 1899999999999999
 27 19 19 26 37 52 67 79 83 79 64 44 26 13 11 19 34 52 70 83 88 83 69 5020 420N5 8 1 8320 0 8899999999999999 131 181343 1199999999999999
 31 18 14 18 30 46 63 78 87 86 75 55 32 14  5  8 21 41 62 80 91 92 81 6120 421N5 827 882033 9399999999999999 157 131414  599999999999999
 39 20 11 12 22 39 57 75 88 92 84 65 41 19  4  2 11 28 51 73 89 96 90 7320 422N5 851 9221 4 9699999999999999 224 101443  199999999999999
 50 27 12  8 15 31 50 70 86 94 91 76 52 28  8 -1  3 17 38 62 82 95 96 8420 423N5 914 942135 9899999999999999 250  81512 -199999999999999
 62 37 17  7 10 23 42 63 82 93 95 84 64 38 16  2  0  9 27 49 72 89 97 9220 424N5 937 9622 6 9799999999999999 317  71541 -199999999999999
 74 50 26 11  8 17 34 55 75 90 96 90 73 50 26  9  1  5 18 38 60 79 92 9420 425N510 2 962237 9599999999999999 344  81610  199999999999999
 83 62 38 19 11 14 27 46 66 83 92 92 81 61 39 19  7  5 13 29 48 67 83 9020 426N51028 932310 9099999999999999 413 101640  599999999999999
 86 72 51 31 18 15 23 39 57 74 86 90 84 70 51 32 17 10 13 23 38 55 71 8120 427N51055 902345 8499999999999999 444 151714 1099999999999999
 83 76 62 44 29 21 23 33 48 64 77 83 83 75 62 46 30 20 17 21 31 44 58 6920 428N51127 84999999999999999999999 518 201754 1799999999999999
 76 75 68 55 42 31 27 31 42 54 66 74 77 75 68 58 45 34 26 24 28 36 47 5720 429N5 027 7612 7 7799999999999999 558 271848 2499999999999999
 65 69 68 63 54 44 37 35 38 46 54 62 68 70 70 66 59 49 40 33 30 31 37 4420 430N5 125 691319 7099999999999999 652 3420 8 3099999999999999
 52 59 64 66 63 58 50 43 39 40 44 49 55 61 65 68 69 65 57 47 38 32 30 3320 5 1N5 257 661534 6999999999999999 823 392151 3099999999999999
 39 47 55 63 68 69 65 57 47 40 36 37 40 47 55 64 72 76 74 65 53 40 30 2520 5 2N5 439 691711 76999999999999991024 362315 2599999999999999
 27 33 43 55 67 75 78 73 62 48 35 27 26 31 40 53 67 79 86 83 73 56 38 2420 5 3N5 550 781817 86999999999999991143 26999999999999999999999
 18 20 29 44 60 75 86 88 79 63 43 26 15 15 22 37 55 73 89 96 92 77 54 3220 5 4N5 642 881910 9699999999999999 014 181235 1499999999999999
 16 10 15 29 48 68 86 97 96 83 60 34 14  4  6 18 37 59 81 98104 97 77 5020 5 5N5 726 98195810499999999999999 1 1 101320  399999999999999
 24  8  5 15 33 56 79 98106101 81 52 24  3 -5  1 18 40 66 89106109 97 7220 5 6N5 8 8106204411099999999999999 143  514 3 -599999999999999
 42 17  4  5 19 41 66 90107111100 75 43 14 -4 -8  2 21 46 73 96110109 9220 5 7N5 847112212811299999999999999 225  21445 -899999999999999
 64 34 12  3  9 27 51 77 99112111 94 65 33  7 -6 -6  7 28 53 79 9910910420 5 8N5 926113221010999999999999999 3 5  31527 -899999999999999
 84 55 28 10  7 17 37 61 85103111104 84 55 27  6 -3  2 16 37 60 82 9810320 5 9N510 3111225210399999999999999 344  616 8 -399999999999999
 94 73 47 25 13 14 27 48 70 90103105 94 73 47 24  9  5 12 27 46 65 83 9320 510N510401052333 9599999999999999 424 121649  599999999999999
 94 83 64 42 26 19 24 38 57 75 90 97 95 83 64 43 25 16 16 24 37 52 67 7920 511N51117 97999999999999999999999 5 3 191730 1599999999999999
 85 83 73 57 41 30 28 34 47 62 76 85 88 84 73 58 42 30 25 27 34 45 56 6620 512N5 016 861157 8899999999999999 544 271814 2599999999999999
 74 77 74 66 54 43 36 36 42 52 63 72 78 79 76 67 56 45 37 34 35 41 49 5620 513N5 1 3 771246 7999999999999999 631 3519 6 3499999999999999
 63 68 70 68 63 55 47 42 42 46 52 60 66 71 73 71 66 58 49 43 40 41 44 4920 514N5 2 7 7014 3 7399999999999999 735 422017 4099999999999999
 54 59 63 66 67 64 58 52 46 44 45 49 55 61 66 70 71 67 61 54 47 43 42 4320 515N5 339 671541 7199999999999999 911 442154 4299999999999999
 46 51 56 62 67 69 68 62 54 47 42 40 43 49 57 65 71 74 71 65 56 48 42 3920 516N5 5 5 6917 1 74999999999999991047 402316 3999999999999999
 40 44 50 57 65 72 74 72 64 53 43 36 34 38 46 57 68 76 79 76 67 56 45 3820 517N5 6 2 741759 79999999999999991149 34999999999999999999999
 35 36 42 51 62 72 78 80 74 63 49 36 28 27 34 46 61 74 82 84 79 67 53 4020 518N5 643 801845 8499999999999999 0 7 351233 2799999999999999
 32 30 35 44 57 69 80 86 84 73 57 40 27 21 24 34 50 67 81 89 88 79 63 4620 519N5 716 861925 9099999999999999 045 301310 2099999999999999
 33 26 28 37 50 65 79 89 91 84 68 48 30 18 16 23 38 57 76 90 95 90 76 5620 520N5 745 9120 2 9599999999999999 117 261344 1599999999999999
 38 26 23 29 42 59 76 89 96 92 79 59 38 20 12 15 27 45 66 85 97 98 88 6920 521N5 812 962037 9999999999999999 148 231416 1299999999999999
 47 30 21 23 34 51 70 86 97 99 90 71 48 27 13 10 17 33 54 76 93101 97 8220 522N5 840100211210299999999999999 219 201447 1099999999999999
 60 38 23 19 26 42 61 81 95102 98 83 61 37 19 10 11 23 42 64 84 99102 9320 523N5 9 9102214710399999999999999 250 191519  999999999999999
 74 50 30 20 21 33 52 72 90101102 93 74 50 29 14 10 16 31 51 73 91101 9920 524N5 939103222210199999999999999 322 191553 1099999999999999
 85 64 42 25 20 27 42 61 80 95102 99 85 65 42 24 14 14 24 40 60 79 93 9820 525N5101210223 0 9899999999999999 356 201628 1399999999999999
 93 77 55 36 25 24 34 51 69 85 96 98 92 77 57 38 23 17 20 31 47 65 81 9120 526N51048 992340 9499999999999999 432 2317 8 1799999999999999
 93 85 69 50 34 28 31 42 58 73 86 93 93 85 71 53 37 26 22 27 38 53 68 8020 527N51130 94999999999999999999999 511 271754 2299999999999999
 87 87 78 63 48 36 32 37 48 61 73 82 87 87 80 68 53 39 30 28 32 42 55 6720 528N5 026 881224 8899999999999999 557 321849 2899999999999999
 77 82 82 74 62 49 40 37 41 49 60 69 77 82 82 78 69 56 44 35 32 35 43 5420 529N5 123 831342 8399999999999999 654 371957 3299999999999999
 64 73 79 80 74 64 53 44 40 41 47 55 63 71 78 82 80 73 61 49 39 34 36 4220 530N5 235 801515 8299999999999999 813 402116 3499999999999999
 51 62 72 79 81 78 68 56 46 39 37 41 48 57 67 77 84 85 79 67 52 40 33 3320 531N5 353 821638 8599999999999999 947 372231 3299999999999999
 39 49 61 74 83 87 83 73 59 44 34 30 33 41 53 66 80 89 91 85 71 54 39 3020 6 1N5 5 3 871746 919999999999999911 5 302334 2999999999999999
 29 36 49 64 79 90 94 90 77 58 40 27 22 25 36 51 68 84 95 98 90 73 53 3520 6 2N5 6 1 941845 989999999999999912 5 22999999999999999999999
 25 26 35 51 69 86 98102 95 78 55 34 19 15 20 33 52 72 90102104 93 73 4920 6 3N5 652102193810599999999999999 027 241255 1499999999999999
 30 21 24 37 55 76 95107108 97 76 50 26 12 10 18 34 55 77 96108107 93 6920 6 4N5 738109202710999999999999999 115 211343  999999999999999
 44 26 19 25 41 62 84103113111 96 71 43 20  8  9 20 38 60 83102111107 8920 6 5N5 822114211411199999999999999 2 1 191428  799999999999999
 64 39 22 19 28 47 70 92109116110 91 64 37 17  8 11 25 44 66 8810511110320 6 6N5 9 5116215811199999999999999 245 191513  899999999999999
 83 57 34 21 22 35 55 77 98111114105 84 57 33 16 11 18 32 52 73 9210510720 6 7N5 946115224010899999999999999 327 201555 1199999999999999
 96 75 51 32 23 28 42 63 83100110109 97 76 51 31 19 18 26 41 59 78 9310220 6 8N51026111232110399999999999999 4 8 231637 1799999999999999
100 87 67 46 31 28 35 51 69 87100105101 88 68 47 31 24 26 36 50 66 81 9220 6 9N511 5105999999999999999999999 449 281717 2499999999999999
 96 91 78 60 44 34 34 43 58 73 87 96 98 92 79 62 45 34 31 35 44 57 70 8120 610N5 0 0 961146 9899999999999999 530 331757 3199999999999999
 88 89 83 71 56 44 38 41 49 62 74 84 90 90 84 73 59 46 38 37 42 51 62 7120 611N5 040 891232 9199999999999999 614 381839 3799999999999999
 79 83 82 76 66 55 47 43 46 53 63 72 80 84 84 79 69 58 48 43 43 48 55 6320 612N5 125 831328 8599999999999999 7 5 431929 4299999999999999
 70 76 79 78 73 65 57 50 47 48 53 60 69 76 80 81 76 69 59 51 47 47 50 5620 613N5 221 791437 8199999999999999 813 462031 4699999999999999
 63 69 74 77 77 73 67 59 52 47 47 50 57 65 73 78 80 77 70 61 53 49 48 5020 614N5 332 771551 8099999999999999 937 462145 4799999999999999
 55 61 68 74 78 79 76 69 60 51 45 43 46 53 63 72 79 82 79 72 63 54 48 4620 615N5 443 7917 0 82999999999999991053 432256 4699999999999999
 48 54 62 70 77 82 83 79 70 59 48 40 38 42 51 63 75 83 86 83 74 63 52 4520 616N5 540 831759 86999999999999991150 382351 4399999999999999
 43 47 54 64 75 83 88 88 81 69 54 42 34 34 40 52 66 80 89 91 86 75 61 4820 617N5 624 891849 91999999999999991235 33999999999999999999999
 41 41 46 57 69 82 91 95 91 80 64 48 35 29 31 40 55 72 86 95 96 87 73 5620 618N5 7 1 951933 9699999999999999 036 401315 2999999999999999
 43 37 39 48 62 77 90 99100 92 76 57 40 28 25 30 44 61 79 94101 98 86 6820 619N5 736100201410299999999999999 115 371351 2599999999999999
 50 37 34 39 52 69 86 99105102 90 70 49 32 22 23 32 49 69 88101106 99 8220 620N5 811105205310699999999999999 152 341427 2199999999999999
 61 43 32 32 42 59 78 95106109102 85 62 41 25 19 24 37 56 77 95107107 9620 621N5 847109213310999999999999999 229 3115 4 1999999999999999
 76 53 36 29 33 47 66 86102111110 98 78 54 34 21 19 27 43 63 8410111010620 622N5 926112221211099999999999999 3 6 291542 1899999999999999
 90 68 46 31 28 37 54 73 92106112108 93 71 47 29 19 21 32 50 71 9010510920 623N510 6112225310999999999999999 344 281621 1999999999999999
101 83 60 40 29 31 42 60 79 96107110103 87 65 43 27 21 25 38 57 76 9410520 624N51050111233510699999999999999 424 2917 4 2199999999999999
105 95 75 54 37 30 35 47 65 82 96105106 98 81 60 41 28 25 31 45 62 80 9420 625N51138107999999999999999999999 5 6 301749 2599999999999999
102100 88 69 50 37 33 39 52 67 81 93101101 93 77 59 42 32 30 37 50 66 8120 626N5 019102123310299999999999999 553 331839 3099999999999999
 93 98 95 83 66 50 39 37 42 53 66 78 89 95 96 89 76 59 45 36 36 42 54 6820 627N5 1 8 981335 9799999999999999 647 371934 3599999999999999
 81 90 95 91 81 66 52 42 40 44 52 63 74 84 91 93 88 76 62 49 41 40 46 5620 628N5 2 4 951447 9399999999999999 752 402038 3999999999999999
 68 80 89 93 91 81 68 55 45 41 42 49 58 69 80 88 92 89 79 66 53 44 42 4720 629N5 3 8 9316 4 9299999999999999 910 402147 4299999999999999
 56 68 80 89 94 93 85 71 57 45 39 39 44 53 65 77 88 93 92 83 70 56 46 4220 630N5 417 951719 94999999999999991030 382257 4299999999999999
 46 55 68 81 92 98 98 89 75 58 44 36 34 40 50 63 77 90 97 97 88 72 56 4520 7 1N5 524 991827 98999999999999991140 34999999999999999999999
 40 44 55 69 84 97104103 93 76 57 41 31 30 36 48 63 79 94102102 91 73 5520 7 2N5 624105192610399999999999999 0 0 401240 2999999999999999
 42 37 43 56 72 89103110108 96 76 54 37 27 27 34 48 66 84100108106 92 7120 7 3N5 717111201810999999999999999 056 371333 2699999999999999
 51 38 35 42 58 77 95110116111 96 73 50 32 24 25 35 51 71 90106113107 9020 7 4N5 8 611621 511399999999999999 146 341420 2399999999999999
 67 46 33 33 44 62 83102115119111 93 68 45 28 22 27 39 57 77 9711111410520 7 5N5 851119214711599999999999999 231 3215 4 2299999999999999
 85 60 40 31 34 48 68 89107118118107 86 62 40 26 24 31 46 65 8510211311220 7 6N5 934119222711499999999999999 314 301544 2399999999999999
 99 76 53 36 31 38 55 75 95110118114100 78 54 36 26 28 38 55 73 9110611220 7 7N5101411823 311299999999999999 354 311621 2699999999999999
106 90 67 46 34 34 44 62 81 99111114107 91 69 48 34 29 35 47 64 81 9610520 7 8N51051114233610799999999999999 432 321656 2999999999999999
106 97 79 59 43 36 39 52 69 86100108108 98 81 61 44 35 35 43 57 72 86 9720 7 9N51128109999999999999999999999 5 9 351730 3499999999999999
102 98 87 70 54 42 39 46 58 74 88 98103100 89 73 56 44 39 42 52 65 78 8820 710N5 0 710212 610399999999999999 547 3918 4 3999999999999999
 95 96 90 78 64 52 44 45 52 63 76 87 95 97 92 81 67 54 46 44 49 59 70 8020 711N5 038 961248 9799999999999999 628 441841 4499999999999999
 88 91 90 83 73 62 53 48 49 55 65 75 84 90 91 86 76 65 55 49 50 55 64 7320 712N5 113 911338 9199999999999999 717 481925 4999999999999999
 81 86 88 86 80 71 62 55 51 52 57 64 72 80 86 86 82 75 65 57 54 54 59 6620 713N5 159 881441 8799999999999999 822 512021 5399999999999999
 73 79 84 86 84 80 73 65 58 53 52 55 61 69 77 83 85 82 76 68 61 57 56 6020 714N5 3 4 861555 8599999999999999 943 522133 5699999999999999
 65 72 79 84 87 86 82 75 66 58 52 50 52 58 67 76 83 87 85 79 71 63 58 5620 715N5 422 871711 879999999999999911 1 502252 5699999999999999
 59 64 72 80 87 91 91 86 77 67 56 49 46 48 56 66 78 87 91 90 83 73 63 5620 716N5 530 911817 919999999999999912 2 462357 5499999999999999
 54 56 63 73 84 92 97 96 90 78 64 52 43 41 45 55 68 82 93 97 95 86 73 6020 717N5 623 981910 98999999999999991250 41999999999999999999999
 52 50 54 64 77 90100104101 91 76 59 45 37 37 44 57 73 89100104 99 86 7020 718N5 7 8104195710499999999999999 049 501333 3699999999999999
 55 46 46 53 67 83 98108111105 91 71 52 37 31 33 44 61 80 97108110101 8320 719N5 752111204011199999999999999 133 451412 3199999999999999
 63 47 40 42 54 71 90106116116106 88 65 44 30 26 32 47 67 88106115113 9920 720N5 835117212011699999999999999 214 391451 2699999999999999
 77 55 39 34 41 57 77 97113121119105 82 57 36 24 24 34 53 75 9711312011320 721N5 91812222 012099999999999999 253 341531 2299999999999999
 94 69 46 32 32 43 62 83103118124119101 75 49 29 21 25 39 60 8310411812120 722N510 2124224012199999999999999 333 301610 2199999999999999
109 86 60 38 29 32 46 67 88107120124115 94 68 43 26 22 29 46 68 9010911920 723N51048124232012099999999999999 414 281651 2299999999999999
117101 77 52 34 28 35 51 71 91108119120108 87 61 40 27 26 37 54 75 9511120 724N51134121999999999999999999999 456 281733 2599999999999999
117110 92 69 47 33 31 40 56 74 91106114112100 80 58 40 32 34 45 62 81 9820 725N5 0 0117122211599999999999999 540 311816 3199999999999999
109111102 85 64 46 36 37 45 59 74 89101107104 93 76 57 44 39 43 54 69 8420 726N5 042112131510799999999999999 628 3519 3 3999999999999999
 97105105 96 80 63 49 41 42 49 60 72 84 94 99 97 88 75 60 50 46 50 60 7220 727N5 1291061416 9999999999999999 724 411957 4699999999999999
 85 95101100 93 80 66 54 47 46 51 59 68 78 87 92 93 87 77 65 56 53 55 6320 728N5 2251011533 9399999999999999 834 4621 5 5399999999999999
 73 83 92 98 98 93 83 70 59 51 48 50 56 64 73 82 89 92 90 82 71 62 56 5720 729N5 336 9917 2 929999999999999910 2 482227 5699999999999999
 62 71 81 91 98100 97 88 75 63 53 48 47 52 59 69 80 90 96 95 87 76 64 5620 730N5 4571001823 96999999999999991132 472346 5499999999999999
 55 59 68 80 92101105103 93 79 64 52 44 43 48 56 69 83 95102101 92 77 6320 731N5 6101051924103999999999999991242 43999999999999999999999
 52 50 55 67 81 95106112109 97 80 62 47 39 39 45 57 72 88102110107 94 7520 8 1N5 7 9112201411099999999999999 048 501334 3899999999999999
 57 46 45 53 68 85101113118112 98 77 57 41 34 36 46 61 79 97111116108 9120 8 2N5 759118205611699999999999999 138 441416 3499999999999999
 69 50 40 41 53 71 91108119122113 94 71 49 35 31 37 50 68 8710511711810520 8 3N5 842122213311999999999999999 221 391453 3199999999999999
 84 60 42 35 41 57 78 98115124122108 86 62 42 31 32 42 58 77 9711312011520 8 4N5 92112422 712099999999999999 3 0 351527 3099999999999999
 97 73 50 36 34 45 64 86105119124117100 76 52 36 30 36 50 68 8710511711820 8 5N5 957124223711999999999999999 336 331558 3099999999999999
107 86 62 42 33 37 52 72 93110120120109 88 64 44 33 33 44 60 79 9611011620 8 6N5103112223 411699999999999999 410 331628 3299999999999999
111 95 73 52 38 35 44 60 80 99112118113 97 76 55 40 35 41 54 71 8810211020 8 7N511 3118232811199999999999999 443 351656 3599999999999999
110100 82 62 46 38 41 52 69 86101111111102 86 66 49 40 41 50 65 80 9410420 8 8N51135112235210799999999999999 516 381725 3999999999999999
106101 89 72 56 45 42 48 60 74 89100106103 92 76 59 48 44 49 60 73 87 9720 8 9N512 9106999999999999999999999 549 421756 4499999999999999
102100 92 80 66 54 48 48 55 65 77 89 97 99 94 83 70 58 51 51 57 68 79 8920 810N5 0171021248 9999999999999999 627 471830 5099999999999999
 95 97 94 86 75 65 56 53 54 59 68 77 86 91 92 87 78 68 60 56 58 64 73 8120 811N5 049 971338 9299999999999999 714 531912 5699999999999999
 88 92 93 89 83 75 67 61 57 58 61 67 74 81 86 87 84 78 71 65 62 63 68 7420 812N5 135 931448 8799999999999999 823 572011 6299999999999999
 80 86 89 90 89 84 78 71 64 60 59 60 64 70 77 83 86 85 82 76 70 66 66 6820 813N5 254 901623 869999999999999910 1 592145 6699999999999999
 72 77 83 88 91 92 89 83 75 66 60 56 56 59 66 75 83 89 90 88 81 74 67 6420 814N5 438 921753 90999999999999991131 552326 6499999999999999
 64 68 75 83 91 96 98 95 87 76 65 55 50 50 55 64 76 87 95 98 94 85 74 6420 815N5 555 981855 98999999999999991232 49999999999999999999999
 58 58 64 73 85 96104107102 90 75 60 48 42 44 52 65 81 95105106 99 86 7020 816N5 651107194310799999999999999 031 581317 4299999999999999
 57 50 52 61 75 91105114115107 91 70 51 38 34 39 52 70 89105115113101 8220 817N5 739116202411599999999999999 118 501357 3499999999999999
 61 46 41 46 60 79 98114123122109 87 62 41 29 28 38 55 77 99116123117 9820 818N5 82412421 412399999999999999 2 0 411435 2799999999999999
 73 50 36 34 44 62 84106123131126108 81 53 31 22 25 40 62 8711012512811620 819N5 9 8131214112999999999999999 239 331513 2199999999999999
 91 62 38 27 30 44 66 91113129134125102 72 43 24 19 28 47 71 9711913112820 820N5 952135221913299999999999999 318 261551 1999999999999999
109 80 50 29 22 30 48 72 96118132133119 93 62 36 22 22 35 56 8210612413120 821N51035134225613199999999999999 358 221629 2099999999999999
122 99 69 42 25 23 34 54 77100119129126109 83 55 34 25 29 45 67 9111212520 822N51118130233312799999999999999 438 2217 8 2599999999999999
125112 87 60 37 27 29 41 60 81100115122116 98 74 51 36 33 40 57 77 9711220 823N512 3122999999999999999999999 520 261747 3299999999999999
120116101 78 56 39 33 37 49 65 82 97108111104 89 70 53 43 43 52 67 83 9820 824N5 011120125011199999999999999 6 4 331829 4299999999999999
109112106 92 74 57 45 42 46 55 67 79 90 98 99 94 83 70 58 53 54 62 73 8520 825N5 0521121346 9999999999999999 655 421918 5299999999999999
 95102104 99 88 75 62 54 51 53 59 66 74 82 88 91 89 83 74 66 62 62 67 7420 826N5 14310415 8 9199999999999999 8 1 512026 6199999999999999
 82 90 96 98 96 89 80 70 62 58 57 59 63 68 75 82 87 89 87 81 74 68 65 6620 827N5 3 2 9817 0 8999999999999999 947 572211 6599999999999999
 71 77 85 92 97 98 95 87 77 68 60 56 55 57 63 70 80 89 94 94 88 79 69 6320 828N5 448 981827 95999999999999991147 552348 6199999999999999
 61 65 72 82 92100104102 93 82 69 58 51 50 52 60 71 84 96102101 92 79 6520 829N5 6101041922103999999999999991253 49999999999999999999999
 56 54 59 70 83 96106111108 97 81 65 52 45 44 50 62 76 92105111106 92 7420 830N5 7 611120 411199999999999999 047 541333 4499999999999999
 57 47 47 56 71 88103114118111 96 76 57 44 39 42 52 68 85102114116106 8620 831N5 751118203911799999999999999 130 4614 5 3999999999999999
 64 47 39 43 57 76 95112121121110 90 67 47 36 35 44 59 77 9611212011610020 9 1N5 828123211112199999999999999 2 7 391435 3499999999999999
 76 52 37 34 44 63 84104119125120103 79 55 38 32 37 50 68 8910712012111020 9 2N5 9 3125213912299999999999999 241 3415 3 3299999999999999
 88 62 41 31 35 50 71 93112124125113 92 66 44 32 32 43 60 8010011512211620 9 3N5 93512622 512299999999999999 314 311530 3199999999999999
 99 74 49 33 30 39 58 80102118125119102 78 54 37 31 38 53 72 9210911811820 9 4N510 5125222711999999999999999 345 291556 3199999999999999
105 84 60 40 31 34 48 68 89108119120109 89 65 44 34 35 47 65 8410111311620 9 5N51035121224811699999999999999 414 301622 3399999999999999
109 92 70 49 36 33 42 57 77 96110116111 96 75 54 40 37 44 59 77 9410711220 9 6N511 411623 911299999999999999 443 331649 3799999999999999
109 97 79 59 44 38 40 51 66 84 99108109100 84 65 50 42 44 55 70 86 9910720 9 7N51135110233110899999999999999 513 371716 4299999999999999
107 99 85 69 54 45 43 49 59 73 87 97102 99 89 75 60 50 48 54 65 79 9110020 9 8N512 9102235710299999999999999 545 431746 4899999999999999
102 99 90 78 65 55 50 51 56 65 76 86 92 94 90 81 70 61 55 56 63 73 83 9120 9 9N51250 94999999999999999999999 622 491821 5599999999999999
 96 96 92 84 75 66 59 56 57 61 68 75 81 86 87 84 78 71 65 62 64 69 76 8320 910N5 032 971349 8799999999999999 716 5619 8 6299999999999999
 88 90 90 88 83 77 71 65 62 61 62 65 70 75 80 83 83 81 77 72 69 69 71 7420 911N5 132 911537 8399999999999999 852 612040 6899999999999999
 78 82 86 88 89 88 83 77 70 64 60 58 60 64 70 77 83 87 87 84 78 72 68 6720 912N5 353 891732 88999999999999991058 5823 4 6799999999999999
 68 72 77 84 91 95 95 91 83 72 61 54 51 52 59 68 79 89 96 96 91 81 71 6220 913N5 536 961837 97999999999999991210 51999999999999999999999
 58 59 65 75 87 98105105 99 86 69 55 45 41 45 56 70 86 99106105 95 80 6320 914N5 636106192310799999999999999 017 581256 4199999999999999
 51 47 50 61 77 93108116115104 85 63 44 33 33 41 57 77 96111117111 95 7220 915N5 72511720 211799999999999999 1 2 471335 3299999999999999
 51 38 36 44 61 82102119126122105 79 53 32 24 27 42 63 87109123125113 8820 916N5 810127203912699999999999999 142 351412 2399999999999999
 60 37 25 28 42 64 88112129134124101 70 41 22 18 27 47 72 9912113212810820 917N5 853134211613399999999999999 220 251449 1799999999999999
 78 46 24 17 24 43 69 96120135136121 93 59 32 17 17 32 56 8411013013612420 918N5 935138215213699999999999999 259 171526 1599999999999999
 98 64 34 16 14 26 48 75102124136132113 82 50 26 17 23 42 68 9511913313220 919N51018137222813599999999999999 338 1316 4 1799999999999999
115 85 53 27 15 18 33 55 81105124131123101 71 44 26 23 34 55 7910312213020 920N5105913123 413099999999999999 418 141641 2399999999999999
123102 74 46 26 20 26 42 63 84104117120109 89 64 43 32 35 47 67 8810711920 921N51142121234012199999999999999 458 201719 3299999999999999
121111 91 66 45 32 30 37 51 68 85 99107106 96 79 61 47 42 47 60 76 9110420 922N51227108999999999999999999999 541 291759 4299999999999999
111109 99 82 64 49 42 42 48 58 70 81 90 95 94 87 76 64 56 54 58 68 79 8920 923N5 0191111322 9599999999999999 629 411846 5499999999999999
 97100 98 91 80 68 58 53 52 56 61 68 74 80 84 86 83 77 70 65 63 65 70 7720 924N5 1 81001451 8699999999999999 735 521957 6399999999999999
 83 88 92 92 89 83 75 67 62 59 59 60 63 67 73 79 83 85 83 78 72 68 66 6720 925N5 239 921657 8599999999999999 939 5822 8 6699999999999999
 70 75 81 87 91 92 89 83 74 66 60 56 55 57 62 70 79 87 92 90 84 75 66 6120 926N5 445 921818 92999999999999991153 552347 5999999999999999
 59 63 69 78 88 96 99 96 88 77 66 56 51 49 53 61 72 85 95100 96 86 72 5920 927N5 6 4 9919 6100999999999999991245 49999999999999999999999
 52 51 57 67 81 93103106101 89 74 59 48 44 45 52 64 79 94104106 98 82 6420 928N5 654106194210799999999999999 037 501316 4399999999999999
 49 42 44 55 70 87102111111102 86 66 50 40 38 44 56 72 90105112109 94 7320 929N5 733112201311299999999999999 115 411342 3899999999999999
 52 38 34 42 57 77 96110117113 98 77 55 39 33 37 48 65 84101113115105 8520 930N5 8 7117204111699999999999999 148 3414 7 3399999999999999
 60 39 29 31 44 64 86105118119109 89 64 43 31 31 40 57 76 96111118113 952010 1N5 83912021 611899999999999999 219 281433 3099999999999999
 71 46 29 24 33 51 74 96113121117100 76 51 34 28 34 49 69 891061171171042010 2N5 910121212911899999999999999 249 241459 2899999999999999
 81 55 34 23 26 40 61 84105118120109 87 62 40 29 30 42 61 811001141171092010 3N5 939121215011799999999999999 318 231525 2899999999999999
 91 66 42 27 23 32 49 71 93110118113 97 73 50 34 29 37 53 73 931081151122010 4N510 9118221111599999999999999 347 231551 2999999999999999
 97 76 52 34 26 28 41 60 81 99111113103 83 61 42 33 35 47 66 851011111112010 5N51038114223311299999999999999 415 251617 3299999999999999
101 84 63 44 32 30 37 51 69 87101108104 90 71 52 40 37 44 59 77 931041082010 6N511 9108225610899999999999999 443 291645 3799999999999999
103 90 72 55 41 35 37 47 60 76 89 98100 93 79 63 49 43 45 55 69 84 951012010 7N51141100232210299999999999999 513 351714 4399999999999999
100 93 80 65 52 44 42 46 55 66 78 87 92 91 83 72 60 52 50 54 64 76 86 932010 8N51219 922353 9599999999999999 549 411748 5099999999999999
 95 92 84 74 64 55 49 49 53 59 67 75 81 84 83 78 70 63 58 58 62 69 77 832010 9N51313 84999999999999999999999 638 491834 5799999999999999
 87 87 85 81 75 67 61 56 54 55 59 64 70 75 78 79 78 74 69 65 63 65 68 72201010N5 045 871457 7999999999999999 8 3 5420 1 6399999999999999
 76 79 82 83 83 80 74 67 60 55 53 54 58 63 70 76 81 83 81 76 70 64 61 61201011N5 319 831658 83999999999999991011 532235 6199999999999999
 63 68 74 81 87 90 89 82 72 61 52 46 46 50 58 69 80 88 92 90 81 70 59 52201012N5 513 9018 6 92999999999999991134 452353 5099999999999999
 50 53 61 72 84 95100 98 89 73 57 43 36 37 45 58 73 88 99103 97 83 65 49201013N5 6161011852103999999999999991225 36999999999999999999999
 39 38 45 58 75 92106112107 92 70 48 32 26 30 43 62 82100112112100 78 54201014N5 7 5112193211399999999999999 039 3713 6 2699999999999999
 35 25 27 39 59 81102117121112 91 63 38 22 18 28 46 70 94113122117 98 69201015N5 750121201012399999999999999 119 241344 1899999999999999
 41 20 13 20 38 62 88111126127112 85 53 27 14 15 31 54 81106124129117 90201016N5 834128204712999999999999999 158 131423 1399999999999999
 57 27  9  7 19 41 68 96119131127107 75 43 20 11 19 38 65 93117131129110201017N5 917131212413299999999999999 238  615 1 1199999999999999
 79 44 17  4  7 23 47 75101122130121 97 65 35 17 14 27 49 77103123130122201018N510 013022 113099999999999999 318  31539 1499999999999999
 99 67 35 13  6 13 31 55 80103119122110 85 56 32 20 23 38 61 86108122124201019N51042123223812599999999999999 359  61618 2099999999999999
111 87 57 31 16 14 23 40 61 83101112111 97 75 51 34 28 35 51 71 91107115201020N51125113231511699999999999999 440 131657 2899999999999999
112 98 76 52 33 24 25 34 49 66 82 95101 97 85 68 51 40 39 47 61 77 91101201021N51210101235510599999999999999 524 231738 3899999999999999
105100 87 70 53 40 35 37 45 55 67 78 86 89 86 78 66 55 49 49 56 66 77 86201022N513 5 89999999999999999999999 612 351826 4899999999999999
 92 93 89 81 69 58 49 46 47 51 58 65 71 76 80 79 75 69 62 57 57 60 66 72201023N5 046 931428 8099999999999999 714 461938 5699999999999999
 78 82 84 84 80 73 65 58 54 52 53 56 60 64 70 75 78 78 74 68 62 59 58 60201024N5 218 851622 7999999999999999 858 522142 5899999999999999
 64 70 75 81 83 83 78 71 63 57 52 51 52 55 60 68 76 82 83 79 72 63 56 52201025N5 418 841744 849999999999999911 8 512322 5299999999999999
 52 57 64 73 82 87 88 83 74 64 54 48 46 47 52 61 72 82 89 89 83 71 58 48201026N5 535 881833 909999999999999912 8 46999999999999999999999
 43 45 52 64 76 87 93 93 85 73 59 48 41 40 44 53 66 79 91 96 93 81 65 49201027N5 626 9419 9 9699999999999999 013 431241 4099999999999999
 37 34 40 52 67 83 95100 96 84 68 51 39 34 37 46 59 74 89 99101 92 75 54201028N5 7 5100194010199999999999999 051 3413 8 3499999999999999
 37 28 29 39 56 74 91102104 95 78 58 41 31 30 38 52 68 85 99105101 86 64201029N5 74010420 710599999999999999 124 271335 2999999999999999
 42 26 21 27 43 63 84100107104 90 69 47 32 26 30 43 61 80 96106106 95 74201030N5 813108203110899999999999999 155 2114 3 2699999999999999
 50 29 18 19 31 50 73 93106109100 81 57 36 25 25 35 53 73 91105109102 85201031N5 845110205510999999999999999 225 171430 2399999999999999
 60 37 20 15 22 38 60 82101110107 92 69 45 28 22 29 44 64 85101109107 932011 1N5 916110211811099999999999999 255 151458 2299999999999999
 71 46 26 15 16 28 48 70 91105109100 80 56 35 24 25 37 56 76 951061091002011 2N5 947109214210999999999999999 324 141525 2399999999999999
 81 57 35 20 16 22 38 58 79 96105103 89 68 46 30 25 32 48 67 861001061022011 3N5101910622 710699999999999999 353 161554 2599999999999999
 89 68 46 29 20 21 31 47 66 84 97101 94 78 57 39 30 31 42 58 76 921011012011 4N51051101223410299999999999999 423 191624 2999999999999999
 93 77 58 40 28 24 29 40 56 72 86 94 93 83 68 51 38 34 39 51 67 82 92 962011 5N51126 9423 4 9699999999999999 456 241656 3499999999999999
 93 83 68 52 39 31 30 36 47 61 73 83 87 84 75 62 49 41 40 47 59 71 81 882011 6N512 6 872341 8999999999999999 535 301734 4099999999999999
 89 84 76 64 51 41 36 37 42 51 61 71 77 80 77 70 60 51 46 47 53 61 70 772011 7N513 0 80999999999999999999999 625 361824 4699999999999999
 80 81 78 73 64 55 46 41 41 44 51 58 66 72 75 75 70 63 56 52 51 53 58 642011 8N5 042 811425 7599999999999999 738 401944 5099999999999999
 69 73 76 77 75 69 61 52 44 41 42 46 53 61 68 74 77 75 69 61 54 49 48 502011 9N5 252 7716 6 7799999999999999 917 412148 4899999999999999
 55 61 69 76 81 81 76 67 55 44 37 36 40 48 58 69 79 84 83 75 64 52 43 38201110N5 438 821720 84999999999999991044 362315 3899999999999999
 40 46 56 68 80 88 90 84 71 55 40 30 28 34 45 60 75 87 94 91 79 62 45 32201111N5 546 901813 94999999999999991144 28999999999999999999999
 26 29 39 53 71 87 97 99 90 72 51 32 22 21 30 46 65 84 98104 97 80 56 34201112N5 641100185810499999999999999 010 261232 2099999999999999
 19 14 20 35 55 76 95107106 93 70 44 24 14 17 31 51 74 95109111 99 76 47201113N5 730108193911299999999999999 055 141316 1499999999999999
 22  7  5 16 35 59 83103114110 92 64 36 16  9 17 35 60 85106118115 97 68201114N5 816114202011899999999999999 137  41357  999999999999999
 36 11 -1  1 16 38 64 89109117109 87 57 29 11  9 21 43 69 95114121113 90201115N5 9 211721 012199999999999999 220 -21439  899999999999999
 58 27  5 -3  3 20 43 70 94111115103 78 49 23 11 13 29 53 79102117119106201116N5 946116214012099999999999999 3 3 -31520 1099999999999999
 80 49 21  3  0  9 27 50 74 96109109 94 69 42 22 14 21 38 62 85104114112201117N51030111221911599999999999999 346 -116 1 1499999999999999
 96 70 42 19  7  7 18 35 56 77 94102 99 83 61 38 24 21 30 48 69 88102107201118N51114103225910799999999999999 429  61642 2199999999999999
101 85 62 39 22 15 17 28 43 61 77 89 93 88 74 55 38 29 30 40 55 72 86 95201119N51159 932342 9799999999999999 513 141725 2899999999999999
 96 89 75 57 40 28 24 28 37 49 62 73 81 83 78 67 53 41 36 38 47 59 71 80201120N51248 83999999999999999999999 559 241812 3699999999999999
 85 86 80 69 55 43 35 33 36 43 52 61 68 74 75 72 64 54 46 42 44 50 58 66201121N5 032 861350 7599999999999999 650 331913 4299999999999999
 72 77 77 74 66 57 47 41 39 41 46 52 58 63 68 71 70 65 57 51 46 45 48 53201122N5 143 781513 7199999999999999 756 392043 4599999999999999
 59 65 70 73 72 67 59 51 45 42 42 45 49 54 60 66 71 71 68 61 53 46 43 43201123N5 316 731639 7199999999999999 925 422225 4299999999999999
 47 53 61 68 73 74 70 62 53 46 41 40 42 46 53 61 69 74 75 71 62 51 42 36201124N5 438 741742 75999999999999991051 402333 3599999999999999
 36 41 49 60 70 76 77 72 63 52 43 37 36 39 45 55 65 74 80 79 72 60 46 34201125N5 541 771826 80999999999999991147 35999999999999999999999
 28 30 37 49 63 74 81 81 74 62 48 37 31 32 37 48 60 72 82 85 81 70 53 37201126N5 629 8219 1 8599999999999999 019 281227 3199999999999999
 25 21 26 37 53 68 81 86 84 73 57 41 30 26 30 39 53 68 81 89 89 80 63 44201127N5 711 861931 9099999999999999 058 2113 1 2699999999999999
 27 17 16 25 41 59 76 88 91 84 68 50 33 24 23 31 45 62 78 90 94 89 74 54201128N5 748 911959 9499999999999999 132 151333 2299999999999999
 33 17 11 15 28 47 67 84 93 92 80 61 41 25 19 23 36 54 72 88 96 96 84 65201129N5 824 942026 9799999999999999 2 5 1114 5 1999999999999999
 42 22 10  9 18 35 56 76 91 96 90 73 51 31 19 18 28 44 64 82 95 99 93 76201130N5 858 962054 9999999999999999 237  81436 1799999999999999
 53 31 14  7 11 24 43 65 84 95 96 84 64 41 24 17 21 35 54 74 90 99 98 862012 1N5 932 97212310099999999999999 3 9  715 7 1699999999999999
 65 42 21  9  7 15 32 52 73 89 96 91 75 53 33 19 18 27 44 64 82 95 99 922012 2N510 6 962154 9999999999999999 341  71540 1799999999999999
 76 55 33 16  8 11 23 40 60 78 90 93 84 65 44 27 19 22 34 52 71 86 94 942012 3N51042 932228 9599999999999999 414  81613 1899999999999999
 84 67 46 27 14 11 17 30 48 66 80 88 86 75 57 38 25 22 28 42 59 75 86 902012 4N51119 8923 5 9099999999999999 450 111649 2199999999999999
 87 76 59 40 24 16 15 23 37 53 68 79 83 79 67 50 35 26 26 34 48 62 74 812012 5N512 1 832351 8499999999999999 531 141730 2599999999999999
 84 79 69 54 38 26 19 21 29 41 55 67 75 77 73 62 48 36 30 31 39 49 60 692012 6N51251 77999999999999999999999 619 191820 2999999999999999
 75 77 74 65 53 39 29 23 25 32 42 54 64 71 73 69 60 49 39 33 33 39 47 552012 7N5 053 771354 7399999999999999 717 231926 3399999999999999
 63 69 72 71 66 55 43 32 27 27 32 41 51 61 68 72 70 63 52 42 34 32 35 412012 8N5 221 7315 9 7299999999999999 829 262056 3299999999999999
 48 56 64 71 73 69 60 47 35 27 26 30 38 49 60 69 75 74 67 56 43 32 27 272012 9N5 353 731625 7599999999999999 947 262227 2699999999999999
 32 41 51 63 72 77 74 65 51 36 26 22 26 35 48 62 74 81 81 73 58 41 27 19201210N5 511 771729 82999999999999991058 222337 1899999999999999
 18 24 35 49 64 76 83 81 69 52 35 22 18 22 34 50 67 81 89 88 77 58 37 20201211N5 616 831824 90999999999999991158 18999999999999999999999
 10 10 17 31 49 67 82 90 86 72 51 31 17 13 20 35 54 74 90 97 94 79 55 31201212N5 713 901913 9899999999999999 032  91250 1399999999999999
 11  2  3 14 31 52 72 89 96 90 72 48 26 12 10 20 38 60 82 98104 97 77 50201213N5 8 4 96195910499999999999999 122  11338  999999999999999
 24  4 -4  0 13 33 56 78 94 99 90 69 43 20  8  9 23 44 68 89104107 96 73201214N5 853 99204410799999999999999 210 -41424  799999999999999
 44 17 -1 -6  0 16 38 61 83 98100 87 63 36 15  6 11 28 51 74 95106106 91201215N5 939101212710899999999999999 255 -615 8  699999999999999
 66 37 12 -3 -5  5 22 44 67 87 98 96 80 55 30 12  7 16 34 57 80 97104100201216N51022 99221010599999999999999 340 -51550  799999999999999
 83 58 31 10 -1  1 12 30 51 71 87 94 89 71 47 25 12 12 23 42 63 82 95 99201217N511 4 942251 9999999999999999 422 -21632 1099999999999999
 91 73 49 26 10  4  9 21 38 57 73 85 87 79 61 40 23 15 18 31 48 66 81 90201218N51144 882332 9199999999999999 5 2  41712 1599999999999999
 90 81 63 42 24 13 11 18 30 46 60 72 79 78 69 53 36 24 20 25 37 52 66 77201219N51224 80999999999999999999999 541 111754 2099999999999999
 82 80 70 55 38 24 18 19 27 38 50 61 69 73 70 61 48 35 27 26 31 41 53 63201220N5 015 8213 4 7399999999999999 620 171840 2599999999999999
 71 74 71 62 49 36 27 23 26 33 43 52 59 65 66 63 56 46 37 31 30 34 42 50201221N5 1 2 741351 6699999999999999 7 2 231938 3099999999999999
 58 64 66 64 57 47 37 30 28 31 37 44 51 57 61 62 60 54 47 39 34 32 34 39201222N5 2 1 661455 6299999999999999 753 282058 3299999999999999
 46 53 59 62 61 55 48 39 34 32 33 38 43 49 55 59 61 60 56 49 41 34 30 31201223N5 314 621614 6199999999999999 9 1 322228 3099999999999999
 34 41 49 56 61 61 57 50 42 35 32 32 36 41 48 55 61 64 64 59 50 40 32 26201224N5 434 611725 64999999999999991022 322338 2599999999999999
 25 30 38 47 57 62 64 60 52 43 35 30 30 34 40 49 58 65 69 68 61 50 37 26201225N5 544 641816 69999999999999991133 29999999999999999999999
 20 20 26 36 49 60 67 68 63 53 41 31 26 26 32 42 53 64 72 75 71 60 46 31201226N5 641 681856 7599999999999999 030 191226 2599999999999999
 19 14 16 25 38 53 66 73 72 64 51 37 26 21 24 33 46 60 72 79 79 71 57 39201227N5 727 741931 8099999999999999 113 1313 9 2199999999999999
 22 11  9 14 27 43 60 73 79 75 63 47 30 20 17 24 36 52 68 80 85 81 69 50201228N5 8 8 7920 5 8599999999999999 151  81346 1799999999999999
 30 14  5  6 15 31 50 68 80 83 75 59 39 23 14 15 26 42 61 77 87 89 80 63201229N5 846 832039 8999999999999999 226  41422 1399999999999999
 41 20  6  1  6 19 38 59 76 86 85 72 51 30 15 10 16 31 50 70 85 92 89 76201230N5 923 872114 9299999999999999 259  11456 1099999999999999
 54 31 11  0 -1  9 26 47 67 83 88 82 65 42 21 10  9 20 38 58 77 89 93 86201231N5 959 882151 9399999999999999 334 -21531  899999999999999
