134106 76 50 35 33 45 67 96123144155153142123104 90 83 8710011713514714920 1 1NH1122156224114999999999999999 438 3217 8 8399999999999999
140121 98 74 56 47 49 62 83107129145151147136119103 90 85 88 9811212613520 1 2NH12 8151233713699999999999999 518 4618 9 8599999999999999
136128114 95 78 65 60 64 76 95115133145149145133117101 88 82 82 9010211420 1 3NH1259149999999999999999999999 6 4 601923 8199999999999999
123126123113100 86 77 73 76 86102119135145149145133116 98 83 74 72 78 9020 1 4NH 056126135814999999999999999 7 3 732041 7299999999999999
104116123124118108 97 87 82 83 92105122137149152147133113 92 73 60 58 6520 1 5NH 237124145515299999999999999 819 822146 5799999999999999
 79 97114127131128119106 94 87 86 94108126143155158150132107 80 57 43 4120 1 6NH 4 5131154715899999999999999 934 852238 4099999999999999
 52 72 96119136143139127111 96 86 86 95112133152165165152127 95 63 37 2420 1 7NH 5 81431632166999999999999991035 852322 2399999999999999
 26 43 70102130149155148132112 93 83 84 97119144165175171151119 80 43 1620 1 8NH 5571551714176999999999999991125 82999999999999999999999
  6 14 39 75113144163165153132107 87 78 83102129157178185174146106 61 2220 1 9NH 640166175518599999999999999 0 3  612 9 7899999999999999
 -3 -8  8 42 85127158174171153126 99 80 74 85109141171190192174138 91 4220 110NH 720175183619399999999999999 043 -91250 7499999999999999
  3-18-15  9 50 98141171181172148117 90 73 73 89118153183198194169126 7520 111NH 8 0181191919999999999999999 124-191331 7099999999999999
 26-10-25-15 17 63113154179183167139107 80 68 73 9412716319020119116011320 112NH 84018420 220199999999999999 2 6-251413 6799999999999999
 61 15-16-23 -6 31 79128165183180159128 96 73 65 74 9913416819219818214820 113NH 921184204719899999999999999 248-241457 6599999999999999
101 51 10-13-13  9 49 96140171182173149117 87 67 63 7610313616718618817020 114NH10 2182213519099999999999999 331-161544 6399999999999999
135 92 48 14 -2  4 29 69112150173177164138108 81 64 63 7710213215917417420 115NH1044178222717699999999999999 415 -31636 6299999999999999
156125 87 51 25 16 25 51 87125155171171156130101 77 63 62 74 9712314515820 116NH1128173232716099999999999999 5 0 161734 6199999999999999
158143118 88 61 42 38 48 72102133157168165149125 98 76 62 59 68 8610812820 117NH1216168999999999999999999999 548 371842 5999999999999999
141143135117 96 75 62 59 68 87112137156164160145123 97 75 59 53 58 72 9120 118NH 043144131116499999999999999 644 5820 2 5399999999999999
111126134133123107 92 80 76 82 96117137154162159145123 98 73 53 43 45 5620 119NH 220135141416299999999999999 755 762124 4399999999999999
 75 97118132137132121106 93 87 89100117137154163161148125 96 68 44 31 3020 120NH 4 1137152116399999999999999 917 862234 2899999999999999
 41 63 90117136146144132116100 90 89 99116138157167166151125 92 59 32 1620 121NH 5191461623168999999999999991034 882330 1499999999999999
 16 31 59 91123146156153138118 99 87 86 97117142163174170152121 83 46 1820 122NH 6151571717174999999999999991135 84999999999999999999999
  4  8 29 62100135158165157138113 92 80 82 97122150171180173148112 70 3120 123NH 65816518 318099999999999999 017  31222 7999999999999999
  4 -5  6 34 73115148168169155130103 82 73 81102131160180184170139 97 5320 124NH 735171184418599999999999999 058 -513 3 7399999999999999
 17 -5 -6 13 48 91132161173167146117 89 72 70 84111143171186183162124 8020 125NH 8 9173192218799999999999999 134 -81338 6999999999999999
 37  6 -7  1 28 68111148170173158131101 77 65 70 9112215517918717614710620 126NH 839174195618799999999999999 2 7 -81412 6599999999999999
 62 24  1 -2 16 49 91131160172166144114 86 67 63 7610213416418118116212820 127NH 9 8172203018499999999999999 238 -31444 6299999999999999
 87 46 17  4 12 37 74114147167169154127 98 73 61 65 8411214316717716914520 128NH 93617021 417799999999999999 3 8  41516 6199999999999999
109 70 37 17 16 32 61 98133158167160139111 84 66 61 70 9212114716516715320 129NH10 3167213816899999999999999 336 141551 6099999999999999
126 92 59 36 26 33 55 86119146161162148125 98 76 63 63 76 9912414515615220 130NH1031163221615699999999999999 4 4 261629 6199999999999999
136110 81 57 42 41 54 77106133152159153136113 89 71 63 67 8010112213814320 131NH11 2159225914399999999999999 434 401712 6399999999999999
137121100 78 62 55 59 74 96120140152153144127105 85 70 64 68 80 9711412620 2 1NH1137154235613099999999999999 5 6 5518 6 6499999999999999
130125113 98 83 73 71 77 90108126141148147137121102 84 70 64 65 75 8910320 2 2NH1222149999999999999999999999 546 701917 6399999999999999
115120119113103 94 87 85 90100113127138145144135121102 83 68 58 57 64 7620 2 3NH 122121132314599999999999999 646 852040 5699999999999999
 92106116121120115107100 95 96102113125137144146139124103 81 61 47 43 4920 2 4NH 318122143914699999999999999 823 952155 4399999999999999
 63 83103120130133128118107 99 95 99109124139150153146129103 75 49 31 2520 2 5NH 448133155015399999999999999 959 952255 2599999999999999
 33 52 79107131145147140125109 95 89 93107126146161165156132100 63 31 1120 2 6NH 54414816491659999999999999911 7 892344  699999999999999
  7 20 47 83118146161160147125103 86 80 87106133158176179164133 92 48 1220 2 7NH 6281621740180999999999999991157 80999999999999999999999
 -8 -8 13 49 93134163175168147118 91 73 70 83110143173191190169129 80 3120 2 8NH 7 7175182819399999999999999 029-111241 6999999999999999
 -6-23-15 14 60109152178184169140105 76 59 62 83117155187203197167121 6620 2 9NH 745184191320499999999999999 112-231323 5899999999999999
 16-18-29-13 25 77129169189186162126 89 60 48 57 8512516619720919616010920 210NH 821191195920999999999999999 154-2914 4 4899999999999999
 53  6-22-24  0 45 98148182193181150110 72 46 40 56 8913217220020518714720 211NH 858193204420699999999999999 234-271447 4099999999999999
 96 44  4-15 -9 22 69121164189190170134 93 58 37 37 58 9313517219319417220 212NH 934193213119699999999999999 314-161530 3599999999999999
133 86 41 11  1 16 50 95140174188181155118 79 49 34 39 61 9513316417917620 213NH10 9188222018099999999999999 354  11616 3399999999999999
154120 80 47 27 26 44 77117153176181168140105 71 46 36 42 63 9312414916020 214NH1046181231416199999999999999 433 2417 6 3699999999999999
156138111 82 59 48 52 71 99131157171170154128 97 69 49 41 46 63 8611113020 215NH1126172999999999999999999999 514 4818 6 4199999999999999
140139127110 91 77 72 77 92113136153161158144122 96 72 54 46 47 58 75 9420 216NH 023141121316299999999999999 6 2 721922 4599999999999999
111123128125116105 96 91 94103117132145152150140122101 79 60 48 44 49 6120 217NH 2 4128131915299999999999999 711 912056 4499999999999999
 79 98114125130127120111103101104113125137146148142128108 84 62 44 35 3720 218NH 4 5130144814899999999999999 8591002222 3599999999999999
 48 68 92114132140140131118106 98 97104117132146152149135113 85 57 36 2420 219NH 5251411611152999999999999991036 962323 2399999999999999
 26 40 65 95123144153149136117 99 88 87 96114135152161157140113 79 47 2320 220NH 6121531713161999999999999991137 86999999999999999999999
 13 19 40 72108138158162152132107 86 76 78 93117143163171163140105 67 3320 221NH 64716318 017199999999999999 0 9 131220 7599999999999999
 11  6 20 49 87126155169165147119 91 71 65 74 98128157175178162131 91 5120 222NH 717170183917999999999999999 046  51254 6599999999999999
 19  3  6 30 67109146169174160133101 73 58 59 78108142170184179154116 7320 223NH 745174191418499999999999999 119  21325 5699999999999999
 34  8  2 17 49 91132163177170147114 81 57 50 61 88123158181186171139 9720 224NH 810177194618799999999999999 148  11354 4999999999999999
 54 21  5 11 36 74117153174176158127 92 62 45 48 6810113916918518015711920 225NH 834178201718699999999999999 215  51423 4499999999999999
 77 39 16 12 29 61102141168177167140105 71 47 40 52 8011615117518116713820 226NH 857177204918199999999999999 241 111452 4099999999999999
 99 61 32 20 28 53 89128159175172152120 85 55 40 42 61 9312815717217015020 227NH 921176212117499999999999999 3 6 201523 3899999999999999
118 82 52 34 33 50 80115147168172159133100 68 46 39 49 7210413415616315420 228NH 945173215616399999999999999 331 311555 3999999999999999
131101 72 51 44 53 74104134158168163143115 84 58 44 43 57 8111013414915020 229NH1010168223415199999999999999 357 441631 4299999999999999
138116 92 71 60 61 74 96122145159161149128101 75 55 46 50 64 8610912813720 3 1NH1038161232213899999999999999 425 591713 4699999999999999
136125108 91 78 74 79 93111131146153150137118 95 73 58 51 54 66 8310211720 3 2NH1112154999999999999999999999 458 741810 5199999999999999
125125119109 99 92 90 95105118132141145142131115 95 77 62 54 53 61 74 9020 3 3NH 03312612 114599999999999999 544 901932 5399999999999999
105116121122118112106103104108116126134139139132120102 82 64 51 45 48 6020 3 4NH 233122132914099999999999999 72210321 9 4599999999999999
 77 96113126133132126118109104103108117129139145142131112 87 62 42 31 3120 3 5NH 426133151514599999999999999 9381032226 2999999999999999
 44 66 93119139149148138123107 95 91 97110129147158158145120 87 54 26 1220 3 6NH 5251501631160999999999999991055 912323 1199999999999999
 14 32 63 99133157166160142118 95 79 75 86108135161176176158124 82 40  920 3 7NH 6 61661729178999999999999991145 75999999999999999999999
 -5  2 29 69114152176180166138105 76 59 60 78110147178195191165122 72 2520 3 8NH 643181181919699999999999999 010 -61228 5799999999999999
 -7-16 -1 36 85135173191187162124 85 54 40 48 76117160194208198165115 6020 3 9NH 71819219 620899999999999999 053-1613 9 4099999999999999
 13-15-17  8 53108157191200184149104 62 33 25 42 7812617220421319615710320 310NH 752200195121499999999999999 134-191349 2599999999999999
 49  7-13 -5 28 78133177201199173130 82 41 17 17 41 8413417820520818614420 311NH 826204203721099999999999999 213-141429 1499999999999999
 92 43 10  0 17 56106155190203190155109 62 25  9 17 46 9013817719719416920 312NH 859203212319999999999999999 251  01511  999999999999999
129 83 44 22 23 46 86131171194195173135 90 48 19 10 23 54 9513616718117520 313NH 932197221118199999999999999 328 201554 1099999999999999
151117 81 54 43 50 75111148176188180154117 77 42 22 18 33 61 9512815216120 314NH10 618823 416199999999999999 4 5 421640 1799999999999999
154135110 86 69 66 77 99128154171174162137105 72 46 31 30 42 65 9111613320 315NH1042175999999999999999999999 444 661734 2999999999999999
141138126111 96 88 88 97114133150159158146126101 76 56 44 42 49 64 8210120 316NH 011141112416099999999999999 529 871845 4199999999999999
117126129126118110105104108117128138144144137124106 86 69 55 49 49 58 7220 317NH 154129122914599999999999999 6431032023 4899999999999999
 89106120129132130123116110108110116125133137136129115 97 78 61 49 44 4920 318NH 4 0132142113799999999999999 8581082159 4499999999999999
 62 82104124138144141131118106 98 97103114128138143138125105 81 59 42 3620 319NH 5 914416 3143999999999999991038 9723 4 3699999999999999
 41 58 83111135151155147131111 93 83 84 94111131147154149132106 77 50 3220 320NH 54915517 6154999999999999991130 822348 2799999999999999
 28 38 62 94126151164161145121 96 76 68 74 92117142160165155132 99 65 3820 321NH 62016517511669999999999999912 6 68999999999999999999999
 23 25 44 76113146167172159134104 76 59 57 72 98130158174173155123 86 5020 322NH 646172182717599999999999999 023 211236 5699999999999999
 26 19 30 59 97135165178171148115 81 55 45 53 78112147173182173146108 6920 323NH 71017819 018299999999999999 054 1813 4 4599999999999999
 37 20 23 45 82123158179180162129 91 58 38 38 57 90129163183184165131 9020 324NH 733182193218699999999999999 121 191331 3699999999999999
 53 28 22 37 69109148175184173143105 66 38 28 39 6810714617518717715011220 325NH 75618420 318799999999999999 147 221359 2899999999999999
 73 42 28 35 59 96136168184180157120 79 45 25 26 48 8312415918018216413120 326NH 818185203418499999999999999 212 281427 2399999999999999
 94 60 40 38 54 86123158180183167135 95 57 30 21 32 61 9913716617817014620 327NH 84018421 617899999999999999 236 361456 2199999999999999
113 80 55 46 54 78111145171181173148112 73 41 24 25 44 7611314516516815520 328NH 9 3181214016999999999999999 3 1 461527 2299999999999999
129 99 74 59 60 75102132159174174157127 92 58 34 26 34 57 8812014615815520 329NH 928176221815899999999999999 327 5716 0 2699999999999999
139116 93 76 70 78 96120145163169160139110 79 52 36 33 45 67 9512113914620 330NH 95516923 414699999999999999 356 701640 3299999999999999
142128110 94 85 85 95111131148158158146126100 74 54 42 42 52 71 9411412920 331NH1028160999999999999999999999 429 841731 4199999999999999
135133124113104 99100107119132143149147137121100 79 61 50 48 54 67 8510420 4 1NH 012135111514999999999999999 518 981847 4799999999999999
119128132129123117111109111117125133139140136125109 89 70 55 47 47 57 7320 4 2NH 2 4132124514099999999999999 7 31092027 4699999999999999
 93113129139141137129119110105105112122133142144138123102 77 55 40 35 4320 4 3NH 351142144914499999999999999 9231042153 3599999999999999
 61 87115138153157150135117100 89 88 97114134151160156140112 79 49 27 2120 4 4NH 4511581614160999999999999991037 872255 2199999999999999
 30 55 90126155172172158133105 81 67 68 84111141167180175153117 76 39 1420 4 5NH 5321741715180999999999999991126 662344  999999999999999
  9 25 59102144175189181156121 84 56 44 51 76114154184198189159116 68 2820 4 6NH 6 818918 71989999999999999912 8 43999999999999999999999
  5  6 31 73123167195200181145100 59 30 23 39 75122167199209195158109 5920 4 7NH 643201185520999999999999999 028  31249 2299999999999999
 21  5 14 47 96147188208202172126 76 33  9  9 35 7913117720721219115110020 4 8NH 717209194121399999999999999 1 9  41329  699999999999999
 53 22 14 32 71122170202211194155103 52 13 -4  5 37 8613918220620518013920 4 9NH 750212202820999999999999999 148 131410 -599999999999999
 92 52 30 32 57 99146186208205178133 81 33  2 -7  9 46 9414318019719116520 410NH 823210211419799999999999999 226 281451 -799999999999999
127 88 58 46 56 84123163193203190158112 64 24  1  0 20 5610014117018117320 411NH 85720322 318199999999999999 3 3 461533 -299999999999999
149118 88 69 66 80107141171189189171138 96 56 25 10 14 34 6610313515616320 412NH 931192225616399999999999999 341 651618  999999999999999
155137114 95 84 86100123148168177171152122 88 57 35 25 30 47 7310112514120 413NH10 8177999999999999999999999 421 8317 9 2599999999999999
147143131117105 99102112128145157160153137114 88 65 49 42 44 56 75 9611520 414NH 0 2147105116099999999999999 511 991813 4199999999999999
129137137132124116111110115124134142144140130114 96 78 64 55 54 60 72 8920 415NH 134138115514499999999999999 6341101941 5399999999999999
107123134140138132124115110109113120127133135131121107 90 74 62 56 58 6820 416NH 319140135013599999999999999 8411092115 5699999999999999
 85105125140148147139126112101 96 98106118130138139131117 98 78 62 53 5420 417NH 4261491537139999999999999991012 962224 5299999999999999
 65 86110134151158154140120100 86 80 85 99117135147150141123 99 75 56 4720 418NH 5 715816441509999999999999911 2 802312 4799999999999999
 51 68 94124149165166155132106 83 68 66 78 99125147160160146122 93 66 4820 419NH 5381671730162999999999999991138 652348 4399999999999999
 43 54 78110142166175168147117 86 62 52 57 78108138162172166145115 83 5620 420NH 6 517518 81729999999999999912 9 51999999999999999999999
 42 45 65 96132162180179161130 94 62 42 40 56 86122155175179165137103 7020 421NH 629182184218099999999999999 020 411237 3999999999999999
 48 43 55 83120155179187175146107 69 40 28 36 63100139170184179157124 8820 422NH 653187191518599999999999999 048 4213 5 2899999999999999
 60 46 51 73107144174189185161123 81 44 23 21 41 7611815618018617314410920 423NH 716190194718799999999999999 115 451333 1999999999999999
 76 55 51 66 96132166187191174140 97 56 25 14 24 53 9313516818418116012820 424NH 740192202018599999999999999 142 5014 2 1499999999999999
 95 69 57 64 87119154180191183155116 73 36 14 14 33 6811014817418117014520 425NH 8 4191205318199999999999999 2 9 571432 1199999999999999
114 86 68 66 81108140169186186168134 93 53 24 13 21 47 8412315517217215720 426NH 829189212917499999999999999 236 6515 5 1399999999999999
131104 83 74 81100127155176184174149114 75 42 22 19 33 61 9713115516616120 427NH 857184221016699999999999999 3 5 741540 1899999999999999
144122101 87 85 96116140162175174159133 99 66 40 27 29 45 7210313115015620 428NH 929176225915699999999999999 338 851622 2599999999999999
151136119104 96 98109126145160167162146122 93 65 45 35 39 54 7710312714220 429NH10 7167999999999999999999999 419 961714 3599999999999999
148145135123112106108115127141152156152139119 96 73 54 45 46 57 75 9812020 430NH 0 714811 215699999999999999 5201061826 4499999999999999
136145147141131121114110113120130140147147140126106 84 65 51 47 54 69 9120 5 1NH 138147123614899999999999999 7 61101954 4799999999999999
115136150155152141127114104101105115129142150150140121 97 72 53 44 47 6220 5 2NH 3 5155142915199999999999999 8571012115 4399999999999999
 87116142161168163148126105 88 81 85100121143160165157136107 76 51 38 4120 5 3NH 4 416815541659999999999999910 8 812220 3799999999999999
 59 90125156177182172148117 87 65 57 66 88119150173182172147112 75 46 3320 5 4NH 4491831658182999999999999991059 572313 3299999999999999
 39 63100141175194193173139 99 63 39 34 50 82122161188196183153112 72 4320 5 5NH 5281961753196999999999999991144 342359 3299999999999999
 32 44 75118161193207197166122 76 37 15 16 40 81129172199204187152109 6920 5 6NH 6 52071844205999999999999991227 13999999999999999999999
 43 38 57 94139181208212192152101 52 14 -2  7 39 8613718020420518314610420 5 7NH 641213193220899999999999999 042 3713 9 -299999999999999
 67 48 51 76116160197215209180133 80 32 -1-10  7 44 9414418320319917413820 5 8NH 716216201920499999999999999 123 461351-1099999999999999
 99 70 58 68 97136176204213198162113 62 19 -6 -7 15 5410314918119418716220 5 9NH 75221321 719599999999999999 2 3 581433-1099999999999999
129 97 76 72 87116152185204203182143 96 50 15 -1  4 28 6711014917418217320 510NH 828206215518299999999999999 242 721516 -299999999999999
150123 99 86 87104131161185195187163126 85 47 20 11 20 44 7811514616516920 511NH 9 6195224716999999999999999 323 8416 1 1199999999999999
160141120103 96101116138161177181170146114 80 51 32 27 37 59 8811714115520 512NH 946181234515899999999999999 4 7 961649 2799999999999999
158150137121110105109122138154164164154134108 82 60 47 44 53 70 9311613520 513NH1032166999999999999999999999 5 11051744 4499999999999999
147151147137125115111112120131143150150143128109 89 72 61 58 64 77 9511520 514NH 055151113315199999999999999 6151101851 5899999999999999
132145150148140129118111108112120130137141138129115 99 83 72 67 69 80 9620 515NH 21215013 514199999999999999 75210820 9 6699999999999999
115134148155153144130116104 99100107119130138140135123108 91 77 70 71 8220 516NH 318155144714099999999999999 918 982121 6999999999999999
 99120141156162158145127107 92 84 86 97113130143148144131113 94 78 70 7220 517NH 4 716216 4148999999999999991017 842218 6999999999999999
 84105130152167170160141116 92 75 69 75 92114137153158152136114 92 75 6820 518NH 4441701659158999999999999991059 6923 2 6899999999999999
 74 92117145167178174156129 98 72 56 55 69 93122148165168157136110 86 7120 519NH 5151781743168999999999999991134 542339 6899999999999999
 69 81104134162181184171145110 76 50 40 47 70102136162176174157131102 8020 520NH 54418518211779999999999999912 6 40999999999999999999999
 69 73 93122153179190184161126 87 52 32 29 46 77116151175183174151121 9320 521NH 611191185718399999999999999 013 681237 2899999999999999
 75 71 84110142172191194177145103 63 32 19 26 52 9113116518418516914111120 522NH 638195193218799999999999999 044 7113 8 1899999999999999
 86 74 79 99129161187198190163124 80 41 17 13 31 6410614717618718115913020 523NH 7 519820 718899999999999999 114 741340 1299999999999999
102 83 79 91116148177195197179145102 59 26 10 16 41 7912215818118517214820 524NH 734199204418699999999999999 145 781414  999999999999999
119 96 84 87105133163187197189164126 83 44 18 11 24 54 9413416518017816220 525NH 8 6197212318299999999999999 217 831450 1199999999999999
137112 95 89 98119146172190192178148110 69 36 18 18 36 6810614116617617020 526NH 84019322 717699999999999999 252 891530 1599999999999999
153131110 98 97109129154175186183165135 99 63 36 24 28 48 7911314416417020 527NH 919187225717099999999999999 332 961615 2399999999999999
164148128112103105116134154171178173155127 95 64 42 33 39 58 8611714416120 528NH10 6178235716699999999999999 42210217 7 3399999999999999
166161147130116108108116131148162168164149126 98 72 52 43 48 64 9011814320 529NH11 8168999999999999999999999 5281071810 4399999999999999
160166162150134119108105110121137151160160150132107 83 63 53 54 68 9111820 530NH 1 6166123216199999999999999 6551051922 5299999999999999
144162171168156137118103 94 96106122140154161157142120 95 73 59 58 70 9320 531NH 21417114 816199999999999999 822 942035 5799999999999999
122149170180176160137111 90 77 76 88108132154167168155132105 80 64 61 7320 6 1NH 313180153316999999999999999 934 752141 6099999999999999
 98129160182190183162131 98 71 55 55 70 97129158176180167143112 84 66 6420 6 2NH 4 21901643180999999999999991031 532239 6399999999999999
 78106141173195200187158119 80 49 33 36 57 91131165187190176149115 86 6920 6 3NH 4472011742191999999999999991122 322331 6699999999999999
 69 86118155188207206185149104 60 28 14 22 50 91136173195197180150115 8720 6 4NH 52920918361999999999999999912 8 14999999999999999999999
 72 76 98133171201214207178135 86 41 11  2 17 51 9614318019919817814711320 6 5NH 6 9214192620199999999999999 018 711253  299999999999999
 87 77 86112148184209216201167119 69 27  1 -1 19 5710515118419919417214020 6 6NH 649216201420099999999999999 1 2 771337 -399999999999999
109 88 84 98126161193212212190152103 56 18  0  4 29 6911515718519518616220 6 7NH 72921521 019599999999999999 145 831420 -199999999999999
133106 91 92109138170197209202176136 90 47 17  6 16 43 8312516118318717520 6 8NH 8 9209214418799999999999999 227 9015 2  699999999999999
152126105 96101119147174195200188160122 80 45 23 18 32 60 9713416317817820 6 9NH 850200222917999999999999999 3 9 951544 1899999999999999
164143121106101108127151173187187173145111 76 48 34 35 50 7711014016217220 610NH 931189231517299999999999999 3531011627 3299999999999999
169156137119107105113130150167176173158133104 76 56 48 52 68 9212014416120 611NH1016177999999999999999999999 4421051711 4799999999999999
167162150134119109108115129145158164160147126103 82 67 62 67 8210412714620 612NH 0 416711 816499999999999999 5401071759 6299999999999999
160164159148133119109106112122136147152150140125107 90 79 75 80 9311113120 613NH 058164121515399999999999999 6501061855 7599999999999999
149161164159148132117105101104113125137145146140128114 99 89 85 8910011720 614NH 156164134114699999999999999 8 610120 1 8599999999999999
136153164167161148130111 97 90 92102116131143148145136122107 95 90 9410520 615NH 25116815 914899999999999999 916 9021 7 9099999999999999
122142160171172163145123100 84 76 80 93111131147155153143128111 98 93 9720 616NH 3381731620155999999999999991011 7622 6 9399999999999999
110129151169179176162139111 85 67 61 69 88112137156165162149131112 98 9320 617NH 4191791715165999999999999991055 612255 9399999999999999
100117140163180186178157126 94 66 49 48 63 88119148168175168151129109 9620 618NH 45618618 0175999999999999991134 472337 9399999999999999
 94106127153176191191175146109 73 46 34 40 62 9513116117918217014912410420 619NH 5301931840183999999999999991210 34999999999999999999999
 94 97114140168190199191167131 89 53 29 24 38 6810714517418818516814211720 620NH 6 4199191918999999999999999 015 931246 2399999999999999
 99 94103126155182200203187155113 70 35 17 19 42 7812115918419218316113420 621NH 638204195719299999999999999 051 931323 1599999999999999
110 96 96112138169194207202178140 95 52 22 11 21 51 9213517019019217815320 622NH 714207203619499999999999999 127 9414 1 1199999999999999
125104 95101122151180202209197167125 79 40 15 11 29 6310614717819318917020 623NH 752209211619399999999999999 2 5 951441 1099999999999999
144118101 97108131160187204205188154112 68 34 16 18 40 7711915718319118320 624NH 833207215919199999999999999 246 961523 1499999999999999
163137113100100113137165189201198178143102 63 34 22 30 54 9113016418418820 625NH 918202224518999999999999999 331 9816 8 2299999999999999
177156131111100101115138164185194188168136 99 65 41 34 44 6910413916818420 626NH10 9194233418799999999999999 422 991656 3499999999999999
185173152128109 99101113134157176184179161133101 72 53 48 59 8311414617120 627NH11 8184999999999999999999999 522 981748 4899999999999999
184183170150126107 96 96106125146164173171158135108 84 67 63 73 9512315220 628NH 026185122117499999999999999 631 941847 6399999999999999
174185184170149124103 89 86 94110132151165168160142119 97 82 77 8510413020 629NH 123186134716899999999999999 747 861953 7799999999999999
156178188186172148121 96 78 72 78 94117141160169166152132111 94 88 9311120 630NH 220189151516999999999999999 9 1 7221 3 8899999999999999
135162183194191174147115 85 64 55 60 79106136160174175164143121103 94 9920 7 1NH 31719416341769999999999999910 7 552210 9499999999999999
116141168190200195175143107 72 48 38 45 68100135165182185173151126106 9720 7 2NH 41020017391859999999999999911 5 382310 9799999999999999
102120148176198207198173137 95 58 32 24 35 6210014017219119217815312710620 7 3NH 5 12071834193999999999999991156 24999999999999999999999
 98105126156185206212199169127 82 44 20 15 31 6410614918119719517715012320 7 4NH 548212192319999999999999999 0 3 981243 1499999999999999
103 98108133165194212213195160115 69 32 12 13 35 7311815918920019317214320 7 5NH 63321520 620099999999999999 050 971327 1099999999999999
116 99 98114141174201215211187148101 57 25 11 19 46 8713117019319918616220 7 6NH 716216204719999999999999999 134 9714 8 1199999999999999
133109 97101121150182205213203174133 88 49 23 17 32 6310514617819419317620 7 7NH 757214212419699999999999999 214 971447 1799999999999999
150122103 97106129158187205207190159118 77 45 28 30 50 8412315918319218420 7 8NH 83720822 019299999999999999 254 971524 2699999999999999
164138114100 99112136164188199195175143105 71 47 39 47 7110514016818518620 7 9NH 915200223518799999999999999 333 971559 3999999999999999
173152128108 99102118141165184190181159129 97 70 55 54 68 9312315317418320 710NH 955190231018399999999999999 414 981633 5299999999999999
178163142120105 99105121142162175177166146120 94 75 67 71 8711113816117520 711NH1038178234817999999999999999 459 9917 9 6799999999999999
179171155135116104100106121139155164164155137116 98 85 82 8910412514716520 712NH1130166999999999999999999999 5511001749 8299999999999999
175175166150131114102 98104116131145154155148135120106 97 9610311713415220 713NH 032176123715599999999999999 654 981839 9699999999999999
166174173163147129111 98 93 9710712213614615014713912711610910711212413920 714NH 12317414 515099999999999999 8 5 93194510799999999999999
155168174173163146126106 91 84 86 9711313014415215314713712611711411712720 715NH 221175153715399999999999999 914 8421 211499999999999999
142157171178176164144120 97 79 71 74 8710712914816016215714613212111511820 716NH 3171781649163999999999999991013 71221211599999999999999
128145163177184180164140111 83 64 56 62 8110613415717117316515013311911320 717NH 4 918417431749999999999999911 3 5623 711399999999999999
117131150171187192184163132 97 66 46 42 54 7911214417018318217015012911420 718NH 4551921826184999999999999991146 42235310999999999999999
109117135159183198200186158120 80 48 30 31 50 8312215818419318716914412120 719NH 53820119 6193999999999999991227 28999999999999999999999
107106119143171196209206185149105 63 31 18 26 53 9313617319620018716313520 720NH 620210194420199999999999999 03510513 8 1899999999999999
112100104123152184208218209180138 90 47 19 12 27 6210715218720420218315420 721NH 7 2218202220699999999999999 1151001348 1199999999999999
124102 95105129162195217222206172125 76 35 13 13 36 7612416819820819917420 722NH 74522321 020899999999999999 156 951429 1099999999999999
142113 94 92107135170202221220199160112 65 30 15 22 51 9514218120520819220 723NH 829223213920999999999999999 238 911510 1499999999999999
163130103 88 90109140174203218213188149103 61 33 25 39 7111415819120720320 724NH 916219221820899999999999999 323 871552 2599999999999999
183152120 95 84 90110141173198209201176140 99 64 44 42 60 9313317019620520 725NH10 5209225920599999999999999 410 841635 4099999999999999
196173142112 90 82 89109137166188196188166134101 74 61 63 8211314717819720 726NH11 0196234320199999999999999 5 3 821720 6099999999999999
200188164135107 88 80 86104129154173181176159135109 90 81 8510212815718120 727NH12 6181999999999999999999999 6 3 801811 8099999999999999
194195182159132106 86 78 81 9511613915716816815814112210710010311613716020 728NH 032196133016999999999999999 714 771913 9999999999999999
180191191179158132105 84 73 72 8210112314416016616315213712311411412314020 729NH 13019215 916699999999999999 833 71203111399999999999999
160178189191180160133105 80 65 60 68 8711213715817117216415013412211812420 730NH 237191163917399999999999999 951 60215411899999999999999
139158178191194185163134102 73 54 47 55 7710613716418018317415713712211620 731NH 3451941744183999999999999991056 4723 411699999999999999
121136158180196200190166132 95 63 41 36 47 7310814517419019217915713411620 8 1NH 4472001834193999999999999991150 35235910999999999999999
109117136162187204207193164125 85 51 31 29 46 7811815718619919517715012420 8 2NH 5402081915200999999999999991236 27999999999999999999999
107103115139169196212211191157114 72 39 24 28 53 9113417219720419216813820 8 3NH 627214195120499999999999999 0441031316 2399999999999999
112 98100118147179205217210184144100 59 32 23 37 6811015318720420218315320 8 4NH 7 8217202320599999999999999 123 961353 2399999999999999
123100 92100125157190212217202171128 84 49 30 31 53 8913217119720419316820 8 5NH 746218205320599999999999999 159 921426 2899999999999999
137108 91 90106135168198213211189153111 72 45 36 47 7511415418520119918020 8 6NH 822215212220299999999999999 233 881457 3699999999999999
151120 96 86 93114145177200208198172135 96 65 48 50 6910113817219419918820 8 7NH 857208214920099999999999999 3 7 861526 4799999999999999
164134106 89 86 98123153181197198182154119 88 66 59 69 9312515818319519220 8 8NH 932199221719699999999999999 341 851554 5999999999999999
175148120 98 86 89105130157178188183165138110 86 74 76 9111614517118719120 8 9NH1010188224619299999999999999 418 851623 7399999999999999
181161136111 93 87 93110133155171176168151129108 93 88 9511113415817618620 810NH1053176231918699999999999999 5 0 871654 8899999999999999
183171150127106 93 89 9611213114916016315714312711310410411212714616317620 811NH1147163235918099999999999999 550 89173210399999999999999
180175163144123106 94 90 9610812413914915315114313212311811812513615016320 812NH13 5153999999999999999999999 653 90182611799999999999999
172175170159142123106 93 87 90 9911412914215015214914313513012813113814920 813NH 054175145415299999999999999 812 87195612899999999999999
160169173171161144124104 88 79 79 8810312214015416116015514613713013013520 814NH 2 9173162816199999999999999 929 77213812999999999999999
145158170177177167148124 98 77 65 64 76 9612114516417317316415013612612420 815NH 3261781727174999999999999991033 63224812399999999999999
130143161177187187174150119 87 62 48 50 66 9412715717918818316914812911720 816NH 4281881810188999999999999991124 47233911499999999999999
115125144168189201198180149110 72 44 32 38 63 9913917319520018916613911620 817NH 52020218472009999999999999912 9 31999999999999999999999
104106123150180205216208182143 97 55 27 19 34 6711215719120920718715712520 818NH 6 7216192321099999999999999 0221031251 1999999999999999
101 91100124159194219227213180132 82 39 15 15 38 8013017620821820717814220 819NH 652227195821899999999999999 1 2 911331 1299999999999999
108 85 81 97129169206230233212171120 68 29 12 20 5210015219521922019916420 820NH 737234203322299999999999999 142 801411 1299999999999999
124 90 72 75 97135178214234230204160108 60 28 19 36 7412417320922321518620 821NH 82223521 822499999999999999 223 701450 1999999999999999
147106 76 63 72100140182215229220191147 99 59 36 37 6010014718921622020420 822NH 9 8229214322199999999999999 3 5 631529 3399999999999999
171130 92 67 60 73103142180207216205176137 97 67 53 61 8712516619921521120 823NH 956216221921699999999999999 350 6016 9 5399999999999999
189155117 84 64 62 76105139172193199188163132102 82 76 8711214517720020820 824NH1050199225820899999999999999 438 601650 7699999999999999
199176144110 82 67 66 79103131158175180173156134114101 9911013115617919420 825NH1154180234319899999999999999 534 641737 9999999999999999
197187166138110 87 72 70 79 9711914115716516415514212912011912614015717420 826NH1322166999999999999999999999 643 69184011899999999999999
185187179162140115 93 78 71 74 8710512514415716316115414413513013113915120 827NH 043187151716399999999999999 810 71201813099999999999999
165176181178166146123 99 80 68 66 75 9211513815817017216615514213112713120 828NH 2 7181164717299999999999999 940 6522 012799999999999999
142157172181182173154129101 76 60 55 64 8411214216618118317515813912411720 829NH 3371831742184999999999999991051 5523 911799999999999999
121134154174188191182160129 96 67 49 46 59 8511915318019319117615212811120 830NH 4461921822194999999999999991143 45235710599999999999999
105112132158182198201187159123 86 56 39 41 61 9513417019420119116813911220 831NH 5392021855201999999999999991224 38999999999999999999999
 96 95110136168194209206186151110 72 44 35 45 7311315518820520318315312020 9 1NH 621210192420699999999999999 034 941259 3599999999999999
 95 84 91114147181206215205177136 94 58 38 38 58 9413717620220819616813320 9 2NH 658215195020999999999999999 1 7 841330 3599999999999999
101 80 78 94124161194214215196161118 78 49 39 50 7912016119320920418114720 9 3NH 732217201520999999999999999 138 761359 3999999999999999
111 83 71 78103138176204216207180142101 67 48 50 7110614618220420719116120 9 4NH 8 5216203920999999999999999 2 8 711426 4699999999999999
124 91 71 68 84115152186207209193161123 87 63 56 68 9613316919620619817320 9 5NH 83721121 320699999999999999 238 671451 5699999999999999
139104 77 65 72 95128163190203197175142108 81 68 72 9112215618520120018320 9 6NH 910203212720399999999999999 3 8 651517 6799999999999999
153119 89 70 66 80106139168188192180157128101 84 80 9211514417219219718820 9 7NH 945193215219799999999999999 341 661543 8099999999999999
165135104 81 69 73 89115144167179178164143120102 94 9811313515917919018720 9 8NH1024180221919099999999999999 416 691611 9399999999999999
173149122 97 80 74 80 9712014316016716415213612011010811513014816617818220 9 9NH1111167225218299999999999999 458 74164310899999999999999
175160139116 96 83 80 8610011813614915615414713712812312312913915216417120 910NH1219156233817299999999999999 551 80172812299999999999999
172166153136117100 88 83 86 9611012613914815215014614013513413514114815720 911NH1414152999999999999999999999 7 9 8319 213499999999999999
163166163154141123105 90 81 79 85 9811513214715716115915214413713313414020 912NH 1 116616 516199999999999999 844 78211913399999999999999
149159166169163150131108 87 71 65 71 8610813315517017517116014513212312220 913NH 25116917 31759999999999999910 2 65223612199999999999999
130144161175182178162136105 76 56 49 56 7810914217018719018016013711810720 914NH 4 91821743191999999999999991059 49232410699999999999999
108122144170190200193171136 97 62 38 33 48 79119159189204200181152121 9820 915NH 5 62001818205999999999999991146 33999999999999999999999
 88 95118150184209217205174131 84 46 24 25 48 89137180209216203173135 9920 916NH 555217185121799999999999999 0 5 881228 2199999999999999
 75 71 87119161200225230210171121 71 33 17 26 5910815920122322119615611220 917NH 641231192522599999999999999 044 7013 8 1699999999999999
 75 55 58 83125172213236234208163109 60 28 20 39 8013318321823021718213520 918NH 727238195823099999999999999 123 541347 2099999999999999
 89 54 41 52 85132181219237229198151 99 56 33 35 6210715820222722820416220 919NH 812238203123199999999999999 2 3 411425 3199999999999999
113 69 40 34 53 90138185218229216183139 94 61 48 58 9013417921322621618620 920NH 85822921 522699999999999999 244 3315 3 4899999999999999
141 95 56 35 36 58 96141181207213199168131 96 73 70 8511715519121321720020 921NH 947214214021899999999999999 327 321542 6999999999999999
167125 84 53 39 44 66101139171191193181156128104 92 9411013716719220520120 922NH1040194221720699999999999999 414 381622 9199999999999999
182151115 82 58 49 54 7310113115617117516715113311811111512814816918419120 923NH114617523 119199999999999999 5 7 49171011199999999999999
185168143115 89 70 61 64 77 9712014015416116015314213312812813514716017120 924NH1320162999999999999999999999 615 61182312799999999999999
175172160143121100 83 72 70 76 8910712714415616116015414513713213213814720 925NH 0 5175151716299999999999999 748 69202513199999999999999
157164166161150133113 93 77 69 70 80 9812014216017017116315013612512112420 926NH 151166163517199999999999999 924 6822 612199999999999999
133147160168169160143120 96 75 63 62 73 9512215017118117916614712711110520 927NH 3351701720182999999999999991035 6123 410599999999999999
110124144164177180170149121 92 68 55 56 73101134164185191182161135110 9420 928NH 4431811754191999999999999991124 542343 9099999999999999
 91102124151175190190175148114 81 57 48 57 81116152182197195176147115 9020 929NH 53119218221989999999999999912 2 48999999999999999999999
 77 81101131164189201195172138101 68 49 48 66 98137173197203190162126 9320 930NH 610201184820499999999999999 016 771234 4699999999999999
 71 66 80109145179202206192162123 85 58 47 56 831221611922062001761401012010 1NH 645207191220799999999999999 045 6513 2 4799999999999999
 71 56 62 86123162194209205182146106 72 53 53 731081481832052061881541142010 2NH 717210193520899999999999999 114 561329 5199999999999999
 77 53 49 66 99140178203209195165127 91 65 57 69 971351721992081971681292010 3NH 748210195720899999999999999 141 481354 5799999999999999
 88 57 44 51 77115156188205201180147111 81 66 69 901231591892052021801442010 4NH 820206202020699999999999999 210 441419 6599999999999999
104 68 46 43 60 92131167192199188162130 99 79 75 881141471771982021871582010 5NH 852199204320299999999999999 239 421444 7599999999999999
121 83 55 43 50 73107143173189188171145117 95 85 901091361641861961901692010 6NH 92619021 719699999999999999 3 9 431510 8599999999999999
137102 71 52 48 61 87119149171179173156133112 99 971081271511731861871742010 7NH10 3179213418899999999999999 342 471538 9799999999999999
150120 91 67 55 58 73 971241481641671601461291151091121231401581721781742010 8NH104816722 517899999999999999 420 55161110999999999999999
159137112 88 71 63 67 811011231421531561521431321241211251331451561651672010 9NH1152156224916799999999999999 5 9 63165812199999999999999
162150132112 93 79 71 73 82 97115132144151152148142135132131134140147154201010NH1338152999999999999999999999 621 71184113199999999999999
157156149136120102 86 75 71 76 88105124141153159159153145135128125128135201011NH 014157152616099999999999999 758 7121 212599999999999999
144153158158149133112 90 73 63 64 76 96121145164174173163147130116109111201012NH 223159162517499999999999999 925 62221510999999999999999
122139157170174165146118 89 64 50 51 66 94127158181190184165140114 95 87201013NH 35017417 5190999999999999991027 4823 2 8799999999999999
 94113140168187193182155119 82 52 37 41 64101142178200203188159123 90 69201014NH 4511931741204999999999999991117 362343 6499999999999999
 65 80110148183206210193159115 72 40 29 40 72117163199216210183143 99 63201015NH 54221118142179999999999999912 1 29999999999999999999999
 44 47 72113159199221221197156107 62 34 29 49 90140186217225207169120 72201016NH 629224184822599999999999999 022 421242 2899999999999999
 37 23 35 70119170210229223193148 98 57 36 40 68114164206228224195149 95201017NH 716230192223099999999999999 1 2 231321 3499999999999999
 47 17 12 32 74127178215228217183138 92 59 46 59 93139185218229214177126201018NH 8 2228195622999999999999999 142 1114 0 4699999999999999
 73 30  7 10 37 82134180211218203170129 91 67 64 83118160197220220197156201019NH 849219203122399999999999999 224  51439 6399999999999999
106 58 23  8 17 47 90137176199202186157124 96 82 85106138172200212204177201020NH 93920421 721299999999999999 3 7  81518 8199999999999999
137 93 53 27 19 30 58 96135166183184171148124105 98105123149175193197185201021NH1033186214619799999999999999 354 1916 1 9899999999999999
159125 88 58 38 34 45 69 99129153167168160145129117113119132150168178178201022NH1138169223218099999999999999 446 34165411399999999999999
167147120 92 69 55 51 58 75 98121141154159156147137128123124132143154161201023NH13 6159233816299999999999999 550 51181712399999999999999
162155142123103 84 70 64 66 77 94113132147156158154144134125121122129137201024NH1445158999999999999999999999 714 64201512199999999999999
146151151144132115 97 81 71 69 75 89109130149162165161149133119110108113201025NH 129152155516699999999999999 847 68214710799999999999999
124137149155153142125105 85 71 66 72 88111136158172174164146125105 93 91201026NH 316155164017499999999999999 959 662240 9199999999999999
100117136154164163151131106 83 67 63 71 92120149172182178161136108 86 75201027NH 4261651714183999999999999991050 622319 7499999999999999
 78 93118144165175172155129100 75 61 61 77104137167186189176150117 86 66201028NH 5151761742190999999999999991129 592351 6099999999999999
 60 71 95127157178185175152121 90 67 58 66 90123157184195188165130 93 63201029NH 55418518 81959999999999999912 2 58999999999999999999999
 48 51 72105142173190189172142108 79 61 61 78109145177196197179145105 67201030NH 628192183219999999999999999 020 471231 5999999999999999
 42 36 50 81121159186196187162129 95 71 62 72 97132167193201190160120 78201031NH 7 1196185620199999999999999 048 361259 6299999999999999
 44 28 33 58 96138174194195178148114 84 68 70 89120155185201197174137 932011 1NH 733197191920299999999999999 116 271325 6799999999999999
 54 28 23 39 72114154183195187164132101 79 73 841091421741952001851531112011 2NH 8 6195194420199999999999999 145 221351 7399999999999999
 69 36 21 26 51 88130165187189175148118 93 80 841021301611861971901661302011 3NH 83819020 919799999999999999 215 201418 8099999999999999
 88 52 28 22 36 66105142170183178160134109 92 88 981201471721881901751462011 4NH 913183203619199999999999999 246 221447 8799999999999999
109 72 43 28 31 50 82117149169174166147125106 97 991131341571751831771582011 5NH 95117521 618399999999999999 320 271518 9699999999999999
129 95 64 42 35 43 63 931231491631641551391221101051111241411591711731642011 6NH1037165214217399999999999999 359 35155610599999999999999
144117 89 64 48 45 53 73 981231441551561501381261171141191281411531611612011 7NH1138157223116299999999999999 447 44165211499999999999999
153136114 91 71 57 54 60 75 971191381501541511431331241191191241321421492011 8NH13 4154235515299999999999999 552 54183211999999999999999
152148137120100 81 66 59 61 73 911131341501591591521401281171111111171282011 9NH1432160999999999999999999999 717 58202811099999999999999
140149152146133113 91 72 59 57 66 86111137158170170161143123105 93 91 99201110NH 154152153417199999999999999 841 562142 9199999999999999
115135152163161148126 98 73 55 51 61 84115147172184182165139109 84 69 68201111NH 325164162018599999999999999 949 502234 6799999999999999
 82106136162178179163135101 70 49 45 60 89127163189198189162126 88 58 42201112NH 4321801659198999999999999991043 452319 4199999999999999
 46 68103142176194193173139100 66 45 45 65102144182206208188151105 62 30201113NH 5281961736210999999999999991131 42999999999999999999999
 18 29 61106152188206202177138 96 62 46 51 79120165200217210180134 82 36201114NH 618208181321899999999999999 0 1 181215 4599999999999999
  6  1 21 61112161197212203174133 92 62 52 64 97141183213221204165113 59201115NH 7 7213184922299999999999999 043  01257 5199999999999999
 15 -9 -7 20 66119168201211198166126 89 66 63 81117159197218217191147 93201116NH 755211192722099999999999999 125-111338 6199999999999999
 41  3-14 -5 27 75126170197202186156120 90 74 77100134172202214204174128201117NH 84320320 521499999999999999 2 9-141419 7399999999999999
 77 31  1 -8  6 39 84131168188189173146116 93 85 92115146177198202188156201118NH 933191204420399999999999999 253 -815 2 8599999999999999
113 68 30  8  5 22 53 93132162177175161138115 99 96105125150173187186169201119NH1025178212618999999999999999 339  41548 9599999999999999
140103 66 38 22 23 39 66100131154165163152134117106104112128147163171168201120NH1122166221417299999999999999 428 20164210499999999999999
153128 99 71 50 39 41 54 77103128146156156148135121112109113124137149155201121NH1229157231515599999999999999 522 38175510999999999999999
152142124102 81 64 55 56 66 83104125142152154148137124113107107113123133201122NH1343154999999999999999999999 627 54192910699999999999999
141142137125109 92 77 68 66 73 87105125142154157151139124109 99 96100109201123NH 043142145115799999999999999 743 662057 9699999999999999
121132138138131118102 86 75 71 76 89108129148160162154138118 99 85 81 85201124NH 228139154316399999999999999 857 7122 0 8199999999999999
 98115131142145139126108 90 77 72 77 93115138158169167154132106 83 68 65201125NH 350145162317099999999999999 958 722245 6499999999999999
 74 92115137151154147130109 89 75 72 81100126152170176168147118 87 62 50201126NH 4491541656176999999999999991046 712321 4999999999999999
 52 68 94123148162163151130105 84 72 73 88113141167181180163133 97 64 42201127NH 5341641726182999999999999991125 712354 3599999999999999
 35 45 70103136161172168150124 98 78 71 79100129159180187176150112 73 41201128NH 6121721754187999999999999991159 71999999999999999999999
 24 26 46 79117151173178167143115 89 74 74 90116148175190187166130 88 49201129NH 648178182119199999999999999 024 221230 7299999999999999
 21 13 25 54 94134165180178160133104 82 74 82104135165187192179149107 64201130NH 722182184919399999999999999 055 1313 0 7499999999999999
 28  8 10 31 68110149174182172149120 94 79 79 95121152179192188166128 842012 1NH 755182191719399999999999999 126  61330 7799999999999999
 43 14  3 15 44 84126160178178162136109 88 81 881091371661861911781481072012 2NH 830180194719299999999999999 158  314 1 8199999999999999
 64 28  7  6 25 59100139166176170150125101 87 86 991231501741871841641302012 3NH 9 6176202018899999999999999 232  41434 8599999999999999
 89 50 21  8 15 39 75113146167171160140117 98 90 941101331571751811721492012 4NH 945171205518199999999999999 3 9  81510 9099999999999999
114 77 43 21 16 27 53 87122149164164152133114 99 951011171371571701711602012 5NH1030166213717299999999999999 350 151555 9599999999999999
136104 71 44 27 26 39 64 96126149160159148131114103 991051171341501601602012 6NH1123161223116299999999999999 436 251653 9999999999999999
149129101 73 50 37 37 49 72100127148158157147132117104 991011111251391492012 7NH1226159234515299999999999999 532 351812 9999999999999999
151144128106 81 60 48 46 56 76102128148160160151136118102 92 90 971101252012 8NH1334161999999999999999999999 638 451943 9099999999999999
139146145134115 93 72 57 53 60 79104131153166167157138115 94 78 73 78 922012 9NH 122147143616899999999999999 752 5321 1 7399999999999999
112132147152145129106 82 64 57 63 81108137162176176162137107 78 58 50 56201210NH 257152153017799999999999999 9 4 5722 4 5099999999999999
 75102130152163159142116 89 68 59 65 85115148174187183163131 93 58 34 26201211NH 41416316171889999999999999910 7 592256 2699999999999999
 36 62 97133161175171152123 93 70 61 69 93126161187197188160119 75 35 11201212NH 51717617 21979999999999999911 3 612344  599999999999999
  5 22 55 98140171185180158126 93 70 63 75103140175199204187152104 55 14201213NH 6131861744205999999999999991153 63999999999999999999999
 -8 -9 14 54103148179192183157123 91 70 67 84115154187207205182139 88 37201214NH 7 4192182620999999999999999 030-111239 6699999999999999
 -2-20-14 15 60111155184192180152118 88 72 74 94128165195209201171125 72201215NH 75319319 820999999999999999 115-211324 7099999999999999
 23-10-22-10 24 70120161185188172143111 86 75 82105139173198204190156109201216NH 839189195020599999999999999 159-2214 7 7599999999999999
 59 16-11-16  2 37 83128163181179161133105 85 79 90114146175194194175140201217NH 924183203219699999999999999 243-171450 7999999999999999
 95 51 15 -4 -2 19 54 96135163174168149124100 86 84 97121149172184179158201218NH10 8174211418499999999999999 326 -61535 8399999999999999
125 85 48 21 10 16 39 72108140160166157139117 98 88 89102123146164170162201219NH1053166215817099999999999999 4 8  91623 8799999999999999
142112 79 50 31 27 36 58 87118142156158149132113 97 90 92103121138151154201220NH1139159224715499999999999999 450 261717 8999999999999999
146128104 79 58 45 44 55 75 99124142152152143128111 98 90 91100113127137201221NH1229153234914099999999999999 535 431824 9099999999999999
140134120102 83 68 60 61 70 87107127142150150141127110 96 87 86 91102114201222NH1325151999999999999999999999 626 591941 8599999999999999
124129127119106 92 80 73 73 81 95112130144151150141126107 91 79 75 79 90201223NH 112129142315299999999999999 729 722058 7599999999999999
103116125127123113101 90 82 81 87 99116134148155153141123101 80 66 61 66201224NH 251127151715599999999999999 841 8022 0 6199999999999999
 79 97114128134131122109 96 86 84 89103121140155161155139116 89 65 50 46201225NH 41413416 316199999999999999 950 842247 4699999999999999
 55 73 96119136143141129113 97 86 84 92108129149163166156133103 72 46 33201226NH 5131441643167999999999999991045 842327 3199999999999999
 33 48 73103130148154147132112 94 84 84 96116140161172169152122 86 52 27201227NH 5581541719173999999999999991129 82999999999999999999999
 17 25 48 81115143159161150129107 89 81 86103128153173179168143106 66 31201228NH 637162175417999999999999999 0 3 1712 7 8199999999999999
 10  7 24 55 93130156168164146122 98 82 79 91113142167182181163129 86 44201229NH 713169182718499999999999999 038  61242 7999999999999999
 12 -2  4 29 67109145167172161138112 89 78 81 99126156179188179152112 66201230NH 74717319 118899999999999999 112 -31316 7799999999999999
 25 -1 -7  7 40 82124157173171153127101 82 77 87110140168187189172138 93201231NH 823174193619099999999999999 148 -81350 7799999999999999
