204177140100 68 50 51 7310915219021522421619717014212011011413315818319820 1 1NS12 2224233520199999999999999 525 48181110999999999999999
199186162131100 78 68 75 9813016419220921220318416013711911211713215317220 1 2NS1245213999999999999999999999 6 5 6819 511299999999999999
183184174155131109 93 89 9711714417019120320419517715513311610811112414120 1 3NS 034185133520599999999999999 651 89201210899999999999999
159171175170157140123111107113129149171188199200191174152128108 98 9911020 1 4NS 157175143720199999999999999 7531072125 9799999999999999
128148165175176169155139126119122133150170188199201192173146118 94 81 8120 1 5NS 337177154120299999999999999 9151192230 7999999999999999
 94116143168184190185171152135124122131148171192205207195170137102 74 5920 1 6NS 5 019016382089999999999999910391222322 5899999999999999
 61 80111148180202209202184159136121117127149176201216215197164121 79 4820 1 7NS 6 02091727217999999999999991145117999999999999999999999
 34 43 72114161200223228216191159130113111125154187215229222195152100 5220 1 8NS 647229181122999999999999999 0 7 34123710999999999999999
 20 12 30 71126180223244244224190151119102105127164203232241226189135 7520 1 9NS 730247185324199999999999999 049 11132210199999999999999
 24 -5 -5 24 78143203245262254225183139106 9310313417822124825022517811520 110NS 810262193425299999999999999 131 -914 5 9399999999999999
 50  0-24-14 28 92165226263273256219170124 94 8710514519523825925321916320 111NS 851273201626099999999999999 213-251447 8699999999999999
 94 28-18-33-13 40113187244274275250205153109 84 8411115821024926324920820 112NS 93227821 026399999999999999 255-331529 8199999999999999
146 75 13-25-31  0 60136207256276269236188136 96 78 8611917022025325923820 113NS1013277214426099999999999999 339-331612 7799999999999999
193130 63  8-20-16 22 85158221259270255218169121 87 76 9012817722224724820 114NS1053270223125199999999999999 423-231656 7699999999999999
223178119 60 16 -3  9 51113177228255257236198151109 82 76 9513217721423420 115NS1135259232223599999999999999 5 7 -31744 7599999999999999
231207167116 68 34 24 41 82137190228245241217180138101 79 77 9613016919920 116NS1217246999999999999999999999 553 241835 7699999999999999
215213194161122 85 61 56 73109154194221231224201167129 97 78 77 9312115320 117NS 02321613 323299999999999999 643 551935 7599999999999999
180196198187165136108 90 87101128162192212219211190160125 95 76 71 8310620 118NS 141199135721999999999999999 741 862046 7199999999999999
134161181191189176156134117112119137162186204211205186158124 92 69 60 6720 119NS 31919215 321199999999999999 85611222 4 6099999999999999
 87116147175193199193177156136125125137157180199209205188158122 85 57 4420 120NS 45919916152099999999999999910291242315 4499999999999999
 49 70104143178204215211194169144127122131152178201214211192158116 73 4120 121NS 6152151720215999999999999991151122999999999999999999999
 26 32 59101148191220232226203172141119113124150182210224219194154104 5620 122NS 7 9232181522499999999999999 013 26125111399999999999999
 22 10 22 57109163209238245232202164128106104121155193223234224192143 8720 123NS 75224619 123499999999999999 1 1 10133810299999999999999
 37  5 -1 21 67127185229252251229190147111 94 9912616720923724222218112520 124NS 828254194224399999999999999 142 -21417 9399999999999999
 65 18 -7 -2 32 88152209246259247215170125 94 8610113818522624724221216220 125NS 9 0259201924899999999999999 220 -81452 8599999999999999
102 44  4 -9  9 54117181230256256233192144104 83 8511215620423924923319420 126NS 930259205324999999999999999 255 -91524 8199999999999999
138 78 27 -1  0 31 85150207244256243210165120 88 78 9212917621924424221620 127NS 957256212624699999999999999 327 -41555 7899999999999999
169113 58 19  6 21 63121181226248246221182137100 79 8110614819322723922620 128NS1023250215923999999999999999 358  61625 7799999999999999
192144 91 47 22 24 51 99155205235242228196155115 87 77 9012216420222522620 129NS1048243223222899999999999999 427 201656 7799999999999999
206169123 79 48 37 51 86134182218233228205171132100 81 8210113517320221420 130NS111523423 921499999999999999 457 371729 7999999999999999
208184149111 78 60 61 82119161197219223210184150117 93 82 8911114217219320 131NS1143224235219999999999999999 527 5818 8 8299999999999999
199189167138110 88 80 88111144177201212209192166137110 91 85 9411414016420 2 1NS1215213999999999999999999999 6 1 801855 8599999999999999
179183176160139119106104113133158181196201195180157131108 91 86 9310913020 2 2NS 051183125720199999999999999 6431031957 8699999999999999
151166173172163149136127124131144161177188192187175155131108 89 80 83 9620 2 3NS 21817414 019299999999999999 7461242116 8099999999999999
116138158172178176167155144138138144155169181189188178159133105 81 67 6520 2 4NS 412178152718999999999999999 9301372235 6499999999999999
 78101130159181194196187172155141133135146162181194197188166133 97 65 4520 2 5NS 53919616481989999999999999911191332339 4199999999999999
 42 58 89129169200217218205182155133121122137162188208214201171129 82 4120 2 6NS 6342191749214999999999999991224120999999999999999999999
 18 18 42 85138188224241237215182145117104109133169205229232213173118 6020 2 7NS 718242184023499999999999999 031 15131210399999999999999
 14 -9 -2 33 90155213250262249216171127 96 8610013618322625124922016810220 2 8NS 758262192625399999999999999 117-101354 8699999999999999
 37-11-29-13 35105180239272275251206152103 74 72 9714520224826925922015820 2 9NS 837277201126999999999999999 2 2-291435 6999999999999999
 83 15-29-39-11 50130207262285277242187126 79 56 6310115922026427826021220 210NS 914286205627899999999999999 245-401516 5599999999999999
143 66  1-35-33  6 77159232276287267222160100 58 44 6311017423427127625120 211NS 951288214027899999999999999 328-391556 4499999999999999
198127 54 -1-25-12 37110188248278277247194132 77 44 41 6912218623826626420 212NS1026282222626899999999999999 410-261637 3999999999999999
234181115 53 11  0 22 75145210254269256219165108 63 40 46 7913318923124920 213NS11 1269231425099999999999999 451 -11719 3999999999999999
243213166112 64 36 36 64114172221248250230190141 93 58 44 56 9013718221320 214NS1135252999999999999999999999 532 3218 3 4499999999999999
226219195158118 86 70 76103145188219233227204168126 88 62 54 66 9513216620 215NS 0 8226121123399999999999999 614 691853 5399999999999999
190201198183160134113105112133162189208213205185155122 92 71 63 72 9211920 216NS 117202125421399999999999999 7 31051958 6399999999999999
146168182186182170155141134137148164180192196191177155128101 80 68 69 8120 217NS 3 0186135819699999999999999 8151342127 6799999999999999
101126151172186191188177163151145146154165178186188180163138110 83 65 5820 218NS 5 4191154118899999999999999102214523 0 5899999999999999
 65 84113145175197207206193173154139133139153171187196192175146112 78 5220 219NS 62120817121969999999999999912 1133999999999999999999999
 42 49 74111152189215225219198170142122116125148175199211206184148104 6320 220NS 7 7225181321199999999999999 0 6 42125311699999999999999
 35 26 40 74122171211234238222191154120101101120153190218227216185139 8720 221NS 741239185822799999999999999 053 261331 9999999999999999
 43 17 16 41 87144197234249242214172129 96 84 9412617021123723921717512020 222NS 810249193524199999999999999 132 1314 3 8499999999999999
 64 23  6 17 55113174224252254233193144101 75 74 9814219323325024120815520 223NS 83625620 925199999999999999 2 6  61433 7299999999999999
 95 41  9  5 31 82147206246259247212163113 76 63 7611416621724925423218820 224NS 9 1259204125699999999999999 238  315 1 6399999999999999
129 70 25  6 18 59119183233258255228182130 84 59 60 8813719223625624721420 225NS 924260211125699999999999999 3 7  61528 5699999999999999
162102 50 19 17 44 96159215249256238199148 98 63 52 6810816221324525123020 226NS 946257214225299999999999999 335 141555 5299999999999999
189135 81 42 27 40 80136193235252243212166115 74 52 55 8413218422524323620 227NS10 8252221324499999999999999 4 2 271622 5099999999999999
207163113 71 47 47 73119172217242242220181134 90 60 52 6710415219722523120 228NS1030245224623299999999999999 429 441652 5299999999999999
216184142102 73 63 76109154197226235223193153111 76 58 60 8312216519921620 229NS1054235232421799999999999999 456 631724 5699999999999999
214195165131102 87 88107140177207222219200169132 98 73 64 72 9713216619020 3 1NS1119223999999999999999999999 526 8518 2 6499999999999999
200196180156132115108115134161187204208200180152122 96 78 72 8210313115720 3 2NS 011200115020999999999999999 6 11081852 7299999999999999
176185183174159144134131137151168183192193185169148124102 85 78 83 9811920 3 3NS 121185123519499999999999999 65113020 5 7899999999999999
141161174181179173164154149148153162171178182180171155134111 89 76 73 8120 3 4NS 320181141118299999999999999 8331482146 7299999999999999
 99124151174190197194185171157147143146155168181188185172148117 86 62 5220 3 5NS 51419716161889999999999999911 41432311 5199999999999999
 57 78111150185210221217201177151132122126143167191207208192160117 74 4020 3 6NS 6142211734210999999999999991212122999999999999999999999
 24 32 62108160206236246235207170133106 98109138176213234234210166110 5420 3 7NS 657246182923799999999999999 011 241257 9799999999999999
 13 -2 13 56117182235264266243201150104 77 74 97142195240262256221164 9520 3 8NS 735268191726399999999999999 1 0 -21336 7299999999999999
 31-10-20  7 64138211263284275238181120 72 48 56 9415421826628426922315520 3 9NS 81128520 228499999999999999 145-211415 4799999999999999
 78 13-24-23 16 86169241284293270219151 86 41 27 4810117324128429427021620 310NS 846294204729599999999999999 229-281454 2799999999999999
141 63  4-23-10 41119202264294288250189117 54 18 17 5111519125529029126020 311NS 920295213129599999999999999 311-231533 1399999999999999
201127 56  9 -5 20 79157229275288268220154 85 32  8 19 6413320425828227520 312NS 952288221728399999999999999 351 -51612  899999999999999
241184118 61 28 27 61121189244272269239186122 63 23 12 33 8214720724826220 313NS102427423 426299999999999999 431 231651 1299999999999999
251218169117 76 58 68104157209245255241206155101 55 28 27 53 9915319922720 314NS1055255235523699999999999999 510 581732 2499999999999999
235225198162126101 94108140180213232230211177135 93 60 44 48 7210914918220 315NS1126233999999999999999999999 550 941818 4399999999999999
202209203186164143129127139161185204210205187160129 99 75 64 68 8410913720 316NS 1 120912 321099999999999999 6371261916 6499999999999999
161179189191186175163154151155165176185189185174158137114 94 82 79 8510020 317NS 24519113 218999999999999999 7521512047 7999999999999999
120142163180191195191181169159154154158166173177176168152131109 90 78 7720 318NS 45619515181779999999999999910341532239 7699999999999999
 86106132160185203210205190171152138134139152169183189185169143114 86 6720 319NS 6 421017 71899999999999999911581342349 6299999999999999
 62 73 99134171202220224212188159132115113126150177199209202180145106 7220 320NS 64322418 5209999999999999991238112999999999999999999999
 51 50 68104149192223237231208173135106 93 99124161197221227212180136 8920 321NS 713237184722799999999999999 035 481310 9299999999999999
 53 37 44 75122175218243246228191146105 80 76 9713618222124223921316911620 322NS 738248192224399999999999999 112 361338 7599999999999999
 67 36 30 51 95152206243256244211163113 75 60 7110715820924525524020214820 323NS 8 1256195425599999999999999 144 2914 5 6099999999999999
 92 48 27 35 71126187235259256229182127 79 52 51 7912818623526025823018120 324NS 824261202426399999999999999 214 271431 4899999999999999
123 70 37 31 54103164220255262243201146 91 52 39 55 9715721525426625021020 325NS 846263205426699999999999999 242 291457 3999999999999999
156 99 56 37 47 85141201245262252218166108 60 35 38 7012418623626226023220 326NS 9 7263212526499999999999999 310 371524 3299999999999999
186131 83 53 50 75122179229256255230185129 76 40 30 49 9415320924725824420 327NS 929259215625899999999999999 337 481551 3099999999999999
209161113 77 63 74109159209243252236200150 97 55 34 38 6912017722224524520 328NS 951252222824899999999999999 4 4 631619 3299999999999999
223186143105 83 83104143188225242236210169121 77 47 39 55 9214219022223420 329NS101424223 523499999999999999 432 801651 3999999999999999
226202169135109100108134170204226229214184144103 70 51 52 7411115419021220 330NS1039230235021899999999999999 5 21001727 4999999999999999
218208187161138123121133156184205215210192164131 99 74 63 68 8811915218020 331NS11 9215999999999999999999999 5391201813 6399999999999999
197202196182166151142142151166183195198192178156131107 87 76 77 9111414020 4 1NS 056202115319899999999999999 6321411923 7599999999999999
164182193195190180169159154156161170177183183177164145122100 84 77 82 9720 4 2NS 246195133318399999999999999 81815421 5 7799999999999999
121148174194206207200185169154145143149161174186190183166140109 82 65 6220 4 3NS 43920815551909999999999999910441432240 6199999999999999
 75103140178209227229217194165139121117127150177202215211189154111 71 4420 4 4NS 54023017172159999999999999911471172345 3899999999999999
 38 56 93143193232252249227190147110 89 89110148192228245239209161105 5420 4 5NS 6232531814246999999999999991231 86999999999999999999999
 23 19 45 95159219260274261224172117 74 56 65101156214258274261220160 9320 4 6NS 7 127419 327499999999999999 037 171310 5599999999999999
 37  7 11 48111185247283286259207142 80 38 27 5010317324028329427222215220 4 7NS 736289194929599999999999999 123  41349 2799999999999999
 80 26  3 17 66139216272296285244179105 43  9 10 4811519426129930227221520 4 8NS 811297203530599999999999999 2 7  21428  599999999999999
141 72 25 13 38 96173243287295270216144 70 15 -8  7 5813321227330129626120 4 9NS 844296212130399999999999999 250 1215 7 -899999999999999
201132 72 37 36 71133204260287280243182110 44  1 -9 18 7615222327229027920 410NS 91728822 729099999999999999 331 321546-1099999999999999
242186127 81 60 69109167225264273254211150 84 31  2  5 39 9916622425926920 411NS 949274225426999999999999999 412 591625 -199999999999999
255221175130 98 89105143192232253250224179125 72 33 17 29 6511817221423920 412NS1021255234624499999999999999 452 8917 6 1799999999999999
244231204170139120119136168201226233222195157113 75 49 42 56 8812816819820 413NS1054233999999999999999999999 5341171750 4199999999999999
216219211194172153142143157177196208209197175146116 88 71 67 7810112915720 414NS 048220113321099999999999999 6241411844 6799999999999999
180196203202193181167158157162171181187188181168150129108 93 87 9110412220 415NS 220203123618999999999999999 74415620 6 8799999999999999
144166185197203200191178165156152155161169176178174163146127109 96 92 9820 416NS 41120314521789999999999999910 71522156 9299999999999999
113135161185203212210198179159142133134144160176187189181162138113 94 8420 417NS 51821316421909999999999999911241322312 8499999999999999
 89106135167197217224217196168140119110117136163188205208196172139107 8320 418NS 55922417422089999999999999912 4110999999999999999999999
 74 82108145184216234234216184147113 93 91108140177209226224204171130 9320 419NS 629236182522799999999999999 0 1 741235 8999999999999999
 70 66 84120166209237246234203160116 83 70 8011115620023224423320316011420 420NS 65524619 024499999999999999 040 6513 4 7099999999999999
 77 60 67 97143194234253249222179128 83 57 56 8212718122725325523319214220 421NS 719255193325799999999999999 113 601332 5399999999999999
 95 65 59 79120174223254260240199145 91 53 39 54 9515221025126625622317420 422NS 74326120 526699999999999999 144 581359 3999999999999999
122 80 61 68101152207248264253219166107 58 31 33 6411918223626727024720520 423NS 8 6264203727299999999999999 214 601426 2899999999999999
153104 73 67 87131186234261261235188129 73 33 21 39 8514821125527226323120 424NS 83026521 927299999999999999 244 661454 2199999999999999
184133 94 75 83115164215251262247209154 95 46 21 24 5711317723126226724820 425NS 854262214126999999999999999 314 751524 1899999999999999
211164121 93 87106145193234255251223178122 69 33 21 38 8114019824125925420 426NS 920256221626099999999999999 344 871555 2199999999999999
230191150117101107132172213240247231197149 98 56 32 33 5910616120923924820 427NS 946247225624899999999999999 4161011628 2999999999999999
237212178145123117128156190220234230208173129 87 55 42 50 8012417020822920 428NS1016235234423399999999999999 45111617 8 4299999999999999
233222199173149135134147170196214220211189158122 88 65 57 67 9413116819820 429NS1053220999999999999999999999 5341331757 5799999999999999
216220212197177160149148157172189201204197180156127100 80 71 77 9712615820 430NS 050220114920499999999999999 63714719 5 7199999999999999
186205214213204188172158151153161172184191192184167144118 94 80 78 9111420 5 1NS 223215133419399999999999999 8201512036 7799999999999999
145176202219224217201179157141135139152170188199200189166135104 80 70 7720 5 2NS 35422415352019999999999999910 713522 6 7099999999999999
101136175210234241231208176143118107112133163194218225215188149108 74 5820 5 3NS 45524116562259999999999999911111072314 5799999999999999
 64 92135185228254258240205160116 85 74 87120165211243253240205156105 6420 5 4NS 5412591756253999999999999991158 74999999999999999999999
 47 56 92145204250273269240191133 81 49 44 68116177233269278258215157 9920 5 5NS 621275184827899999999999999 0 9 461240 4299999999999999
 57 42 58103165228272287271228167100 45 17 22 5912219425529029426821715320 5 6NS 658287193729699999999999999 058 421321 1599999999999999
 93 54 46 71124191251287289261206136 65 15 -4 12 6313621327230129926721220 5 7NS 735292202430499999999999999 145 4514 2 -599999999999999
147 92 60 60 93151216268290280241178104 38 -4-12 16 7715522928030129225720 5 8NS 811291211230299999999999999 230 561443-1499999999999999
201142 95 73 82120178236274283261214148 78 21 -9 -5 32 9717223727829127720 5 9NS 846283215929199999999999999 313 731524-1299999999999999
241190140104 92108148200245269265236186123 62 18  0 14 5711918523726627320 510NS 922271224627399999999999999 356 9216 4  099999999999999
257223180141117114133171212244254242210162107 59 28 21 40 8313819022925020 511NS 958254233525399999999999999 4381121646 2099999999999999
251236208175147132134153184213232234218187146103 67 46 47 6810514918921720 512NS1036236999999999999999999999 5231301729 4499999999999999
232232220198174154145148164185205215213198172140108 83 69 72 9112015318320 513NS 030234112121699999999999999 6141441819 6999999999999999
205217218210195177161153154163176189197196186168145121101 91 9210512615120 514NS 138219122419899999999999999 7241521923 9099999999999999
17619620921320919718016415214815216117318318718417315713711910610311012620 515NS 25921314 518799999999999999 9 1148204910399999999999999
14817319521021721319918015914213413514516117718919218617115113011310510920 516NS 4 82171552192999999999999991023133221110599999999999999
12414817620121922421719817214412311311713315718120020720118415913211110220 517NS 45622417 3207999999999999991114113231110199999999999999
106125154187215231232217189154121 99 9210312916319621722421419115912810520 518NS 5332341753224999999999999991152 922358 9699999999999999
 97106132168205232243235209171129 93 74 76 9813618021623723922219015211820 519NS 6 42431834240999999999999991225 72999999999999999999999
 97 94112146188226248249229191144 97 64 54 6810415420323925424822218214020 520NS 633252191125599999999999999 037 931256 5499999999999999
107 92 98126168213246258247214165111 65 41 42 7112117922925926624921416920 521NS 7 1258194626699999999999999 112 911326 3899999999999999
127 99 93110147194236260260235190133 78 39 26 42 8514520625127226924220020 522NS 729263202027499999999999999 147 921357 2699999999999999
154116 96100127171219253265251214160100 49 21 21 5210717223026627726323020 523NS 757265205527799999999999999 220 951429 1799999999999999
184140110100114150196238262261235189130 72 30 14 28 7113219724727227325220 524NS 827265213227699999999999999 25410015 3 1499999999999999
214170132110110133172216249261248214163105 54 22 18 43 9315621425427026320 525NS 858261221127099999999999999 3291071538 1699999999999999
237199159129117125152191228251251230191140 87 46 25 31 6311517322325326120 526NS 932254225426199999999999999 4 71171617 2499999999999999
250223188155133127140168202230243237212173126 81 48 36 48 8213118322324620 527NS1010244234425199999999999999 44912717 1 3699999999999999
250238213183156139137150175203224231222198163123 85 59 51 65 9714018421820 528NS1057231999999999999999999999 5391361752 5199999999999999
237241230210184160145142152172194211217211193164130 97 74 67 7810514218020 529NS 04424212 121799999999999999 6431421855 6799999999999999
212232237230211187163145138144159179197208208197175145114 90 79 8510714020 530NS 155237133221099999999999999 8 31382010 7999999999999999
176209232240235216189160136123124138161186206215211193165132103 86 8710520 531NS 3 5240151221699999999999999 9251222129 8499999999999999
137176212239249242219185148117 99 99116146181212230231215184147112 89 8620 6 1NS 4 62491633233999999999999991031 962239 8599999999999999
103138181222251260248218174128 89 69 71 96137184225250253235201157116 9020 6 2NS 4562601739255999999999999991124 672340 8499999999999999
 86105143192237265269250209156101 59 40 48 8213519424327027225121116211720 6 3NS 5412711835275999999999999991212 39999999999999999999999
 90 88111155208253277274244194132 72 30 16 33 7814220926028628525921416220 6 4NS 623279192828999999999999999 035 861257 1699999999999999
116 92 94122171225267283271232174106 46  9  2 29 8415622427329529025921120 6 5NS 7 4283201829699999999999999 126 891341  199999999999999
158116 97104138189241275282261215151 83 27 -2  1 37 9917223728029628525120 6 6NS 74528321 529699999999999999 214 961425 -599999999999999
203153117104118156206252277274245194129 65 18 -2 11 5411918924628028927320 6 7NS 825279215128999999999999999 25910415 7 -299999999999999
238191148120115134173220256271260225173111 56 19  9 30 7814120224927427620 6 8NS 9 4271223527899999999999999 3431141549  999999999999999
256221180145125127150188227253258241204154100 55 29 30 5610416021124726320 6 9NS 944259231726399999999999999 4261231629 2699999999999999
259238205171144132139163196227244242221185140 96 62 47 55 8412817521524120 610NS1024245999999999999999999999 5 81321710 4799999999999999
249241221193165145138148170197220230224203171134100 76 69 8110914618421520 611NS 0 024911 823099999999999999 5541381752 6999999999999999
233236228209185162146143152170191208214208191165136110 93 9110312815818920 612NS 04723712 121499999999999999 6461421840 9099999999999999
21222622721920218016014514114816318019520219918716714512411110911913916520 613NS 140228131320299999999999999 751141193910899999999999999
19021022222421619917715513913313815116818519519819117615713812512212914520 614NS 240224144419899999999999999 9 4133205012299999999999999
16819121222422521519617114612711812313815918119820520218916914913412713220 615NS 33822616112059999999999999910 911822 412799999999999999
14817119621823022921519015912910810010712815718620821921620117815413612820 616NS 42823117162199999999999999911 110023 712899999999999999
133150177205228238233212179141107 85 81 9612616420022523522920918215313320 617NS 51023918 6235999999999999991143 80235812599999999999999
125134156188219241246233203161117 81 63 66 9213317922024525123921217814720 618NS 5472471849251999999999999991220 61999999999999999999999
127123138167203235253250227187137 89 55 44 59 9614820124126226224220817020 619NS 623254192826599999999999999 0421221256 4499999999999999
138121124146182222251262249215165110 62 34 33 5910916922426127526723919920 620NS 65726220 627699999999999999 1221201332 3099999999999999
159129118129159200240264265242198141 83 38 19 30 6812819224527628226523020 621NS 732267204528399999999999999 2 111814 9 1999999999999999
187147123119138175219255271262229178117 60 23 13 35 8414921326128328125720 622NS 8 9271212428599999999999999 2401181448 1399999999999999
218174138120124150191234264271253213157 96 44 16 16 4810417123027028427520 623NS 84727122 528499999999999999 3191191528 1299999999999999
246204163132121132163205244266265240196140 82 38 18 28 6612518924127227920 624NS 927268224828099999999999999 4 11211611 1899999999999999
265233192155130124140173213246261254226182129 78 42 30 46 8714420224626920 625NS1011261233427399999999999999 4461241656 3099999999999999
271253221183149129128145177213240251242215174126 82 54 47 6710715920924620 626NS11 2251999999999999999999999 5351261745 4799999999999999
263261242211176145128128145174206229238231208173132 95 72 69 8812417021320 627NS 02326412 323899999999999999 6311251839 6799999999999999
243257253234204170141123122137163193216228225209180146114 93 9010613717620 628NS 117257132022999999999999999 7341201941 8999999999999999
21324025224822919916413311411012214717720422222721719516513511410811914520 629NS 215253145022799999999999999 844109205110799999999999999
179213240252248227195157122 98 9110212816219722323523121318515413012012720 630NS 314252161623599999999999999 952 9122 612099999999999999
149181215243255250227190147106 78 69 8211215319623024824823220216814012620 7 1NS 4122551730251999999999999991055 69231812599999999999999
130150184220249261253225183133 87 56 48 6410115120224326426524721417514320 7 2NS 5 62611832267999999999999991151 48999999999999999999999
127130152189228258268255222172116 67 36 31 53 9815721425727927825521717520 7 3NS 557268192628199999999999999 0211251241 2999999999999999
141124130156197239267273255215159 98 48 20 21 5110517023027128928325521320 7 4NS 645274201429099999999999999 1151231328 1699999999999999
168135121132164209251275275250203142 80 33 11 20 5912018824528229328024720 7 5NS 730279205729399999999999999 2 41211412 1199999999999999
201157128120138175222261279271239187124 65 25 12 31 7714220725928628926920 7 6NS 812280213729199999999999999 2481201454 1299999999999999
231185145123123148189235268277261223168107 55 25 23 5110316722626728427820 7 7NS 852277221428599999999999999 3291201533 2099999999999999
252211169136122131161203244268268245203148 94 52 34 43 7813219124026927520 7 8NS 931271224727599999999999999 4 71211610 3399999999999999
261230191154130125141174214247261253225182133 87 58 51 7011016121124726420 7 9NS10 9261232026599999999999999 4441241646 5199999999999999
261241209173144128131152185219243248235205166124 90 72 7510014018522424820 710NS1047249235325599999999999999 5211271721 7199999999999999
255245222191161138129137159189216232232217190156124100 9210212816420122920 711NS1131234999999999999999999999 6 21291757 9299999999999999
24324323020717915313513014016118620721921820418215613211611412715118020820 712NS 029245122422099999999999999 649130183911399999999999999
22823723321919717114813312913815617719620720820018316414613513414516518820 713NS 113237133720999999999999999 746129193313399999999999999
20922523122721319116614312712313014616618620120720419317716215114915617020 714NS 2 723115 820799999999999999 853123204414999999999999999
18920822222922521118916113511711011613415718320321421520719217516115515920 715NS 3 922916352169999999999999910 1110221015599999999999999
170188208224232228212185153122101 9310112315418721322923122120318216415420 716NS 4112321741232999999999999991059 93232315499999999999999
156168189212231240233212178139104 80 75 8811915919923024724723320918215920 717NS 5 52401831249999999999999991148 74999999999999999999999
148151168194222243250238209166120 81 58 57 8012117121825126626023920717420 718NS 552250191426699999999999999 0191471231 5499999999999999
149139147171205237258260240201150 97 56 37 45 7913119024027228126823819920 719NS 635262195328199999999999999 1 41391313 3699999999999999
162137132147179220255273267238189129 73 33 21 39 8514821226328929026823020 720NS 716274203229399999999999999 1461311354 2199999999999999
185147125127150191237272284269231173108 51 17 13 43 9917023628130029226120 721NS 758284211130099999999999999 2271231436 1199999999999999
216168132116125158206253284288266219156 89 36  9 16 5612019425629330328620 722NS 840290215030399999999999999 3 81161518  899999999999999
248198151119111128168220265289286256205140 76 31 14 30 7814621627029829820 723NS 923291222930199999999999999 35011016 1 1499999999999999
273230179135110109133178229269286276243191129 73 37 29 5410517223427729420 724NS10 928623 929499999999999999 4331061644 2899999999999999
285255210162124105110139184231264275263230181127 81 54 55 8413519424527620 725NS1058275234928499999999999999 5181031729 5199999999999999
283269236192148116102112142184224251259248219178134 98 81 8611516020924820 726NS1155259999999999999999999999 6 61021816 8099999999999999
26826925221917914011210211213917621023424323621518415012311011714217821520 727NS 03327113 424399999999999999 7 0102191011099999999999999
24325825523820817113611010010713016119321723123121919717114913814215918520 728NS 122259143223299999999999999 8 4100201613899999999999999
214236248246230203169134107 94 9711514417620522523423021519417215815616520 729NS 222249161123499999999999999 918 93214215599999999999999
184208229243243230204170133101 83 82 9812716420022924524623421218716715820 730NS 3332451735247999999999999991034 81231215899999999999999
162178202227244248236209170128 91 68 65 8211616120524026026324822119016420 731NS 4452481838264999999999999991140 64999999999999999999999
151154172201231252257243212167118 76 51 50 7211516821925727727525522118320 8 1NS 546258192627899999999999999 0211501234 4799999999999999
153139145170206242265268249210158103 59 36 41 7212418423827528928025120920 8 2NS 63826920 628999999999999999 1121391320 3599999999999999
167138128141174218256278275248201142 85 43 28 42 8314320725928929327423720 8 3NS 723279204129499999999999999 15512814 2 2899999999999999
190148123122145186234271286274238184122 67 34 29 5410617123327629528825920 8 4NS 8 3286211329599999999999999 2331191439 2799999999999999
214166129114123156204252282286265221162102 55 33 41 7913720225528629127320 8 5NS 840288214229299999999999999 3 81131514 3399999999999999
235188144116111132173223265284278247198140 87 52 44 6511117223027128727820 8 6NS 91428522 828799999999999999 3411101546 4399999999999999
250207162126109116147192238270278261224174122 80 60 66 9814820425027627720 8 7NS 948278223427999999999999999 4121091617 5999999999999999
258223180141115110127163208246266263240201155113 85 78 9513318222926027120 8 8NS102326723 027199999999999999 4441091646 7899999999999999
261234197158127112116140178216244254244219183145115 9910412816620824125920 8 9NS11 0254232726099999999999999 5171111717 9999999999999999
25824121117714412111412515118521523423822620317414612612113215719022124220 810NS1143238235924999999999999999 554114175012199999999999999
24924222219416413812111913215618320722022321319617515614514515717820322320 811NS1240223999999999999999999999 639118183114399999999999999
23523722820918515913712312213315217519420821320919918517316516417318720420 812NS 03923814 421399999999999999 737121193116399999999999999
21722622722020418316013812311812514116218320121221521120119018017617818620 813NS 138227155321599999999999999 85211821 917699999999999999
19720921922322020718716113611610711112615017820322123022821820318817717320 814NS 3 5224172023199999999999999101310723 017399999999999999
177189204220229228216192160127101 88 9111114318021523925024723120918616820 815NS 4282301815250999999999999991118 87999999999999999999999
161166183206229243243226194153111 79 65 7210114419223526227126123720417320 816NS 530245185727199999999999999 0 51611210 6499999999999999
152146157183216246263259234191139 89 53 42 58 9815421326028628826823319020 817NS 619264193529099999999999999 0511451255 4299999999999999
153132131153190234269283272236182119 64 29 25 5210617423928530529726621920 818NS 7 4283201230599999999999999 1311291338 2299999999999999
168130112121154204255291299279233168 98 42 13 18 5812420126630631529625320 819NS 747300204831699999999999999 2101121421 1099999999999999
196143106 97117162222276307308278222151 80 28  8 25 7715223028931831528320 820NS 831311212432099999999999999 249 9715 3  899999999999999
231169117 88 88119175239290314306269208136 70 28 19 4710718425530231830220 821NS 915314215931899999999999999 329 841544 1899999999999999
261203143 96 76 87127188250293309294254194127 72 41 44 8014221327230430620 822NS10 0309223430899999999999999 410 761626 3899999999999999
281234176121 84 74 92138197251285293276237184128 86 68 7911817623527729420 823NS104829423 929499999999999999 452 7317 8 6799999999999999
285254207154108 81 7810214619824226827225622418113911010211815420124427020 824NS1142273234627699999999999999 536 76175210299999999999999
275261229187142106 86 8811114919022524525024021718815914113715118021224020 825NS1249250999999999999999999999 626 84184113699999999999999
255254240212177141112 96 9711414317520322323323122020218316916617319021020 826NS 029257142223399999999999999 727 94194916599999999999999
22723723722720617914912210410011012915618320722523323122120519118118018620 827NS 130239161923499999999999999 848100214017999999999999999
198212224229226212189159130107 95 9711313917120322924424723822019918117220 828NS 3 62301744248999999999999991022 94232517199999999999999
172183201220233235224201167132101 83 81 9813017021024326126324922319316820 829NS 4422361836264999999999999991135 80999999999999999999999
154156172199226246251238209168124 87 66 67 9113218222826227727224821317520 830NS 547251191427899999999999999 0241531227 6499999999999999
147135143170207242264266246208158107 69 52 61 9514720425228128727123619120 831NS 635268194628899999999999999 1 513513 9 5299999999999999
150124120140178224262281275245197140 87 53 45 6611217323227529428725821220 9 1NS 715282201429499999999999999 1401191346 4499999999999999
163124106115147196246281291274233177117 69 45 50 8514220626029129627523320 9 2NS 751291203929799999999999999 2111061419 4399999999999999
181133103 98120165220268293290262212152 96 58 48 6811517823928129728525120 9 3NS 82429521 329799999999999999 241 961450 4899999999999999
201149108 90100135189244283295279241187129 82 59 64 9815321526529128926320 9 4NS 856295212629399999999999999 3 9 901519 5799999999999999
219167120 91 88112158213261287286260215162112 79 72 9213619224527928727020 9 5NS 927290214828799999999999999 337 861546 7199999999999999
234186137100 85 96131181232268281268236191144107 89 9612617322426227927220 9 6NS 959281221127999999999999999 4 5 851614 8999999999999999
244203156115 91 8911115220024226526624721317313611310912616120524326526720 9 7NS1033268223426999999999999999 435 87164210899999999999999
249216175135105 9310112816921024025224722719716514112913515718922324725620 9 8NS1111252225925699999999999999 5 7 93171112999999999999999
24822519315712610610111514317720922923622921219016915415116018020622824020 9 9NS1159236232924199999999999999 545101174715199999999999999
24022820617915012711311212514817519821422121820819418117317217919320822020 910NS1310221999999999999999999999 634111183817199999999999999
22622421419717615413412111812614216318420121221721520819919118618719219920 911NS 01322615 921799999999999999 746118202118699999999999999
20721221421020018416414212411511612714617019421422723122621620218918117920 912NS 152214165723199999999999999 925114224917999999999999999
184193205215219214199174145118100 9510613016319822824725224422620217916420 913NS 3592191753252999999999999991049 95235215999999999999999
160167186209229239235214180140102 77 70 8612016621425127227325622518915720 914NS 5132401832275999999999999991147 70999999999999999999999
139138155187223253266256226179126 79 50 48 7312118223928029628725621116420 915NS 6 526619 829699999999999999 0331361235 4599999999999999
127111119151198247281291273231171106 54 28 34 7313520726930631228924418620 916NS 651291194231399999999999999 1101111318 2699999999999999
131 95 87108155216273307310282228157 86 35 16 34 8616123929732331527822020 917NS 735313201632499999999999999 147 8614 1 1699999999999999
153 97 67 70106167238296324318280217141 72 28 20 5011319426831532730525520 918NS 819326205032799999999999999 225 641442 1899999999999999
187118 68 48 64113184257309329314270203129 68 36 40 8014922728932031628220 919NS 9 3329212332399999999999999 3 4 481524 3399999999999999
224153 89 49 41 68126200268310320300254190125 77 58 7211818525229631029420 920NS 949320215631099999999999999 343 4016 5 5899999999999999
251191125 72 43 47 82142210266297300278236182132 98 9011115721426328928920 921NS1038302222929299999999999999 424 411646 9099999999999999
264220164109 68 51 6210015521025327427525622218214712612714918722825927120 922NS113127723 327199999999999999 5 7 51173012499999999999999
262235195149106 77 68 8211515820023124825023821719116815615917620222724320 923NS1238251234324799999999999999 554 68182015599999999999999
246236213182148116 95 89 9912215318320822423223022020619118118018720021320 924NS1418232999999999999999999999 653 88193717999999999999999
22222421820418415913411410510711913916418821022523323122220719418518218520 925NS 047225161923399999999999999 820104215718299999999999999
19320321121320919617615212811110410812414917920823124424523321419217416420 926NS 25521317322469999999999999910 8104232716399999999999999
164175192209222224214192162131106 92 9511314518321924625925523620717615220 927NS 4422241815260999999999999991122 91999999999999999999999
141146165193221239243229201162123 92 78 8511215320024026527125722618715020 928NS 543243184727199999999999999 0121401211 7899999999999999
125120135167206241260259237198151106 76 68 8412317422526328027424720415720 929NS 626262191428199999999999999 0451191250 6799999999999999
119101107136181229264277266233184131 87 63 67 9614620425428328626522417220 930NS 7 2277193828899999999999999 1151011323 6199999999999999
123 92 86107150205254283285262218163109 72 60 781211792372772912792431912010 1NS 73528820 129199999999999999 143 851354 6099999999999999
136 93 74 83119175233276293283248196139 91 66 701021552152652902872582102010 2NS 8 6294202329299999999999999 211 731423 6499999999999999
153101 70 66 92142203258290293270226171118 83 73 911351932472822892702282010 3NS 837295204529099999999999999 237 641451 7399999999999999
173117 75 59 72112170230274292282250201149107 86 911221722262682852752422010 4NS 9 829221 728599999999999999 3 4 591518 8499999999999999
193137 89 61 60 881381982492792832642261791351061001181562052492742742512010 5NS 939285213027799999999999999 331 571546 9999999999999999
210158109 73 60 731111642182572732672412041631311161221481872292582672542010 6NS1012274215326799999999999999 4 0 60161411699999999999999
223179132 93 70 70 931341842272532592472211881581381341471752092382532492010 7NS1048259221725399999999999999 431 67164413499999999999999
229196156118 90 79 871131521922242402412282071831631531561701942182342372010 8NS1133242224523899999999999999 5 7 79172015399999999999999
228207178146117 98 931031261581892122242252182041891771711731841992122202010 9NS1238226232522199999999999999 552 92181317199999999999999
219210194172148126111105111128152176197211218218212202192185182184190197201010NS1427219999999999999999999999 65910520 018299999999999999
203205202194180161141122110109118136160185207223230228219204189177171171201011NS 1 1205161823099999999999999 838108222617099999999999999
178189200208208199180154127105 95 99117147182215239250247231206179157145201012NS 3322091716251999999999999991014 94232514499999999999999
146160183208227233223198161122 90 73 77102143190234263272261233195155126201013NS 4542331757272999999999999991119 72999999999999999999999
114122150188228255262246210161109 69 51 61 97151211261289290266223169121201014NS 549263183229399999999999999 0 511412 9 5199999999999999
 89 84105148204255286289264216154 93 50 37 56104172239289308296257199134201015NS 63629119 730999999999999999 043 821255 3699999999999999
 81 54 60 96157226283311307272213142 78 39 34 65125201269310316290236165201016NS 722313194131899999999999999 120 521338 3299999999999999
 95 45 28 47 99173249304326313270204131 71 40 46 87155231291319310269204201017NS 8 7326201532099999999999999 159 281421 3899999999999999
128 60 19 14 46111192266314327307259193125 74 55 70119188256302313291240201018NS 853327204931399999999999999 238 1215 4 5599999999999999
170 96 37  8 15 58129208273310315292244183126 88 80103153216270298294262201019NS 940317212330099999999999999 319  61546 7999999999999999
208140 75 29 12 29 78146216268295294271228178134110110137183233269281267201020NS1029298215728199999999999999 4 0 12162910799999999999999
231179120 68 36 30 52100159214253271269249216179149135140165200235255256201021NS1123273223325899999999999999 443 28171513499999999999999
238205161114 76 55 55 77117163204232246246233211186167158163180203223233201022NS1228248231623499999999999999 529 5218 915899999999999999
230214188155122 94 79 80 97126158188211225230225213197182173173181193204201023NS1359230999999999999999999999 626 78193017299999999999999
210209200184162138116102 99107125148173196214225227220206190177169168173201024NS 023211154422799999999999999 746 99213816899999999999999
183192198199192177157136118107107118138164191215230235228210188167152147201025NS 233199165323599999999999999 931106225814799999999999999
152167184200209208195173146122105100110133165198226242244230204173145127201026NS 4232101735245999999999999991050100234212499999999999999
124136160189213226225208180146115 95 92107138177215244255248223187148117201027NS 52522818 7255999999999999991141 91999999999999999999999
102107131166204233245238214177136102 85 88113153199238261262242205159116201028NS 6 8245183326499999999999999 0151011220 8399999999999999
 88 82100137184227254260244209164120 89 79 93129178226260271258224176124201029NS 645261185827199999999999999 045 811255 7999999999999999
 83 64 72105155209252272267239196146104 80 82109155208252274271243196139201030NS 718273192227699999999999999 113 641326 7899999999999999
 88 56 51 75122182237272280264226176127 92 80 95133186237270277258216160201031NS 750281194627899999999999999 140 501357 8099999999999999
102 58 39 50 90149211260283279252207156112 89 901171642172592772682341822011 1NS 821285201027799999999999999 2 8 391426 8699999999999999
122 69 38 35 62114178237274284269233185138105 941091451952412692712482032011 2NS 853284203427499999999999999 236 321456 9499999999999999
146 89 47 30 43 831432052542772752512111661281071091331742202552672552212011 3NS 925279205926799999999999999 3 5 30152610599999999999999
171115 67 38 36 611101702242592702592311921531261171291591992352552542312011 4NS 959270212525799999999999999 335 33155711799999999999999
192143 94 57 41 51 841341882312542562412121791501331331501802132372452342011 5NS1037258215424599999999999999 4 8 41163013199999999999999
206167124 85 59 54 701061521962282422402242001751551461501671912152282282011 6NS1122243222823099999999999999 446 53171114599999999999999
213187153117 88 70 70 881201581932172292272151981791651581611741912052132011 7NS1222229231621399999999999999 531 68181015899999999999999
210198177150123 99 85 84 981231541832062192222162041881741651631681781882011 8NS1349222999999999999999999999 634 82194616299999999999999
196198193180161137114 97 91 981161431721992182272262151971771601501491562011 9NS 050199152222899999999999999 759 91213714899999999999999
170185197202196180156128103 89 89104131166201227242241226200169142125121201110NS 3 0202162624399999999999999 931 87224512099999999999999
132154182207221221204174137103 80 75 92125169212245260254230192149112 90201111NS 4282231713261999999999999991043 752331 8799999999999999
 90110147190227248248226187140 96 68 64 85128181233267277261224172117 74201112NS 5292511753277999999999999991140 62999999999999999999999
 54 62 96148206252276272243194137 87 59 59 88140202256287287258206142 79201113NS 621277183029099999999999999 013 531230 5599999999999999
 36 23 42 91159227277298288251194132 81 56 63101161227277298286244180107201114NS 71029819 729899999999999999 054 231317 5599999999999999
 43  5  2 34 97175247294310294250189126 80 62 77122186249290298274221150201115NS 758310194529999999999999999 136 -114 3 6299999999999999
 75 15-13 -5 39110192261301310289242181124 85 76 98147209263291287253194201116NS 847311202229499999999999999 217-151448 7599999999999999
121 50  0-17  1 54128206266297300275229174125 96 95122171226267282268227201117NS 93530221 028299999999999999 3 0-171533 9299999999999999
167 99 38  0 -7 20 75146213261284282257215168130111117145189233261264243201118NS1024286213826699999999999999 342 -9161811099999999999999
201145 86 38 12 14 45 98159213249265260237203166139127136163198229245241201119NS1115266221824699999999999999 426 1017 412799999999999999
218180132 86 50 34 42 72117165207234244239221195168148141150170196216224201120NS121024523 422499999999999999 511 34175714199999999999999
218197166130 95 70 60 69 94129166197218227225212192171155149154167184198201121NS1316228999999999999999999999 6 2 6019 414999999999999999
204199185163136111 91 84 90108134163188207217218209193173157148147154167201122NS 0 5204143321899999999999999 7 3 84203414699999999999999
179188189183169149128111101103114135159184203216218210193171150136131136201123NS 141190154421899999999999999 823101215913199999999999999
149166180189190181164143123110107115134159186208221223211189161135116110201124NS 332191163622499999999999999 947107225611099999999999999
118137161184199203195176152127110105114135165195219231227207177142111 92201125NS 44920317152319999999999999910531052336 8999999999999999
 90105133167197216219207183152124105102115143178211234239226196156114 82201126NS 5422191747239999999999999991142101999999999999999999999
 68 75102141183217234232213182146115 99101122157197230246241216175127 83201127NS 624235181724799999999999999 011 681223 9799999999999999
 55 50 69109159206238249239212173134105 95106136177218246252235197147 94201128NS 7 1249184625399999999999999 042 4913 0 9599999999999999
 52 33 41 75127184230256258239203159121 98 97117156201238256249219171113201129NS 736260191425799999999999999 113 331334 9499999999999999
 61 28 21 44 91152210251267259230188144110 96105135180223252258238196139201130NS 8 9267194225999999999999999 143 2014 7 9699999999999999
 81 34 13 21 571151792332642692512151701301041001191572032402582502181682012 1NS 843270201125899999999999999 214 121440 9999999999999999
108 53 17  9 30 791422042482682632371971541201051111381792212492532341942012 2NS 917269204225599999999999999 247  8151310499999999999999
139 82 35 11 15 491041672212552642512201801421171111251571972312482412142012 3NS 953264211324899999999999999 321  9154811199999999999999
169115 64 27 15 30 711271852302532542362041681371201211411732072322382242012 4NS1032256214823999999999999999 357 15162711899999999999999
193148 99 56 30 27 49 921451952302452412211921611371261321511802082242242012 5NS1116246222922699999999999999 437 25171112699999999999999
207176136 94 59 41 44 681091561972252352302121861601401321371541781992112012 6NS12 8236232321299999999999999 523 3918 713299999999999999
209194167134 99 70 56 60 821181591942182282242091861611411311331461661842012 7NS1311229999999999999999999999 618 55192013199999999999999
197199190170142112 86 72 73 911211571902152262252101871611371221191291472012 8NS 041199142222799999999999999 726 70204311999999999999999
168186196195182159130103 84 81 93120154189216231230215188155124102 951042012 9NS 224197152723399999999999999 844 802156 9599999999999999
126154183203210202180149117 93 83 92117154193224241239218184141102 74 65201210NS 35821016232429999999999999910 1 832255 6599999999999999
 77107147188218231225201166127 96 82 90117158202237253246217173121 73 42201211NS 51023217122539999999999999911 9 822346 3499999999999999
 35 54 94147200238254247219177131 96 81 90121167216251263249211156 95 42201212NS 61125417572639999999999999912 8 81999999999999999999999
 11 10 38 90155216257273262229181131 94 80 93130181231264269246198134 67201213NS 7 5273184127099999999999999 033  713 1 8099999999999999
 14-13 -7 32 95168232272285270231179128 93 83101143197245271268236181111201214NS 756285192327499999999999999 119-141351 8299999999999999
 43 -7-26-11 37108184245281288268225172123 93 88112158212255272260221161201215NS 84528920 627299999999999999 2 4-261439 8799999999999999
 90 25-17-28 -3 52125198253281282257213162118 95 98126174223257266246202201216NS 931285204826699999999999999 248-281524 9399999999999999
140 73 16-16-17 15 74145210255274268240197151115100109141186228253252227201217NS1016275212925699999999999999 331-2116 810099999999999999
181122 63 17 -4  4 41 99163216250260249220180142115107121154193226241233201218NS1058260221024199999999999999 413 -5165110799999999999999
205161109 60 27 16 32 71123176217240243229201167136117115132161193217224201219NS1140244225222499999999999999 454 16173511399999999999999
212185146103 66 44 42 62 98143184214228226211185157132119121137161186202201220NS1222229234120699999999999999 535 41182411899999999999999
205193169138106 79 66 69 89120156187208216212197175151131120122135154173201221NS13 9216999999999999999999999 618 65192211999999999999999
186188180162139115 97 88 93110135162186202208203190169147127116116125141201222NS 04318814 420899999999999999 7 9 88203211599999999999999
158172178175164148130115107110122141164184199205200187165141119106103111201223NS 21117815 520599999999999999 815107214510299999999999999
127147165177180174161145129119118127143164185200207201185160131105 89 85201224NS 35118016 320799999999999999 9361182245 8599999999999999
 95116142167185192188175156137123120127143167190207212203181149114 85 67201225NS 5 919216532129999999999999910521192332 6599999999999999
 67 83112147179200209203185161137121116125146174200217218203172132 91 60201226NS 6 42091735219999999999999991151116999999999999999999999
 46 52 78117160197219225213189159131114112126154186213227221197157109 65201227NS 647225181322799999999999999 012 45123711199999999999999
 35 28 45 82132181218237236216185149121106111133167202228235220184135 82201228NS 726239184923599999999999999 048 27131710699999999999999
 38 14 17 46 96153205239250240212174136110101114144184220240237212166109201229NS 8 1250192424299999999999999 124 12135410199999999999999
 54 14  0 15 57117178227254257237201158122100101122160203235247234197143201230NS 836258195924799999999999999 159  01430 9899999999999999
 82 29 -3 -6 22 75141202244262254226185142110 97106136179220245247223178201231NS 912262203324999999999999999 235 -815 6 9799999999999999
