280265228178127 87 66 7210415521226229530629125721517414313014016820323620 1 1O31254306999999999999999999999 619 6519 413099999999999999
257260243210168129101 9110313618022526328528727023920316814413614516819720 1 2O3 040262133628999999999999999 657 91195713699999999999999
22424224423020317114212211813115919423025827327225522819616514313414015920 1 3O3 138245142427599999999999999 74411721 513499999999999999
18521022923522820918516214614115017019822725026326224722319216113612412620 1 4O3 256235152526499999999999999 850141222012399999999999999
14317020022423823822620618416515515717119422124525926024622018615012110520 1 5O3 4312401634261999999999999991021154232610399999999999999
106126159197231252259249227200175158154165190219246263264248216175132 9720 1 6O3 5522591735266999999999999991146153999999999999999999999
 79 8411215720624927728427124320717315014415818922525627427224820715610520 1 7O3 651285182627699999999999999 018 78124714399999999999999
 67 51 6510616422527530530928724820316213513315619523827328927924419012920 1 8O3 73731119 928999999999999999 1 3 51133613199999999999999
 74 35 26 5311018225230533232629224318914412012616021025829330228123316720 1 9O3 819334195030399999999999999 145 25141911899999999999999
 99 41  7  9 5212420728133335233328722817012510812617323128131131127721620 110O3 859352203131599999999999999 227  315 010899999999999999
141 69 12-15  2 6114723531035536233027320814810810113319125330132431326720 111O3 940364211332599999999999999 3 9-151540 9999999999999999
195115 43 -9-25  7 81174263332367360316252185128 9510114621027231533030820 112O31020370215633099999999999999 351-251622 9399999999999999
251173 93 24-19-21 26109203287347369349295228163111 8910716022628332032720 113O311 1369224132999999999999999 433-2617 4 8999999999999999
296233155 79 17-15 -3 55140230304352360328270204143100 8911617223528631720 114O31142362232932199999999999999 516-171748 8899999999999999
316279216143 75 24  4 27 90171250313346342303245183129 94 9212417823428020 115O31223349999999999999999999999 559  41834 8999999999999999
304299262204141 84 44 36 65125196262311331318277222167121 94 9612817522520 116O3 02130613 633199999999999999 644 341925 9199999999999999
265286281249202150105 76 74103153211264300310293255206158118 95 9712316420 117O3 119288135231199999999999999 734 712024 9399999999999999
208245267267245210171136113112133171216256283289273240198155117 95 9311220 118O3 229270144629099999999999999 8341092136 9199999999999999
146187226252261252229199169147140151177211243266273262234196155116 89 8120 119O3 358261155227399999999999999 9551402254 8099999999999999
 94125168211246267269254228198171154155172201231255266260236198153110 7720 120O3 53727017 9266999999999999991129152999999999999999999999
 63 73107155207252282291279251215179154148162192225254269265240197147 9720 121O3 654291181827099999999999999 0 5 63124814799999999999999
 59 43 56 9615321526930431329726121617314313615419023026328027324119113320 122O3 750314191428199999999999999 1 4 43134613599999999999999
 78 38 24 46 9716523529232632830225620315612612515319824427929327823617620 123O3 83433120 029399999999999999 154 24143112299999999999999
112 55 18 13 4811218826231734233129223718013311112216321626529630227522120 124O3 912343204030399999999999999 237 11151011099999999999999
154 87 33  4 14 6413922029033634732126920815111110313018324028631030226220 125O3 946348211731199999999999999 316  3154410199999999999999
198126 61 15  1 30 94176254316346339297237175124 9710514820826430331529220 126O31018348215231599999999999999 351  11616 9599999999999999
239168 98 41  8 13 60134215285332344318265202143103 9211917223328331130820 127O31048344222531499999999999999 423  51647 9199999999999999
272210139 75 30 15 40100177252308336328287228167118 91 9913919725329330920 128O31117338225930999999999999999 453 151718 9099999999999999
292244179114 62 33 38 79145218279319327302252193139102 9111316021626429320 129O31145328233529899999999999999 522 301750 9199999999999999
295267215155100 62 51 72123187248294315306269218165121 96 9913017822726520 130O31212316999999999999999999999 552 501824 9499999999999999
283275242192141100 77 8111216321826529429927823719014511310011114418722720 131O3 013284124130099999999999999 623 7519 210099999999999999
25726725422218114211310311614819223426728227625021217213611210612015018620 2 1O3 057267131328399999999999999 658103194710699999999999999
22024425023921418315613713314717420623625726425322919716413511511012114620 2 2O3 151251135326499999999999999 744133204811099999999999999
17720723023923522019917916415916718420622724324723922019316413611510611220 2 3O3 3 9240145124799999999999999 85415922 710699999999999999
132161194222239245238223204186174172179195214230239236222198167134107 9120 2 4O3 45524516182399999999999999910451712326 8999999999999999
 92112145186224252267265249224197175163165181204227243247234206167125 8920 2 5O3 6232681743247999999999999991220162999999999999999999999
 67 66 9013418723827629629226923319516214414717020423726026624921216110820 2 6O3 721297184626799999999999999 031 63132114399999999999999
 62 36 39 7313119926230732531427822917913912213216821525828528826221114720 2 7O3 8 6325193729199999999999999 125 3314 812199999999999999
 82 31  5 16 6614122229233834832327321215411210112517723628531230826920320 2 8O3 847349202331599999999999999 213  4144910099999999999999
126 54  0-20  6 74163252323363360319255185124 86 8612819426131233532026620 2 9O3 92636721 833599999999999999 258-201529 8199999999999999
187103 28-23-31 12 96194284350377357300226153 94 65 8214021528533334832020 210O310 5377215234899999999999999 341-3416 9 6599999999999999
254167 82 10-32-24 36130229313367376339271193121 68 54 8715723530234434920 211O31042378223735299999999999999 422-361649 5399999999999999
309235149 67  4-23  2 75170261333369360309235159 93 52 5310017424930934320 212O31118372232234699999999999999 5 3-231729 4799999999999999
337289215136 65 15  5 44120207285339357331271199130 75 48 6311518625330520 213O31154357999999999999999999999 543  31810 4799999999999999
329315267200133 77 43 48 93163235295330330294235170112 69 55 7712819024720 214O3 0 9329123033599999999999999 624 401853 5599999999999999
289305289247195144103 84 97138194249290308296258206153106 75 69 9113318420 215O3 1 030513 730899999999999999 7 7 841943 6899999999999999
231266278267238202166139128140170209246271278263232191150113 89 83 9813020 216O3 2 1278134927899999999999999 7591282046 8299999999999999
169209240256255242220196176165168184207230246250241220191158126102 91 9620 217O3 328257145025099999999999999 9171652212 9199999999999999
117149186220245258257246227205187177179191208223233234223201172139109 8820 218O3 52925916332359999999999999911201762344 8499999999999999
 84 9812916921224827328027124821818916816117019021323224223821718314310420 219O3 6562801812243999999999999991255161999999999999999999999
 75 66 8011616621926629630328725421317414613915418421824626125522818513520 220O3 747303191526299999999999999 055 66134813999999999999999
 88 55 47 6911717924129231931728824219114712112315119423727028326822917420 221O3 825322195928399999999999999 147 46142611899999999999999
115 65 34 35 7113420527231833531627221515911610011816321726529629927021620 222O3 857335203630199999999999999 229 30145810099999999999999
151 88 40 19 37 91166241304338336299241178123 90 9213018924829431530325720 223O3 92734221 931699999999999999 3 4 191527 8699999999999999
191121 60 21 18 57127207279330345322268202138 91 75 9815422128031732329220 224O3 954346214032599999999999999 335 141555 7599999999999999
231159 90 38 15 35 93172250311343336292227159102 69 7411918625330432931620 225O31019345221132999999999999999 4 4 151623 6699999999999999
268199127 66 28 28 69141219287331340310252183120 75 62 8914821827931832620 226O31044342224332899999999999999 431 231651 6199999999999999
296237166101 54 36 58116190260312334320273208143 90 61 6911317824429532020 227O311 8335231532199999999999999 458 361719 6099999999999999
310267205140 88 57 60100164232287319320287230167112 73 63 8814120426029820 228O31131324234930999999999999999 525 541748 6299999999999999
308286237180127 90 77 97145205259297309291247191137 94 71 7611116522026520 229O31155309999999999999999999999 554 771820 6999999999999999
291289260214167129107109137183232270290286257212163120 90 80 9513117922420 3 1O3 026293122129199999999999999 6261041855 8099999999999999
259275267240205170145134143170206240263270257227188150118 97 9310914118020 3 2O3 111275125127099999999999999 7 41341941 9299999999999999
21624425725223421018717016417018821123224524623321018115212610810311313620 3 3O3 212257133424799999999999999 8 1164205010399999999999999
16719922724424924323021319718618318820021322422822421119016513811610310320 3 4O3 35524915 122899999999999999 951183223010199999999999999
118145179214243261266258240217195178173178192210225232228211183148114 8820 3 5O3 55226617102339999999999999912 1173999999999999999999999
 79 8912016421325628629628625922318615814615317720923925725723619714810020 3 6O3 7 0296183126099999999999999 0 0 7913 814599999999999999
 63 46 5910016122628231832630526321116212611513317522426729128925820313820 3 7O3 746327192729499999999999999 1 6 46135311599999999999999
 76 31 14 36 95173252315350347310250185127 90 8912518625030132731727019820 3 8O3 826353201532899999999999999 157 141433 8499999999999999
119 49  1 -9 30108200286348372353296222148 87 57 7313020828133535533226820 3 9O3 9 3373205935599999999999999 243-111511 5799999999999999
183 98 25-19-14 45137236319372380339266183107 51 35 7114723431036037033220 310O3 939383214337299999999999999 325-231549 3499999999999999
255165 79 11-20  4 79178273346382368309226142 69 24 27 8316925833137236920 311O31014383222637799999999999999 4 5-211627 1999999999999999
317236148 68 12 -1 41125220303359374339268183104 41 13 3610419227533836820 312O3104837523 936899999999999999 445 -317 5 1399999999999999
351294216138 71 31 37 91172254319354347298224146 77 29 19 5612720828133220 313O31121357235434999999999999999 523 271743 1799999999999999
349324269202138 88 66 86141211274318332309254187121 67 35 40 8214621527520 314O31153332999999999999999999999 6 2 661823 3299999999999999
313319294248197150117110135181232275300298267218163112 73 56 6710515721120 315O3 042321122630399999999999999 64410919 7 5699999999999999
257285288270239205174154153171202235260270261234197157121 94 83 9211915720 316O3 13829013 227099999999999999 73315020 3 8399999999999999
19723325626425824322320218718318920322023323823221619316714111910710712120 317O3 3 3264135723899999999999999 854183212810599999999999999
14617720823525326125824622820919418618719520521421921720618816414011910820 318O3 5132611614219999999999999991123186232010799999999999999
11112815719322925927727926624221318616716217018720822523422921118114811720 319O3 6382801811234999999999999991252161999999999999999999999
 96 9311114619223927729829727523919816113813615518621924726025222518514120 320O3 72630019 926099999999999999 040 92133513599999999999999
101 76 7610315120826330331730426721816812811112215720224627728526722617420 321O3 8 1317194928699999999999999 132 7214 711099999999999999
121 77 56 68111173238293326326294242183130 96 9312417623328030630226721120 322O3 830330202330899999999999999 210 561435 9099999999999999
150 93 54 46 77136208274322339318268204141 92 72 9114320826931232630425120 323O3 857339205332699999999999999 243 4515 2 7299999999999999
185120 67 40 53104176249309341335292228159 99 62 6410717524630433633129020 324O3 921344212333999999999999999 312 391528 5899999999999999
224154 91 49 42 78145222289334344313253181114 64 47 7313621228133034532020 325O3 945345215334599999999999999 340 401555 4799999999999999
263192124 71 46 63119194265319342327276206135 76 43 49 9817224830934333920 326O310 8343222434699999999999999 4 7 461621 4099999999999999
296231161102 64 61100167239297332332295231160 96 51 39 6813220927732634220 327O31031337225534299999999999999 434 571649 3899999999999999
319266200139 92 73 92145212272314327305252186121 70 43 52 9816723829532820 328O31054327232833299999999999999 5 2 731717 4199999999999999
327292236177128 98 98131187245290312305268210148 96 60 51 7613019625630020 329O31117314999999999999999999999 531 941747 5099999999999999
318304265214168132118130169218262290295273230176126 87 65 7010315521226020 330O3 0 4318114229699999999999999 6 41171821 6499999999999999
292299281246207172150145162196232261274268242202158120 92 81 9112316721220 331O3 046300121327599999999999999 64314419 3 8199999999999999
251275279266241214190174171184205228245251243221192160131109 9910612816220 4 1O3 143280125725199999999999999 74017120 7 9999999999999999
19823225626726425223321319718818819720922122922921920117815112711110711820 4 2O3 316267142823099999999999999 926187214610699999999999999
142175212245268278274258235209187174173182199218232236228206175140111 9320 4 3O3 51427816502369999999999999911381722329 9199999999999999
 94114152200247283303302280245204168145140156188224254269263236192142 9820 4 4O3 6263051815269999999999999991243139999999999999999999999
 69 64 8813820226431033232528923718213410610713919124528830929925919913420 4 5O3 715333191230999999999999999 041 62132810299999999999999
 77 41 37 74142220292341357335281213145 92 67 8313620827732734632627019420 4 6O3 75535720 034699999999999999 135 3414 8 6799999999999999
118 54 18 25 79163251324367369326255175101 49 36 7314823431036137333826720 4 7O3 832374204537499999999999999 222 151446 3599999999999999
182101 37  9 33104197285351381362300216131 58 15 21 8017026333938438333420 4 8O3 9 7381212939099999999999999 3 4  91524 1199999999999999
254168 88 32 18 60142235315368377337261172 89 24 -3 24 9919528735839237620 4 9O3 942380221239399999999999999 345 1716 2 -399999999999999
318237155 84 41 46102186269334368356299217132 58  6 -2 4312521930336238220 410O31015369225538299999999999999 424 371640 -599999999999999
356294220149 91 66 87148223291338350320256178103 41  7 17 7215223630735220 411O31048351234036199999999999999 5 4 661718  599999999999999
359327271209151110101131187248297324319279217150 89 43 27 4810317324329920 412O31121326999999999999999999999 5441001757 2699999999999999
330329299254206163137139169213256287297281242190138 92 62 57 8212918524020 413O3 027334115529799999999999999 6261341840 5699999999999999
282303300278246212182167171191220247264265248217179142110 91 9011014418620 414O3 122304123426699999999999999 7181661931 8899999999999999
22725927627926824822520319018819621122523523622620918515913612111712614720 415O3 238280133423799999999999999 840187204811699999999999999
17720923826027127025924021920018818418919921121922221720418416214213012820 416O3 4282721554222999999999999991054184223812799999999999999
13916319422725727628227325122319417216116417819922023423822820617815012820 417O3 5522821746238999999999999991217160999999999999999999999
11812615118923126829229728125021117314413314317020523725926425021918114420 418O3 644298184526599999999999999 0 511813 113399999999999999
11410311515019824828931130727823418414011211113617922726728928726121817020 419O3 721312192629299999999999999 1 0103133310899999999999999
126 96 91116164221275313324304259203147103 8510114620426030031630025920420 420O3 75132420 031699999999999999 140 8914 2 8599999999999999
149103 80 89131192254305331324285226161105 70 7110917123929633033129824320 421O3 818333203233599999999999999 214 791430 6599999999999999
181124 84 75104162229289329337308251183117 67 49 7313220727732934933228220 422O3 84333821 334999999999999999 244 741457 4999999999999999
218154101 75 86135202268318341326277208137 76 41 45 9216724531135135431820 423O3 9 8341213435899999999999999 313 741525 3799999999999999
257190129 88 80113174243300335336299235162 95 46 30 5812420528133736034420 424O3 93234022 536099999999999999 342 781553 3099999999999999
293228164113 87100150216277320335314260190121 64 31 37 8616224130835035520 425O3 956336223835899999999999999 411 871622 2899999999999999
322265202146108101132189250299325320281218150 90 47 33 5912019726932434920 426O31022327231235099999999999999 442 991652 3299999999999999
338296240184139116125166221272306314293244182122 73 45 48 8815322428532620 427O31049315235033799999999999999 5151151725 4299999999999999
337316272222177144134153195241279298293262212157108 72 57 7211617623728720 428O31119299999999999999999999999 55113418 2 5799999999999999
316318295257217181159156177211246271279268237194149110 83 76 9513518623720 429O3 035321115727999999999999999 6361551848 7699999999999999
277300301283255223195176174188211235253258249225192157125102 9610914018120 430O3 133303125325899999999999999 7381731951 9599999999999999
22426128529328426423721018918018319621423124224323120917914812210811013120 5 1O3 255293143324499999999999999 915179212110799999999999999
16520624727929629628025322019016916116918921523925425423820817113510910020 5 2O3 43029816312569999999999999911 0161225710099999999999999
11314519224228531131529726221717414212813716821025027928827323618813910120 5 3O3 54231617532889999999999999912 7128999999999999999999999
 83 93131188250302332334307257198144104 9011015821827531432530525719513520 5 4O3 634337185232699999999999999 011 831255 9099999999999999
 88 66 80129199270325353345302237166104 63 57 9416123830534935732626619420 5 5O3 717355194335999999999999999 1 9 651338 5499999999999999
126 75 55 80143222296348366342282204126 62 26 36 9217726433637837733426420 5 6O3 756366202938399999999999999 157 551419 2499999999999999
186116 67 58 96170252321364366324250165 86 26  3 3110520029036039538232920 5 7O3 834371211539699999999999999 242 551458  399999999999999
254177109 69 74125203281340367352294212128 54  4 -3 4312822431137439737320 5 8O3 910368215939799999999999999 325 651538 -799999999999999
313240168109 82101161235302346357325258176 98 33 -2  9 6715424632437538520 5 9O3 945358224338699999999999999 4 6 821618 -499999999999999
352294226163116104135194259311340334291223148 80 29  9 34 9818026132736420 510O31021342232836899999999999999 4471031657  999999999999999
362327274215163131132166219270308322304258195131 76 39 35 6712920126932020 511O31058322999999999999999999999 5291271738 3299999999999999
344336303257209170150157189231269294296274231179127 85 62 6710115421426820 512O3 014345113629899999999999999 6131491820 6199999999999999
306321312284247210180168176200231257272269249215174135105 9210012817121820 513O3 1 5321122227399999999999999 7 516819 8 9199999999999999
26028930029427324521519118018419921923824924823521118215313012012514617820 514O3 2 7300132725099999999999999 815180201012099999999999999
21424827428728627124822119818217818620121823223823522119917515414114015220 515O3 325288151023899999999999999 950178213613899999999999999
17620723926728428727525222219417216216518120422624224723921919416915014220 516O3 442287165324799999999999999111416123 514299999999999999
14817020223826929029427925021417815013814516920223525926926123720617414820 517O3 54329518 22699999999999999912 9138999999999999999999999
13514116720524728230230127823919315112111313116821425728529427924720716720 518O3 628305185229499999999999999 012135124911399999999999999
137125138173219265300315303266216162117 91 9512918223928631431528924519720 519O3 7 3315193131899999999999999 1 01251322 8999999999999999
152123119144190243289318320292242181124 82 68 9014220827131833832628623320 520O3 73432320 733899999999999999 1391171354 6899999999999999
179135112122161216271313329314269207142 86 54 5810016824230634635232427320 521O3 8 3329204135499999999999999 2131111424 5099999999999999
214159120110136188248299329329295236167103 54 37 6212420227733536335331120 522O3 830334211436499999999999999 2461091455 3799999999999999
252191140112120161221278320335316266198129 70 34 36 8115523730835636834220 523O3 858335214936999999999999999 3181101527 2999999999999999
290229171128115139192251301330328292231161 96 47 27 4911019026933136536220 524O3 927333222436899999999999999 35211516 0 2799999999999999
324267208157125128165221275314328311263197131 74 37 34 7214122129234436320 525O3 95932823 236399999999999999 4261221635 3099999999999999
346302246193150132147190243288315316287234171111 63 39 51 9916924330634520 526O31033320234335499999999999999 5 41321713 3999999999999999
352328283232185152144166209255290307299264212155103 65 52 7312419025630820 527O31112307999999999999999999999 5461431755 5299999999999999
338338312270225185160158180217255282292281248201152108 78 71 9414220125820 528O3 03034212 029299999999999999 6351551844 7099999999999999
303326325301265225189167165183212243267278269243204162123 96 9111015020220 529O3 12632913 527899999999999999 7361631944 9099999999999999
25329431731729826622919416916217219622525226826925222018214411610611815020 530O3 232320143227199999999999999 854162205910699999999999999
19624428631231730227123119216114615017320624126928027224620816713311511820 531O3 34531816 6280999999999999991016145222111399999999999999
14418823928531532430927422718014011912114819224028030230027523318514311720 6 1O3 4523241726304999999999999991125117233711199999999999999
113138184240291325334314271214157111 86 9112818624830032933030125219714720 6 2O3 5493341831334999999999999991220 84999999999999999999999
114108136189250304337341313258191127 76 53 6811919126532435735531926320120 6 3O3 638344192736199999999999999 04110613 8 5399999999999999
145110107142202267320348343302236162 94 44 28 5612120528634837937032626320 6 4O3 722351201738099999999999999 1351031353 2899999999999999
198141108113156221286334354336283209132 64 20 15 5713522530736739137332220 6 5O3 8 335421 439199999999999999 2231051437 1199999999999999
256190136110126177244303343351321258181105 42  8 17 7215624632537839136420 6 6O3 843353214939299999999999999 3 81101519  599999999999999
309244181133119145201264316345340299231156 85 31  9 32 9618126733837938120 6 7O3 923347223338599999999999999 35211816 1  999999999999999
347291228172135132167222279321338322274207136 74 31 23 5712520728434337120 6 8O310 3338231637399999999999999 4341291642 2199999999999999
363324270213165140149187238286317323299249186124 72 43 48 8915623029534120 6 9O31043325235935799999999999999 5161391722 4099999999999999
357340301251201164150165202247285307304276229173120 81 64 7912318424730020 610O31125309999999999999999999999 55915018 3 6499999999999999
332338318280235194166160177211248277291284257215168126 98 9111115320525720 611O3 042339121229199999999999999 6451591844 9199999999999999
29731931929826322519016916718321024126427426824420917213912012013917521820 612O3 12832213 727599999999999999 737165193111799999999999999
25929130630328425321918917116818020222825026125824121418415814314315918820 613O3 220307141826299999999999999 842167203014199999999999999
22325728329629427624821618616616016918921624025625924922720217816215916920 614O3 320297154326099999999999999 955160214615999999999999999
19222325427929229127324420917715314415217620823926227126524521919317316420 615O3 42329417 52719999999999999911 214423 616499999999999999
17019122225528129529227123719715913212313616820924927829128526223119917320 616O3 5202961810291999999999999991155123999999999999999999999
16116719122626229030229426522317513310610312616922126930231430327323419520 617O3 6 730219 031499999999999999 011161123810199999999999999
166154165196237276302309291252200147103 81 8812518224329632933431327422720 618O3 647310194233699999999999999 1 21541317 8099999999999999
184154148169209255294316312282231171115 74 61 8313620427232535234731426520 619O3 723318202035499999999999999 1441471353 6199999999999999
213168143147180229277312325308264203139 84 50 50 8915623330235036734930520 620O3 757325205836799999999999999 2221411429 4599999999999999
249194153137154198252299327328297240173108 57 34 5110618326332936837234120 621O3 832331213537599999999999999 25913715 6 3499999999999999
288230176141137168220275317335322278214144 82 39 29 6213021329135037736720 622O3 9 7335221437999999999999999 3361341545 2799999999999999
326269210161136145186242294328335311257189121 64 30 34 8115724031336237820 623O3 945336225437899999999999999 4151341624 2799999999999999
356308249193151136156204259305331329295237169105 55 32 4910618426332736620 624O31027334233637399999999999999 45613617 6 3299999999999999
370340289232181146141168217268308327318280221156 98 57 45 7213220727933420 625O31113327999999999999999999999 5401391750 4499999999999999
363358323272218172145146176223269303318306267212154103 69 66 9715522428720 626O3 02136512 531899999999999999 6281411837 6399999999999999
334354343307258209167144148177219261293307296262214162118 91 9112117423420 627O3 1 935413 530799999999999999 7221421930 8799999999999999
28932834332929424920216214114416920724828129829326622518114111711614118520 628O3 2 0343141629999999999999999 823139203211399999999999999
23728632033231928624219515613213115218923327129529827924620516714213615320 629O3 258332153829999999999999999 933129214513599999999999999
19023628131332531328123618814511711213117122026629931130027123219216114820 630O3 4 032517 231199999999999999104311123 514899999999999999
158190234277310322312278230177129 96 8910915521226831033032429625420917220 7 1O3 5 33221816331999999999999991147 88999999999999999999999
152158188233278312325312275220161109 73 66 9214621327832835234631426621620 7 2O3 6 2325191835399999999999999 0181511244 6599999999999999
173150155189237285319330313268207143 87 51 48 8314722329434737136032126820 7 3O3 654330201137199999999999999 1191481335 4599999999999999
213167145155194247296329335310257190122 66 34 39 8515924031436538336431820 7 4O3 743336205838399999999999999 2121441422 3199999999999999
259201157140159206262310338336301241170102 49 25 42 9917926333437838535620 7 5O3 828341214138799999999999999 25814015 7 2599999999999999
303242185146140169222278322343331287221150 85 39 26 5612320628735038237720 7 6O3 910343222138599999999999999 3411381549 2699999999999999
338281220168139145184240294331341320268200131 73 38 39 8215523630936037820 7 7O3 951342225937899999999999999 4211371628 3399999999999999
360313255198154138156202258305333333302246179116 69 48 6411719026432536220 7 8O31031337233536899999999999999 45913817 5 4799999999999999
365335285229178146142171219270309328318280223162109 74 68 9715522328733420 7 9O31111328999999999999999999999 5361401740 6699999999999999
355345308257206165144152185232276307316299258205153111 90 9813519025030120 710O3 010356115231699999999999999 6141431815 8999999999999999
33434132128123418915714716219623727429830028024119515312411513116921926720 711O3 045341123730299999999999999 655147185111599999999999999
30532532129725921717915615216819923526728528526623319716414514416219623620 712O3 121326132928899999999999999 741151193414299999999999999
27430131130227724320617415515316819522825627427526123620818416917018521120 713O3 2 2311143527799999999999999 836152202916899999999999999
24227229229728826523420017115214816118621824826827526825022720519018719620 714O3 252297155827599999999999999 943148214718799999999999999
21524126528328828025922919516314213614817521024527228628426924622220219320 715O3 3552881723287999999999999991051136231619299999999999999
19621223626128028728025822418615012511813316620925228730530528926123020320 716O3 5 22871830308999999999999991150118999999999999999999999
188189206234263285294284257216171130103 9812016321726930932932630226622620 717O3 6 0294192133199999999999999 0261861240 9799999999999999
193176180204239273298305289252202149104 78 8011316923429433635234030626020 718O3 64930520 435299999999999999 1191751326 7599999999999999
213177163174208252291315316290242182123 77 55 6811618525932236136934529920 719O3 732319204437099999999999999 2 316214 9 5599999999999999
245194159152175221272312332324286226158 96 51 38 6512820828734938137633920 720O3 814333212338399999999999999 2441511451 3799999999999999
284224172143146184239294332345326275206133 71 31 30 7314923631537139237420 721O3 85534622 239299999999999999 3241401532 2599999999999999
325262200152131148198260314348352321260184111 52 21 34 9217726634038639420 722O3 938355224139699999999999999 4 41311614 2099999999999999
362303237177134125155214277328356352311242166 95 43 24 5212120829335839220 723O31023359232039499999999999999 4451231656 2499999999999999
385341278212156122124165228289335357344296226153 90 47 41 8115423831336720 724O311 9357999999999999999999999 5261181738 3899999999999999
386366315252190140116128175236292334349331281216151 96 65 7111718826232520 725O3 0 0386115934999999999999999 6101151821 6399999999999999
365371342289228172130115134180236288324336316271215160116 9510815321527720 726O3 040373125233699999999999999 65711419 8 9599999999999999
32635334931626621116112611613617822827630932030526922418014613214518123120 727O3 122355135432099999999999999 74911620 213299999999999999
28031833532629425020115712611713316821425929330830127824420918016617219820 728O3 210335151130899999999999999 851117211116599999999999999
23527330331530828224319915712611312315319524128030330829527023920919018720 729O3 3 831616453099999999999999910 4113224018699999999999999
20222926128830229927824320015712210310713417822827530932431829526322820020 730O3 4203031813324999999999999991120102999999999999999999999
188195218250280299301283248202154113 88 8911716622528132434534031427423220 731O3 537302191934699999999999999 0 91871228 8599999999999999
196177183209246281305310292252199144 97 70 7310716623429734436535432027120 8 1O3 64331120 936599999999999999 1171761326 6799999999999999
221181162172207252293320322297249189128 79 54 6310917825332036537835731120 8 2O3 737325205137899999999999999 2 91621415 5399999999999999
255200161149170216268311335331296238171108 61 43 6612420228134438138034520 8 3O3 822338212938599999999999999 2511481458 4399999999999999
289228175142143178234289331348332284218148 88 48 44 8315323531036538636920 8 4O3 9 334822 338699999999999999 3291371536 4199999999999999
320259198150130147196258311346351322264193125 72 46 6011419227133737737920 8 5O3 940353223438399999999999999 4 31291611 4599999999999999
345287224168131128162220281329353344302237167106 65 57 9015523330435637720 8 6O3101635423 437799999999999999 4361241643 5599999999999999
360313251191144122136183244300338349327275209146 97 72 8313120027132936220 8 7O31051349233236799999999999999 5 71221713 7199999999999999
363331276216164129124153205263310337335303248188135100 9312117524029934020 8 8O31127340235935599999999999999 5391221743 9299999999999999
35533929624118814612513417122327331132731527822717613711712616221526931320 8 9O312 5327999999999999999999999 612124181311799999999999999
33733630826321316913813014818723327530431129425821617815114516219824228420 810O3 027340124731299999999999999 648130184714499999999999999
31332231027823719516013913916019523426929129427825021919217517519322325520 811O3 057322133929699999999999999 731137193017399999999999999
28430130128525622218816014514616419422725827828327425623421420220121223220 812O3 132303144928399999999999999 825143203320099999999999999
25427328428226924621818816314714615918421524627028228227225623722221521720 813O3 223285163028499999999999999 937145221721499999999999999
22724325927027326524722219216314213514416820324027229430229527825423121420 814O3 34527318 2302999999999999991058135235920899999999999999
20821423025026727727425722819215512711512315219524428731632731829325922520 815O3 51727719 23279999999999999912 7115999999999999999999999
200190198221250277293291270232184138103 8910114119725931134535233429725120 816O3 625294194735399999999999999 1 319013 3 8899999999999999
207177169186222264299317311279228168113 74 62 8513921228434137237133928720 817O3 717318202737699999999999999 1491691352 6199999999999999
230181151152183234287326342327282216146 84 45 41 8015223731537139437832920 818O3 8 234221 539499999999999999 2301471436 3899999999999999
265202151127142191255314354363335275197120 58 24 33 9017726934739640437020 819O3 846364214240699999999999999 3 81271518 2199999999999999
307235169122110142207280340375375333260176 98 39 16 4311721230337340940020 820O3 930380221841199999999999999 3471091559 1699999999999999
349276201137 98102152227302359387375321241158 84 34 26 7115524933239040820 821O31014388225440899999999999999 425 941640 2399999999999999
380317240168110 85105167245316368387364303224147 83 46 5511219728235239220 822O31059387232939799999999999999 5 5 851720 4499999999999999
391349280206140 94 83116182257321365374344284213147 96 75 9815823430535720 823O31145376999999999999999999999 545 8118 1 7599999999999999
379362312245179123 89 9113119325931535035332227021316112411614419825931320 824O3 0 5379123535699999999999999 628 85184411599999999999999
347353327278220164120 9710514219625229932732930526622418616116018322426820 825O3 042355133233299999999999999 715 96193415799999999999999
30532532229625420716312711111814719023627730330929827424621819919520823320 826O3 123327144930999999999999999 812110204319499999999999999
26128529829527524520917314212412414317521525328430130329327324922721421420 827O3 218299164030499999999999999 930122223321299999999999999
22524326227527927125122218815513012112915519423727630631931629726923921520 828O3 34927918183209999999999999911 3121999999999999999999999
20320622124426527928126623820016012610811113718123428432334133731227423320 829O3 536282191834299999999999999 018202122210699999999999999
199181184206239271294300284249202153112 89 9412718224630434636134731026120 830O3 64730020 136199999999999999 1201791321 8799999999999999
211172157170205250291317320295249192135 91 71 8513320027133136837134229120 831O3 737322203637499999999999999 2 315714 6 7199999999999999
233180144140169219273317340333294236171112 71 61 9215523130435838136732020 9 1O3 81734121 738299999999999999 2381371444 6099999999999999
259197146122136183245303343356333279211144 88 58 6711719227033737738134620 9 2O3 852356213538499999999999999 3 91221518 5699999999999999
286219159119113148210277331362359318253181117 72 59 9015623630936238336420 9 3O3 92536522 238399999999999999 3391101548 5999999999999999
311244178126102118172242307353369347292222153 98 69 7912920327934037537220 9 4O3 957369222737899999999999999 4 71021617 6799999999999999
332269201142103100137202272329362361324261192132 92 8311417725031435837020 9 5O31029367225037199999999999999 435 971644 8199999999999999
345291225163115 9511316423229534135934229423117012410111215822328733535820 9 6O311 2359231435999999999999999 5 4 95171110099999999999999
34930824918713510310213519325630934134531626520916113012515120226030933820 9 7O31136347233834499999999999999 533 98174012399999999999999
34231626821216012210511916021526931133132329024420016614915819123728131320 9 8O31213331999999999999999999999 6 4105181114999999999999999
32631428023418714712211814018122827230231330027123720518317719122025528520 9 9O3 0 3326125731399999999999999 639116184917799999999999999
30230228425121217614813213415619022926328729428626624322220820521523525620 910O3 032305135629499999999999999 723130194320499999999999999
27328227726123620718015714414516018621724727128328427626224623122322423120 911O3 111282153328599999999999999 827143212722399999999999999
24325426126125323821719316915114415016919823126128529729728626824622721620 912O3 23226217322989999999999999910 3144234221399999999999999
21422123424926026325523620717514712912714417822126530132232430928024621420 913O3 4472631839326999999999999991135126999999999999999999999
193187199224253277288282256216171129102 9711916522428332835234932127722820 914O3 610288192435499999999999999 0481871241 9699999999999999
186161160185228272307321310271215155102 70 6910416724331236138036431825820 915O3 7 532120 238099999999999999 1311571333 6599999999999999
197150127140185246303343354331275203131 73 41 5110418627334639139736129720 916O3 751355203840099999999999999 2 91271418 3999999999999999
225158111 99132198273337377379340268184106 47 24 5112421930937841139734120 917O3 834383211341299999999999999 246 981459 2499999999999999
263184117 77 83137220303368401391335252164 87 34 26 7316025834340041437920 918O3 917403214741599999999999999 323 731540 2399999999999999
306221142 81 55 82154245328388411386320233149 78 39 4911120329536740639820 919O310 0411222140999999999999999 4 1 551619 3699999999999999
345264180107 57 49 94176266343394405369299218142 84 62 8915924532237639420 920O31044406225539499999999999999 439 461659 6299999999999999
367303223146 84 49 5911519627834638538434327820914810610013720327533336720 921O31129390232937299999999999999 518 471739 9799999999999999
366327261190126 77 58 8013721028033536335631826521216613914418123528832720 922O31218365999999999999999999999 559 58182213799999999999999
343329287230172122 88 8010515521527131433432730026322519317718521224928320 923O3 0 3343131433599999999999999 644 79191217799999999999999
30531029225721517213411010712616320825228730530629327224722421021122424420 924O3 042311143330899999999999999 739105202720999999999999999
26327627726624521718615713612913716019222826128629929928927024922921821620 925O3 138278163430199999999999999 858129224021699999999999999
22323524825625725023320918115613913514717320824628130631630928926023020620 926O3 34025818 6316999999999999991046135999999999999999999999
19419621123125226726925723119816313512212915619824729232433532429325321220 927O3 541270185933599999999999999 019193121112199999999999999
17916517219823326628929527824420015512010311415120526431534634932528122920 928O3 645295193735199999999999999 1 916513 710399999999999999
180147140161203251293318317289242187136 98 8811216322929334236335130925220 929O3 72832120 836399999999999999 1441391349 8899999999999999
192143118127168225282325343328285225164111 80 8512619226432636436833527720 930O3 8 4343203637199999999999999 2151171424 7799999999999999
211151109100131191259317353356324265198136 89 74 991582323023543743553022010 1O3 83635921 137499999999999999 243 981454 7399999999999999
234166111 85 99153225295348370355305237168111 78 841302022763363703673252010 2O3 9 7371212537499999999999999 310 841523 7599999999999999
258186123 82 77116186263328368373338275205141 96 831121742483143583703422010 3O3 937376214837099999999999999 337 741550 8299999999999999
283210142 90 67 87146223296351375360310243177124 961051522212883393633512010 4O310 8375221136399999999999999 4 4 671617 9499999999999999
303235166108 71 711121812573213613673362782141581201111401972613153473492010 5O31039369223435399999999999999 431 66164511099999999999999
317258192132 87 70 901442152833343583473062501951521301391802362893253382010 6O31112358225733899999999999999 459 70171412999999999999999
321276217159111 83 841181772412973333423212792311881591521732152622993182010 7O31147343232232099999999999999 529 79174615199999999999999
315286239186140107 931071472002542973213212972612251951771802032372702922010 8O31228324235029999999999999999 6 2 93182417699999999999999
2982852542131721381161121301662102532863033012832582322122002042202422612010 9O31323304999999999999999999999 643111191820099999999999999
273273260235205175150133130143170204239268286290283269251233220215220229201010O3 030275145029099999999999999 742129205821599999999999999
241250253248235215192169149139142159186219252278294298290272249226210202201011O3 154253164929899999999999999 916139231620199999999999999
204215231246254253241217187157135126135161201245285312323314288252216186201012O3 42425518 23239999999999999911 1126999999999999999999999
170173194225256279286273241197153117 99106140193253306340350331290238187201013O3 552286185035099999999999999 0211691214 9999999999999999
149133145184235283316324303257197138 92 70 84132203276336370369333274207201014O3 648325192937499999999999999 1 413313 9 7099999999999999
146105 97128189259319356359324260186117 66 49 76143228308367392374317241201015O3 73536220 539299999999999999 143 961355 4899999999999999
164100 65 73127208291356390382331253170 97 48 42 88170263341391399360285201016O3 819393204040299999999999999 220 621437 3999999999999999
198118 57 34 64139234322386412389324238154 84 45 56118209298367401388328201017O3 9 3412211540399999999999999 258 341519 4299999999999999
242153 77 26 21 72161260346403416380307223144 82 58 86159248326379393360201018O3 946417214939499999999999999 336 171559 5899999999999999
287199115 48 12 27 92186281358404404359287211142 94 87128201278340375369201019O31030410222337899999999999999 414 111639 8499999999999999
321245163 90 36 18 48119208292357389379333269205150118125170234295338354201020O31116391225735499999999999999 454 17172111699999999999999
334280210140 81 43 40 78146223293344364349309258208167149163203252295321201021O312 4364233432599999999999999 535 3618 514999999999999999
322295246189134 90 65 71108165227282320334322292255219190180191219252279201022O313 0334999999999999999999999 619 64185818099999999999999
293288264226184144112 97104132174221264294307303286261235212202205218237201023O3 016293141430799999999999999 712 96201620199999999999999
253262259245222194165141127128144173208243272291297290273250227209200202201024O3 118262155829799999999999999 827125222020099999999999999
212225237244244234215192167148139144163192227261288303301285259228199181201025O3 3272451725304999999999999991011139235017699999999999999
176185204227247258256240214184156137134150182223265299317313290254212175201026O3 5212591820318999999999999991140133999999999999999999999
151148166198234265283281260225185149124121142183234282318331317282233182201027O3 62528419 033199999999999999 038147123911999999999999999
141121128162209256293310300268222174132109113146199257307337338308257198201028O3 7 8310193134299999999999999 114120132110799999999999999
143105 97123175235289324332308262206153112 98117166228288333349331283219201029O3 744333195934999999999999999 144 961356 9899999999999999
155103 76 88135203270323350342302244182129 97 99137199265319350347307244201030O3 817351202435399999999999999 213 751428 9399999999999999
174111 68 61 97163239307352363337283218156110 93116170238300342354327270201031O3 848364204935499999999999999 240 591457 9399999999999999
198128 73 47 641212002773383703623182551901341011051462112763273513402932011 1O3 918371211335299999999999999 3 8 471525 9899999999999999
224152 88 47 44 841562383113593723462912261651211061301852503063403443122011 2O3 950373213734799999999999999 335 40155410699999999999999
251179112 61 39 581161952733343663613202612001491201241632222803223383222011 3O3102236922 233899999999999999 4 4 39162411799999999999999
274208141 85 49 47 851532292973443593392922351831451311511972522973223212011 4O31055359222832599999999999999 434 43165613199999999999999
290235172115 72 53 681171862543103413423132672181771521511792242682993092011 5O31131346225730999999999999999 5 5 53173114899999999999999
295256203149104 74 69 951472092663093293212912522131821671742012372692872011 6O31213329233229099999999999999 541 68181216699999999999999
287267230184141107 88 911191652182652983123042802492181951841902102352562011 7O313 6312999999999999999999999 623 8619 918399999999999999
2672652472181831491221061101331702132532832982962802572312081941922022172011 8O3 021268142129999999999999999 720105203819199999999999999
2342462492422231981691421231201331611982382722933002922712432141911781782011 9O3 150250155630099999999999999 843119222817799999999999999
191211232248254246224194160133118121144181227270301316309285248207171148201110O3 3552541712316999999999999991020117234114499999999999999
145162194231263281279256217172132106102125170226280320336325289237183136201111O3 52428318 6336999999999999991140101999999999999999999999
108109138189245291317315284233175123 89 84113171240302343355331279212146201112O3 626320185035599999999999999 0301051240 8299999999999999
 93 66 78127198270326355347303239170110 74 74116186263327364364323254174201113O3 717356193036999999999999999 113 661330 6999999999999999
102 49 31 61130217299359384366309235160 98 66 77133213291350376359300218201114O3 8 538420 737799999999999999 153 311416 6499999999999999
132 59 12 10 59145242327385401370304225150 92 69 95162244317365375339267201115O3 850401204437699999999999999 233  51459 6999999999999999
178 94 26 -9  6 72168266348397402360290213143 94 85123194271333366359309201116O3 935406212136999999999999999 314-111542 8299999999999999
230143 65  7-13 19 95192285358395388341273203141105109156224290337355333201117O31020398215835599999999999999 354-13162410199999999999999
274196117 50  5  1 45123213296356381365318257196146123138185244296329332201118O311 6381223633599999999999999 436 -317 712299999999999999
301242171104 49 20 28 76150228297344358338295244194156144163205252290309201119O31153358231731099999999999999 518 18175314499999999999999
303270217158104 63 46 62108171236291325332313278236197169163180212246273201120O31245333999999999999999999999 6 2 46184516399999999999999
283274245203157116 87 79 95134185236278304309295268235203181175186207231201121O3 0 3283134530999999999999999 651 78195117599999999999999
249258252232202168137115109122151189229263286294285265237209187176178191201122O3 1 6258145729499999999999999 750109212117599999999999999
209227238240231211186161141133138157186220252277288284267240210183164160201123O3 241241161628999999999999999 9 9132225015999999999999999
169188211231243243230208182159144142155181215250277292289269237200165142201124O3 4282441720293999999999999991040141235013599999999999999
135148174208238258263251226195166144137149179218257287301293265223178137201125O3 54626318 9301999999999999991152137999999999999999999999
113111134174219258283286268236197160135129147185230273302309290250198145201126O3 639287184731099999999999999 033109124512999999999999999
103 84 95134188243287309305277234187147123125154201252294316310276222162201127O3 721311191931799999999999999 1 9 84132512099999999999999
107 70 63 92148214275317331314273221169130114130172227278313322300250185201128O3 757331194832399999999999999 141 6214 111499999999999999
121 69 44 56105175248308342342310258200149116114146199256302326317277214201129O3 830347201532799999999999999 211 43143311199999999999999
144 81 39 31 65131209283336357340295236177130110126172231284320327300244201130O3 9 3357204332899999999999999 242 2915 511099999999999999
174105 49 21 34 871642453133543583262712101551191161472022603053263152722012 1O3 936361211132799999999999999 313 20153611399999999999999
206135 72 28 19 511192002773343603473032451871401181311742312823153212932012 2O31010360214132299999999999999 345 1716 911899999999999999
238170104 50 21 30 781532333013443543282792221701341261522002532943143052012 3O31045355221331499999999999999 418 19164512599999999999999
266206141 83 41 27 511091842573143433393062562051611371401732202652943022012 4O31123346224830399999999999999 453 27172313499999999999999
283239181122 73 43 43 771382082713163343222862401961601451551872282642852012 5O312 6334233128899999999999999 531 3918 714499999999999999
285262219166116 76 56 641011592212743103213072732331941641531631912242532012 6O31255321999999999999999999999 615 5519 215399999999999999
269268247210166123 90 75 851191692232703013102972682321961681551611812092012 7O3 027271135431099999999999999 7 8 75201115599999999999999
235253257244215178141110 951011281702182622923042952692341971651461451602012 8O3 14425815 330499999999999999 815 94213514399999999999999
1872172432572542342021651321111091281652112562903052992742351911521251172012 9O3 319258161330699999999999999 936107225111799999999999999
131163204242269276262230190150120110122157206256294313307277230176127 93201210O3 45027617163149999999999999910591102352 8399999999999999
 83101144200252290305293258210161123105115153208263305324313274215151 95201211O3 6 330518 9324999999999999991210104999999999999999999999
 56 49 77135205271318336321278221164119 98111157218278320334314262192120201212O3 7 2336185633499999999999999 043 4713 8 9899999999999999
 59 21 21 64137220294345361339287223161113 94115169235295333339306242164201213O3 755361193934199999999999999 130 161359 9499999999999999
 88 26 -6  6 64149240317367376344286217153107 96126187255311341335290217201214O3 843378202234499999999999999 215 -71446 9499999999999999
135 59  1-21  6 76168261336378378338275206143104104144208273322342323268201215O3 92938421 334299999999999999 259-211531 9899999999999999
191109 38-11-20 19 98192280347379368321257191135106118165228287325333304201216O31014380214433599999999999999 342-23161410599999999999999
243166 90 26-10 -6 45126215295350369348299237177130114135185243292320317201217O31057369222532299999999999999 424-14165711499999999999999
280218146 78 26  3 21 77156236303345351323274217165130125152200250289306201218O3114035323 830699999999999999 5 5  3174012399999999999999
295255196133 76 38 28 55112183251304332328297250201159135137166208249278201219O31223334235328799999999999999 546 27182413299999999999999
286271232181128 84 59 61 92145205259298314304273232190157141147172207239201220O313 6314999999999999999999999 627 56191314099999999999999
261265249216174133102 87 95125169218259287296283255220185157145150170197201221O3 044266135329699999999999999 710 87201214499999999999999
224242247235210178148125116125149184222254275280269245213182156143144159201222O3 147247144828099999999999999 8 1116212514199999999999999
182208228236232215192168149141145162189219247265271262240209177149132129201223O3 3 9237155227199999999999999 911141224012899999999999999
142167196222238241231212189169156154165187216243262269260237203166133112201224O3 4442411657269999999999999991040153234110899999999999999
109125156193227251260252231205178159152161184215245266273261231190147109201225O3 6 12601752273999999999999991157152999999999999999999999
 87 88113154202245274283272245210176152144157186222255276278258219169119201226O3 656283183628099999999999999 028 85125314499999999999999
 80 62 73111165223271300304284247204165139136158195237271288281249199141201227O3 739305191428999999999999999 1 8 62133713599999999999999
 87 51 42 68120187251300323317284238188147126134167213257289297277231171201228O3 816324194829899999999999999 145 41141412699999999999999
108 55 26 32 74141216282326338318274219167129119140185236280303299264206201229O3 851339202230599999999999999 221 24144911899999999999999
139 75 27 11 34 93171249311344342308254196145116119155208261298311292244201230O3 926348205531199999999999999 256 10152411399999999999999
176106 45  7  7 48120203279332352335289230173128111129176233282310310277201231O310 1352213031499999999999999 331  216 011199999999999999
