392366306229154100 79 9514421529035439139436330824519015715217722528233320 1 1O61235397999999999999999999999 6 4 79183915199999999999999
36236132927320815111611113618524831035537636633128122918816716919323327920 1 2O6 029366131037699999999999999 641109192516599999999999999
31833833330425820816614314416921326531334735834531226922619217317219122320 1 3O6 120339135735899999999999999 728140203117099999999999999
26229731731829926522619117116918722226530633534633731027122919216716017220 1 4O6 23232015 234699999999999999 835167215316099999999999999
20124128031032131328825221618917918821625629833134834431927822818114713220 1 5O6 4 632116193499999999999999910 217923 613299999999999999
14317622527631834134031627623119417517820424829733836236033128021715811520 1 6O6 5283441727364999999999999991122173999999999999999999999
 9811315822128634037137134129123518816116219324630635638337933927319612620 1 7O6 630375182238699999999999999 0 2 98122715799999999999999
 78 64 8914922730636840239835929622917314314718825332337940639434025816820 1 8O6 724405191240799999999999999 052 64132314099999999999999
 91 43 36 7414924133039843041936729321615512513618926634540442740333423720 1 9O6 81443220 142799999999999999 140 33141412399999999999999
139 58 13 16 6815726135742645343136728219813410913219828636942744240432020 110O6 9 3454204844399999999999999 228  815 310999999999999999
213109 29-10  4 72174286385452470433356262174113 9713521531039444745039620 111O6 950470213445599999999999999 315-121548 9699999999999999
299184 79  5-24  6 88201317414472475421332233147 95 9414823933741745944620 112O61033481221846199999999999999 4 0-241631 8799999999999999
377270153 54-10-23 24119237351439481464394296198121 8510317126736243245920 113O6111348323 045999999999999999 443-261711 8499999999999999
429347236125 37-11 -5 59162279383455475436354255165103 8612119929337843420 114O61150476234144799999999999999 524-151750 8599999999999999
444400312206107 36  8 32106210317406455451396309217141 97 9714422230938120 115O61226460999999999999999999999 6 3  71829 9199999999999999
421417365281187106 54 43 8015625234441243941735427119113010111316223430920 116O6 02542613 343999999999999999 644 41191310099999999999999
368396385336263187124 88 8812719627835340241238332224818013111012316722820 117O6 114398134641499999999999999 730 8320 711099999999999999
29334336836032226620615612813016322028634638238735930624218213611512215620 118O6 215369143838999999999999999 827125211611499999999999999
20826631634534832628523719416516018022427832936337135130724918914011110820 119O6 337350154737299999999999999 943159223610699999999999999
133181239294334353346316272226190173180213262314353369358318259193135 9620 120O6 51335317 63699999999999999911131722351 8599999999999999
 8510615421928433837037334730124719916916819624830635437937233226619112320 121O6 6363751818381999999999999991233164999999999999999999999
 76 61 8213621028835339440037131625119215415018224231036739638834026417920 122O6 740402191839899999999999999 056 61133814799999999999999
104 54 40 6713121630337641842038231624017413413417724832538641439833825120 123O6 83342520 941599999999999999 151 39143012899999999999999
159 81 33 26 6514223632940243942937629821614811412818526835041042839832320 124O6 918441205442999999999999999 239 23151411399999999999999
226131 56 17 25 8016927036242744942135226518112110213520930038143043238220 125O6 956449213343899999999999999 321 14155210299999999999999
293190 97 34 12 4011321231339744644439431122014310010516024733941044242120 126O6102945222 744299999999999999 357 111624 9699999999999999
350249147 65 20 22 74163266360427449420348258172112 9312519929137643043720 127O61056449223844099999999999999 427 151653 9399999999999999
391303199105 43 23 54127225323401440431375290202132 9610616124533340243220 128O6111944323 743299999999999999 454 231718 9499999999999999
412344249151 77 39 4910419128737042343139231823315710910113520428736240920 129O61140433233641799999999999999 518 371742 9999999999999999
413371292200120 69 60 9416525333639742039934126318713110812217124231437120 130O612 2420999999999999999999999 543 5818 710799999999999999
395379325248170112 86 9914822129936339839635629222116112612214920126432220 131O6 0 7395122640299999999999999 610 85183812099999999999999
36036834128822216412712014519626132236638036231725720015613514016821426620 2 1O6 044369125738099999999999999 643118191913499999999999999
31133833931427122218015715818322727732235135533329324419816314614917120820 2 2O6 132342133935699999999999999 728155202114499999999999999
25229131632130627624120919018820423527330833133532129024920717114714215520 2 3O6 244322144333699999999999999 836187214814199999999999999
18722927130432131930027124021420120522425529031733132730426521717113511920 2 4O6 4243221617332999999999999991019201231211899999999999999
12715820625930533634633330226322519718920223427731734334932828322316111220 2 5O6 5553461743350999999999999991154189999999999999999999999
 86 9212918825731936338136732827422118016317621727332936837935529722014220 2 6O6 7 4381185037999999999999999 020 8413 516399999999999999
 81 50 5710417926434239641639734427420515413315220728035039941137830521120 2 7O6 8 0416194741299999999999999 119 4714 213399999999999999
119 48 14 27 8718028137043144941734826218012210413520829737843144039430420 2 8O6 851449204044399999999999999 214 12145210499999999999999
195 92 16-17  7 84193307404465472424336236147 88 8012921932140946146039820 2 9O6 938476212946899999999999999 3 6-171539 7799999999999999
292171 63-12-36  4 99221342440491480410307199109 59 6913824235043848246520 210O61020495221548499999999999999 353-361621 5599999999999999
386267143 37-29-36 25135263383470501465375262154 73 42 7516127338045948720 211O61058502225748799999999999999 436-4117 0 4299999999999999
450356233114 20-27-10 70188314421486488426322209112 51 44 9819530540246420 212O61132496233747599999999999999 515-291736 3999999999999999
471415315199 94 22  1 41132248360444478450369263161 83 47 6413222932840820 213O612 3478999999999999999999999 552  01811 4699999999999999
448435370274174 93 47 51106197300389443446396310214130 76 63 9516525233520 214O6 016450123445199999999999999 627 421847 6299999999999999
394415390327247170115 92111168249330392418400344265186123 88 8912418625720 215O6 05741513 641899999999999999 7 3 921929 8499999999999999
32236437435030124218915414516621327433237138035730724418313611111314018720 216O6 147375134738199999999999999 748144202710999999999999999
24229332733932829926122519919020123027131133834633029625020116013212413720 217O6 259339144934699999999999999 858190215312499999999999999
17021426029732132831829526523621520922024627930932732730927322718014111920 218O6 4533281632329999999999999991052209233111699999999999999
11914118323328432534835133129625421719419221425229432934533630124718713520 219O6 63635218 9345999999999999991233190999999999999999999999
100 9111316022428934537938435730825019716316018924130135037436532125317920 220O6 738386191537599999999999999 047 91133615799999999999999
115 73 65 9415523331237641140736529922616312913518025132538140538532524120 221O6 82441520 440599999999999999 144 63142212699999999999999
156 86 46 47 9216926134741043541335126918812610212619327936041542738830920 222O6 9 2435204542899999999999999 229 4115 010299999999999999
213122 56 27 46111204302387439443397316225143 93 9013922532039944243337120 223O6 935448212144599999999999999 3 7 271533 8499999999999999
275172 85 30 22 67151254352425454430359265172102 73 9817227036543345441820 224O610 3454215345499999999999999 339 1916 3 7399999999999999
334228126 52 19 39109209314401450448393303204121 72 7312721932040545244520 225O61028456222345799999999999999 4 8 191629 6699999999999999
383282175 86 33 30 80171276371436454416336237146 83 63 9617327236543145120 226O61049455225145199999999999999 433 241653 6399999999999999
414330225128 60 37 66141241339414448429362268175102 67 7913822632039643620 227O611 9448231943999999999999999 457 371715 6599999999999999
426365273176100 60 67123210305385431430380297205128 82 7611418627335240520 228O61129437234741999999999999999 521 571738 7399999999999999
418384311224146 96 85118187272351404419388321237160106 8510315622830336220 229O61150419999999999999999999999 545 8318 2 8599999999999999
39338433726819614211712817424231336939638533826919713910710613518925231120 3 1O6 017394121439799999999999999 612116183210399999999999999
35336634730224619416115317421927432636136834529723818314212312915720125320 3 2O6 055366124436999999999999999 646152191612399999999999999
29933033832228925021519419120824128031533633731628023619316014214115819120 3 3O6 150338133233999999999999999 737190203213999999999999999
23327430532031830127524822721822123626128830831731029025821918115113513820 3 4O6 32132115 431799999999999999 916217222113499999999999999
16120024628831933433131228325122521021122825728931532832129424919614711320 3 5O6 5203351711328999999999999991127208235210399999999999999
10312116422328433536637235131026021318117219123328533236236433327420013020 3 6O6 6433731834367999999999999991249172999999999999999999999
 79 60 7913421229436340741438332325118514113015922029536340540936828919320 3 7O6 741416193641399999999999999 1 1 60134712999999999999999
105 42 19 45117216317400448449401319227147 96 9113822231739944844839129220 3 8O6 831455203045599999999999999 159 191436 8799999999999999
178 77  7-13 27119235349439484469398296190102 54 6313223634643648547239720 3 9O6 916486211948899999999999999 251-141521 5099999999999999
281156 50-19-27 32142270390476506467373256143 58 23 5414426337946850647620 310O6 95650622 450799999999999999 338-3216 2 2299999999999999
382257130 28-28-16 64186318431501504438326203 94 23 11 6717329741048850720 311O61033511224650999999999999999 420-321641  799999999999999
455350224106 19-14 23120245368462503473384264147 54  8 2410021333143148820 312O611 5503232549499999999999999 459-141716  599999999999999
482414306191 92 31 27 86189306408472476418316202102 36 18 5814525335643320 313O61135482999999999999999999999 534 211748 1799999999999999
464437362264169 98 67 88158255351424452426351252156 82 44 5110518828136220 314O6 0 246412 245299999999999999 6 6 661820 4199999999999999
413421383315237169126120155221300369410409366293210137 89 74 9514621628820 315O6 040423123041599999999999999 6391171856 7499999999999999
34537637233828723419117017620825931335537235931725819814911911313117022120 316O6 12437813 437399999999999999 718169194511299999999999999
27231333433431628625522921621723426329531932831929325621718115614514917020 317O6 229337135932899999999999999 824214211314499999999999999
20324227730331832030929026724623222923825727929630429928125221718315714420 318O6 4373201610304999999999999991044228231214499999999999999
15017321025329432734534432429025221819819921825128831732931928824119014720 319O6 62634718 5329999999999999991230196999999999999999999999
12112014519225030935538037534229023218415716119524830535036935530924417620 320O6 72038219 536999999999999999 033117132315499999999999999
121 91 9313119427034139241139033626519414011913919527034139140437430822520 321O6 759411194840599999999999999 126 8714 111999999999999999
146 88 64 81138220307381425426383307222146 99 9514021930938542842437128520 322O6 832432202643399999999999999 2 6 631435 9199999999999999
191110 59 50 90168263354420446421352260169100 70 9316426035542645242434820 323O6 9 144621 045299999999999999 241 4715 5 7099999999999999
247149 75 40 56121216317401450447392302202116 64 6111320530940045645840320 324O6 928455213246499999999999999 312 391533 5599999999999999
307201109 50 40 84171275372439460424343240143 72 45 7415225635943646844120 325O6 95246022 346899999999999999 341 3716 0 4599999999999999
362257155 78 43 63134234336418459445378279176 92 46 5110920430940045645920 326O61016461223346599999999999999 4 9 421625 4199999999999999
404311206118 64 59109198299388445452404314211120 60 44 8015925935442545320 327O6103845623 245399999999999999 435 541649 4399999999999999
427353257165 99 74 99170264355420444417342245152 83 52 6712621430738443020 328O61059444233043699999999999999 5 0 741712 5199999999999999
429380299212142103107155234319389425416362276186113 71 6810617726033839320 329O61119427235941399999999999999 525 991735 6499999999999999
413390332257188142129154212285352395403371304224151101 83 9914721528734620 330O61142405999999999999999999999 55112818 2 8399999999999999
38138335129623618816316720025331135737836732526319814411310813017423128820 331O6 033387121137899999999999999 622161184110699999999999999
33335735332528424120919520323026830833734633329825120316313813214517722020 4 1O6 122359125534799999999999999 7 9195194913199999999999999
26730733233632329826824122522223325428130431731529927023419616414313915520 4 2O6 244337142331899999999999999 843222214213899999999999999
18923428031834034433130527224021821021824027130132232731227923118013711420 4 3O6 44434516473279999999999999911 1210232411299999999999999
11714720026232036338237333928923519216717020024930434937236432325718311820 4 4O6 6123821816373999999999999991225165999999999999999999999
 78 7410917626033939842541236128821115011612216924332338942341435827017420 4 5O6 711425191942599999999999999 037 71132211499999999999999
 92 42 37 83170274370438464436364267173101 67 8515425235243146945137827120 4 6O6 8 0464201247099999999999999 136 331410 6699999999999999
159 67 13 15 78184302406475489441345232127 52 27 6515627338446850146937920 4 7O6 84449121 250199999999999999 228  61455 2799999999999999
259141 47 -2 15 96215340442501494421307185 80 13  5 6617530141549551546620 4 8O6 924506214851799999999999999 316 -41537  099999999999999
363239122 36  3 40137261382472508474379255134 39-10  7 8820733344150650620 4 9O610 1508223151599999999999999 359  31616-1299999999999999
441332213108 39 30 88193314419486491429320197 89 14 -8 3312724636345449620 410O61035497231049799999999999999 438 261651 -999999999999999
475398293188104 62 78151255360441475449367256147 60 13 19 7817528438244820 411O611 5476234846699999999999999 514 601724  999999999999999
465427349257174116102139215307388438440390302203116 57 38 6413121931038320 412O61133446999999999999999999999 5471011755 3899999999999999
423419375307235177147153197264335389410389331252174113 79 8011517524731520 413O6 02542712 141099999999999999 6201451829 7599999999999999
36538537233428423520018720123828733436336533828822917513611912515419925220 414O6 1 7385123436899999999999999 659187191311899999999999999
30033334633931628525423222322925027930632332230527423720117315815717220020 415O6 2 7346132832599999999999999 8 5223203315699999999999999
23627330332232832230528225924123123424726728629830029026823920818216616620 416O6 3593281540300999999999999991018230223316499999999999999
18121124928832134234633330426823320719720823426830032232530727122618415420 417O6 5443471739326999999999999991158197235714399999999999999
14315719224229534237137535230725320116615617722127732836036433628422216520 418O6 6393771838366999999999999991249156999999999999999999999
12711713918925632337640239435228621615612212616723430836940139434727619920 419O6 716404192040399999999999999 049117132511999999999999999
135 99100139208289362412425394328245166109 8911418026735141243340533725020 420O6 748426195643399999999999999 129 941357 8999999999999999
166104 79 98159245333404440429372286193115 70 7212421231139644644839731120 421O6 817442203245499999999999999 2 5 791428 6599999999999999
214131 80 73116197293380439452413332232138 71 47 7615325535643346744537320 422O6 84645421 746799999999999999 238 701458 4799999999999999
274177103 68 86152247344421459444377278175 90 41 4310019530239846047042320 423O6 914461214147399999999999999 311 681528 3599999999999999
336234144 85 74117201301390449459413324218122 54 30 6114024434842947045420 424O6 941462221447199999999999999 343 721556 3099999999999999
387292196121 84 99164257351424457436364262161 80 36 42 9919129438544746120 425O610 8457224646299999999999999 414 821624 3299999999999999
421342249166112101141219311391439441391302202114 57 41 7414824333640944620 426O61033447231644899999999999999 443 991650 4199999999999999
434377295213150121136193274353411431405335243154 88 56 6611719728536341420 427O61057431234842899999999999999 5111201717 5499999999999999
427397333259194153146179241314375408403358283199128 84 7410015823431037020 428O61123411999999999999999999999 5401441747 7399999999999999
40339936130224119417118021727333037238636731725018212910010113018424931220 429O6 024406115638799999999999999 6141701829 9799999999999999
35938137333929224521119720623727932135035733829824619415112612414518624020 430O6 114382124635799999999999999 7 6196193612299999999999999
29533836236134030526623421521422925829131933332930727122718415013413916720 5 1O6 229364141733499999999999999 835212211713399999999999999
21426932035537036233429325121619719721725229232634434131627121616412711620 5 2O6 4 83701623345999999999999991029195225311699999999999999
13518224631336639639636631325219716014917021827933737738936631123716411020 5 3O6 5304001751389999999999999991150149999999999999999999999
 86102157237322391431431390317234160111 9812919628236241843740933924615720 5 4O6 631436185543799999999999999 0 7 861248 9799999999999999
 89 60 80147244343422464455396303202116 62 5510219129639245747543735224620 5 5O6 721467195047699999999999999 1 7 601338 5199999999999999
146 73 45 74156265372452487463384273161 72 22 28 9420031842048649844735020 5 6O6 8 7488204150199999999999999 2 1 451424 1799999999999999
238136 65 45 87182297403476496451353233120 35 -3 2010322034244350350243920 5 7O6 849497212951199999999999999 250 4415 8 -499999999999999
337225128 65 60117219333430488486420310189 83 10 -9 3412924936645950448820 5 8O6 929495221550699999999999999 335 541549-1099999999999999
416314209123 77 90161264369449484457374260147 55  3  6 6616728238846449020 5 9O610 5484225649099999999999999 417 751628 -399999999999999
458381284192124101133211308396454462413320212114 44 16 4011121031440245520 510O61038465233546499999999999999 45610117 3 1699999999999999
460416340255182137136181258342409440423360269175 98 53 49 8816125033640220 511O61110441999999999999999999999 5321301736 4599999999999999
432420371304236183161176225292357401408375310231157104 81 9313720327734320 512O6 013433114241099999999999999 6 71611810 8099999999999999
38739937933528123119819121125330535037436833227721516212811913617522928720 513O6 052400121837599999999999999 646190185111999999999999999
33536336835031627624121921523025929532533933330726822418616115416619523620 514O6 141369131134099999999999999 743214195315499999999999999
28031834234934031728725723422322624326929431231630628225021719017517619420 515O6 255349144831699999999999999 918222212617499999999999999
22726630433334934833130126623220920221323927230332332731128024020317716820 516O6 4273511642328999999999999991054202225416899999999999999
18121425830434336636834630625721017716618121926931735036034230124819816220 517O6 5343701751360999999999999991155166235615099999999999999
15116720826432236939238735129322817113613216221928734838739336330623817820 518O6 6193941840395999999999999991237129999999999999999999999
140133161217287353401416394338261185125 9710916123832038742341636929521720 519O6 655416192142599999999999999 0421321313 9699999999999999
154120124169241322390430429384307217137 83 7110517827135942444842435927420 520O6 72943520 044899999999999999 1231171347 6999999999999999
191131107129191276361424449426358264169 92 52 6011720830939745246141833920 521O6 8 2449203946499999999999999 2 21071421 4999999999999999
247167115106147225316397448453406319216123 58 36 6714424534742846945939920 522O6 836457211847299999999999999 2401031455 3699999999999999
311220146107118176264355427460441372272169 85 36 36 8918028538245047444420 523O6 910461215647499999999999999 3181051530 2999999999999999
371280194132111142215306390445456413326222127 58 30 5312422232441046246420 524O6 942458223347099999999999999 35411116 3 3099999999999999
416336247172127128177259345415450435372276176 94 45 40 8416726535942946020 525O6101445123 846099999999999999 4291221636 3699999999999999
441381299219160136157218300375426438402325229141 76 48 6412320930238343420 526O61045439234444799999999999999 5 313617 9 4899999999999999
445410344267201160155191256329390421413363283196122 76 66 9616024332639220 527O61118423999999999999999999999 5371521746 6599999999999999
427422380315249196170178219279341386403383331258184125 91 9112418626133420 528O6 023430115840399999999999999 6161691831 8799999999999999
38841240136030224520318419423028133236837936131725719414411511314219526220 529O6 111413125438099999999999999 7 9184193311099999999999999
32737739939135630625421319119321926130734436335632627822317213712614318820 530O6 214400141636399999999999999 824189205412699999999999999
25031536839739636832026521518217218822627732536037135631525819915112713320 531O6 329400155637199999999999999 953172221812599999999999999
17223430636840741538933626920415613414618825131837240039535529121815611920 6 1O6 4444161721402999999999999991110134233211499999999999999
118155224306379427438408343260179118 9110415823832439443443338931322815520 6 2O6 5474391829439999999999999991211 90999999999999999999999
110106147225317398450458418337238146 79 52 7314123733741846346140932523220 6 3O6 641460192746899999999999999 03610213 5 5299999999999999
152104102150237335419468468413318210113 46 25 5713924635343848347641732620 6 4O6 730474202248799999999999999 133 961355 2499999999999999
230150103107164257357437478465396291179 84 24 12 5815026237045449347841220 6 5O6 817480211349599999999999999 226 981442 1099999999999999
319224146107121187283379451479450369259150 62 13 16 7417228438846449346620 6 6O6 9 147922 149399999999999999 3151051527  799999999999999
395303212143116143217312401459470424333224123 49 15 3410320431140646848120 6 7O6 942472224548399999999999999 4 111616 9 1599999999999999
443367278196141132173252342417458448388293190102 46 32 6814424334142046320 6 8O61020461232446699999999999999 4421291647 3199999999999999
457408331249182147156208287367425444415345252161 92 57 6311219128336642520 6 9O61055444235844599999999999999 5181441721 5499999999999999
445423366294225176161186243315380418417375302219145 96 8210416023631538020 610O61129423999999999999999999999 5531611754 8199999999999999
41741838532826521218218321527033037839838333727020114511611614820327033420 611O6 03242212 639899999999999999 628178182811299999999999999
38039938835230125021119420323428032736137035231025520116214415218323228820 612O6 1 8400125037099999999999999 711194191214399999999999999
33837038036533228924821820521123627331133834633330226021818617217720324420 613O6 153380135434699999999999999 810204201317199999999999999
29033235936735632829025222120320322125329032033733531428024120818918820720 614O6 254368152433899999999999999 930201213318699999999999999
24228632735736936133429425021018517919623127631834635433930426122019218420 615O6 4 73691650354999999999999991045179224918499999999999999
20023628433136738337434229123518515314817221927733237138236532326921718220 616O6 5103831754383999999999999991141147235117299999999999999
17219123529134738840338734027520614911712015722129435940241138433026420520 617O6 6 04031845412999999999999991226114999999999999999999999
167160187242310372413421390327246168110 8510215723632139143143239232525120 618O6 643423193043799999999999999 04315813 7 8599999999999999
188152152192260336400436431382302210129 76 63 9616926135142145444339031320 619O6 723439201545699999999999999 1291471347 6299999999999999
234171140152206284364426451430363270173 94 50 5210319028938144646944337820 620O6 8 4451205846999999999999999 2141391428 4599999999999999
295214155134160227312392446458418336234138 66 35 5412021732040946547543520 621O6 844459214147799999999999999 25713415 9 3499999999999999
359272193142135177254342417459454397303198107 46 30 6614624935143347747120 622O6 924463222348199999999999999 3391321549 2999999999999999
416333246174135145201285371436463439367266164 82 36 37 9018028538245248020 623O610 346323 248099999999999999 4191331629 3099999999999999
455388302219158137163231317395447456415332230136 67 38 5712321832040746220 624O61041458234047399999999999999 45813717 7 3799999999999999
470429354269196151147188260342409445438384297202119 66 53 8716025534942320 625O61121448999999999999999999999 5361431747 5299999999999999
460451398321243182152162210281354409432413355273188119 80 7912119528436720 626O6 01846212 443299999999999999 6161511831 7499999999999999
42644842737029722817815817422228735139741339233826519213510410915021929920 627O6 1 0448125641399999999999999 7 4158192310299999999999999
37242043340835328522217716017421727533437839538133827721316113213416923020 628O6 14943414 339599999999999999 8 3160202612999999999999999
30236841242339934828422217515216019625131136038738535530324319015615017620 629O6 249423152639099999999999999 915151214114999999999999999
23029736240742140235428822016413313316522228935039140238233527421517115620 630O6 3564211652403999999999999991030129225915699999999999999
17422329135940942941336228921114610610113419827635040442641236529823117920 7 1O6 5 442918 7427999999999999991138 98999999999999999999999
154167216288362417441424368285197123 78 7211018327235742145043738731423920 7 2O6 6 6441191245199999999999999 0101541238 6999999999999999
179149161214291370430453432366274178100 55 52 9717927736943846945439731820 7 3O6 7 2453201046999999999999999 1141481333 4799999999999999
238174143158217301383443462432357258159 81 39 43 9718728938445348145939620 7 4O6 75546221 448199999999999999 2111431425 3599999999999999
312229165138162229317400455466425340236139 66 31 4611020631040346748545220 7 5O6 843468215148699999999999999 3 31381513 3099999999999999
381294211153137173249340418464461407314210118 54 33 6313723733942547647820 7 6O6 928469223248499999999999999 3481361556 3399999999999999
431352264188143144195278367436466446377279179 98 50 48 9417827937344547520 7 7O610 746623 747699999999999999 4281371633 4399999999999999
456395311229166141163228313393447457417337239149 85 59 7814123032540545420 7 8O61043459233746399999999999999 5 314117 5 5999999999999999
460420348267197154152193265346412445433377292201128 85 8312319628336542520 7 9O61116446999999999999999999999 5331481733 7999999999999999
44842937330022917715717522729836741542739833325217612310312217424932739120 710O6 0 3448114842899999999999999 6 215718 110399999999999999
42742638932826120517317120125531837240239836029822817113713616622228935320 711O6 029431122440599999999999999 633168183313299999999999999
39741339635229524019918018822126932036137936933228022618416517220425431020 712O6 05841313 938099999999999999 712180191416499999999999999
35938839136932828023420218919722426430734235835132328424221019520122726820 713O6 137393141235899999999999999 8 7189201219499999999999999
31335137437535632127823720518819021224728932534735033430326723521621523320 714O6 233377153835199999999999999 923187213421399999999999999
26530534136537135832628323719817316918922727532135436735732929025222321320 715O6 34837217 5367999999999999991040168225921399999999999999
22525529733937038237033628522817814614116521327333137439438535130425521720 716O6 5 23821811394999999999999991141139999999999999999999999
20021124629634738640138634227720714811411314720928335240242240836530624620 717O6 6 240119 542399999999999999 0 8200123210999999999999999
201183198242304365409423399340260179115 83 9013821530137843144842436929820 718O6 653423195544899999999999999 1 41831319 8199999999999999
230181166190247321389434441404330237149 84 57 7613822832440645846743236320 719O6 740444204246999999999999999 15416614 6 5699999999999999
282209161152189260343415457454403314211119 57 38 7014724935143448148043020 720O6 827462212848799999999999999 2421501453 3799999999999999
349260185141144196280369440475460392291182 91 35 27 7516627738246249948120 721O6 913476221150099999999999999 3271361538 2499999999999999
415324231159126145212305396462486454372262153 68 22 30 9519831241548550520 722O6 957486225150699999999999999 4 91251622 1899999999999999
468387289199136119156237333420476485436342230127 53 23 5013023935244549820 723O61039488232850499999999999999 45011817 2 2399999999999999
496439347250169122124177265359436478469407309202111 53 43 8817728538846420 724O61121481999999999999999999999 5281161742 4099999999999999
494469397303213147119139202290376440466443373279185111 72 8013622632641220 725O6 0 349412 346699999999999999 6 61181821 6999999999999999
46747443235426518813812615722330337842944241234526318512910612518326635120 726O6 039477124944399999999999999 64712519 410699999999999999
41945444439432024117714013717023030136540641538833326620516214816821928820 727O6 118455134441699999999999999 735133195514899999999999999
35841043141636930323517914614217022128334138139437833928823720018519723520 728O6 2 5431145639499999999999999 83714021 418599999999999999
29034839241039936030324018614913815519825631536238738636232027323320820820 729O6 3 7411162939099999999999999 953138223220599999999999999
23327833037540039836831525119014412313217023029535439340739235430325221520 730O6 4264031758407999999999999991113122235920199999999999999
20121725931436740341038533126018813110110514521028735841143442237931925620 731O6 5454111910434999999999999991223 98999999999999999999999
207184197243307371416429403342260178113 78 8312820429237343445944339131820 8 1O6 65143020 745999999999999999 1 91841323 7599999999999999
245188163181237313387437449415342250161 93 59 7012621230939645747745038520 8 2O6 746450205547899999999999999 2 61631416 5799999999999999
302222164145175245332409458462415330229138 73 47 7114023733842447848444020 8 3O6 835466213748899999999999999 25414515 2 4799999999999999
362272192141137185268360435474463400303199112 57 48 8917327637545248947320 8 4O6 917477221249099999999999999 3351321542 4599999999999999
411322232160126144211303394459480448367263164 88 52 6512722332641647448520 8 5O6 955481224248799999999999999 4101251615 5099999999999999
443364271189135126169250345426473470414321217129 74 6310318328337844947920 8 6O6102747823 748099999999999999 4401231643 6199999999999999
459394306219154125144208296383447470441367269175107 78 9615824834342046420 8 7O61057470232846999999999999999 5 712517 8 7799999999999999
46241433524917713613517825233740945044739731422314810510414622130938944120 8 8O61126455234845699999999999999 5311301732 9999999999999999
45542435927820515513916121729136341543341034927119714512714820427935441120 8 9O61157433999999999999999999999 555139175812799999999999999
43742537630723718215415819224931336940240337031224819416516619825331737320 810O6 011438123240799999999999999 624151182816199999999999999
40841338533327321918116818021526431535637737134129624921419920723828333020 811O6 038415131737899999999999999 7 116819 919899999999999999
36938838235230926122019218319322025930033535335233330327124523323725728820 812O6 116388142635599999999999999 759183201523399999999999999
32235036335933930626823220318818820623927831534135234632730127525624825520 813O6 21636416 935299999999999999 92718622 324899999999999999
27530233034935634632128424220317616617921325930734637137535932929326023920 814O6 3553561742376999999999999991055166234123499999999999999
23525128231935237137034530024418914913314818924931236740140938934729624720 815O6 52737418464109999999999999912 2133999999999999999999999
215207227270323371401401369308234164114 9711817325033039643744241135228420 816O6 631405193844499999999999999 0472061258 9799999999999999
223184178209269340401435432386307215133 78 64 9516726135543047146842134520 817O6 725439202647699999999999999 1391761349 6399999999999999
262191151153201280365434469456393296191101 45 38 8417428338746550148341720 818O6 815470211050299999999999999 2271461439 3499999999999999
324230156121137204299395466496470389277163 72 20 25 8919631542349852048220 819O6 9 3496215252199999999999999 3121201526 1599999999999999
396291192122 98134219326425493512469372251135 48  8 3111423335645952152220 820O6 949513223153099999999999999 354 9816 9  799999999999999
461358247152 93 89146245356451510512450342220112 38 17 6115928239948952820 821O6103251923 652899999999999999 434 831650 1699999999999999
501418308200117 78 97172277384469510492416306192100 46 4911221733443650120 822O61113512233951499999999999999 511 771727 4099999999999999
510458362254159 97 81121205308403470491456374272177106 7810217527637745520 823O61153491999999999999999999999 547 8018 3 7899999999999999
490471402305210135 9610215323632740445245641233725318013412716323432039820 824O6 010491123446099999999999999 623 92184012499999999999999
44945842134926418713311212918125332738842041537731825620517818121627433920 825O6 042460132342299999999999999 7 4112192417599999999999999
39342241737831624818915013715219325030935738338336032228024422422424628520 826O6 121424143038699999999999999 758137203022199999999999999
32936738738235430925821017415616018622827832335637036634631728525824424820 827O6 219388161737199999999999999 920155221924499999999999999
26930133435836735732728523719216115016219724629934637939238235331327123920 828O6 35836718 4392999999999999991059150999999999999999999999
22623626730834837538035931425619715012613216722529335740542641637732026120 829O6 542381191142699999999999999 0 4226121912499999999999999
213191202243301360401414390334259185127 9710515022330638343745743537930520 830O6 651414195945799999999999999 1111901319 9599999999999999
231176156179238315387435444408335245161 99 72 9115224133641746847543435920 831O6 742446203847899999999999999 15915614 6 7299999999999999
271192140133176255346423466462407316216130 73 60 9717727837645248947341020 9 1O6 825471211349099999999999999 2391301446 5899999999999999
319226151113129194290385457486460384281178 99 57 6612622232742048049244920 9 2O6 9 3486214349499999999999999 3141121520 5499999999999999
365266177117103146232335426483489437343235139 76 58 9417628138245949347320 9 3O6 93649322 849399999999999999 3451011550 5799999999999999
402305209133 97114183281381458493470395291187108 68 8014424134443148248320 9 4O610 7493223148999999999999999 412 961617 6699999999999999
430340241156104 99146232332421476481431340237148 93 8412620930940046348120 9 5O61036486225148199999999999999 436 951641 8199999999999999
446369272183121 9812419328537544347144837928519412910212318827836843646820 9 6O611 4472231046999999999999999 459 9817 410299999999999999
45239030221314511011716524332840144444640132524117313413617925233440444420 9 7O61132451233045099999999999999 521107172812999999999999999
44440132724417413112315121028335340442440635328522017616318423630436841220 9 8O612 2424235242599999999999999 544121175316399999999999999
42540234627620916214115118824430435638839236631926722520220423227933037220 9 9O61238394999999999999999999999 611141182419999999999999999
39438935630524920217316517921125530133936136134130927524923724326429532820 910O6 019396133036499999999999999 651164191223799999999999999
35436335432729025121719418519221224328031433734634032430328326926427028520 911O6 1 136315 534699999999999999 8 6185205726499999999999999
30432333533632530427524321419118218921325029032635236235733931228426225020 912O6 23433717103629999999999999910 5182231825099999999999999
25327029632234234933931026822017815315117522127833437740039737132827923720 913O6 4563491824402999999999999991134149999999999999999999999
21321323728032937039038234428221115011210714020328235841544343439132525520 914O6 615391191644499999999999999 031209123710599999999999999
198168173215282353411438424368282190114 69 6911620030039245748345939330520 915O6 71143820 248399999999999999 1221651331 6399999999999999
219152123142207297387454481455378272164 79 34 4310921433043149751146737820 916O6 8 2481204551399999999999999 2 71231421 3099999999999999
271174107 87126213323423493513470374252137 50 11 3712324436847052752245320 917O6 850514212553399999999999999 251 8615 7 1199999999999999
344227128 67 64126233353457522528467355227112 33  9 5515928841150254050820 918O6 93653422 354099999999999999 333 571551  899999999999999
416295177 85 41 62145263384482535522443325201 96 33 31 9821233944952052920 919O61019538223853499999999999999 412 401631 2399999999999999
469360238130 56 36 81178298411494527493404289179 94 55 7816027338647451520 920O611 052723 951699999999999999 449 3517 9 5499999999999999
492410297185 96 48 55118219329426487497448359259170111 9914122732841847620 921O61139500233948799999999999999 523 431744 9799999999999999
484435345241149 86 64 9216225534842246045139832124318114815720628236142320 922O61219462999999999999999999999 557 64181914699999999999999
451433374291207140102 9913419827434639841840335930324921119721225431036420 923O6 0 845113 441899999999999999 634 96185919799999999999999
40040738132826320315813613916821527132436137636834330927625224224927330620 924O6 04240814 837699999999999999 72213420 524299999999999999
33936036234431026922719417216718020924829032534835835333631328826825726020 925O6 13636316 935899999999999999 847167221825699999999999999
27529731933333532429926622919717416918421625830434537338237234430626623520 926O6 3413361759382999999999999991047169999999999999999999999
22223125829533035535934130125019916014215218824430736440541840035629723820 927O6 543360185541899999999999999 0 522212 914199999999999999
19417719423829735439340237531924818013011012717925333240044144540834226420 928O6 645403193544899999999999999 1 017713 311099999999999999
193147140176244325394435435389312225148 98 8812219328437243946945239030420 929O6 72944120 847099999999999999 1401371345 8699999999999999
215144109123185275367438468448379284189114 74 8314023133041747247943334920 930O6 8 7469203848299999999999999 2141081420 7299999999999999
251161102 89131217320413473483437348243149 86 671011812843834574884653922010 1O6 84148621 548999999999999999 244 871452 6699999999999999
292191113 75 91161263369453493477406303198115 71 801412383434314834834282010 2O6 914495213049099999999999999 313 731521 6899999999999999
333227136 78 69116207316414480494450360253158 94 771151983013984664884532010 3O6 945496215448899999999999999 340 661549 7699999999999999
370266166 94 63 86159261365447488473405307207130 911051682633614394794662010 4O61015490221648199999999999999 4 5 631615 9099999999999999
400302201119 72 731252133144034624754333522571731211121522323254074584642010 5O61044477223746899999999999999 429 66164110999999999999999
419334235149 92 761061762673564244564413833002191601351532112923714284492010 6O61112457225844999999999999999 452 7617 613499999999999999
424357268183121 921031532283093794234303973332622031681682042673373934232010 7O61141432231942599999999999999 514 91173016499999999999999
4163702972191561191141421972653313804033943553002472091962102513043553882010 8O61213404234439699999999999999 539112175919699999999999999
3953713212571981561371451762242793283633753623302912552332302462763133452010 9O61259375999999999999999999999 613137184122999999999999999
362359334294248207178165170191226267307337351348331307282264256259273293201010O6 022363141835299999999999999 714164201225699999999999999
314328330320299270238209187176181202236277316344358356341315287262246243201011O6 142331162335999999999999999 913176224324299999999999999
253275300322334332313279236193161149162199252309358389397379341291243208201012O6 42233517483979999999999999911 0149999999999999999999999
194206241290338372383364315249182130106119167240321389432440410349274205201013O6 553383184344299999999999999 0 3194121010599999999999999
156140164222298371422437408339248159 93 65 85151247347429476474423336239201014O6 652437192948199999999999999 05514013 6 6599999999999999
155101 92136220321411470482437346236133 61 36 69156271383469510491415306201015O6 743484201251199999999999999 140 901357 3599999999999999
194103 53 59126233350449509511448340218111 40 25 76180306421502527484385201016O6 832518205352799999999999999 224 481444 2299999999999999
261144 57 18 46134257381480532519441323199 96 34 36105221348456521522455201017O6 919536213253199999999999999 3 6 181529 2699999999999999
338210 98 22  4 54159287408499537506416297181 90 46 69153271389480521494201018O610 453722 752199999999999999 347  21611 4599999999999999
405281159 62  7 13 83195319429503520473379269168 97 77120211322422487498201019O61046522224050199999999999999 425  21650 7799999999999999
445343225119 44 16 45126235345437488485428339245166121124179267361435471201020O61126494231147299999999999999 5 0 16172611699999999999999
453384284182 99 51 47 92173269360427455437380306233180158178234308378425201021O612 6456234243599999999999999 535 4318 215899999999999999
433397326240162106 81 93140211288356401413391344289240208201224268322368201022O61250413999999999999999999999 611 80184320099999999999999
391384346288224170135124139176229286335366373359330294262241236248275307201023O6 017392135037499999999999999 656124194823599999999999999
335347341316279238201175164169191226267306335351351338316290266249244253201024O6 110348153235399999999999999 812163215224499999999999999
271293310319315298272240210186176182206242283322352367363342308270235214201025O6 31231917183679999999999999910 9176233521099999999999999
212230260295325340336311271226186161159181224278332374396389356305248198201026O6 5183411817397999999999999991136157999999999999999999999
169170200250307355381375339282219165134134167226296362409424403349277205201027O6 620382185542499999999999999 029166123013099999999999999
149125141193267342398420401345269193135108122173250333402441439394317229201028O6 7 3421192744699999999999999 1 7125131110899999999999999
152102 95135212304387439447407330240159106 94128201292378440461433361267201029O6 740450195746199999999999999 139 921346 9399999999999999
173101 68 87154251351430469455391298203127 88 97155245341422466461404311201030O6 815470202547199999999999999 2 9 681419 8599999999999999
208118 62 54101190298396463481442359259167104 85119198297390455475440357201031O6 849482205247599999999999999 239 501452 8599999999999999
251150 74 40 61134237345433481474413319219138 941001582503484294724623982011 1O6 923485212047599999999999999 3 8 401523 9099999999999999
298191101 46 40 891792873874584824503722751851211001322083043934534674272011 2O6 956482214746999999999999999 336 36155410099999999999999
341236138 67 39 621322313334174664644113262351611201251792633524224564402011 3O61028472221245799999999999999 4 4 39162411699999999999999
375278179 99 54 541011852813704334564303642812051521361652313133864324372011 4O61058456223744099999999999999 431 48165213699999999999999
394314220137 81 63 871502343203904304303883202481901601672112783473994192011 5O6112943523 241999999999999999 456 63172015899999999999999
399341260179117 85 881281942713423934123963492882321941832032493073593902011 6O612 3412233139499999999999999 524 82175118299999999999999
3903572972271631211051201622222873433793883673262782362112092302673113462011 7O61247388999999999999999999999 6 1105183620799999999999999
3643573252762221741431321441782262803283593693563262892552322252352582892011 8O6 014365135436999999999999999 658132195522599999999999999
3173343343172852452051721521511702082573063453663663473142762422202132242011 9O6 131336153036999999999999999 834149215321399999999999999
249282312332336320287243196158139144177229291346383395380341288234191169201110O6 3423361657395999999999999991017138232016899999999999999
174205254308352375370334275208149113111145210289362414432412357281205145201111O6 5203771759432999999999999991134107999999999999999999999
115122169242321387424420374296208132 85 81124206303391450466431355256162201112O6 625427185046699999999999999 0191131236 7799999999999999
 92 62 81148245345425468459398303200114 64 65121219329423481486432334219201113O6 721471193649199999999999999 1 8 611330 5799999999999999
115 44 20 56145260372459500481407300190102 54 65135244359451500488414299201114O6 812501201950399999999999999 154 201420 5199999999999999
176 72  7 -3 51156281397482516486401289180 96 58 82164278389472505472380201115O6 9 251621 150599999999999999 239 -715 8 5799999999999999
256134 38-14 -6 65179305417494515473382273170 97 73113203315415481492439201116O6 950516214149699999999999999 323-191553 7399999999999999
335211 99 18-16 11 94210330431493498445354252163106101154247348432476463201117O61035503221847899999999999999 4 4-161635 9699999999999999
393285171 75 14  2 46135245352436478466406320231160125139199286373434453201118O61117480225345499999999999999 443  0171412399999999999999
420341239142 68 30 38 93179277366428449424364289218168152179240314380419201119O61157449232742399999999999999 520 27175215299999999999999
416371294206130 79 63 85141218299367408413383329268216185184213265323368201120O61238415999999999999999999999 556 63183318099999999999999
387373327262194139108104130180244306355381378351309263226206208231269310201121O6 0 5387132538399999999999999 637102192620499999999999999
340350335300252204165144143163202251299336356356337306272241221216227252201122O6 054350142935999999999999999 732141204921599999999999999
282307320316297266230197175167178205244285321345352342317283248218201202201123O6 218321155535299999999999999 857167222720099999999999999
221250283309321316294260222191172173194232277320352366358329286237195169201124O6 41432217 9366999999999999991028170233616499999999999999
167189230278321347348324281232188161158182227283336374388373330270207155201125O6 5333511759388999999999999991136156999999999999999999999
128133170230296351382380344287223170141143178237305365403407375313235162201126O6 626385183841099999999999999 021126122713899999999999999
110 91113171250329389416400348275202147123137188262338399427414360278189201127O6 7 8416191242899999999999999 058 9113 812299999999999999
113 69 67112191284369425438405336252176125113144212297376428440404328231201128O6 747440194544299999999999999 132 62134711299999999999999
139 70 41 62129224324405451447395313225151110115165247336409448438378284201129O6 826455201945099999999999999 2 6 41142510699999999999999
181 93 38 30 74159263362435464441373284197132106129197286373435453419338201130O6 9 4464205245499999999999999 239 2715 210699999999999999
235134 58 21 361011983043954534634213422521711191131562363264044474423852012 1O6 941466212545299999999999999 313 20153810999999999999999
290185 94 35 21 591402423424214604493903062201511181331932783624234454162012 2O61017462215644599999999999999 347 19161211799999999999999
340239141 65 27 37 941842853744364534213522681921411291642343173884294272012 3O61051454222743499999999999999 419 25164512899999999999999
376289192107 51 35 661372303223964374333863132361741431522002723453994192012 4O61125441225841999999999999999 451 35171814199999999999999
395332244156 89 53 571031792673484054264053502802141691561782312973573942012 5O612 0426233440099999999999999 524 50175315599999999999999
396360294214140 89 70 861372112903584004083793242622081751721982463033502012 6O61242409999999999999999999999 6 3 70183716999999999999999
375370333274206146106 941121592262963543893913633142592121841792002392872012 7O6 020377133539499999999999999 654 93194017899999999999999
3283523513242782221691311151271652232883443793863643212682191841701802112012 8O6 128355144338799999999999999 8 511521 517099999999999999
2563013353483383042552011551281281572102753363793943793372792181691421422012 9O6 3 434816 039499999999999999 931125223013899999999999999
171221280331363368343293231172131119140194266337391414401353282205140101201210O6 44037017 94149999999999999910521182338 9499999999999999
 96129192269340390406384327253180127106125183265347410437420361273180103201211O6 55640618 84379999999999999912 2105999999999999999999999
 57 54 96176270357419441417352266183120 95116182274364430455430356254150201212O6 65944119 145599999999999999 035 5013 4 9599999999999999
 66 20 22 77171279376444467437364271181115 90117191289383447466428341228201213O6 756467195146799999999999999 127 1414 0 9099999999999999
119 36 -6  6 73178292394462481445365268177111 90126208309401459466415317201214O6 850482203847099999999999999 218 -91453 9099999999999999
200 93 14-19  5 83193309409473484439355257168108 98144232332416463456391201215O6 941487212346899999999999999 3 6-191541 9599999999999999
286171 70  2-17 20106218331423476474420332237155108112170261355428459435201216O6102848222 545999999999999999 351-18162510399999999999999
358251142 54  2 -1 50142251355434469450387299212144114136203291375431443201217O611 9469224344599999999999999 433 -617 511499999999999999
401317213117 47 15 32 94187288377435448414345262188139131167237318386422201218O61146450231942499999999999999 510 14174212899999999999999
413359274181102 54 44 77146234321389424416370302230174146154199265333382201219O61220426235539999999999999999 544 42181714499999999999999
399375316238161103 76 84126195272341387401379330268212173160178222279331201220O61252401999999999999999999999 617 74185516099999999999999
364367337283218159121109126170231294345374374347301251207180175193229274201221O6 035369133037799999999999999 654109194317499999999999999
314337336311268218175148143161200249299338357352328290247210186178190218201222O6 128340141935899999999999999 743142205317899999999999999
256291314319305274236200176169181210251294328346345325291250211180166171201223O6 245320152734899999999999999 853169221516599999999999999
196233273305321318296261224194179183207245287325348351333297249200160139201224O6 4203221640352999999999999991018178232213899999999999999
143171217269313341344322283238198175174197239289333362366343296235175128201225O6 5373461740368999999999999991132171999999999999999999999
106115155215281337370372344294238189161161191242301353383382347284209140201226O6 634375182838799999999999999 013105123015799999999999999
 91 75 97152228305367399394354292226172144151192255324378404391339260175201227O6 722402191140599999999999999 056 75131914399999999999999
102 57 53 91163251335397423406353280207153130148203278351403419390320228201228O6 8 6423195242099999999999999 136 4914 413099999999999999
137 66 31 42 98185281367424438407341260185133122155223306379424425378292201229O6 848439203243199999999999999 216 30144612099999999999999
192101 37 16 44116214314397444444397319234160118121170250336405437421355201230O6 930451211143899999999999999 256 15152711399999999999999
256153 67 16 12 59146250348423455437375289204138111132197284367425440403201231O610 9456214844199999999999999 335  716 411099999999999999
