266241199149104 72 60 7511216321425427527224921317514212312414517821324120 1 1O71223277999999999999999999999 557 60182812199999999999999
252243216178138104 85 8410514218622625326325322919716413912613114917720620 1 2O7 0 0252125926399999999999999 631 82191512699999999999999
22723422520217214111710510913016119722824725124121819016113712612814216620 1 3O7 056234134625299999999999999 714104202212599999999999999
19121122021720218015613612512814316819822424124623721718915913311711412520 1 4O7 214221145124699999999999999 820125214211399999999999999
148176201218223216198175154139135145166195222241249242221189153121 98 9220 1 5O7 35522316 324999999999999999 9481352252 9199999999999999
103131166200227240237220193166144134140162193225249259252225185141101 7320 1 6O7 51924117 62609999999999999911 91342349 6599999999999999
 66 82118164210245264261239205170141126132159196234262273261226176123 7620 1 7O7 62126518 0273999999999999991213126999999999999999999999
 46 41 6511317022626828728125121016713311712616020524827828626722216310220 1 8O7 714288184928799999999999999 040 3913 811699999999999999
 51 20 20 5511418224529030829525720916012210712416521726429329726821414620 1 9O7 8 4308193729999999999999999 129 16135910799999999999999
 80 27 -2  6 5212219826531132330225620114811010012517623227930630326520120 110O7 851324202530999999999999999 218 -41447 9999999999999999
128 59  5-19  0 58137218286327331300247188133 97 9613218924829431630425520 111O7 936335211031799999999999999 3 5-191533 9299999999999999
184108 38-13-28  5 74159240305338330288230169116 87 9714320626430632029620 112O71018340215432099999999999999 350-281616 8699999999999999
239164 88 21-22-23 23100186264319339317267206146 99 8110415922227731131520 113O71057339223631899999999999999 432-291657 8199999999999999
281217142 70 11-19 -4 53133215284325328295240180124 87 8211617423428330820 114O71134332231831099999999999999 512-201737 7999999999999999
301259195125 61 14  0 28 90168241296320308267211155107 81 8812818423927920 115O71210321999999999999999999999 551 -11818 7999999999999999
295280236177117 64 31 30 66128197257296306284240187136 97 80 9513418623320 116O7 0 1295124730699999999999999 631 2619 3 8099999999999999
266276259220171121 81 60 67103158215262288287261219171126 93 82 9613117620 117O7 051276132829199999999999999 716 591957 8299999999999999
218247256244215177138107 92100131175222257275271247209164122 92 80 8911920 118O7 155256141927699999999999999 810 9221 4 8099999999999999
159198227242240223194163136121124145180218248264262242207164122 89 72 7520 119O7 323243152426599999999999999 9221202221 7199999999999999
 99137178214238247240218189161140135147175210240259262246212168122 83 5920 120O7 5 324816402639999999999999910491352336 5499999999999999
 56 78117164209244263261241209176148134141167203237261268254218169117 7220 121O7 6252651751268999999999999991211134999999999999999999999
 42 37 6010416021425728128125722017914412613116020124126927826222116610820 122O7 728284185327899999999999999 042 36131712599999999999999
 58 26 21 4910216522627429929426321817113211312415920725128128826621815720 123O7 819300194628999999999999999 139 19141011399999999999999
 95 42 11 12 4911118124529231129625620615511610212216722026529329426320620 124O7 9 3311203229799999999999999 228  7145510299999999999999
140 76 25  1 14 63132205267307313286238183132 99 9813018323828130229224920 125O7 940315211230399999999999999 310  01533 9499999999999999
185117 55 12  0 29 90164234288314304264209154109 8810314820625929530327820 126O71012315214630499999999999999 347 -116 6 8899999999999999
224156 90 36  6 14 60128201263303309281231175124 90 8711917323127730129320 127O71040311221630299999999999999 419  41635 8499999999999999
252190124 65 24 15 43101172238286305290248194140 99 82 9814320025228729420 128O711 3305224429699999999999999 446 1417 2 8299999999999999
270218156 96 50 28 40 84148213266294292260210158113 86 8711816822226428420 129O71125297231328599999999999999 510 271728 8299999999999999
275238184127 79 49 47 76129190244279287267225176130 97 8510013918823326320 130O71147288234427199999999999999 534 441757 8599999999999999
270249208159112 78 65 79117169220258276268238196152115 92 9211515419723220 131O71211276999999999999999999999 6 1 651831 8999999999999999
251248225188148114 93 92113151195233258262246214176139109 9510012315719320 2 1O7 022253124226399999999999999 633 891915 9499999999999999
221234230210182153129116120140171205233248246229201168136110 9810212014920 2 2O7 114235132424999999999999999 7171162017 9799999999999999
180205219221211192170151140141154177202224236236223200170138111 95 9310620 2 3O7 236222142923799999999999999 8261392139 9299999999999999
131163192213225224212193173157150155170193214230236229208176140107 83 7420 2 4O7 42722615592369999999999999910 915023 0 7499999999999999
 84110146185218240246237215189164148145158182210233246243221184140 97 6520 2 5O7 5532461719247999999999999991141144999999999999999999999
 50 58 89135186231261272260232196162137129144175212245263261235190135 8220 2 6O7 657272182526599999999999999 0 9 50125112999999999999999
 42 23 33 7313219424928629627824019415011911113217422126128428124719112620 2 7O7 751297192428699999999999999 110 22134711099999999999999
 64 17 -3 13 65136210272311316288239184133 98 9412517923528130529725418720 2 8O7 839319201730799999999999999 2 4 -41437 9199999999999999
113 44 -7-25  3 68151231297332328287228165109 76 8112619025330232430725220 2 9O7 92333621 632499999999999999 254-251522 7399999999999999
176 96 24-27-35  8 86175258321346326273206139 82 57 7713520727332033530620 210O710 3346215133599999999999999 340-3816 4 5799999999999999
240159 77  6-35-28 30116207286338346310247176108 58 47 8315122629033133320 211O71040349223333899999999999999 422-391644 4599999999999999
291220139 61 -1-27 -1 69157242310342330279211141 79 42 49 9917124330032920 212O71113343231333099999999999999 5 1-271722 3999999999999999
317267195120 53  6  1 43117199272320330300242174109 59 39 6211818825229820 213O71145332235431299999999999999 537 -31759 3999999999999999
312290238174111 59 32 44 93163233287313304263205143 89 53 48 7913419624920 214O71215315999999999999999999999 613 311838 4699999999999999
282286260215164115 80 70 92139198251285293273230178125 82 59 63 9414119220 215O7 037288124629499999999999999 650 701922 5799999999999999
234257257237205168134113112132170213249269267246209166123 89 71 75 9913620 216O7 131260132627199999999999999 7341092020 7099999999999999
177210230236228209185162147144157181210234247246231204169132102 83 79 9320 217O7 253236142624899999999999999 8411442142 7899999999999999
120154186212228233226210190172161161173193213229236230212182147113 86 7320 218O7 45323316 52369999999999999910301602316 7399999999999999
 77 98132170206235250249234210183161150154173198222239242228198158116 8120 219O7 6272521742243999999999999991212149999999999999999999999
 59 57 7911816621325127227024921517714612913415819422825226024520916111020 220O7 726274185226099999999999999 034 55131712899999999999999
 67 40 39 6811717623127329228225020515912310712015620224327227825520915220 221O7 810292194327999999999999999 132 3614 310799999999999999
 95 48 23 30 71131197255294303281236183133 98 9111816722026529128925419720 222O7 846304202529499999999999999 217 211441 9099999999999999
133 73 28 12 35 89158226281309302264210153104 78 8813018924528830528823920 223O7 91831121 130599999999999999 256 121515 7799999999999999
174107 49 14 15 55121194259303313287236176119 78 68 9815421727230630727320 224O7 946314213331199999999999999 329  91545 6799999999999999
212143 79 30 11 34 91164234288313301257198137 86 61 7312018524729431329520 225O7101031422 231399999999999999 358 111612 6099999999999999
245178111 55 22 27 70138209270306308274218156101 63 58 9215121727330630520 226O71032312222931099999999999999 423 191638 5699999999999999
269209144 84 42 32 59117187250294307285235175118 73 54 7112018324428730220 227O71052307225730299999999999999 447 3117 3 5499999999999999
283235175116 70 48 59104167229277299289249194137 90 60 61 9515021025928720 228O71112300232629099999999999999 511 471729 5699999999999999
284252202149103 74 71 99150208256285286258211158110 75 62 7912017422426020 229O71132289235827399999999999999 536 681758 6299999999999999
273259223179137106 93105140187233264275260225180135 97 75 74 9813818422420 3 1O71155275999999999999999999999 6 3 931832 7299999999999999
249252235206172142123121138170207239256254234202163127 98 83 8710914318020 3 2O7 039253122525899999999999999 6381201919 8299999999999999
212230233223203181160148148161183209230239235219193163132107 92 9210713320 3 3O7 142234131223999999999999999 7301462031 9099999999999999
164192213224225216201184171165168179196212223225218201175145117 96 86 9120 3 4O7 333226144622599999999999999 9121652210 8699999999999999
110140173204228240240227207186168159162175195214228232221196161123 90 6920 3 5O7 52724216472329999999999999911181592341 6499999999999999
 65 82117161206243265268251222188158139136153184217244257249219174122 7620 3 6O7 63826918 9257999999999999991237135999999999999999999999
 44 35 54 9915821726529329426822617913711010913718223026828727823918011620 3 7O7 731297191328799999999999999 051 34133210699999999999999
 58 17  6 34 94167237293321313274218159109 79 8612918924929531630125017920 3 8O7 81732320 731699999999999999 148  61420 7799999999999999
104 38 -7-13 28102186264321342320266198131 76 51 7213020327132234031425120 3 9O7 859342205634099999999999999 237-1615 4 5199999999999999
170 89 19-23-16 41126215294344350311244169 97 44 31 6914222229434335131220 310O7 938354214135499999999999999 322-271545 2999999999999999
240156 74  6-24  1 72162250321356341286211132 62 19 25 8016124431335334720 311O71013357222335699999999999999 4 4-241624 1599999999999999
296221139 62  7 -4 39117205284338350315248171 95 34  9 3510118426232234620 312O7104535123 334699999999999999 442 -717 1  999999999999999
326269197124 60 24 35 90167245307337325275205132 66 22 17 5812720527231620 313O71114338234232599999999999999 518 221736 1499999999999999
324294240177118 73 59 85143211272311317288233167104 53 28 39 8515021626820 314O71141319999999999999999999999 552 581812 2799999999999999
295291261216168125100102134185237277295284249198143 94 59 48 6710916221320 315O7 02329712 829599999999999999 626 971852 4899999999999999
249265259237205173147135143170206241262266250219179138102 78 74 8912116020 316O7 113266124126799999999999999 7 61351944 7399999999999999
196223237237227210191174167170184205224236236226207180150122102 94 9911820 317O7 233239133523799999999999999 81316621 7 9499999999999999
144173199219231234227214198185176177185197209217219212196171144119101 9520 318O7 44523415452209999999999999910291752258 9599999999999999
103123153186217241252249233210184164153157172194215229231219193159124 9520 319O7 6162531740232999999999999991215153999999999999999999999
 80 8310614418823026127426624020416713812513316019422725025523920416011520 320O7 7 7274184525699999999999999 020 7913 712599999999999999
 79 60 6810115120525228429027023118413910810112216321025127527624920214820 321O7 744291193127999999999999999 114 60134410099999999999999
 97 58 45 64111172231279302295259208153107 81 8912718223627829828624418720 322O7 81630420 829899999999999999 155 451417 8099999999999999
126 74 40 40 77137203262302311285234175118 76 65 9214721026630331028222720 323O7 844312204231299999999999999 230 361448 6599999999999999
163101 52 32 52105173240292317305260199136 83 54 6311017624229432030926420 324O7 910317211332199999999999999 3 1 321516 5299999999999999
201134 76 39 39 79144215276314317283225159 98 54 45 7713821027331532429420 325O7 935320214332599999999999999 330 341544 4399999999999999
237170107 58 40 63120190255303320299248183118 65 38 5210317324329732431220 326O7 957321221232599999999999999 357 401611 3799999999999999
267205141 87 55 59102167234287315308266205140 83 44 39 7413720826930931620 327O71019317224131899999999999999 423 521638 3699999999999999
287234174120 80 68 94149213268303308279224162104 59 40 5610617223628430620 328O71039310231030799999999999999 449 6817 4 4099999999999999
295256204152111 89 97137193247285299283240183127 81 52 51 8313819925128420 329O71059299234229199999999999999 515 881732 4799999999999999
290268227183143117112134176225264284279250203152106 73 59 7210916121225120 330O71120285999999999999999999999 54211018 3 5999999999999999
271267243210176149135141166202238262267252220179138102 79 75 9112516820920 331O7 020272114626899999999999999 6141351844 7499999999999999
238251248231208184166159165184209232245245231206174142113 94 8910012615920 4 1O7 115252122924799999999999999 7 31591948 8999999999999999
192219235240234221203187177176183196212224228223210188160132108 95 9511020 4 2O7 25624014 022899999999999999 8411752129 9399999999999999
137170202229247252244226204184169164170186206223233231215187151116 90 7820 4 3O7 45325216232349999999999999910571642311 7799999999999999
 84109150195236266278270245210175147133139163198231255263249213165116 7620 4 4O7 6 72781753263999999999999991215133999999999999999999999
 53 55 87140200254292306291252203154116 9710914820125028629828023417211020 4 5O7 659306185629899999999999999 026 5013 8 9799999999999999
 58 29 33 76143216278320329301247184124 79 63 8814421227431733030324417120 4 6O7 744330195033099999999999999 123 261354 6399999999999999
100 42 11 25 81161240306344341297229156 89 43 37 7815022929834435131324520 4 7O7 826348204035499999999999999 213 101438 3499999999999999
166 90 30  6 34103189270332358337277200122 54 14 24 8116524932036235831020 4 8O7 9 4358212636699999999999999 259  61520 1199999999999999
236156 81 27 18 61139224299349357317246165 86 23 -2 26 9718526933536634920 4 9O7 94036022 936699999999999999 341 151559 -299999999999999
294220145 77 38 47102181259322352339284207128 56  6  0 4412120728533935420 410O71012353225035499999999999999 420 351637 -499999999999999
326269202136 83 63 89150222287330338305243169 97 37  6 19 7314922729132820 411O71042340233033399999999999999 457 631713  599999999999999
328295243186134100 99135193252298320308265204138 79 37 25 5110617323728420 412O71110320999999999999999999999 531 951749 2499999999999999
305296265222179143127139174221264290294271228175123 79 54 55 8413218623420 413O7 011305113729599999999999999 6 61271827 5199999999999999
265276267243213183162157170197229255266260238203163125 96 82 8711014618520 414O7 1 027612 926799999999999999 6481561915 8199999999999999
21924225124823521619718417918519921723123623221819617014312210910912214520 415O7 21425113 323699999999999999 757179203010899999999999999
17320022323824424123021419818618018319120221221721620718916714512711711920 416O7 4 82441523218999999999999991013180222111699999999999999
13315718721624025425624422419917515915516318120322123122821218615712911020 417O7 5352571718232999999999999991149155234610599999999999999
10611914818622425527227125222018315012912714517621123925525223019415511920 418O7 6262741821256999999999999991236125999999999999999999999
 95 9111215119924427729027824520115511810010914218723226628026923518914120 419O7 7 129019 428099999999999999 039 90131110099999999999999
101 79 84118169224271299300272225171120 86 7910515521126129429927522817320 420O7 732303194130199999999999999 120 771342 7899999999999999
121 82 69 89137198255297313297253194134 85 61 7211617924229131630826821220 421O7 8 0313201531799999999999999 154 691413 6099999999999999
152100 69 71108168232286317316280222157 97 55 47 7813920927331732830425220 422O7 828321204932999999999999999 227 651443 4599999999999999
190130 84 66 87140205267311326304252185119 64 35 47 9716924130033332828820 423O7 855326212333599999999999999 258 661514 3499999999999999
230167112 76 77116178243296325319278215146 84 39 29 6212720227032033631420 424O7 921328215533699999999999999 329 721544 2899999999999999
265205146100 81102154217275314324297241174110 56 28 39 8916123329332732620 425O7 946325222833199999999999999 4 0 811614 2799999999999999
291238181132100100136194252296317306262201137 81 41 33 6312319425830432120 426O7101031823 032199999999999999 430 951644 3199999999999999
304263212164127112130174229275303304275224164108 64 41 51 9415622027230220 427O71033307233330799999999999999 4591121714 4099999999999999
304279238194157134134161206251283294280242191138 93 62 54 7612217923227220 428O71057294999999999999999999999 5301311747 5499999999999999
289283257222188161149158186223256275274253216172128 93 73 73 9713918723120 429O7 013290112927799999999999999 6 61491829 7099999999999999
261273266246220193174166174195222245256253236207172136107 89 8910714018020 430O7 1 8273121825799999999999999 6591661931 8799999999999999
218246261262250230207187175175186204223236240234216189157126104 9610412820 5 1O7 233263135424199999999999999 83117421 2 9699999999999999
163202237261271266247220193171159160175199223241248241218183145112 92 8920 5 2O7 41027116 02489999999999999910231582237 8899999999999999
108145192237272290287264227186151129126145180221255274274250207158113 8120 5 3O7 52229117292779999999999999911391242352 7199999999999999
 71 90135193249292314307273222168121 92 9012017122827630530727722516410920 5 4O7 6163151834310999999999999991234 87999999999999999999999
 69 57 81137205269316335318270205141 86 55 6110517224230033433329623416620 5 5O7 7 3335192933999999999999999 051 561322 5299999999999999
104 61 52 85151226292337348317255181110 52 25 4210118125932135634930323520 5 6O7 746349202135899999999999999 144 5014 8 2499999999999999
164101 59 58103176251314351349304231152 79 24  6 3710819427533836735129920 5 7O7 82735621 936799999999999999 232 531453  599999999999999
231161100 66 77131205277332356337280202123 52  5  1 4612521229134736634120 5 8O7 9 6356215536699999999999999 316 641535 -499999999999999
287221155102 82106165236298340347314248171 96 33  0 12 6814823130234635220 5 9O7 941350223835599999999999999 358 821615 -299999999999999
321268207150110105140199262311336326281215143 76 27 10 37 9817424730533520 510O71015337232033799999999999999 4371021654 1099999999999999
329295246194149125134173227277311319296247184122 68 36 36 7013019725729920 511O71046320999999999999999999999 5151241731 3199999999999999
314301268227185155145162199243278296291262216163113 75 58 6910515721225720 512O7 0 1314111729799999999999999 55214518 8 5899999999999999
284290275248215185166165182212243265272261234196155119 94 8710113217421520 513O7 046290115427299999999999999 6341631850 8799999999999999
24726626925823721319217917818920822824224523721819116213611911412414717820 514O7 142270124824699999999999999 735177194911499999999999999
20923525225825223821819918417718019120521922722721820117815613913113414920 515O7 3 0258143222899999999999999 914177211613099999999999999
17320122824925925824422319917816315916718420522223223121919717215013413120 516O7 4222601625234999999999999991049159224413199999999999999
14316719923225727126825022118815813713314617320523325125323821117814812720 517O7 5212721737254999999999999991145132234612299999999999999
12213716820824627428627624820716412810811013517622025627627425121517313720 518O7 6 32861826278999999999999991225106999999999999999999999
115114137179227268295298276234182133 96 82 9713819224428330028925620916120 519O7 63830019 730099999999999999 0331111259 8299999999999999
123104113149200252293311302264209150 99 66 64 9615221627230931729525019720 520O7 711312194631899999999999999 1121041333 6199999999999999
147110100122170227279313320294242179116 67 44 5810717524329932932629123920 521O7 743321202433299999999999999 150 9914 8 4499999999999999
182132102104141197256303327318276214146 85 42 33 6512720127032134132428020 522O7 81532821 234199999999999999 227 991444 3299999999999999
223167121102119166227282320330304249181114 58 26 34 8215322929433534131320 523O7 847330214034399999999999999 3 31021519 2499999999999999
263206153116110141196255302327320280217149 86 39 23 4810818225531133933220 524O7 919329221734199999999999999 3391081555 2399999999999999
294242189143118128169226277313323300249184120 65 31 32 7213821127532033320 525O7 949323225333399999999999999 4151171629 2699999999999999
313271221174139129151198250291313308273217155 98 54 35 5110016723428731820 526O71020315233132299999999999999 44912817 4 3599999999999999
318292250205166143145175220264294303286245191135 87 55 49 7512719024728920 527O71052303999999999999999999999 5261401742 4899999999999999
308301272234196165151160191230265285286265225176128 89 67 68 9714620125020 528O7 012309113228899999999999999 6 81511826 6499999999999999
284296287261227194169159168194226254270270251218177136102 83 8611115420220 529O7 1 3296122827299999999999999 7 21591923 8199999999999999
246277289282260229197171158162181209236255261251227192154120 99 9711515120 530O7 2 8289135326199999999999999 8171582037 9599999999999999
19724127329028726723519816614614215618421824726426524821617613811010011120 531O7 322291153426699999999999999 943141215910099999999999999
145191240278299299278239193152122112126160204246276287276243198152116 9820 6 1O7 43030217 12879999999999999910571122314 9799999999999999
105139191246290314313285237180129 92 79 9714119925429431330326621416111820 6 2O7 5293171810313999999999999991156 79999999999999999999999
 95102141199259305330324286226161102 61 49 7513120026531333532428222416720 6 3O7 620331191033699999999999999 018 941250 4999999999999999
120 95105150213275321341327279210138 76 35 28 6313020727833035133528922920 6 4O7 7 734120 535199999999999999 114 941340 2699999999999999
170121 99115165231291333346322264190117 54 16 17 6313721829034235933728820 6 5O7 753346205635999999999999999 2 7 991428 1199999999999999
228169123106130185249305340344309245169 97 38  7 19 7315023230234835733020 6 6O7 836347214435999999999999999 2551061515  599999999999999
279220164124118150206267315341333289222148 80 28  9 32 9317124831234734720 6 7O7 917342222835299999999999999 3401161558  899999999999999
313262207157128133172228281320334314264197128 68 28 23 5712219626531733920 6 8O7 95633423 933999999999999999 4221251638 2099999999999999
327290241191151135151194245290317318288235173112 64 39 48 9115422127831420 6 9O71032321234632399999999999999 5 11351715 3899999999999999
322302264219178150147170212256290304294259208153105 71 62 8212718424028220 610O711 6304999999999999999999999 5371451750 6199999999999999
304300276240202170155160186222257280284267233188144108 88 9111615820725020 611O7 022305114328599999999999999 6151541824 8699999999999999
27828827925522319217016117019222124726226124521518014612211111914317921820 612O7 1 0288122826499999999999999 7 016119 511199999999999999
25027027526424221519017116417018821023124424523321118515914013314015918920 613O7 147275133424699999999999999 8 216420 213399999999999999
22024726326725923921418816815816017319421623223923522019817515614714916420 614O7 24826815 824099999999999999 922157211914699999999999999
19021924626426926124121218215614114015417920823324825023821518916515114920 615O7 3562691638251999999999999991034139223814899999999999999
16218922125127227926824120516713511711713817221124526727125622919616614620 616O7 4532791742271999999999999991128114233914299999999999999
143160192230265287290272236190144107 90 9812917622526629029227123519515920 617O7 5402911833294999999999999991213 89999999999999999999999
138138161202246283303299270222167116 79 67 8513018824629031330727823418820 618O7 621304191831499999999999999 0301351254 6799999999999999
149130137170217265301315301260202141 88 54 51 8214020726831333031627722720 619O7 7 131620 233099999999999999 1151291335 4899999999999999
178140125141184237285317322296244179115 62 35 43 8815522829033134031627120 620O7 741324204534199999999999999 1591251417 3399999999999999
217167131125152202257303327322284223154 90 42 23 4510217625031034434230920 621O7 821329212834899999999999999 2421231459 2399999999999999
259204155126130167222276316332315266199130 69 27 21 5612219927132534933620 622O7 9 033222 834999999999999999 3241231540 1899999999999999
295242189145125141186243292324329300243175108 53 21 28 7614822429033534620 623O7 939331224834699999999999999 4 41251620 1999999999999999
322276223173137129156206260303325318279219152 91 44 25 4610217524730433620 624O71017326232634099999999999999 44412817 0 2599999999999999
334302255204160134137172223271306318301257197135 81 45 40 7113220126531120 625O71057318999999999999999999999 5241311739 3899999999999999
330318281234188151134146184232274301306283238182128 83 58 62 9915822127620 626O7 0 6330114130799999999999999 6 61341822 5599999999999999
311319301263219177146135151187230268290292269229180133 95 78 8712317723320 627O7 048320123329499999999999999 6551351911 7799999999999999
27930630928825220917014113214617921925527728126523219014811510010814018720 628O7 136311134128299999999999999 753132201010099999999999999
23727830130328324720416313312113116120023926727827124620917013711912314920 629O7 23330515 627999999999999999 9 3121212111899999999999999
19123827730130328424720115512010310913718122626328428626723319215613313120 630O7 3373051635288999999999999991015102223812999999999999999
151191238279305309289249196144102 80 8411516421826529630629025521117014120 7 1O7 4413101752306999999999999991122 78234913399999999999999
133151192241285312317294248189130 83 57 61 9715421727231132430927122317820 7 2O7 5413181858324999999999999991223 55999999999999999999999
144133152195247292321324297244179116 65 38 45 8715122128232533932128022820 7 3O7 637326195634099999999999999 0531331319 3699999999999999
179143132154201255301329328295237167102 50 25 37 8615623029433734832527920 7 4O7 730332204834999999999999999 1501311412 2499999999999999
225174138131159211266311335328288225154 88 39 18 39 9517024530834634931920 7 5O7 819336213535299999999999999 24212915 1 1899999999999999
269214163132133169224279320337322275208138 75 31 21 5211619126432134834020 7 6O7 9 4337221635099999999999999 3281281545 2099999999999999
302249195150128141184241291326333308254186119 64 31 35 7814621928532934220 7 7O7 945334225134299999999999999 4 91271624 2899999999999999
320276223174138129155204258302326321284226162103 59 42 6311518224930132920 7 8O71021327232233199999999999999 4451281658 4299999999999999
325292245196154132138174224272305316298255197140 92 64 6610015621827330920 7 9O71054316234931999999999999999 5171311727 6199999999999999
318299261215173143135153193239278300298270225173127 94 82 9914019324628620 710O71126302999999999999999999999 5481341755 8299999999999999
30529927223319215814014316820624427428527424420316112610710913417422126120 711O7 01630612 128599999999999999 622138182510599999999999999
28729227824821217815314315117620824026126625422719416213912913816219823420 712O7 045293124726799999999999999 7 214319 212999999999999999
26427927826123420217315214415217320122824625224422520017615815215917920720 713O7 124281135325299999999999999 758144195815199999999999999
23726027126925422919917014913914316118721523624824723621619417616716918420 714O7 220272152824999999999999999 912139211916699999999999999
20723325526826925623119816613912412614417320623625626325523621118817216920 715O7 3332701658263999999999999991025123224516899999999999999
18020323125727327626223319415512210310412716420624627428427625322219116920 716O7 44127718 3284999999999999991126101235316199999999999999
161173200234265286288270233185138 99 79 8411416121526329630729426322418620 717O7 5382901856307999999999999991219 78999999999999999999999
159152168202243279301300274227171117 75 56 6810816723028331832530526521920 718O7 628304194532699999999999999 04915113 8 5699999999999999
176147143166209257296316309274218154 95 52 37 5710917824830433733830826120 719O7 717317203134299999999999999 1391411357 3799999999999999
209163135137170221273312329315269204135 74 32 23 5511819526832535234330420 720O7 8 4329211535399999999999999 2261321444 2299999999999999
250194147124135179236290327338314259187116 55 17 18 6213621729034236033920 721O7 850338215736099999999999999 3121231529 1299999999999999
291233176131116139192253305338341306242168 97 39  9 24 8116124331235535920 722O7 934344223636299999999999999 3551151611  899999999999999
325271210155117113149208270318344335290222148 81 31 15 4511219327032935820 723O71017345231235999999999999999 4351101652 1499999999999999
346302244185134107117163225283325341321269201132 73 35 35 7714822629333820 724O71058341234735099999999999999 5151061730 2999999999999999
349324274216161119104126177237289323328300247184125 76 53 6711618525330820 725O71140330999999999999999999999 55510418 9 5399999999999999
336332297246191143110107135186241286311309280232179129 94 8310415321427020 726O7 022339122631499999999999999 6371041851 8299999999999999
31032531027322417413210811013918523427329429126722918614712011613818023020 727O7 1 0325132329699999999999999 725105194011599999999999999
27530330929225721216612810710913417421825527728026623820417215014516119320 728O7 145310144028199999999999999 825105204514499999999999999
23427029329728325221016612810410112015619823726527927625722919817416317020 729O7 245298161928099999999999999 93910022 916399999999999999
194227260284293283256215168127 97 8710013417922526328729328025221918816920 730O7 4 02931748294999999999999991056 87233516599999999999999
167185218253282296291265222171122 86 70 8011516622126930331430126922919120 731O7 51729718573149999999999999912 8 69999999999999999999999
164157174210251286306303275227169114 72 52 6310316322628232033131427522820 8 1O7 624308195333299999999999999 0471561310 5299999999999999
183151144166209257296318314281226162102 57 38 5410317124029933634231626920 8 2O7 722320204034499999999999999 14514314 4 3899999999999999
216167136134165216269310330321279217149 88 43 30 5711618926031734834230520 8 3O7 813331212035099999999999999 2331301451 3099999999999999
251195147122131173231285324338318266199131 72 35 34 7414221728533435032920 8 4O7 856338215535099999999999999 3151201531 2999999999999999
282224169127114139191251303335337303243174109 58 35 5210617825030934233920 8 5O7 934340222534699999999999999 35111416 6 3599999999999999
303249192142113117157215273318337323277213147 90 53 50 8614922028332633820 8 6O710 6337225033899999999999999 4231101635 4799999999999999
315268212160121109132182241292324327297243180123 80 63 8113019525830732920 8 7O71036330231233099999999999999 45110917 1 6399999999999999
319282230178134111118155208262302319305265210155110 84 8812217723628631520 8 8O711 4319233332099999999999999 5181101724 8299999999999999
31729024519615112111413517822827229930127723418514211210412316521626429720 8 9O71134304235530899999999999999 545113174910499999999999999
30829325821417113711912515319423727028527825121317614512913416019924127520 810O71210286999999999999999999999 616118181812899999999999999
29329026723319415913412513616419923425826725823620918216215516418721824920 811O7 021294125826799999999999999 657125185815599999999999999
27127827024821918715813713114016319222124225224923721920018517918420022120 812O7 058278141725299999999999999 75413120 317999999999999999
24325826425824221818916114013013315017620422924725425123922220619419019720 813O7 159264161325599999999999999 915129215119099999999999999
21223124725825924822619616413611811613015719122625427227426224221719618420 814O7 3362591740275999999999999991040115232718299999999999999
184198220244263271263239202161124 98 9210714118623227229529928225321818720 815O7 5 22711839300999999999999991149 91999999999999999999999
168167185216250278290281250204152105 74 66 8613118924729432132029525420920 816O7 6 6290192932499999999999999 0331651247 6599999999999999
170148150177220265298312299258200137 83 48 42 7213020126831934433529824620 817O7 7 2312201434599999999999999 1251451340 4099999999999999
193149126136177232284321333312259190120 61 24 25 6814022029234336134029120 818O7 753333205736199999999999999 2131261429 1999999999999999
230171125107130183248304342349317253176102 40  8 21 7816024531836436933320 819O7 842351213737299999999999999 2571071515  699999999999999
273207145101 94131197266324359356312239159 84 25  3 3210319127534237536320 820O7 927363221437799999999999999 339 911557  399999999999999
313246177117 81 90142214285340367351296220141 70 22 16 6214122830535937320 821O71010367224837499999999999999 419 791637 1299999999999999
342282213146 92 71 97159233300348362334273199127 67 35 4810518526432836120 822O71050362232036499999999999999 458 711714 3399999999999999
354310245178118 77 74113178249308343344307248183123 78 64 9315422629133620 823O71131348235034999999999999999 535 701750 6499999999999999
348324272210150100 75 8613119325530332631728123017813210410614019625530320 824O71214327999999999999999999999 613 74182710099999999999999
328323291240185134 97 8410114419824928630029126222518615413914717822226620 825O7 02133013 530199999999999999 656 84191113999999999999999
296307295264221175134105 9711214719123226227627325823320718417317819822820 826O7 058307142027799999999999999 751 97201317399999999999999
25827828427525221818014411810611413817220823926027026725323321219619119820 827O7 154284161627099999999999999 9 7106215619199999999999999
21623825726826825522919515912710710411914818622525828028727825622920318520 828O7 3312701755287999999999999991041103234218299999999999999
182195217243265275270248212169128 98 86 9712817422426829931029826823019320 829O7 51327618573109999999999999912 3 86999999999999999999999
166159173204241274293291266222170120 83 66 7911917623628832132830626521720 830O7 626295194332999999999999999 05115813 5 6699999999999999
172141137161204252292313309275222161105 64 51 7312519125731133933530024820 831O7 721315202234299999999999999 1391351353 5199999999999999
193145117124162217272313331317272209143 86 49 46 8214621828433234832828020 9 1O7 8 5331205634899999999999999 2201161434 4299999999999999
220162118102125177240295333341312255187121 67 41 5610817925231234634330520 9 2O7 843342212635099999999999999 2551021510 4199999999999999
248186131 97 99139202267318345337293227159 98 56 48 8314722128733434732320 9 3O7 917347215234899999999999999 327 931541 4699999999999999
271209149103 87110166233293335345318262195131 81 57 7212419426331634333220 9 4O7 947346221434499999999999999 356 8716 8 5799999999999999
289230169117 87 92134198263314340331288227164110 76 7511217324129733233420 9 5O71015341223433899999999999999 422 841632 7199999999999999
302248188133 95 85111165229286323330304253194141102 8910915922127831732920 9 6O71042332225232999999999999999 447 841655 8899999999999999
308262206152109 88 9813919625329731830827122117213211111715220525829831720 9 7O71111318231131799999999999999 512 87171811099999999999999
308273223172129100 9612016621826529429927924220116414013515419223827629920 9 8O71142300233230299999999999999 540 94174413499999999999999
30027723819315212110511314218422726127927625622619717316016518721925227620 9 9O71221280235828499999999999999 612105181616099999999999999
28427424921417914712511812815418822124725925724522620819318619120622824820 910O71321260999999999999999999999 65611819 618699999999999999
26126325323320818015513612813315117720422724325125024122921620620320821820 911O7 038264152225199999999999999 8 6128205420399999999999999
23124124624423521819416814512912513415418221223925926826525223421520019320 912O7 215246171626999999999999999 95012523 919399999999999999
19720922624225225223921418014611810410712816420724828029529227124120818120 913O7 4322541819296999999999999991121103999999999999999999999
167170190221251273280266232186138 98 75 7710615621426830732431328023519020 914O7 55028019 732499999999999999 0191661227 7399999999999999
153137147181227272302311291244183123 74 46 52 9415923129433634832527621820 915O7 649311195034899999999999999 1 91361321 4499999999999999
163121108130182243297333339308247175105 50 23 39 9617525632236236232326020 916O7 741341203036799999999999999 15310714 9 2299999999999999
192131 89 85124191263323359358314242162 87 31 11 4211420228535037936230720 917O7 82936421 937999999999999999 236 811454 1199999999999999
234160 97 61 72129207285346378365309230147 73 22 17 6414723731637038234620 918O7 914379214538399999999999999 317 591536 1299999999999999
278200125 66 44 73143227305362383357292213134 66 29 4210318927334137736720 919O7 957383221837999999999999999 357 441616 2799999999999999
314240163 93 45 41 87164248320366373335269195126 71 53 8415223230435336720 920O71038376224836799999999999999 435 361653 5399999999999999
336274200129 70 39 54110187263324355348305245183127 91 9213420026732134820 921O71119357231734999999999999999 512 381729 8799999999999999
339296233166106 62 50 7713620526931433131627722818014212413818023528531820 922O712 1331234532699999999999999 549 4918 512499999999999999
325303258202147100 72 7310315521226029230028625822419116716117821125028220 923O71251301999999999999999999999 629 68184616199999999999999
298293269231188146112 94 9812216120424026427326825323321219619220021924220 924O7 01829814 727399999999999999 720 93195119199999999999999
26026826424922419316113411711512815418521524125826626425223521820620120620 925O7 110268161426799999999999999 839114215920199999999999999
21723124224824623421218515613211912013516219623026027928327325222520018220 926O7 3172481748284999999999999991027117234817899999999999999
17818720723025026025623720616913410910211514619023627530030428725421417720 927O7 5162611841305999999999999991153101999999999999999999999
152147164197234266284282257215168123 91 8210214420025529932131628623918920 928O7 623286191932399999999999999 0431461250 8299999999999999
145120124156204253291310300264211154104 72 7110315922328132233531426821120 929O7 711310195233599999999999999 1221181333 6799999999999999
155112 97117165225279317328305255193133 84 60 7412218825531034033529623720 930O7 749329202234299999999999999 156 9714 9 6099999999999999
175119 85 87126189254308338334295235169109 68 61 931552252893333453192642010 1O7 824341204934599999999999999 228 811442 5999999999999999
199136 88 70 93149220285331347326273207142 90 64 771271972653183453342882010 2O7 856348211334699999999999999 257 701511 6399999999999999
224158100 66 70113182253312346343304243177119 80 751091712413003373413072010 3O7 926349213634499999999999999 325 621538 7299999999999999
248181119 73 59 85144217283331346324273211152105 841011522182793233393192010 4O7 955346215733999999999999999 352 5816 4 8499999999999999
268203140 89 60 681131802493053363322952411841351041051401982583063303222010 5O71024339221733199999999999999 419 58162910099999999999999
283224162109 72 63 911472132733143263062632121651311191381832382853143172010 6O71053326223631999999999999999 445 62165411999999999999999
290241184131 91 72 821221792372833083042762351941611421461752202642943042010 7O71123310225530499999999999999 511 71172114099999999999999
290253204155115 90 851071502012472792902792522201901691631762052412702852010 8O71159290231828699999999999999 541 84175116399999999999999
2812582221821441161011041281662062412632692602412202001881861982192422582010 9O71251269235426499999999999999 619100183618599999999999999
264256236208178150128117119137164196224244254254247234219207202204213225201010O71430255999999999999999999999 719116201320199999999999999
236241239230215193169146129122129147174204232253265266256238219202191189201011O7 116241163426799999999999999 9 1122224018999999999999999
197211226239244238220192160131112107121150190231266288292278250216185162201012O7 4 12441743293999999999999991046107235315599999999999999
155167193225254272272251212166122 91 79 94133188244290317318292249199155201013O7 5302741832321999999999999991158 79999999999999999999999
125119142187237281307307277224163107 67 53 76130200267319345336294234172201014O7 631310191534699999999999999 0421181254 5399999999999999
118 86 89129192257311341336294228156 91 47 37 72142222295347364340281208201015O7 723343195536599999999999999 126 831343 3699999999999999
137 80 52 69127205280339368354299224146 79 36 37 86167251323368371328256201016O7 811368203437599999999999999 2 9 511429 3099999999999999
175101 45 28 62136223302361383357294215137 72 38 53116201283346377361302201017O7 858383211137899999999999999 251 271513 3699999999999999
222140 68 20 18 69152242320373383347279203130 73 54 85156237310360371336201018O7 943385214537399999999999999 332 121554 5499999999999999
267185107 42  8 25 88174260331371368325260191128 86 84127198270328358349201019O71026376221736099999999999999 412  71633 7999999999999999
300227151 81 30 14 46115197273331356342298240183134109123171234291330340201020O711 8356224734199999999999999 450 14171010999999999999999
315260192126 69 35 36 77142214276318329310272226182149140162206255295315201021O71151330231731699999999999999 528 31174814099999999999999
309276225168115 75 56 68108164221267295299283254220190171171191223257280201022O71241300235128799999999999999 6 8 56183116899999999999999
287274245205162123 95 86 99131173215249269274266248226206192191201220239201023O71351274999999999999999999999 656 86193819099999999999999
253255247228202172144123114120139168200228250262263255239221204194192199201024O7 045256153826499999999999999 8 7114214119299999999999999
211223232235229215194169146130126134155184215244265274269252227201179167201025O7 25523517 827499999999999999 952125232316699999999999999
168182202224240246238218189158132118121142176215253280290281255219181150201026O7 45624618 2290999999999999991121117999999999999999999999
134140164198233260271262234196155121103108137181230273300304283244195149201027O7 6 3271184030699999999999999 014134121810299999999999999
115105123163212256287294276237189141105 90105147201256298318308271218161201028O7 648295191131899999999999999 05110513 0 9099999999999999
112 84 88123179237285312310278227171122 89 86116170231285320325297245182201029O7 726315194032799999999999999 124 821336 8399999999999999
123 78 63 86139205268313330312267208150103 81 94140203265312333319273209201030O7 8 033020 733399999999999999 155 6314 9 8199999999999999
143 86 53 57 99166237297334336303247185129 91 85116175240296330332298238201031O7 833339203333699999999999999 225 501440 8399999999999999
169104 56 40 65124198269322344329283223162113 891021492132743193363172662011 1O7 9 6344205933699999999999999 255 401510 8999999999999999
198130 72 38 42 861562312963363413112571981441061001311872493003293262882011 2O7 938344212433299999999999999 325 341540 9899999999999999
226158 96 50 34 581171902603143383262852301761321101221662252783153243012011 3O71010338214932599999999999999 355 34161011099999999999999
249185123 71 41 45 871522222823203263012562061611311261532022552953133042011 4O71042328221231499999999999999 424 38163912499999999999999
266209150 97 60 47 691201842452913133052742311901571411501852312712962982011 5O71114313223530099999999999999 453 4717 914099999999999999
274230176126 86 63 66 971492062552872962812512161841621581752082442722832011 6O7115129623 328399999999999999 525 60174315799999999999999
273245203158118 89 77 881201672142522742782642402121891751751902152402582011 7O71240279234526299999999999999 6 3 77183117399999999999999
262250225192157125102 941041311692082402602662592422212001861811882032212011 8O71355266999999999999999999999 658 94195318199999999999999
2362422382232011721431201071091271571932272532672682562352101881731691772011 9O7 1 7242153427099999999999999 822106215016999999999999999
194214232241240225199166134111102111139178221258281288275247211175148135201110O7 32324216512889999999999999910 1102231013599999999999999
142166201235259269258227185141106 87 92122172226273304311291250199150112201111O7 4592691746312999999999999991119 86999999999999999999999
 96108146198249286303291252197142 96 71 77116177242296328329297240175116201112O7 6 6303183333399999999999999 0 6 961221 6999999999999999
 73 58 82137205269315334316267203139 87 61 72122193264319347338291220145201113O7 7 2334191634999999999999999 054 581314 5999999999999999
 80 36 29 67138218290340357331274203136 82 59 80140217288339358334273193201114O7 754357195835899999999999999 140 2714 3 5999999999999999
114 48  8 12 65146233308358368334272200133 82 68100167243309351357318247201115O7 843370203836099999999999999 225  41450 6799999999999999
164 85 22 -9  9 74161249322365366326263194131 88 85127196267324353344293201116O7 931372211735599999999999999 3 9 -91534 8199999999999999
216135 61  6-11 21 92180263329362353309249186131100111159225286330344319201117O71017364215334499999999999999 352-121616 9999999999999999
261186111 46  4  2 45118200275328348330286231177134118139188246295324323201118O711 1348222832799999999999999 433 -3165611899999999999999
288228160 95 42 16 28 77146218279317325302262215172143139166210257292305201119O7114432623 330599999999999999 513 15173613799999999999999
293255200142 90 53 42 62110170229274299298276242205173155159184219253275201120O71228302234127999999999999999 552 41182015499999999999999
278262227183137 99 76 74 96136185229262278275257230202179167171188213236201121O71320279999999999999999999999 635 71191616799999999999999
250250237211179146118103103121152189223248261261249229205185172169178194201122O7 033252142926399999999999999 729101204216999999999999999
212225230225210188163141127123133155184214239255259251233209184164154156201123O7 2 2230155026099999999999999 846123221915399999999999999
170189209223229223206183160140130133151179211240260267258235204171144128201124O7 4 02291656267999999999999991016129232412799999999999999
130148177207232245243225198167141125127147180218252274278262230188147114201125O7 5212461743279999999999999991126124999999999999999999999
100108138179220253268263238202164132116121149191235271290286258213161114201126O7 615269182029299999999999999 0 8 99121611599999999999999
 82 75 97141195244279290276241196152119107122161211259292302285242186128201127O7 657290185330399999999999999 045 74125710799999999999999
 80 55 61 99157219272303306280234183137108105133182237283309306273217152201128O7 735308192531199999999999999 119 53133510299999999999999
 93 50 36 59113182248298321311274221167123101112153209264303317299250185201129O7 812322195731799999999999999 153 36141110199999999999999
118 61 27 29 70136209275318330307260204151112102128178237287316315281221201130O7 849330202932099999999999999 227 23144710299999999999999
152 86 36 15 35 901632372973303282932411851361081121502072623033193022542012 1O7 92633421 131999999999999999 3 2 15152210599999999999999
188119 60 20 16 521171932633133323162732201671261111301772332813103112792012 2O710 1332213231599999999999999 337 12155711199999999999999
221154 91 40 15 28 781492212823193232952491981531231221542042552923072922012 3O7103732622 230799999999999999 411 15163111999999999999999
249188125 70 32 23 511091792442933153062712261801441281401772252672922932012 4O71112315223329699999999999999 445 2217 612899999999999999
267218160104 60 35 41 791392032582933032852492071701431371571942362682812012 5O7115030323 828299999999999999 520 33174513799999999999999
273242194142 95 62 48 631041612172612872882672341971661471461661992332572012 6O71233290235626599999999999999 6 0 48183214499999999999999
265254225183139100 74 66 831221722202582782772582281951661481471621892182012 7O71328280999999999999999999999 649 66193614599999999999999
241250244221188150115 91 83 961281722172532732752592311971651431351441672012 8O7 1 6250143627699999999999999 753 83205813599999999999999
197224242245233207172136108 941001261672132522762822682381971571261101142012 9O7 243246154828399999999999999 913 94221810999999999999999
138175213244259256234197156120 98 97120162213257287295280242192141100 78201210O7 4212601652296999999999999991034 952324 7699999999999999
 81111159210254280284262220172128 99 93115162219269301309288240179119 70201211O7 5382851747310999999999999991144 92999999999999999999999
 44 50 89150214268303310285238183133 98 90116169230283316320290231161 94201212O7 642311183832299999999999999 020 421245 8999999999999999
 41 15 27 76148222284323329300248189135 98 91123181245297327324285217141201213O7 740332192633099999999999999 113 141340 8999999999999999
 71 17 -6 14 73152232298338341307251190134 98 97134196259309333322273200201214O7 834344201333499999999999999 2 4 -61432 9299999999999999
122 51 -1-18 12 79163244310346342303246185131 99106150213273317333312256201215O7 924349205833399999999999999 253-181521 9799999999999999
180103 35-11-17 22 95179258319346334290233174125103119168229284319325294201216O71011347214032799999999999999 339-2016 510299999999999999
233159 86 25-10 -4 44119200272322337315269213159120110136187244290315309201217O71053337222031699999999999999 422-13164710999999999999999
269207137 72 23  3 22 77150223282317318289242191146119121154204253288301201218O71132322225730199999999999999 5 2  2172511699999999999999
284240181119 66 32 28 58114180241285303293260216172138124136170214253277201219O712 7304233428199999999999999 538 2518 312499999999999999
278255212159110 71 53 61 96149204250279284266233195160137131147179214243201220O71242285999999999999999999999 613 52184413199999999999999
257252228191149112 87 81 96130174217250267264245216183156139137151176204201221O7 015258132226899999999999999 649 80193613699999999999999
226235230211183152125110109123152187220244255250233207179154138135144164201222O7 1 9236141225599999999999999 734107204713499999999999999
187208219219208188165144131129140161190218238248245230205177150130122128201223O7 230220151724999999999999999 84112822 512299999999999999
146171196214222218204183162145138144162188216238250249233204170137112101201224O7 41122216242529999999999999910 613823 910099999999999999
107129162195222237237223199172150137140159188220246260256235199156116 87201225O7 52923917192619999999999999911201362359 7699999999999999
 76 88120163206241259258238207173145130135158194231260272263232186135 90201226O7 62626118 5272999999999999991217129999999999999999999999
 60 54 76120174226264282274246207166134121132164207248276283264222167109201227O7 712282184728499999999999999 042 5313 412199999999999999
 62 35 39 73129192249288300283246200155123114134175224266291289259206143201228O7 755300192729499999999999999 124 33134811499999999999999
 82 36 16 32 79146215272307310284239187141112112143192243283301289247185201229O7 83631320 730199999999999999 2 5 16143010899999999999999
118 57 15  5 34 94167238294320313276225171126104116157211262297306281228201230O7 916322204730699999999999999 246  4151010499999999999999
160 91 34  0  3 46116193262310325305260206153114103127176232279305302265201231O7 955325212530899999999999999 325 -4154910299999999999999
