125123113 94 70 46 29 24 32 49 69 85 94 99100 95 84 70 58 52 56 68 8610220 1 1OH 013126134010099999999999999 654 2419 8 5299999999999999
113116113102 85 64 46 36 36 45 61 77 88 94 97 96 91 81 69 60 56 59 70 8320 1 2OH 1 01161419 9799999999999999 730 3520 3 5699999999999999
 95103106103 94 79 63 50 45 47 57 69 81 90 95 97 96 91 82 71 62 57 58 6520 1 3OH 2 21061514 9899999999999999 812 452119 5699999999999999
 75 86 94 98 97 90 79 66 57 53 56 63 73 83 91 97100100 94 85 73 61 53 5120 1 4OH 318 98162310199999999999999 9 7 532247 5199999999999999
 56 65 76 86 93 94 90 82 72 64 60 60 65 74 84 94102106106 99 87 72 56 4520 1 5OH 444 941728107999999999999991024 59999999999999999999999
 41 45 56 70 82 91 95 93 87 77 68 62 60 64 74 87 99109114113104 87 67 4720 1 6OH 612 95182311599999999999999 0 0 411150 6099999999999999
 33 28 34 49 66 82 92 98 98 91 80 68 59 56 61 75 92108118123120107 84 5820 1 7OH 729 99191012399999999999999 057 281257 5699999999999999
 34 19 15 26 46 67 84 96104104 94 80 65 54 51 59 79101118128132125106 7720 1 8OH 829105195513299999999999999 145 151348 5199999999999999
 46 20  4  4 21 46 69 87101110108 95 76 59 46 46 60 8611112813713812710120 1 9OH 920110204013999999999999999 230  21434 4499999999999999
 67 32  5 -8 -3 20 49 73 92107115109 91 69 50 39 43 65 9512113714414312620 110OH10 7115212414599999999999999 314 -91517 3899999999999999
 94 55 19 -7-17 -5 24 55 79 98113118107 84 60 41 33 44 7210613014314814420 111OH1050118221014999999999999999 357-171558 3399999999999999
122 84 43  7-17-20 -1 32 63 85103117117101 75 50 33 30 48 8111413514514920 112OH1132119225514999999999999999 440-221639 2999999999999999
140113 73 32 -1-20-16  9 43 72 92108118113 92 65 41 28 31 55 8911913514420 113OH1212118234114699999999999999 522-221721 2799999999999999
146133103 63 24 -4-16 -5 24 56 81 98111116105 81 56 35 27 35 62 9411813120 114OH1251116999999999999999999999 6 3-1618 3 2799999999999999
138137122 91 55 22  0 -5 11 41 69 89103112111 96 73 50 33 29 41 66 9311220 115OH 027139132811399999999999999 644 -61848 2999999999999999
123128125109 82 51 25 10 12 30 57 80 95105110105 90 68 48 35 33 45 66 8720 116OH 11512814 511099999999999999 725  91940 3299999999999999
102111115112 98 76 52 34 25 30 48 70 88100106108102 87 68 50 38 36 45 6120 117OH 2 9115144610899999999999999 8 9 252043 3699999999999999
 77 89 98102100 91 75 58 46 41 46 60 77 92102107108102 89 72 54 41 36 4020 118OH 317102153710899999999999999 859 4122 3 3699999999999999
 51 64 76 85 90 92 88 79 68 58 53 56 66 80 94104109110106 94 77 58 42 3320 119OH 452 9216461109999999999999910 6 532334 3199999999999999
 32 40 52 65 75 83 89 91 86 77 67 60 60 66 80 94106113116113101 81 59 3920 120OH 645 9118 1116999999999999991136 59999999999999999999999
 26 22 28 42 57 70 81 92 97 93 83 71 60 57 63 78 96111119123120106 83 5620 121OH 8 7 9719 712399999999999999 052 221256 5799999999999999
 33 17 12 20 37 55 70 84 97103 98 85 68 55 50 58 78101117126130125107 8020 122OH 9 410320 213099999999999999 152 121355 5099999999999999
 49 23  7  4 16 37 57 74 90104109 99 80 60 45 42 56 8210712413213512710420 123OH 949109204913599999999999999 241  31443 4299999999999999
 72 39 13 -2  0 18 43 64 81 98111110 94 71 49 36 38 59 8911513013713712320 124OH1028112213113899999999999999 324 -31524 3499999999999999
 95 59 26  3 -7  2 26 53 73 90106114106 84 59 38 29 39 66 9912213413913420 125OH11 311422 613999999999999999 4 1 -716 1 2999999999999999
114 81 44 14 -5 -6 12 40 65 83 98111111 96 70 46 29 28 46 7810912813613720 126OH1134113223713899999999999999 435 -81635 2699999999999999
126100 64 30  5 -6  2 27 56 78 93105111103 82 56 35 25 32 58 9011613013520 127OH12 011123 513599999999999999 5 5 -617 7 2599999999999999
130113 82 47 18  1  0 18 46 72 89101108106 91 67 44 28 27 42 7110012012920 128OH1221108233313099999999999999 532 -21737 2699999999999999
129119 96 64 34 12  5 14 37 65 86 98105105 96 77 54 36 28 34 54 8110511920 129OH1236106999999999999999999999 558  518 7 2899999999999999
123119105 79 51 27 14 16 32 57 81 95103105 99 85 66 47 34 32 43 64 8710420 130OH 0 4123124810599999999999999 623 131841 3199999999999999
113114107 90 66 43 27 23 32 52 74 91101103101 92 77 59 44 36 38 50 69 8720 131OH 04011513 310399999999999999 650 231920 3599999999999999
 99104103 95 79 60 43 35 37 49 67 85 96101101 97 87 73 58 46 40 43 53 6820 2 1OH 121105132810299999999999999 719 342011 4099999999999999
 81 90 94 93 85 73 59 49 46 51 62 77 90 97100 99 94 86 73 60 49 43 44 5120 2 2OH 215 94141310099999999999999 753 462122 4399999999999999
 62 72 80 85 85 81 73 64 58 57 61 70 80 89 95 98 99 97 89 77 63 51 42 4020 2 3OH 336 851546 9999999999999999 840 572255 4099999999999999
 43 52 63 72 78 82 82 78 72 67 65 66 70 77 86 94100103103 96 83 66 50 3720 2 4OH 528 821724104999999999999991013 65999999999999999999999
 31 32 41 54 66 76 83 87 85 80 73 67 64 65 72 83 96106111112104 88 66 4520 2 5OH 710 87183211299999999999999 018 301221 6399999999999999
 27 18 19 31 48 64 78 88 94 93 86 75 63 56 56 66 83101114122121111 91 6320 2 6OH 823 94193012399999999999999 122 171330 5499999999999999
 35 13  3  7 24 46 67 83 96103100 87 70 54 44 46 63 87110125132131118 9020 2 7OH 915103202613399999999999999 215  21421 4399999999999999
 56 23 -2-11 -2 22 50 72 90105111103 83 60 41 31 39 63 9511913414113912020 2 8OH 959111212114299999999999999 3 2-1115 7 3199999999999999
 85 45  9-16-22 -5 27 57 80 99114117101 74 47 26 20 35 6810312714114814320 2 9OH1039118221314899999999999999 346-221549 2099999999999999
118 76 32 -4-26-24  1 38 68 90109122117 93 61 32 14 14 37 7611013114415120 210OH111712223 115199999999999999 428-281631 1199999999999999
141109 64 21-12-28-17 16 53 81101118124111 80 46 19  6 13 44 8311313114420 211OH1152125234614899999999999999 5 7-281712  599999999999999
147132 96 52 13-14-20  0 36 70 93110123121 99 66 34 11  4 18 52 8711212720 212OH1226124999999999999999999999 545-211753  499999999999999
137137117 81 43 11 -6 -3 23 58 86104116122112 86 54 27 10  8 27 59 8710620 213OH 029139125612299999999999999 622 -81835  799999999999999
118125121100 69 39 17  9 21 48 78 99111117116101 76 48 26 14 17 36 61 8320 214OH 112126132311899999999999999 656  91920 1399999999999999
 97105109103 85 63 43 30 30 44 68 91105112114108 93 71 49 31 23 27 41 6020 215OH 157109134711499999999999999 731 282012 2399999999999999
 74 84 90 93 88 77 63 52 46 50 63 80 96105109108102 90 72 54 40 32 33 4220 216OH 253 93142011099999999999999 8 8 462122 3299999999999999
 53 63 71 76 80 80 76 70 64 61 64 72 83 94101105105101 92 79 63 49 39 3520 217OH 433 81153310599999999999999 9 2 6123 6 3599999999999999
 37 44 52 60 67 74 79 81 80 75 71 69 71 78 87 96103106105 99 88 71 55 4020 218OH 659 8117221069999999999999911 3 69999999999999999999999
 31 29 34 43 54 64 75 85 90 89 82 73 65 63 68 80 94104111112108 95 76 5520 219OH 820 91184911299999999999999 046 291250 6399999999999999
 36 23 20 26 39 54 68 81 94 99 95 82 67 55 51 59 77 96110118120115 99 7420 220OH 9 4 99195512099999999999999 150 191351 5199999999999999
 48 26 13 11 23 42 60 75 91104106 94 74 54 41 39 54 79103117125127118 9620 221OH 939107204612799999999999999 235 101435 3899999999999999
 66 37 14  3  8 27 51 70 86102111106 86 61 39 28 33 57 8811112413113011520 222OH1011112212813299999999999999 313  31513 2799999999999999
 86 52 23  3 -2 12 38 63 81 97111114 98 72 45 25 20 35 66 9811912913412820 223OH104011522 313499999999999999 345 -21547 1999999999999999
105 70 36  9 -4  1 25 54 77 93107116108 84 54 29 15 20 45 8010812513313320 224OH11 6116223413499999999999999 414 -41618 1499999999999999
118 88 51 20  0 -3 14 44 72 91104114113 95 66 38 17 12 27 59 9311612813220 225OH112711623 113299999999999999 441 -41647 1299999999999999
126103 68 34  9 -1  7 33 65 89103113115103 78 48 24 12 16 40 7410211912720 226OH1144115232912899999999999999 5 5 -11716 1199999999999999
127112 84 50 22  6  7 26 57 85102112115108 88 60 34 17 13 27 55 8510711920 227OH1156115235712399999999999999 529  41745 1299999999999999
123116 95 66 38 18 12 24 49 79100111115111 96 73 47 26 16 20 40 67 9210720 228OH12 5115999999999999999999999 552 121815 1599999999999999
114113102 79 54 33 23 26 45 71 95109114112102 84 61 39 25 21 30 51 75 9320 229OH 026115121211499999999999999 616 221849 2199999999999999
103106101 87 68 49 36 34 45 65 88104112111105 92 75 55 38 29 29 40 58 7620 3 1OH 057106122511299999999999999 641 341929 2799999999999999
 88 94 95 89 77 63 51 46 49 62 79 96106109105 98 87 72 56 42 35 36 45 5820 3 2OH 134 95125110999999999999999 7 7 452023 3599999999999999
 71 80 84 84 81 74 65 59 58 63 73 85 96102103100 95 87 75 61 49 41 39 4320 3 3OH 235 84134010399999999999999 740 572149 3999999999999999
 52 61 69 74 77 78 76 72 69 69 71 76 83 90 95 98100 99 94 83 69 55 43 3620 3 4OH 450 78161410099999999999999 835 692339 3499999999999999
 35 40 49 59 68 76 81 83 82 79 75 71 70 73 80 89 98105108104 94 78 58 4020 3 5OH 7 1 831758108999999999999991151 70999999999999999999999
 26 22 26 39 54 68 80 89 93 92 84 73 63 57 59 71 88104115119117105 83 5620 3 6OH 816 93191111999999999999999 059 221315 5799999999999999
 31 12  6 14 33 55 74 88 99104 99 83 64 48 40 46 65 91113125131129113 8420 3 7OH 9 1104201913299999999999999 157  614 7 4099999999999999
 49 18 -3 -8  7 34 62 83 99112114100 75 49 29 23 36 65 9812113514213911620 3 8OH 939115211814399999999999999 245 -81453 2399999999999999
 78 37  4-16-15  9 44 73 94112124119 94 60 31 11 10 32 7010512714215014320 3 9OH1016124221015199999999999999 328-191535  799999999999999
112 68 25 -8-23-13 21 59 87107124131115 81 43 13 -3  3 35 7710913014515320 310OH1051131225615399999999999999 4 8-231616 -499999999999999
139101 55 15-13-20  1 41 78102120134131104 64 27  0-11  4 42 8211012914420 311OH1124135234014899999999999999 446-211657-1199999999999999
147126 86 44 10-10 -6 25 65 96115129136122 88 49 15 -7 -9 13 51 8510812420 312OH1154136999999999999999999999 522-111737-1199999999999999
137133108 72 38 13  3 18 52 87110124133130108 73 38 10 -5  0 26 59 8510220 313OH 021138122113399999999999999 556  31817 -699999999999999
116122114 91 62 38 23 24 44 76103119127128118 93 62 34 13  5 15 38 63 8120 314OH 1 2122124112999999999999999 627 211858  599999999999999
 94103105 96 78 59 44 39 47 68 93111120123118105 83 59 37 23 20 29 46 6320 315OH 144105125412399999999999999 657 391945 1999999999999999
 75 83 88 89 83 73 63 56 57 66 82 99110115114108 97 81 62 47 36 34 39 4920 316OH 238 89131811599999999999999 727 552047 3499999999999999
 59 66 71 76 78 78 75 72 70 71 77 86 95102105105102 95 85 71 59 49 43 4320 317OH 426 79142910699999999999999 8 8 702235 4299999999999999
 46 51 57 63 69 76 81 83 82 80 78 77 79 85 91 97101103100 93 82 69 56 4620 318OH 716 831651103999999999999991045 77999999999999999999999
 40 39 43 51 60 70 80 89 93 91 84 75 68 66 72 82 94103108108103 91 74 5620 319OH 812 93183310899999999999999 037 391244 6699999999999999
 41 32 31 38 50 64 77 90100102 94 79 64 53 52 61 79 97109115117110 94 7120 320OH 844102194511799999999999999 138 301339 5199999999999999
 49 31 22 25 38 57 73 87101109105 89 67 48 37 40 59 84104116123123112 8920 321OH 914110203512499999999999999 218 211419 3699999999999999
 61 37 20 15 25 47 69 85100112115101 76 50 31 25 36 64 9311212312912610720 322OH 941116211512999999999999999 250 141453 2599999999999999
 77 47 23 10 14 34 61 83 98112120112 89 59 33 17 19 41 7510311912913212120 323OH10 6120214913299999999999999 319  91525 1599999999999999
 94 61 32 12  7 22 51 78 97111121120102 71 40 17  9 22 53 8711112513212920 324OH1029123222013399999999999999 346  71555  999999999999999
109 77 44 19  7 14 39 71 96111121125112 84 51 23  7  9 33 68 9811712813120 325OH1048125224913299999999999999 411  71624  599999999999999
120 93 59 30 13 11 30 62 92110121127120 97 64 33 11  4 17 48 8210612012820 326OH11 4127231812999999999999999 435  91653  499999999999999
125105 75 44 23 14 25 52 85109121127125108 78 46 20  6  9 31 63 9211012120 327OH1118128234712499999999999999 459 141722  599999999999999
124113 89 60 36 23 25 45 76104120127126115 91 61 33 14  8 20 46 76 9711020 328OH1128127999999999999999999999 524 221752  899999999999999
117114 98 74 51 36 32 43 68 97117125126119101 76 49 28 15 17 33 59 83 9820 329OH 016117113412699999999999999 548 311825 1499999999999999
106108101 85 65 50 42 46 63 87109122124119108 89 66 45 29 22 28 45 66 8420 330OH 044108114712499999999999999 612 4219 3 2299999999999999
 94 98 97 89 77 63 55 53 62 79 98113119118111 99 83 65 47 35 32 38 51 6720 331OH 117 98121312099999999999999 638 531953 3199999999999999
 79 86 88 87 83 75 68 64 66 74 87100109112110105 96 85 70 55 44 39 42 5020 4 1OH 211 88125911299999999999999 710 642110 3999999999999999
 60 70 76 80 82 82 80 76 74 75 79 85 93100104105105101 92 80 65 51 42 3820 4 2OH 429 83151510599999999999999 8 9 7423 2 3899999999999999
 42 50 59 69 77 84 88 89 86 82 77 74 75 80 88 98106111111104 92 74 55 3820 4 3OH 639 891730111999999999999991124 74999999999999999999999
 29 29 38 52 68 81 91 98100 95 83 70 60 57 63 78 96111120123118103 79 5220 4 4OH 746100185412399999999999999 031 281252 5799999999999999
 29 16 16 30 52 74 90103111111 98 77 56 41 37 49 73100119130135130110 7820 4 5OH 82911220 813599999999999999 131 141346 3799999999999999
 44 18  4  7 29 60 85103116124117 94 63 37 20 19 40 7410512513814513811020 4 6OH 9 712421 814599999999999999 219  31432 1799999999999999
 71 34  7 -5  7 39 74 99116131134117 82 46 17  1  7 38 7810912814315113920 4 7OH 943135215915199999999999999 3 2 -51516  099999999999999
104 62 25  0 -5 17 57 92114130142137108 66 28  0-11  4 42 8211012914615120 4 8OH1018143224515299999999999999 342 -61558-1199999999999999
131 93 52 19  0  5 37 79109128142148131 94 50 13-11-15  9 49 8510812814420 4 9OH1051148232814699999999999999 420 -11639-1699999999999999
143118 80 45 19  9 25 62100124138147144118 77 36  5-13 -8 20 57 8610612420 410OH1121148999999999999999999999 456  91719-1599999999999999
135128102 70 43 25 26 49 86116133142145132102 63 29  4 -6  5 34 64 8610220 411OH 010135114614599999999999999 529 231759 -699999999999999
116121110 88 64 46 38 47 73104125136140135117 87 55 28 11  8 22 47 69 8420 412OH 05112112 314099999999999999 6 1 381839  799999999999999
 96104105 95 80 64 54 54 67 90113127132131122104 79 55 35 24 25 38 55 7020 413OH 135106121813299999999999999 632 521923 2399999999999999
 80 88 92 92 87 78 69 65 69 81 98113121122119110 96 78 60 46 39 41 49 5920 414OH 231 93124912399999999999999 7 4 652020 3999999999999999
 68 74 79 84 86 85 82 78 77 79 86 96104110111110105 96 83 70 59 52 50 5220 415OH 412 8614 011199999999999999 753 772154 5099999999999999
 58 63 69 75 81 87 90 89 87 84 81 82 86 92 98104106105100 91 80 68 58 5220 416OH 624 901616106999999999999991020 812354 5099999999999999
 50 53 58 67 76 85 93 98 98 92 83 74 70 72 80 91102108110107100 87 72 5820 417OH 728 991754110999999999999991214 70999999999999999999999
 48 44 47 57 70 83 94103107103 90 75 61 55 59 72 90105114117115105 88 6820 418OH 8 3107191011799999999999999 1 2 441310 5599999999999999
 51 40 38 46 63 80 94105113114102 81 60 45 41 50 72 95111120123119105 8220 419OH 83211520 512399999999999999 142 371350 4099999999999999
 58 41 32 36 52 75 93106117122114 93 66 43 30 31 50 78103117125128119 9720 420OH 858122204812899999999999999 215 321425 2899999999999999
 70 47 31 28 41 65 90107119127125106 77 48 26 18 29 57 8811012313012911220 421OH 922128212513199999999999999 243 271457 1899999999999999
 85 57 35 25 31 54 83106120130132119 91 58 30 13 14 35 68 9711612713312420 422OH 944133215913399999999999999 310 251528 1199999999999999
101 70 45 28 26 43 73102120131137130106 72 40 16  6 18 47 8010512013113120 423OH10 5137223213299999999999999 337 251559  699999999999999
114 86 57 36 27 35 62 94118132139138120 88 53 24  7  7 28 61 9111012413020 424OH102514023 413199999999999999 4 4 271630  499999999999999
123101 72 48 33 33 52 84113130139141130104 70 38 14  5 15 42 74 9811412420 425OH1044141233612799999999999999 432 3117 2  599999999999999
125112 87 62 44 37 46 73104127137141136117 87 55 28 11 10 27 57 8410211420 426OH11 0141999999999999999999999 5 0 371735  899999999999999
120116 99 77 58 47 48 64 92119134139137125103 73 46 24 14 20 41 68 9010320 427OH 0 8121111013999999999999999 527 451810 1499999999999999
111112104 88 71 59 54 62 82107127135135128114 91 66 43 27 23 32 52 74 9020 428OH 041113112813699999999999999 555 541851 2399999999999999
100104103 95 83 71 64 65 75 94113126131128120106 87 66 47 35 33 41 58 7420 429OH 12010412 113199999999999999 626 631942 3299999999999999
 86 93 96 96 91 84 76 72 74 84 97111120123120115105 90 72 55 44 40 45 5720 430OH 223 97125812399999999999999 7 9 722053 4099999999999999
 70 80 87 92 94 93 89 83 80 79 83 91101109114116115109 97 81 64 50 43 4320 5 1OH 413 95151111699999999999999 835 792227 4299999999999999
 51 62 75 85 94 99101 98 91 83 76 74 77 86 98109117120118108 92 72 53 4020 5 2OH 54910117 5120999999999999991054 742351 3799999999999999
 37 43 57 74 90101109111107 95 79 65 57 59 71 90108121128128119100 75 5120 5 3OH 6551111833129999999999999991220 57999999999999999999999
 34 29 37 56 80100113121123114 93 68 48 37 40 58 86110125134137128104 7320 5 4OH 744124195113799999999999999 055 291319 3699999999999999
 45 27 22 36 64 93114126135134115 84 52 28 17 25 52 8611212814014513210320 5 5OH 826136205214599999999999999 146 2214 8 1799999999999999
 68 39 22 21 43 78109128140147139110 71 35 10  2 17 51 8711112914414813020 5 6OH 9 5147214414899999999999999 232 191454  299999999999999
 97 62 35 21 28 58 97125140151154136 98 56 20 -3 -6 16 55 8811012914514520 5 7OH 942155223214899999999999999 313 201539 -899999999999999
123 89 57 33 25 41 78115137150159154127 84 42 10 -9 -5 23 60 8910912814220 5 8OH1016159231714299999999999999 353 251621-1199999999999999
136112 81 54 36 36 60 98129146156159146113 71 33  5 -7  4 34 67 9010812520 5 9OH1048160999999999999999999999 431 3317 3 -799999999999999
134124101 75 53 43 51 80114138150156152132 98 61 29  7  3 19 47 73 9110720 510OH 0 0134111415699999999999999 5 7 431743  299999999999999
120123111 91 71 57 54 69 96124141149149140118 87 55 30 16 18 35 58 78 9220 511OH 043123113615099999999999999 541 531824 1599999999999999
103112111101 86 72 64 67 83107127139142139127106 80 56 37 30 35 50 67 8120 512OH 12811312 114299999999999999 616 6319 6 2999999999999999
 91 99104102 95 85 76 72 78 92110124131132127116 99 79 60 48 44 49 60 7220 513OH 221104123813299999999999999 654 721955 4499999999999999
 82 89 95 99 99 94 88 82 80 84 94105115121122119111 98 82 68 59 55 58 6520 514OH 333 99134612299999999999999 750 8021 2 5599999999999999
 73 81 87 93 98100 98 93 87 83 83 88 96104111115115110100 88 76 67 61 6120 515OH 456100153011699999999999999 933 832232 6199999999999999
 65 72 80 89 97103106104 98 89 80 76 77 84 95106113116113105 94 81 70 6220 516OH 6 81061655116999999999999991118 752353 6099999999999999
 60 63 72 83 95105111113110 99 84 71 64 64 74 90105115119117110 97 81 6720 517OH 65711318 9119999999999999991225 63999999999999999999999
 58 56 62 76 92105115121121111 94 74 57 50 54 69 90108119123121112 96 7720 518OH 731122191612399999999999999 047 561311 5099999999999999
 62 53 54 66 85104118126130124107 83 59 42 38 48 70 95113123127124111 9020 519OH 8 0130201012799999999999999 126 521350 3799999999999999
 69 54 49 56 75 99118130136135122 96 67 43 29 30 48 7610111712713012310520 520OH 826137205513099999999999999 2 0 491426 2799999999999999
 81 61 48 48 63 89114131141144136113 81 50 28 19 29 55 8410612113113211920 521OH 853144213513399999999999999 232 4715 0 1999999999999999
 96 72 54 46 53 77106129142149146129 98 64 35 16 15 34 64 9211112513412920 522OH 921149221313499999999999999 3 4 461534 1399999999999999
111 86 64 49 48 64 94122140150152143117 82 48 23 10 18 44 75 9911612913320 523OH 949153225013399999999999999 336 4616 9 1099999999999999
123101 77 58 49 56 80111135148154151133102 66 36 15 10 26 55 8410411912920 524OH1016154232713199999999999999 4 9 491645  999999999999999
129114 91 71 56 54 68 97126144152153144121 88 55 28 13 16 37 67 9110812020 525OH1041154999999999999999999999 442 531722 1299999999999999
126121104 84 68 59 63 83112135148152148134109 77 48 26 17 26 49 75 9610920 526OH 0 512611 415299999999999999 515 5818 2 1799999999999999
118120112 97 80 68 64 74 96121139147147141125100 72 46 29 25 36 59 81 9720 527OH 045121113114899999999999999 549 641845 2499999999999999
108114114106 93 80 71 72 83103124137142141133118 96 71 49 35 34 46 65 8320 528OH 131115121314299999999999999 630 701936 3399999999999999
 97105110110104 93 83 76 77 87103119130134134129117 98 75 56 44 42 51 6720 529OH 231111132413599999999999999 723 752038 4199999999999999
 83 96104110111106 97 87 79 78 83 95109120127130128119103 83 64 51 47 5420 530OH 34411115 913099999999999999 844 772151 4799999999999999
 67 83 97107114117113103 90 78 72 73 82 95110121128129123110 90 70 55 4920 531OH 4541171642130999999999999991022 7123 6 4999999999999999
 53 66 84102115123126121108 90 72 60 57 65 82102118128132129117 97 74 5720 6 1OH 5561261811132999999999999991145 57999999999999999999999
 49 52 68 90112126134137130111 85 61 44 40 50 72 97116128135135123100 7520 6 2OH 651137193313799999999999999 013 481250 4099999999999999
 56 47 52 73101124138146147135109 76 47 29 24 38 66 9511412813914012610020 6 3OH 739148203714199999999999999 110 471345 2499999999999999
 74 54 46 56 83115137150157155136102 64 34 15 14 33 65 9311212814114212420 6 4OH 824157213214499999999999999 2 1 461435 1299999999999999
 97 71 53 48 63 96128148159164158131 92 53 23  6  9 34 67 9311112914214020 6 5OH 9 6164222214499999999999999 247 471522  599999999999999
119 92 68 52 52 75110140156165167154122 81 44 16  3 12 41 71 9411213014120 6 6OH 94416823 814199999999999999 330 4916 6  399999999999999
134112 87 65 53 60 88123148161167165145110 71 37 13  7 22 50 77 9711413020 6 7OH1020168235213699999999999999 411 531649  699999999999999
136125104 81 63 58 72101132152162165157133 99 63 34 16 16 35 62 8410111620 6 8OH1052165999999999999999999999 450 571729 1499999999999999
128129116 96 77 64 65 84112138153159157145120 88 57 34 24 30 50 73 9110520 6 9OH 034130112115999999999999999 527 6318 8 2499999999999999
116123120107 90 75 68 75 94119139150152147133109 81 56 39 36 45 64 83 9720 610OH 115123115115299999999999999 6 4 681846 3599999999999999
107115118113101 87 77 74 83101121136143143136122101 77 58 48 49 60 76 9020 611OH 157118123114499999999999999 643 741925 4799999999999999
101108113114109 98 87 80 80 88103118129134134127114 96 78 64 58 61 71 8320 612OH 242114132613599999999999999 732 792010 5899999999999999
 95103109113113108 99 90 84 83 88 99111120126127122111 96 81 71 67 70 7720 613OH 333114144012799999999999999 840 8221 6 6799999999999999
 88 97105112116115111102 92 84 80 83 91102112120123119110 98 86 77 73 7420 614OH 42911615561239999999999999910 7 802215 7399999999999999
 80 90100110117121121115104 91 79 73 73 81 94107118122120113102 90 80 7520 615OH 52312217 9122999999999999991125 722326 7499999999999999
 75 81 92105117126129127118103 85 70 62 63 73 89106118123122116105 91 8020 616OH 6101291822123999999999999991225 61999999999999999999999
 74 74 83 97114128136138133119 98 75 58 50 54 69 89108120126126118105 8920 617OH 650138193012799999999999999 025 731312 4999999999999999
 77 71 74 87106125138145145135114 87 62 45 39 48 69 9211112313012911910220 618OH 728146202613099999999999999 113 711354 3999999999999999
 85 72 68 75 94118137149153149132105 74 49 33 32 47 73 9711412713313011620 619OH 8 6153211413499999999999999 155 681433 3099999999999999
 97 79 67 66 80106131148157159149125 92 61 36 23 29 51 7910211813113612920 620OH 843159215813699999999999999 235 651513 2399999999999999
111 91 73 64 68 90118142156163161144114 79 48 25 18 31 58 8610712313513720 621OH 920163224013899999999999999 313 631552 1899999999999999
125105 84 68 63 74101131151162166159137103 67 37 18 17 37 66 9311212713620 622OH 957166232213799999999999999 351 631632 1599999999999999
134119 97 78 65 65 83114141158165165154127 91 57 29 16 22 46 76 9911612920 623OH1034166999999999999999999999 429 631713 1599999999999999
136129112 90 73 64 71 94124148160164161146117 82 50 26 18 30 57 8410511920 624OH 0 3136111116499999999999999 5 8 641755 1899999999999999
130133123105 85 70 66 78103130149158161155138109 76 47 29 26 42 68 9211020 625OH 045133115316199999999999999 548 661838 2599999999999999
121129129118 99 82 71 70 84108131146153154148130103 74 49 36 37 54 78 9920 626OH 128130124315499999999999999 633 691924 3499999999999999
113123129126114 97 81 72 73 86107126139145147141125101 76 56 46 49 65 8620 627OH 214129134614799999999999999 726 712014 4599999999999999
104117125129126114 98 83 73 73 83100117129136139135123103 82 65 57 60 7420 628OH 3 412915 013999999999999999 832 722111 5699999999999999
 92109121130133129117101 84 72 68 75 88104118128133132123108 89 74 66 6820 629OH 359133162113499999999999999 951 682217 6599999999999999
 80 97114128136139135123104 83 67 60 63 75 93109121129131126114 96 81 7220 630OH 4581391754131999999999999991113 602329 7199999999999999
 72 83101121136144147143128105 80 60 49 50 63 83102116126132131119102 8520 7 1OH 5581471922133999999999999991226 48999999999999999999999
 75 73 84106128145153156150132104 74 51 38 38 54 77 9811412613613612310420 7 2OH 655156203013799999999999999 037 721328 3699999999999999
 86 74 72 86112137153162164155132 99 67 41 28 30 50 75 9711312813913912420 7 3OH 748164212714199999999999999 136 711421 2699999999999999
102 83 70 71 90120146161168169157129 92 59 33 21 27 51 78 9811513214313920 7 4OH 837170221614399999999999999 228 691510 2099999999999999
121 98 78 66 72 96128153166172170154121 84 50 26 18 30 56 8310211913614420 7 5OH 92217323 014499999999999999 314 661555 1899999999999999
135114 91 71 64 76105137158169173167146111 74 43 23 21 39 66 9110812513920 7 6OH10 3173234114299999999999999 357 641636 1999999999999999
142128105 83 67 65 83115144161169170160134 99 64 38 24 30 52 7910011512920 7 7OH1040171999999999999999999999 436 631714 2499999999999999
139136118 96 76 65 70 93124149162166164149120 86 56 36 31 43 68 9210912120 7 8OH 018139111216699999999999999 513 651748 3199999999999999
132135127108 87 72 67 79104131150159160153135106 76 53 41 43 60 8410411720 7 9OH 050136114316199999999999999 548 671820 4099999999999999
126131129117 99 82 72 73 88112134148153152142121 95 70 54 50 58 77 9811320 710OH 119132121815399999999999999 624 711850 5099999999999999
122128129123109 93 80 75 80 95115132142145142130110 88 70 61 62 74 9210820 711OH 14412913 014599999999999999 7 3 751922 6099999999999999
119125128126118105 92 82 78 84 97113126134136132121104 87 75 71 75 8710220 712OH 211128135413699999999999999 752 781958 7199999999999999
114122127128125117105 93 84 80 85 95107118126129125116103 91 82 81 86 9520 713OH 252128145912999999999999999 856 802044 8099999999999999
107117124129131127119107 94 84 79 80 88 99110119124122116106 96 90 88 9220 714OH 3501311616124999999999999991015 782149 8899999999999999
 99109119127134136132123109 94 80 73 72 80 92105116122123118111102 95 9220 715OH 4551361739123999999999999991132 722315 9199999999999999
 93 99110122133140143138126109 90 73 63 63 72 86102115123126123115105 9620 716OH 5521431858126999999999999991233 62999999999999999999999
 91 91 98112127140149150143127105 82 63 52 53 66 8410311712713012711810520 717OH 64215120 413099999999999999 030 901325 5199999999999999
 93 86 87 98116135150157157147126 99 72 51 41 46 63 8610612113113513011820 718OH 729158205813599999999999999 126 851411 4199999999999999
102 87 80 84100124145159165162147121 89 60 38 31 41 64 9011012613714013120 719OH 814165214714099999999999999 213 791455 3199999999999999
114 95 79 73 82106134155167171165145113 78 47 27 24 41 69 9611613114214220 720OH 9 0171223114499999999999999 257 731538 2399999999999999
129107 86 71 69 85114144163173175166140103 66 35 19 22 46 7710312213714620 721OH 947175231314799999999999999 338 681620 1799999999999999
142123 98 76 64 68 90124152168176176163132 92 55 27 16 27 56 8811112914320 722OH1035177235214899999999999999 419 6317 1 1699999999999999
148137114 88 68 60 70 98132156169176174156121 82 47 24 20 38 7010012013520 723OH1123176999999999999999999999 5 0 601742 1899999999999999
146146130104 79 63 59 75106137156167172167146111 74 44 28 31 54 8511112820 724OH 03014812 917299999999999999 542 581822 2699999999999999
140147141121 96 74 60 62 81110136152161164157134103 71 48 39 48 7210012120 725OH 1 6147125716499999999999999 626 5919 2 3899999999999999
134143145135114 91 72 62 66 84110130143151153145125 99 74 58 54 66 8911320 726OH 142146134715399999999999999 715 611944 5399999999999999
129139144143131111 90 73 65 69 84104121132139141135119100 82 71 71 8310220 727OH 219145144714199999999999999 811 642030 6999999999999999
120134142145142130112 93 76 67 69 80 95109120127131128119105 92 84 85 9420 728OH 3 314516 613199999999999999 921 672128 8399999999999999
108124136144147144134117 97 79 68 65 72 84 98109118124126122113102 94 9220 729OH 4 41471750126999999999999991046 652249 9299999999999999
 97109124138147151149140123101 81 65 59 62 73 88102113123129128121109 9920 730OH 5161511926130999999999999991211 58999999999999999999999
 93 95107124140152157157147128103 79 60 50 52 65 83 9911312513513512611120 731OH 626158203413699999999999999 017 931320 4999999999999999
 97 88 89103125145158164164153131101 73 52 41 45 61 8210111613114114012720 8 1OH 728165212514299999999999999 125 871415 4199999999999999
107 90 79 83102129151164170169155128 95 65 43 34 42 64 8710612213814714120 8 2OH 82317122 814799999999999999 218 7915 2 3499999999999999
122 99 80 71 79105135158169174171153121 85 55 35 31 46 72 9611413014514920 8 3OH 913174224614999999999999999 3 4 711543 3099999999999999
136112 87 69 65 81112144163172175168144108 73 45 30 34 56 8410712213814920 8 4OH 956175232015099999999999999 344 641620 2999999999999999
146126 99 76 62 65 89123151166172172159130 93 61 39 32 44 72 9911813114420 8 5OH1033174234914899999999999999 421 611652 3299999999999999
148137112 86 67 60 71101133156166170165145113 78 52 38 40 61 9011412813920 8 6OH11 4170999999999999999999999 455 601721 3699999999999999
146142124 98 75 62 63 82113141157164164153128 96 67 48 44 56 8110812613620 8 7OH 014146113216599999999999999 527 601747 4399999999999999
143143131110 87 69 63 71 94122144155158154138112 84 62 52 57 7610112313520 8 8OH 03214412 115899999999999999 558 631812 5299999999999999
141142136120 99 80 68 68 81104127142149150142124100 78 65 63 75 9611713220 8 9OH 043143123515199999999999999 632 661838 6299999999999999
140142138128111 92 78 71 75 89109126136141139130113 94 80 73 78 9211112720 810OH 055142131614199999999999999 710 7119 6 7399999999999999
137140139134122107 91 80 76 81 93108120128132129121108 95 86 85 9210512020 811OH 11814114 813299999999999999 758 761938 8599999999999999
131137139137131121107 94 83 79 82 91102112119123123118109101 96 9710311220 812OH 2 2139152512499999999999999 9 4 792021 9699999999999999
122130135137137133124111 97 86 79 79 85 9410411211812111911410810510410620 813OH 33013817 5121999999999999991033 79214310499999999999999
112119127134139142139129115 99 85 75 71 76 85 9710811712312412011511010520 814OH 5 21421838124999999999999991156 71235410399999999999999
103107114125136145149146135118 98 79 65 60 65 78 9310812012813012711910920 815OH 6 814919531309999999999999913 0 60999999999999999999999
100 95 99111127143154158154141119 93 69 53 48 56 74 9511312613513713111820 816OH 7 2158204913799999999999999 1 7 951352 4899999999999999
103 90 85 92110133152164167162144116 84 56 39 36 50 7510011913314314313220 817OH 755167213414599999999999999 158 851439 3599999999999999
112 92 77 74 87114142162172175167144108 72 42 26 29 51 8210812714215114720 818OH 850175221515199999999999999 243 731522 2599999999999999
127101 78 64 65 87121151169179181169139 98 59 30 18 28 59 9311813615115720 819OH 945181225315799999999999999 325 6216 4 1899999999999999
145117 87 64 53 62 92129158173182183166129 85 48 22 17 37 7310712914515820 820OH1036185232916199999999999999 4 7 531643 1699999999999999
158137104 74 52 46 63 99136160173182180156116 75 41 22 26 54 9212113915420 821OH1123183999999999999999999999 448 461722 2199999999999999
162152125 91 63 45 46 69106138157169177170143104 68 42 31 44 7611113414820 822OH 0 316212 817799999999999999 529 431759 3199999999999999
159160143112 81 56 44 51 77110136151162166155128 96 68 50 48 68 9912714420 823OH 034161125216699999999999999 612 441835 4799999999999999
154159152132103 76 56 49 59 84110129141149151139117 93 74 64 70 9011713720 824OH 1 3159133915299999999999999 657 491910 6499999999999999
149155154144124 99 77 61 57 67 86106119129135135127113 97 85 82 9010712720 825OH 130155143413699999999999999 748 571949 8299999999999999
141149151149139122102 83 70 66 72 84 98108116121124121114105 99 9810311520 826OH 2 415116 112499999999999999 852 662040 9799999999999999
128139145147146139126109 92 78 71 72 78 88 9610511311912212011511010710720 827OH 31114718 6122999999999999991025 71222010699999999999999
113123133141146148144134118100 83 72 67 70 78 88 9911112112812912411610720 828OH 45114819411299999999999999912 7 67999999999999999999999
102104113127140149153152142125104 83 67 59 61 71 8510011412713613712811320 829OH 615153203413899999999999999 0141021319 5899999999999999
 99 91 92105125143155160159149128102 77 58 50 54 70 8910712213614514112520 830OH 723161211314599999999999999 122 9014 9 5099999999999999
104 86 77 82102129150161167165151125 94 66 48 43 54 76 9911613114615013820 831OH 821167214815099999999999999 211 771450 4299999999999999
115 90 72 66 78107137156167171166146114 81 54 39 41 61 8811112714115314920 9 1OH 9 8171222015399999999999999 251 651525 3899999999999999
129100 75 59 60 82116145162170172162134 98 66 44 36 48 7510412313715015420 9 2OH 947172224815599999999999999 328 571556 3699999999999999
141113 84 61 52 62 93128152164171168150117 82 54 39 41 63 9412013514615420 9 3OH1021171231215599999999999999 4 1 521624 3799999999999999
149126 96 69 52 51 72107138156165168159133 98 67 47 41 55 8411413414515220 9 4OH1050168233015499999999999999 432 491649 4199999999999999
152136108 79 58 49 58 86120144157163160143114 82 59 47 53 7610613114515120 9 5OH1118163234115399999999999999 5 2 491713 4799999999999999
153143120 92 67 53 53 70100128146155157148126 98 73 58 56 71 9912614315120 9 6OH1145157234715399999999999999 531 501736 5599999999999999
152146129104 79 61 54 62 84111132144149147133111 88 71 64 72 9311913914920 9 7OH1215150235415299999999999999 6 1 541759 6499999999999999
152148136116 93 74 61 60 73 94116131139140135120102 85 76 77 9011213214520 9 8OH1248141999999999999999999999 635 591824 7599999999999999
149148140126108 89 74 66 69 82100115125130130124112 99 89 87 9310712413820 9 9OH 0 8149132913199999999999999 715 661850 8799999999999999
144145141133121106 90 79 74 77 86 99110117120120117110102 98 9910511612720 910OH 034145143612199999999999999 8 8 731922 9799999999999999
135139139136131122109 96 85 79 79 84 9210110711211611611311010710811111620 911OH 121139163911699999999999999 931 78201610799999999999999
123128132135136135128116103 90 80 75 76 82 9110010911612012011811511110920 912OH 4 71361830121999999999999991118 74232810899999999999999
109113120128136142143137125108 90 74 64 64 71 83 9811112212812912511710720 913OH 5391441944129999999999999991236 63999999999999999999999
 98 96101114129144152154147132109 84 63 50 50 62 8110211913013813812811220 914OH 642154203013999999999999999 051 961332 4999999999999999
 95 82 80 91112136154163165157136105 74 49 36 39 59 8611112814114814312520 915OH 743165211014899999999999999 142 801418 3599999999999999
100 78 64 66 85116145163172174163135 96 60 34 24 35 64 9812313915315714320 916OH 844175214715799999999999999 226 6315 1 2499999999999999
114 83 59 47 56 85123152169179180164127 84 48 24 20 41 7811313515116316020 917OH 939181222316499999999999999 3 8 471541 1899999999999999
136 99 65 42 35 52 90130155171182181157116 73 39 20 26 57 9812914716216920 918OH1029184225716999999999999999 350 351619 1999999999999999
156122 82 50 29 29 55 97133154170181174145103 64 37 26 42 7911814315816920 919OH1115181232917199999999999999 431 261656 2699999999999999
168145106 68 39 24 32 64103132150165172161130 93 62 42 42 6610413615416420 920OH1159172235717099999999999999 512 241732 3999999999999999
170159130 92 59 35 27 41 73106128143155158143116 87 66 55 64 9112414715920 921OH1242159999999999999999999999 554 2718 6 5599999999999999
165163146117 84 57 40 38 54 81105121133141141128108 88 75 73 8711213715220 922OH 021165132814399999999999999 637 361839 7299999999999999
158159152135109 83 62 50 52 66 85101112121126126118106 95 89 9210512314020 923OH 040159142612799999999999999 725 491914 8999999999999999
149151150142128109 89 73 64 64 73 85 9510210911411711511010510210511312420 924OH 1 715116 511799999999999999 827 6320 410299999999999999
134140142142137128115 99 85 76 72 74 80 86 9310010911511911811511110911020 925OH 22114218201199999999999999910 5 72221210999999999999999
115122129135139139134124110 95 82 73 70 72 79 88 9911012112712712211210420 926OH 43413919341289999999999999912 2 70999999999999999999999
 99101109121133141145142133118 99 81 68 62 65 75 8910411813013613312110520 927OH 6 8145201313699999999999999 013 9913 9 6299999999999999
 90 83 87101120137147152150139119 95 73 58 54 62 79 9811412814014313311320 928OH 717152204614499999999999999 112 831352 5499999999999999
 91 74 68 77100125143153158155138112 84 62 49 50 66 9011012613914914512520 929OH 811158211614999999999999999 155 681427 4799999999999999
 98 73 57 57 75106133150159162154130 99 71 50 43 53 7810512413814915213820 930OH 854162214315399999999999999 232 551458 4399999999999999
110 80 56 45 54 82116141154162161146116 83 57 43 44 65 961211371481551482010 1OH 93016322 715599999999999999 3 6 451525 4199999999999999
124 91 62 43 41 60 95127147157162155131 98 68 48 42 55 841161361481551542010 2OH10 3162222715799999999999999 337 391551 4199999999999999
136104 72 47 35 44 73108135150158158143113 82 57 45 50 731071331481551572010 3OH1033159224215899999999999999 4 7 351616 4499999999999999
145118 84 56 38 36 55 88119139150155149126 96 70 53 50 66 971271461551582010 4OH11 2155225415899999999999999 436 341640 4999999999999999
151130 98 68 45 35 43 69101126141149149135110 84 64 56 64 881191421541572010 5OH113115023 215799999999999999 5 5 3517 4 5699999999999999
154138112 82 57 42 40 56 84111129139143137120 97 78 66 67 821091351511562010 6OH12 0143231115699999999999999 536 391729 6599999999999999
153143123 97 72 53 45 50 70 95115127133133124108 91 78 75 821011251441522010 7OH1231134232515299999999999999 6 8 451753 7599999999999999
151145131111 89 69 56 53 62 81100114122125122114102 91 85 87 981151331442010 8OH13 6125235014799999999999999 646 531818 8499999999999999
147143135122105 88 72 63 62 71 85 99108113115114109102 96 94 981081211322010 9OH14 4115999999999999999999999 734 621849 9499999999999999
138138135129120107 93 79 71 69 74 83 92100105109111110107104103105110117201010OH 031139161711199999999999999 847 69194710399999999999999
123128130130129124114101 87 76 70 69 74 82 91100108114116115112108104103201011OH 25113018 9116999999999999991035 69225710399999999999999
105110118126132136133125110 93 76 63 59 63 73 87101114122126124117105 94201012OH 5 913619121269999999999999912 3 59999999999999999999999
 87 88 96111127140146145136117 93 69 52 46 52 68 90110124133137131115 94201013OH 623146195513799999999999999 026 8613 2 4699999999999999
 77 67 70 86110133148156156144120 88 59 39 34 46 72100122137146147132105201014OH 731157203414899999999999999 119 661350 3499999999999999
 77 56 46 54 80114140155164165149116 79 48 29 28 49 84116136150158152126201015OH 834166211115899999999999999 2 5 461433 2699999999999999
 90 57 35 28 45 81119144159170169147108 69 39 23 30 62102132150162166150201016OH 928172214716799999999999999 248 281514 2399999999999999
113 72 38 18 17 44 85122144160172167138 97 61 34 26 43 82122147161171167201017OH1017173222117299999999999999 331 141553 2599999999999999
140 97 55 24  7 15 49 91122141159169158126 88 56 37 37 63105139157168173201018OH11 3169225317399999999999999 413  71630 3399999999999999
160125 81 43 16  6 22 58 94119137153159143113 81 57 46 55 87125151163170201019OH1148159232117199999999999999 455  617 6 4599999999999999
168147109 70 37 16 14 34 67 96115131143144127103 79 63 60 77108138156163201020OH1232146234416599999999999999 537 121741 5999999999999999
165156131 98 65 39 25 28 49 75 96110122130128115 98 82 74 77 96122143154201021OH1319131999999999999999999999 620 241815 7399999999999999
157154142119 92 67 47 39 45 61 80 94104112117116108 98 89 86 92108126139201022OH 0 3157141911899999999999999 7 6 391853 8699999999999999
145146141131114 93 74 60 55 59 69 81 90 96103109111108103 98 97101110120201023OH 035146155411199999999999999 8 3 551948 9699999999999999
129133134132125114 99 85 73 67 67 72 78 84 91 99106112113110106101100102201024OH 149134174411399999999999999 930 66215310099999999999999
108115121126128126119108 95 82 73 68 69 73 81 90100111118120117108 98 91201025OH 4 51281853120999999999999991122 682347 8999999999999999
 89 93103114124130131126115100 85 72 64 64 70 82 95108119127128119104 87201026OH 5391311934128999999999999991235 63999999999999999999999
 76 73 80 96114127134137132119100 80 65 57 59 71 89106119130136131114 92201027OH 65213720 613699999999999999 047 731319 5799999999999999
 71 59 59 73 96118132140141134116 92 71 56 51 60 80102119131140141127102201028OH 747142203414299999999999999 130 571353 5199999999999999
 75 54 44 51 74103125137144144131107 81 60 48 50 68 94117132142147139116201029OH 830145205914799999999999999 2 6 441423 4799999999999999
 84 56 38 35 51 82111130141147141122 94 68 50 45 57 83112132144151148129201030OH 9 8147212115199999999999999 240 341451 4599999999999999
 98 65 39 26 33 59 93119134144146134108 80 57 45 49 71103129144152154141201031OH 942147214015599999999999999 312 261518 4599999999999999
113 78 46 26 22 39 71103124138145141122 94 68 51 47 61 911221421531571502011 1OH1015145215915799999999999999 342 211545 4699999999999999
127 93 59 32 19 25 51 84111128139142131107 81 60 50 55 791111371511571542011 2OH1047143221715799999999999999 413 191613 5099999999999999
139109 74 44 24 20 35 65 95116130138135118 94 72 58 56 70 991281471551552011 3OH1119138223415699999999999999 445 191640 5599999999999999
146123 91 60 36 23 27 49 79103119129132124106 85 69 62 67 881171401511532011 4OH1150132224815399999999999999 517 2217 8 6199999999999999
148132107 77 51 34 28 39 63 88107118124123112 96 81 71 70 821041281441492011 5OH122312523 614999999999999999 551 281736 6999999999999999
146137119 95 70 50 37 37 51 73 93106114116113104 92 81 77 81 941141321412011 6OH13 1116233514399999999999999 630 3618 6 7799999999999999
142137126110 90 70 53 45 47 60 77 92102107109107100 92 86 84 901011161282011 7OH1359109999999999999999999999 717 441846 8499999999999999
133133128120108 92 74 60 52 54 63 76 88 96101105106103 97 92 90 93 991092011 8OH 023134154310699999999999999 821 521959 9099999999999999
118123125124121112 98 82 67 57 55 60 70 81 92100107110109104 97 91 87 892011 9OH 217125171711199999999999999 949 552216 8799999999999999
 95104113121126126120107 90 72 58 51 53 63 77 93105115120119111 97 84 74201110OH 4331271820120999999999999991115 512350 7199999999999999
 71 77 90107121130134129116 96 72 54 44 45 58 79100116127131128113 91 69201111OH 55813419 9132999999999999991222 43999999999999999999999
 54 50 59 80105124136141139123 97 69 47 36 40 60 88113130140143134110 78201112OH 715142195114399999999999999 051 501316 3599999999999999
 51 33 30 45 75106127140148145126 94 63 40 31 40 69103129144152152134100201113OH 821149203215499999999999999 141 2914 3 3199999999999999
 62 31 13 14 38 75107127142152148123 88 57 36 31 48 84120143155162156128201114OH 916153211016399999999999999 228 111446 3099999999999999
 86 45 14 -1  7 38 77106126143153144116 81 53 35 36 62103136154164167153201115OH10 6153214716899999999999999 313 -21528 3399999999999999
116 71 31  3 -8  7 42 79104124142149136106 75 51 39 48 81120147161168165201116OH1053150222216999999999999999 357 -816 8 3999999999999999
143102 58 22 -1 -6 15 50 81103121138141124 97 71 52 47 64 98132153162166201117OH1139142225316699999999999999 441 -71646 4699999999999999
156129 89 50 19  2  4 28 59 84102118130129112 90 70 57 59 80112139153159201118OH1224132232115999999999999999 523  01724 5599999999999999
157143115 79 47 22 12 20 42 67 86100113120117103 86 71 64 72 93119139148201119OH1312121234815099999999999999 6 6 1218 1 6499999999999999
150144129103 74 49 31 26 36 55 74 87 98107111108 97 85 75 73 82100119132201120OH14 6111999999999999999999999 649 261842 7399999999999999
138138131118 97 74 55 43 41 50 64 77 87 94101105103 96 87 81 80 87 99113201121OH 025138151310599999999999999 738 411937 8099999999999999
122126126121111 95 78 63 55 54 60 69 78 86 92 99104104 99 92 86 83 85 92201122OH 128126162910499999999999999 839 5321 7 8399999999999999
101110115117116109 97 84 72 64 61 64 70 78 86 94102107108104 96 86 79 76201123OH 311117173910899999999999999 959 612251 7699999999999999
 80 89 99108114115110101 89 77 68 63 63 69 78 89100109114114108 95 80 68201124OH 4401151832115999999999999991123 62999999999999999999999
 63 67 78 93106114116114105 92 78 66 60 61 69 83 98110118123120107 88 68201125OH 559116191012399999999999999 0 5 631224 5999999999999999
 54 49 56 73 92108116120117107 91 74 61 56 59 73 92109121128130121101 75201126OH 7 7120194013099999999999999 056 4913 8 5599999999999999
 53 39 37 50 73 96111120123119104 85 67 55 52 62 83105122132137133115 88201127OH 8 012320 713799999999999999 136 361344 5299999999999999
 59 36 25 30 51 78101115124126117 98 76 59 49 53 70 96119134142142129103201128OH 844126203314399999999999999 213 251417 4999999999999999
 71 41 22 17 30 57 85106119127126111 89 67 51 47 59 84112132143148141120201129OH 922128205914899999999999999 247 161449 4799999999999999
 87 53 26 11 14 36 66 92110123129121102 78 59 47 50 70100126142149149134201130OH 959129212715099999999999999 321 101521 4699999999999999
105 69 37 14  6 18 46 76 99115126127113 91 69 53 47 58 851151371481511442012 1OH1035128215415199999999999999 355  61553 4799999999999999
122 88 53 25  7  8 28 58 85104118125120103 81 62 51 52 711011281431501482012 2OH1110125222015099999999999999 429  51625 4999999999999999
134107 73 41 17  6 15 40 69 91107118121112 93 74 59 53 62 861141351451472012 3OH1146121224414799999999999999 5 5  61657 5399999999999999
140122 93 60 33 14 11 25 52 77 96108115114102 85 69 59 59 73 981231381432012 4OH122311623 914399999999999999 542 101730 5799999999999999
140130110 82 53 30 17 19 37 62 83 97106110106 95 80 68 62 66 821051251352012 5OH13 4110234313799999999999999 622 1618 7 6299999999999999
136132121101 76 51 32 23 29 47 68 86 97103105101 91 79 69 66 72 871051202012 6OH1355105999999999999999999999 7 7 231854 6699999999999999
127128124114 97 75 54 38 32 38 53 71 86 95101103100 92 81 72 69 72 83 982012 7OH 03712815 010399999999999999 8 0 3220 1 6999999999999999
110117120119112 98 79 60 45 39 43 55 71 85 96103106104 96 85 74 67 66 732012 8OH 2 9120161110699999999999999 9 6 392135 6599999999999999
 85 97108114116113102 85 67 51 44 45 55 71 87100109113112103 88 72 59 532012 9OH 3551161716113999999999999991020 4323 7 5399999999999999
 57 68 85100111116116108 93 73 56 45 44 54 72 93109119123121109 88 64 46201210OH 5301171814124999999999999991134 43999999999999999999999
 36 38 53 74 95109117121115 99 77 57 44 43 54 77102120130135130112 83 53201211OH 65912119 513599999999999999 020 351238 4299999999999999
 30 18 21 41 68 91107119126121102 77 56 42 41 58 87114132142145136110 74201212OH 810126195314599999999999999 119 171334 4099999999999999
 40 14  2  9 34 65 89106121130124102 75 53 39 42 65 98127143151152138105201213OH 9 8130203815399999999999999 211  21423 3899999999999999
 64 27  1 -9  3 32 64 88106124132122 98 71 49 38 46 75110136150157155134201214OH10 0132212115899999999999999 3 0 -915 9 3899999999999999
 95 53 17 -8-14  4 36 66 88107125131117 92 66 45 38 53 86121143155159152201215OH104813122 115999999999999999 346-141552 3899999999999999
125 84 43  9-11-11 11 43 69 90109124125109 84 60 43 42 63 98128146155156201216OH1133127223915799999999999999 430-141633 4099999999999999
143113 73 35  6 -8 -2 23 52 75 93110121117 99 76 55 44 50 74107132145150201217OH1216121231315199999999999999 513 -91713 4399999999999999
147130 99 63 30  7  0 12 37 62 81 96109114107 89 69 53 48 59 84112131140201218OH1258114234514299999999999999 553  01751 4799999999999999
142135116 87 55 29 14 14 29 52 72 86 97106107 98 81 65 54 54 67 90112126201219OH1338108999999999999999999999 631 121830 5299999999999999
131130122103 77 51 33 25 29 45 64 80 90 97102100 91 77 64 58 60 73 91108201220OH 020132141810299999999999999 7 8 251915 5899999999999999
118121118109 92 71 52 40 37 44 58 73 84 92 97 99 96 88 76 67 62 64 74 87201221OH 1 612115 2 9999999999999999 747 372013 6299999999999999
 99107110108100 86 70 57 49 49 56 67 78 87 93 97 99 96 89 78 69 63 62 69201222OH 2 91101555 9999999999999999 832 482133 6299999999999999
 79 89 97102101 95 85 73 63 58 57 62 71 80 89 96101102 99 92 80 68 59 56201223OH 325102165310299999999999999 932 5723 0 5699999999999999
 59 68 79 90 97 98 95 87 78 69 63 61 64 72 82 92101107108105 94 79 63 51201224OH 447 981748109999999999999991051 61999999999999999999999
 45 48 59 73 86 95 98 97 91 82 72 64 61 63 72 85 99109115116109 94 74 54201225OH 613 99183411699999999999999 010 4512 6 6199999999999999
 39 33 38 53 71 86 97102101 95 84 71 61 58 62 74 92108119124122110 89 64201226OH 728102191412499999999999999 1 2 3313 2 5899999999999999
 41 26 22 32 51 72 89100106105 96 82 67 56 53 62 80101118128131125106 79201227OH 823107195213199999999999999 146 221346 5399999999999999
 51 27 13 15 31 54 76 93105111107 94 76 60 50 51 66 89112128136136123 98201228OH 9 8111202913799999999999999 225 121426 4999999999999999
 67 36 13  4 12 34 60 82 98110113105 88 68 52 45 52 74101123136141136117201229OH 94811421 614199999999999999 3 3  415 3 4599999999999999
 86 52 22  2 -2 14 41 67 88104114113100 80 59 45 42 57 85112131141143133201230OH1028115214214499999999999999 341 -31540 4199999999999999
107 73 38  9 -6 -2 21 50 75 94108115109 92 70 51 40 45 67 97123138144141201231OH11 6115221714499999999999999 418 -71615 4099999999999999
