 72 50 34 29 35 52 76101122136140134122107 93 85 84 9010111412312612010720 1 1OW 954140205212699999999999999 257 291537 8499999999999999
 89 69 53 43 42 51 67 88108125134134128116102 91 84 82 87 9610511211411020 1 2OW1035135215011499999999999999 335 411640 8299999999999999
100 86 72 61 55 57 66 80 97113126132131123112 99 87 79 76 79 86 9410110520 1 3OW1121132231810599999999999999 417 551758 7699999999999999
104 99 90 80 72 68 70 77 89103116126130129121109 95 81 71 66 68 74 84 9320 1 4OW1215131999999999999999999999 513 681915 6699999999999999
101105104 98 91 84 80 80 85 94106118127131129120106 88 71 59 53 54 63 7620 1 5OW 116105131113199999999999999 629 792018 5299999999999999
 90103111113110103 94 88 86 89 97109121131134131119100 78 58 43 37 41 5420 1 6OW 25211314 213499999999999999 755 8621 6 3799999999999999
 73 93111122126122112101 92 88 90 99112126136139132115 91 64 41 25 21 3020 1 7OW 355126144813999999999999999 9 7 882148 2199999999999999
 49 75101123136138131118103 92 87 91103119134144144132109 79 47 22  8  820 1 8OW 44313815301459999999999999910 2 872228  699999999999999
 24 50 82113137148147136118101 89 86 93108127144152147129100 64 30  4 -720 1 9OW 5251501611152999999999999991048 8523 8 -799999999999999
  0 22 56 94127149158152136115 96 85 85 96116137153158148124 88 48 13-1020 110OW 6 51581652158999999999999991129 832348-1699999999999999
-16 -3 27 66106139159163152131108 89 81 86101124146160161145115 76 34  020 111OW 64416317331629999999999999912 9 81999999999999999999999
-19-18  1 36 78118149164162146123 99 83 79 88107131152163159139105 64 2420 112OW 723165181616399999999999999 029-211249 7999999999999999
 -6-20-13 12 49 92129154164157137112 90 78 77 90111135153161153130 95 5620 113OW 8 316419 116199999999999999 111-201331 7699999999999999
 19 -5-12 -1 27 65104137156159148126102 83 73 76 91112134150154144121 8720 114OW 842160195015499999999999999 153-131416 7399999999999999
 52 22  4  2 17 46 81115141154152137115 93 76 70 74 8910812814114313311220 115OW 921155204214499999999999999 236  115 5 7099999999999999
 83 54 31 19 22 38 65 96124143149143127106 85 71 66 70 8310011712813012320 116OW10 0149214513199999999999999 320 1816 2 6699999999999999
106 84 62 46 39 44 59 82107128141143135119 99 80 66 61 63 73 8810311411820 117OW104114423 611899999999999999 4 6 391710 6099999999999999
115105 90 76 64 60 65 78 96114130138138129113 94 76 61 53 53 61 73 8810120 118OW1128139999999999999999999999 459 601829 5299999999999999
110113109101 91 83 79 82 91104118129136135126111 92 72 55 44 41 47 59 7520 119OW 056113122413699999999999999 6 7 791950 4199999999999999
 93107116118115107 99 93 92 97106118129135135127111 89 66 46 32 28 33 4720 120OW 251118132813699999999999999 738 922058 2899999999999999
 68 90110124130127119108100 96 98106118130138138129110 86 59 35 20 15 2320 121OW 410130143213999999999999999 9 8 962153 1599999999999999
 41 67 95119135141136125111 99 94 96105120134142142130108 79 49 23  8  620 122OW 5 21411528143999999999999991013 932239  599999999999999
 18 42 73105130146148140124107 94 89 93107124140148145129102 69 37 11 -220 123OW 54314916151499999999999999911 1 892319 -299999999999999
  1 20 50 85118142153150136117 98 86 84 93111131147153145124 92 56 24  120 124OW 6181541658153999999999999991138 832355 -699999999999999
 -6  4 29 64100131150155146127105 87 78 82 97118139153154141114 79 43 1320 125OW 6491551736155999999999999991212 78999999999999999999999
 -4 -3 14 44 81116142154151136113 91 77 74 84103126146155151131101 64 3020 126OW 718155181215599999999999999 029 -61243 7499999999999999
  6 -2  7 30 64100130149153142122 98 79 70 73 88111133149153142118 85 5120 127OW 745153184715399999999999999 1 0 -21313 7099999999999999
 22  6  7 23 51 85117140150145129106 84 70 67 76 94117136147145129103 7120 128OW 811150192114899999999999999 129  41345 6699999999999999
 41 21 13 21 43 72104129144146134114 92 74 64 67 79 99120135140133115 8920 129OW 836147195714099999999999999 158 131418 6499999999999999
 61 38 26 27 41 64 92118136143138122101 81 67 62 68 8210111812913012010220 130OW 9 2143203613199999999999999 226 251456 6299999999999999
 79 57 43 38 44 61 84108127138138127110 91 74 63 62 69 83 9811211911810920 131OW 929139212212099999999999999 255 381540 6199999999999999
 93 76 61 53 54 63 80 99117130134130118101 84 69 61 61 67 79 9210310910820 2 1OW 959134222411099999999999999 326 521634 6099999999999999
102 91 80 71 67 70 80 94108121128129123111 96 80 67 59 57 62 72 83 9310020 2 2OW1036130999999999999999999999 4 3 671744 5799999999999999
103101 96 89 84 82 85 92101112120125125119108 93 78 64 54 50 52 61 72 8520 2 3OW 0 2103112612699999999999999 456 8219 5 5099999999999999
 96104107106102 98 95 95 98103111118123124119108 93 75 58 45 38 39 48 6320 2 4OW 215107124012499999999999999 636 942020 3899999999999999
 81 98111118119116109102 98 97101108117124127123112 93 71 48 31 23 25 3720 2 5OW 343120135812799999999999999 837 972119 2299999999999999
 57 82105123132133126115103 95 93 97107120130135130115 91 63 35 15  6 1120 2 6OW 43413415 213599999999999999 951 9322 9  699999999999999
 29 57 88117137146143131114 98 88 86 94109126140145138118 87 52 20 -2 -920 2 7OW 5151461556145999999999999991040 862254 -999999999999999
  2 27 62 99131151156148129107 89 79 80 94114136152155144117 80 40  5-1520 2 8OW 5521561645156999999999999991121 782337-1999999999999999
-18 -1 32 73114145161161146121 95 76 69 77 96122147162162145113 71 28 -620 2 9OW 6281631732164999999999999991159 69999999999999999999999
-22-18  6 44 89129156167159136107 81 64 62 75100129155168164142105 61 1920 210OW 7 3167181816999999999999999 018-231238 6199999999999999
-10-20 -9 21 62106142163165150122 91 66 54 57 76104134158168160134 96 5420 211OW 73716719 416899999999999999 059-201317 5399999999999999
 17 -5 -8  9 42 83123152164157136105 75 54 47 55 77106135155161150124 8820 212OW 8 9164195216199999999999999 139 -91358 4799999999999999
 51 23  9 13 34 67104136155158145119 89 63 46 43 55 7710412914614913711320 213OW 841159204214999999999999999 217  81441 4399999999999999
 84 55 36 29 38 60 90120142153148130105 77 55 43 43 55 75 9811913213412420 214OW 912153213913499999999999999 255 291530 4199999999999999
106 85 66 54 54 65 84108129143145136118 94 71 52 43 43 53 70 8910511611920 215OW 943146225211999999999999999 332 531626 4299999999999999
114104 91 81 75 77 87102118131138136126109 89 69 54 45 43 50 61 76 9110220 216OW1018138999999999999999999999 414 751740 4399999999999999
109111108102 97 94 96101110119127130128120106 90 72 57 46 41 43 51 64 7920 217OW 04811111 713099999999999999 513 941913 4199999999999999
 94106114117115112108105106109115120124124119109 94 76 58 44 35 33 40 5420 218OW 310117123412599999999999999 7191052040 3399999999999999
 72 92110122128127121113106102103107115122126124115 99 78 56 38 26 24 3220 219OW 421128141412699999999999999 9241022143 2399999999999999
 49 73 98119133138134123110 99 93 94102113125132131120101 76 50 28 16 1620 220OW 5 01381524133999999999999991021 932230 1499999999999999
 29 52 81109132144144134117100 87 83 88101118133141138123 98 68 39 17  820 221OW 5301451615141999999999999991058 8323 8  899999999999999
 13 33 62 95124144150143126104 85 74 75 86106127143148140119 89 56 26  820 222OW 5571501656148999999999999991128 732341  499999999999999
  5 18 45 79113139152150135112 88 71 65 72 91115137151152137110 76 42 1620 223OW 6221531733153999999999999991156 65999999999999999999999
  4 10 31 63 99130149154143120 94 71 59 60 75100126147156150128 96 61 3020 224OW 64615418 615699999999999999 011  41223 5799999999999999
 11  8 23 51 85119144154148129102 75 57 52 61 83110136152155142115 81 4820 225OW 7 8154183915699999999999999 039  71250 5199999999999999
 23 13 20 42 74108136151151136111 82 59 47 50 67 92120142152148129100 6720 226OW 730153191315399999999999999 1 5 131318 4699999999999999
 40 24 24 39 66 97126146151142120 92 65 48 44 53 74101126143147136114 8620 227OW 751151194714799999999999999 131 221348 4399999999999999
 59 39 33 41 61 89117138148144127102 75 53 43 45 59 8210712713813712310120 228OW 813149202313999999999999999 156 331420 4299999999999999
 77 57 47 48 62 84108130143144132111 86 63 47 42 49 65 8710812413012511220 229OW 83414521 413099999999999999 222 461456 4299999999999999
 93 75 63 60 67 82102121135140134119 98 75 57 46 45 53 68 8710411612011520 3 1OW 857140215612099999999999999 249 601538 4499999999999999
104 92 80 75 76 84 98113126133132123108 89 70 56 47 47 54 67 82 9710611120 3 2OW 924134231411199999999999999 320 741633 4699999999999999
109104 97 91 89 91 98107117124127124115102 87 71 57 49 47 51 60 73 86 9820 3 3OW 959127999999999999999999999 4 1 891751 4799999999999999
106110110108105103102105109114118120119113103 90 75 60 48 41 41 48 61 7720 3 4OW 13311011 912099999999999999 5351021928 4099999999999999
 93107117122121117112107104104107111117120118111 98 79 60 42 30 27 34 5020 3 5OW 325122131612099999999999999 8311032048 2799999999999999
 71 94115129136134126114103 95 94 98108119128130123106 82 56 32 16 12 2220 3 6OW 415136144613099999999999999 946 932147 1299999999999999
 43 72102128144149142126108 91 82 82 92109127140144135113 82 48 19  1 -120 3 7OW 4521491548144999999999999991029 812236 -299999999999999
 15 43 80116143158157142119 94 75 67 72 90115139155158144116 78 38  7 -920 3 8OW 52615916411599999999999999911 6 672320-1099999999999999
 -6 17 53 94132158166157134103 75 57 53 66 92123151168167148114 71 30  020 3 9OW 5581661729170999999999999991142 53999999999999999999999
-11 -1 29 70113148168168149118 83 55 40 44 64 96132161175170146108 64 2520 310OW 630170181617699999999999999 0 1-111219 3999999999999999
  1 -3 15 49 92132161171161134 98 62 37 29 39 66102138165175166139100 6020 311OW 7 017119 317599999999999999 040 -41256 2999999999999999
 27 12 16 39 75114148166166147114 77 44 25 23 40 70106139161167155129 9420 312OW 729169195016899999999999999 118 111335 2299999999999999
 61 37 30 41 66100133156164154129 95 60 33 21 25 44 7310613515215414211820 313OW 757164203915599999999999999 154 301416 2099999999999999
 91 67 54 54 68 92120143156155139111 79 50 30 23 30 49 7510312513813912920 314OW 824157213414099999999999999 229 5215 0 2399999999999999
112 93 79 74 78 92111131145149141123 98 71 49 34 30 37 53 74 9511312312520 315OW 851149224512599999999999999 3 4 731551 3099999999999999
120110100 94 93 98108121132139137128112 91 71 54 43 39 44 54 69 8510011020 316OW 920139999999999999999999999 341 921656 3999999999999999
116117114111108107110115121126128125118107 92 77 63 52 46 46 52 62 75 9020 317OW 044117 95912899999999999999 4431071831 4599999999999999
103114120122121118114112111113115117117115109 99 86 72 58 48 43 45 54 6820 318OW 3 6122114511799999999999999 7481112013 4399999999999999
 86103118128131129122113105101100104110116119117108 94 77 59 45 37 38 4920 319OW 4 113114 811999999999999999 9351002122 3799999999999999
 67 89111128138138130117103 92 87 89 98110121127126116 98 76 54 37 30 3420 320OW 4321391522128999999999999991013 8722 9 3099999999999999
 49 73 99123140145139125106 88 77 75 83 98116131138134119 96 69 45 29 2520 321OW 4581451610138999999999999991041 742246 2599999999999999
 35 57 86115137149147133112 88 71 63 68 83105127143147138117 88 58 34 2320 322OW 52215016491479999999999999911 7 632317 2299999999999999
 26 44 72104132149153142120 93 69 55 54 67 90117140153151135108 76 46 2720 323OW 5441541724154999999999999991133 522346 2399999999999999
 23 35 60 92123146156150129101 72 51 43 52 73102130151158150127 95 63 3820 324OW 6 61561757158999999999999991158 43999999999999999999999
 27 31 51 81114141156155138110 78 52 37 39 56 84115142158158142115 82 5420 325OW 626157183016099999999999999 013 261225 3699999999999999
 36 34 47 73104133153157146120 88 57 36 30 41 65 96127150159151130101 7220 326OW 64715819 315999999999999999 038 331252 3099999999999999
 50 41 48 68 96125147157150130 99 67 41 28 30 48 76108135152154141117 9020 327OW 7 7157193715599999999999999 1 4 411320 2799999999999999
 66 53 53 67 90117140153152137111 79 50 31 26 36 58 8811713814814512910620 328OW 727154201314999999999999999 129 511350 2699999999999999
 84 68 63 70 87109131146150141120 92 63 41 29 30 45 68 9612013614113411820 329OW 748150205314199999999999999 156 631423 2899999999999999
100 84 75 76 87104123138145141127104 78 54 38 32 37 53 75 9811812913112520 330OW 810145214313199999999999999 224 7515 1 3299999999999999
113100 90 87 91102115128137137130114 93 72 53 41 38 44 57 76 9511012012320 331OW 835138225512399999999999999 256 871551 3899999999999999
120113106101100103111119126130128120106 90 73 57 47 43 46 56 70 8610111320 4 1OW 9 9130999999999999999999999 34210017 4 4399999999999999
119121120116112110109112115118121120115107 95 80 65 52 44 43 48 60 76 9420 4 2OW 058121101812199999999999999 5341091843 4399999999999999
110122129130127120113107104104108113117119116106 92 73 55 41 34 37 49 6820 4 3OW 245130125411999999999999999 8251042014 3499999999999999
 91113131141142135122108 96 90 90 98109121129130121103 79 54 34 24 26 4120 4 4OW 337142143513199999999999999 926 892120 2399999999999999
 66 95123144153150136116 95 79 72 76 91111131145147135112 81 50 25 14 2020 4 5OW 41415415401479999999999999910 6 722211 1499999999999999
 40 72107138158163152129100 74 57 54 66 89118144161162146116 79 44 19 1120 4 6OW 4481631634163999999999999991042 532256 1199999999999999
 22 49 86124154169165145113 79 50 36 39 60 92127157173171151116 76 41 1920 4 7OW 5191701723175999999999999991119 352338 1599999999999999
 17 34 66106142167173160130 92 55 28 20 31 59 98137166180174149112 73 4220 4 8OW 5491741811180999999999999991156 20999999999999999999999
 27 31 54 89127158174170147110 69 33 12 11 30 64105143170179169143108 7320 4 9OW 619175185917999999999999999 017 261234  999999999999999
 49 42 52 78112145167172159129 89 49 19  5 11 34 7011014516717215913410420 410OW 647173194717299999999999999 055 421312  599999999999999
 77 62 61 76102131156168164143109 71 36 13  7 17 43 7711214115815914712620 411OW 715168203716199999999999999 131 601353  699999999999999
103 85 77 82 98120142158161149125 93 60 32 17 15 28 52 8211113314514613620 412OW 743161213114799999999999999 2 7 771436 1499999999999999
121106 96 93100114130145151148133110 83 57 37 27 28 40 60 8410612313313420 413OW 811152223913599999999999999 244 931523 2699999999999999
129120111106106112121131138140134120101 81 61 47 40 41 50 64 82 9911412320 414OW 842140999999999999999999999 3301051623 3999999999999999
127126123118114113115119124127126121112100 85 71 59 52 50 55 65 78 9310720 415OW 019127 92412799999999999999 4511131745 5099999999999999
119126129128123118113111110112114115115111104 94 82 69 60 55 55 62 74 9020 416OW 2 9129112111599999999999999 7421101924 5499999999999999
106121131135132125115106 99 97 98103110115117113104 90 75 62 54 53 59 7320 417OW 3 7135134911799999999999999 9 5 972040 5299999999999999
 92111128138140134121106 93 84 83 88 99111122126123111 94 76 59 50 50 5920 418OW 34314015 412699999999999999 942 822132 4899999999999999
 77100122138146142129110 91 75 69 72 84101119132136130115 93 71 54 46 5020 419OW 4111461554136999999999999991011 682211 4699999999999999
 65 88113135149150139118 93 71 58 56 67 87110131144145134113 87 64 49 4520 420OW 4351511635146999999999999991038 552245 4599999999999999
 55 76103129148155148128100 73 52 44 50 69 96123144154149132106 79 57 4720 421OW 45915517111549999999999999911 4 442315 4699999999999999
 50 67 93122145157155138110 78 51 35 35 50 77109137155159148126 97 71 5420 422OW 5211581746160999999999999991131 332344 5099999999999999
 51 62 85113139157160147121 88 56 33 25 34 58 90123149162159143116 88 6720 423OW 5421601820163999999999999991158 25999999999999999999999
 57 61 79105132153161154132100 65 36 20 22 40 70104136157164154133106 8220 424OW 6 4161185416499999999999999 011 561226 1999999999999999
 67 65 76 98124146160158142113 78 46 23 16 26 50 83117145160160146123 9920 425OW 626161192916199999999999999 039 641255 1699999999999999
 80 72 77 93116138154159148125 93 59 32 18 19 35 63 9612614815715213611520 426OW 64815920 715799999999999999 1 7 721326 1699999999999999
 95 83 82 91109129146155151134108 76 47 27 19 26 46 7410413014615014312720 427OW 712155204915099999999999999 137 8114 1 1999999999999999
110 96 90 93105121137147149139120 93 66 42 28 25 35 55 8110712814014213520 428OW 739149214114299999999999999 210 901441 2599999999999999
123111102 99104114126137142139128109 86 63 44 34 33 43 61 8310512313313620 429OW 810142225113699999999999999 251 991533 3299999999999999
132124115109107110117124131133129119104 86 67 52 42 40 47 61 8010011712820 430OW 855133999999999999999999999 3541071642 4099999999999999
134134129122115111110111116120123123118108 94 77 61 49 44 47 57 74 9411320 5 1OW 025135102512399999999999999 5531091810 4499999999999999
128138140136127117107101 99102108116122123118106 90 71 55 44 43 52 69 9220 5 2OW 150140124412399999999999999 751 991937 4399999999999999
115134146148141128111 95 84 82 87 99113127134133121102 79 57 43 40 49 6920 5 3OW 245148142113599999999999999 851 812045 3999999999999999
 95123144156155142121 97 76 63 62 73 93116137149149135112 83 58 41 39 5120 5 4OW 326157152915199999999999999 935 612141 3899999999999999
 75106135157165158137107 77 53 41 45 63 92123149163162145117 86 58 43 4320 5 5OW 4 21651625165999999999999991015 402229 4199999999999999
 60 88121150168169154124 87 53 29 22 33 59 95132161174171150120 87 61 4920 5 6OW 4351711717175999999999999991054 222313 4899999999999999
 54 74105138164175167143106 65 31 11 10 28 61102141169180173150119 88 6620 5 7OW 5 717518 7180999999999999991133  82354 5999999999999999
 59 69 93124154172175159127 86 45 14  0  5 30 67109147171179169146117 9020 5 8OW 5381761856179999999999999991213 -1999999999999999999999
 74 73 87112140164174168145109 68 30  5 -2 10 38 7611614916917316113911420 5 9OW 610175194417499999999999999 034 721253 -299999999999999
 94 85 89104127151167169157129 93 55 24  6  4 20 49 8412014716216315213320 510OW 641170203316599999999999999 113 841334  399999999999999
113 99 95102118137154163159142114 81 49 25 13 16 33 60 9212114215315214220 511OW 713163212515499999999999999 152 951417 1399999999999999
128114105104112125139150153145128103 75 50 32 26 31 47 70 9611913614414320 512OW 747153222314599999999999999 23510415 3 2699999999999999
135125115110110116125135141140132117 96 75 56 44 40 45 59 78 9811713013720 513OW 826142233113899999999999999 3281091555 4099999999999999
137132125117112111114120125129128122111 96 80 66 56 52 56 67 81 9811412720 514OW 920129999999999999999999999 4451111659 5299999999999999
134136132125117110107106109113117119117110100 88 76 66 62 63 71 83 9911420 515OW 047136105811999999999999999 6351061816 6199999999999999
127135137133125114104 97 94 96102109115117115108 97 84 73 67 66 73 8510120 516OW 15013713 311799999999999999 8 3 941933 6699999999999999
118132140141134121106 92 83 80 84 94106117123123116104 90 76 68 68 75 8920 517OW 235141143012499999999999999 853 802036 6799999999999999
107125140146143131113 93 76 67 67 76 91109124133132124108 91 76 68 69 7920 518OW 311146152913499999999999999 930 662125 6799999999999999
 96117136148150141122 98 75 58 52 57 73 95118135143140128109 90 75 68 7320 519OW 34115116151449999999999999910 2 5222 6 6899999999999999
 87108130147155150133108 79 55 41 41 54 77104130147152145129107 86 73 7120 520OW 4 81551655153999999999999991032 392242 7199999999999999
 80 99122143157157144120 88 58 36 28 35 56 86118143158158146125102 83 7420 521OW 43315917331609999999999999911 2 282315 7499999999999999
 77 92114137155162154132101 67 38 21 21 37 65 99132155164160143119 97 8220 522OW 45916218 9165999999999999991132 192347 7899999999999999
 78 87106129150162161145116 81 47 22 13 21 44 78113144162166156136113 9320 523OW 52516318461679999999999999912 3 13999999999999999999999
 84 86100121143159164154131 98 62 31 13 11 27 55 9112615216516415012910720 524OW 551164192316699999999999999 019 831235 1099999999999999
 93 89 96112133152162159143115 80 47 22 11 16 36 6810313415516315814212220 525OW 62016320 416399999999999999 052 881311 1099999999999999
105 95 96106123141155159151130100 67 38 19 14 24 47 7811113815415815013520 526OW 651159204815899999999999999 127 941350 1499999999999999
118105 99103114129144153152140118 90 61 36 22 21 34 57 8611513815115214520 527OW 726154213915399999999999999 2 7 991434 2099999999999999
131117107104108118130141146143131110 85 60 40 30 30 43 64 9011613514614820 528OW 810147223914899999999999999 2581041526 2999999999999999
141130118109106108115125133138135125108 87 66 49 39 40 50 69 9211513314420 529OW 910138234614799999999999999 4 61061628 3899999999999999
146141131119109103102107114123129130124112 95 76 60 49 48 56 72 9311513420 530OW1041130999999999999999999999 5371021740 4799999999999999
145148143132118104 94 90 92100111122129129121107 89 71 59 54 60 75 9611820 531OW 052148123113099999999999999 7 5 901856 5499999999999999
137150153146131111 92 78 72 75 86102119133138134121102 82 67 60 65 7910120 6 1OW 14715314 513899999999999999 811 7220 6 6099999999999999
125145157157146125100 76 58 52 57 74 97121140150147134113 91 73 66 70 8620 6 2OW 232158151815099999999999999 9 3 5221 8 6699999999999999
110134154164160143115 84 56 37 33 43 66 96126150162159144121 97 79 72 7820 6 3OW 313164162016299999999999999 949 3222 2 7299999999999999
 96121146164169159135102 66 36 19 18 34 63 99134159171167150125101 84 7920 6 4OW 3511691714171999999999999991032 162251 7999999999999999
 88108134157171171154124 86 48 19  5 10 32 66106142167176170151126103 8820 6 5OW 42817318 5176999999999999991115  52336 8699999999999999
 87 99121146166175168145110 70 33  8 -1  9 36 7411414817017716814812410320 6 6OW 5 51751853177999999999999991157 -1999999999999999999999
 93 96110132155170173161133 96 57 24  4  1 16 46 8412215217017316114112020 6 7OW 542174193917399999999999999 019 921239  099999999999999
104 98104119140159170167150120 84 48 20  6  9 28 58 9412815416616515213420 6 8OW 619170202416799999999999999 1 0 981320  599999999999999
115104102110126144159164157138108 75 44 23 15 22 43 7210413315316015614320 6 9OW 65716421 716099999999999999 14110114 2 1599999999999999
126112104105114129144154155145125 98 70 45 30 28 38 58 8511213514915314720 610OW 737156215115399999999999999 2241031443 2799999999999999
135121109104106115128139146144134115 92 69 51 41 42 53 72 9511813614614720 611OW 821146223614799999999999999 3121041526 4099999999999999
140129116107103105112122131135133124109 90 73 59 53 56 67 8410312213614320 612OW 913135232614399999999999999 4101031613 5399999999999999
142135125113104 99100105113120125124118107 93 80 70 65 68 78 9210912413620 613OW1024125999999999999999999999 523 9917 7 6599999999999999
141140133122110 99 92 91 95102111117120117110100 89 80 76 77 85 9811312720 614OW 01914212 112099999999999999 642 911812 7599999999999999
138142140132118103 90 82 79 84 93104114121122117108 98 88 83 84 9110311720 615OW 112143134112299999999999999 750 791923 8399999999999999
131142145141129112 94 78 68 66 73 86102116127130126117105 94 88 88 9510820 616OW 158145145713099999999999999 841 662028 8799999999999999
123138147148140124102 80 62 53 54 66 84105124136140135123109 97 90 9110020 617OW 239149155414099999999999999 922 522123 8999999999999999
114131145153150136114 88 63 45 39 46 63 88114135148150142127110 97 91 9420 618OW 315153164015099999999999999 959 3922 9 9199999999999999
106123141153157148128100 70 45 30 29 42 67 97126148158156144126108 96 9320 619OW 3481571721159999999999999991034 282250 9299999999999999
 99114133151160158143117 84 52 28 18 24 44 75109139159165159143123105 9520 620OW 42116118 01659999999999999911 9 182327 9499999999999999
 95106124144160165156134102 67 35 15 11 24 51 8612115016616815713811710120 621OW 4541651838169999999999999991145 11999999999999999999999
 95100115135154165165150123 87 51 23  8 10 29 61 9813315817016715313211220 622OW 528167191717199999999999999 0 4 951222  799999999999999
 99 97106123143160167162142111 74 40 15  6 14 38 7211014216317016314612520 623OW 6 5168195817099999999999999 042 9613 2  699999999999999
107 98100111130149162165155132 99 64 33 14 10 23 49 8411914716416615613820 624OW 645166204116799999999999999 122 971344  999999999999999
119104 98102115133150160160147123 91 59 33 18 19 34 62 9512615016216114920 625OW 729162212516399999999999999 2 6 981428 1799999999999999
132114101 97102115131146154152139116 88 60 38 28 31 48 7410413115115915620 626OW 820155221116099999999999999 256 971516 2799999999999999
143126110 98 94 99111125138146144133114 90 66 49 41 46 61 8511213515115620 627OW 92214623 015699999999999999 356 9416 9 4199999999999999
152139122105 93 88 92101115128136138131116 97 78 63 56 61 74 9511813815120 628OW1040138235215599999999999999 5 6 8817 7 5699999999999999
155149135117 99 85 78 80 88102116128134132123108 92 78 72 74 8610312314120 629OW1216134999999999999999999999 621 781814 7299999999999999
152155148132112 91 74 65 64 73 88107123135138133121106 93 85 86 9511012820 630OW 045155135413899999999999999 732 631927 8499999999999999
145155156147129105 81 61 49 48 58 77100123140147145135119105 95 9410111620 7 1OW 137157151614899999999999999 834 472039 9399999999999999
134150160159147125 97 69 46 33 33 47 70 99126147158156145128112101 9810620 7 2OW 228161162215899999999999999 928 322144 9899999999999999
121140156165162146120 87 56 31 19 22 40 6910213315616716415113211410210120 7 3OW 3161651717167999999999999991018 19223910099999999999999
110127146162169163143112 76 43 19 10 17 40 7311014216417316715113011210220 7 4OW 4 216918 51739999999999999911 4 10232610199999999999999
102114133153168172161137102 65 32 11  6 19 46 8212015117017416514612510720 7 5OW 4461721847175999999999999991147  6999999999999999999999
100104119140159171171156128 91 54 25  8  9 27 57 9513115817217115813711620 7 6OW 528173192617499999999999999 0 81001228  799999999999999
102 99107124145163172166147117 80 46 22 11 18 40 7310914116217016414712620 7 7OW 6 917220 217099999999999999 047 9813 6 1199999999999999
108 98 99110129149164168158136105 71 42 24 20 32 57 8912214816316415313520 7 8OW 649168203616599999999999999 125 971343 2099999999999999
115101 95100114132150160160147124 94 64 42 31 34 50 7610613315216015614220 7 9OW 72816221 816099999999999999 2 2 951418 3099999999999999
124106 95 93101116133147153150135112 86 63 47 42 50 68 9311914115315514720 710OW 8 9154214015699999999999999 242 931452 4299999999999999
132114100 92 92101115129140144138124104 83 66 56 57 67 8610812914415114920 711OW 854144221515299999999999999 326 911527 5599999999999999
139124108 95 89 90 98110123131134129117101 86 74 69 73 8410011813414514820 712OW 949134225314899999999999999 420 8916 7 6999999999999999
143132118103 91 85 86 93103114122125123115104 93 85 83 87 9711012513714420 713OW11 3125233814699999999999999 523 851654 8399999999999999
145139128113 98 86 79 79 84 94105115121122119112104 97 95 9810511612813820 714OW1243123999999999999999999999 634 781759 9599999999999999
144144137125109 93 79 70 68 74 85 9911212312812712211510810410411011912920 715OW 032144142312899999999999999 742 68192310499999999999999
139145144137123104 84 68 58 57 64 79 9711512913713813212311410810711112020 716OW 128145153613899999999999999 838 56204310799999999999999
132142148147137119 96 73 54 44 45 56 7610012214014814814012811610810711220 717OW 221149162714999999999999999 926 43214510699999999999999
123136148154150136113 86 59 39 31 35 53 7810713415215915614412911410510520 718OW 3 815417101599999999999999910 9 31223310499999999999999
113127143156160152133105 73 44 25 19 30 53 8511914616316715914312410910120 719OW 3521601749168999999999999991050 19231410199999999999999
104116134152164165153127 94 58 29 12 12 29 59 9613115817217115813811710220 720OW 4351671826174999999999999991130 102353 9799999999999999
 98105122143162172168150120 82 45 17  5 11 34 6910914416817717015212910820 721OW 51717219 4177999999999999991211  4999999999999999999999
 95 95107128150169176168145110 71 35 11  4 16 44 8312215517417716514311820 722OW 6 0176194117899999999999999 031 941252  499999999999999
 99 90 94110133156172175164137101 62 30 11 10 28 59 9813516217517215613120 723OW 645176201817699999999999999 111 901333  899999999999999
107 91 86 93112135157170171157129 94 59 32 19 24 44 7711314516717316414420 724OW 732173205517399999999999999 154 851415 1999999999999999
120 98 84 82 92111134153164163148122 91 61 41 34 42 64 9512715216716715420 725OW 824165213116999999999999999 240 811457 3499999999999999
133110 90 78 78 89107128145154153140118 93 70 56 53 64 8511113715616416020 726OW 92215522 916499999999999999 331 771542 5399999999999999
145124102 84 74 74 83 99118134143143134119100 84 75 75 8410212314315615920 727OW1032144225115999999999999999 430 721631 7399999999999999
153138117 96 79 69 67 75 88105121132137134125112101 94 9410111413014415420 728OW12 5137234115699999999999999 539 671731 9399999999999999
155148134114 93 75 63 59 64 76 9211012513513813412611711010811212013214420 729OW1356138999999999999999999999 657 59185310899999999999999
152153147133113 91 71 55 49 51 63 8210312313814614614013012011511512113120 730OW 043154152914799999999999999 812 48202811499999999999999
143152155149135114 89 65 46 37 40 53 7510212714615615714913612411511311920 731OW 153155163215899999999999999 917 37214511399999999999999
130144155159153137113 84 56 36 27 31 49 7610713515616616415213612011010920 8 1OW 2571591718166999999999999991011 27223910899999999999999
116131148160165157137109 76 47 26 20 28 51 8211714616617216514912811110220 8 2OW 3531651757172999999999999991057 20232110299999999999999
104116135154167169158134101 66 37 19 17 32 60 9513015817317316013911710120 8 3OW 4401701830174999999999999991137 162356 9599999999999999
 95102119141161173171155126 90 56 29 17 21 42 7511114416717516714912510420 8 4OW 52317419 1175999999999999991214 16999999999999999999999
 91 91104125149167175168146114 78 46 26 21 33 59 9412815617117115713411020 8 5OW 6 2175192917399999999999999 029 901247 2099999999999999
 92 85 91109132155170172160134101 67 41 28 32 50 8011314416417016214211820 8 6OW 639173195517099999999999999 1 1 851318 2799999999999999
 96 83 82 94115138158168165148120 89 60 42 38 48 7110113115516616414912720 8 7OW 716168202016799999999999999 133 811347 3799999999999999
103 86 78 83 98120141157161154134108 81 60 50 53 68 9312014516016315413520 8 8OW 753162204516499999999999999 2 7 781416 4999999999999999
113 92 79 77 85102122140151152141122 99 79 65 63 71 8911213515215915614220 8 9OW 833153211116099999999999999 243 761445 6299999999999999
123102 85 76 77 87103121135142141130115 97 83 77 79 9010712614315315414720 810OW 919143213915599999999999999 325 751515 7699999999999999
132113 95 82 75 77 87101116127133132124113101 93 91 9610612013414515014820 811OW1018133221115099999999999999 415 751551 9199999999999999
138124107 92 80 74 76 83 9510811912512712311711110610510911712613614314520 812OW1146127225614599999999999999 518 74164110599999999999999
142133120105 90 78 71 70 76 8710011212212712912712311811611712112713413920 813OW1349129999999999999999999999 634 70181411699999999999999
142140132120105 88 74 64 61 66 77 9310912413413913813412812211912012413120 814OW 0 6142152213999999999999999 751 61201811999999999999999
138142142136123104 84 66 53 49 55 69 8911213114515114914213112211611512020 815OW 130143161515199999999999999 855 49213511599999999999999
130140148149142125102 76 54 39 35 45 64 9111914315816315714412911510810920 816OW 240150165416399999999999999 947 35222310799999999999999
118132147157158148126 97 66 39 24 24 38 65 99132157170171159140120105 9920 817OW 3361591730172999999999999991032 2223 2 9999999999999999
104119139158169168152124 88 53 25 12 17 39 73111146170179173154130107 9220 818OW 42517018 4179999999999999991114 122338 9099999999999999
 91102123148169179174153119 78 41 15  6 18 47 86127161180183169143115 9220 819OW 5111791838184999999999999991155  6999999999999999999999
 81 85102129157178186176149111 69 32 11  9 28 62104143173185179158128 9920 820OW 557186191118599999999999999 015 801235  799999999999999
 78 72 82105135163183186172142103 62 31 16 22 45 8212315818018317014311120 821OW 643187194318499999999999999 053 721315 1699999999999999
 83 67 66 81107138165181181164134 97 62 38 31 42 6910414016818017615612620 822OW 731183201418199999999999999 133 641353 3199999999999999
 95 71 60 63 81108137161174171154126 95 68 53 52 67 9312515317117516414020 823OW 821174204517699999999999999 215 591432 5099999999999999
111 83 64 57 63 81106132152161159144122 99 81 73 77 9211513915916916615120 824OW 917162211616999999999999999 3 2 571511 7299999999999999
127101 77 62 57 63 79101122139147147138123109 98 94 9911212914615816115520 825OW1025148215116299999999999999 355 571555 9499999999999999
140119 97 77 64 59 63 75 9211012513513913613012211511311712513614615215320 826OW12 4139223715499999999999999 5 1 59165311399999999999999
147134117 98 80 67 60 60 68 81 9711312713614013913513012612512813414014520 827OW1416141235414799999999999999 627 59184212599999999999999
147144135121103 85 69 58 54 58 70 8710712614014915014613813012512312613220 828OW1542150999999999999999999999 758 54205012399999999999999
140145146140127109 88 67 52 46 49 63 8310813114915915915113912611711411820 829OW 139146163016099999999999999 910 46215511499999999999999
127139149153148133112 86 62 44 37 43 61 8711614216016716214913111510510420 830OW 25815317 41679999999999999910 3 37223610399999999999999
112127144157161154136109 79 53 36 32 43 66 98129155170170159139117100 9220 831OW 3541611734172999999999999991045 3123 8 9299999999999999
 97112132153166168157133101 69 43 30 32 50 79114145167175167148123100 8620 9 1OW 43916918 0175999999999999991121 292338 8399999999999999
 84 95117142163174171153124 89 57 36 29 40 65 98133160174173157132105 8420 9 2OW 5181751825176999999999999991153 29999999999999999999999
 75 81100126152171177167144111 76 49 34 37 55 85120150170175164141112 8620 9 3OW 553177184817599999999999999 0 6 751222 3399999999999999
 71 70 83108136161175175159130 97 66 46 40 52 76108140164174169149121 9320 9 4OW 628177191017499999999999999 034 681249 4099999999999999
 72 63 70 90118145166174167146116 86 62 50 54 72 9913015617017015613110220 9 5OW 7 2174193117299999999999999 1 3 631315 5099999999999999
 77 62 62 75 99126151165167155132105 80 64 62 73 9412114716416916014011320 9 6OW 737168195216999999999999999 132 601341 6199999999999999
 86 67 59 65 82106131151160157142121 98 81 74 78 9311513815616516114612320 9 7OW 814161201316599999999999999 2 4 5914 7 7499999999999999
 98 76 62 61 70 89111132147151146131114 98 88 88 9611213114815815915013220 9 8OW 856151203616099999999999999 239 601434 8799999999999999
110 88 71 63 65 75 9311212913914113612511310410010311212513914915314913820 9 9OW 94714221 015399999999999999 320 6215 510099999999999999
121102 84 72 66 68 78 9210812113013313112611911511311712313214014514514020 910OW11 3133213314699999999999999 413 66154611399999999999999
130116100 86 75 69 69 75 8610011312313013313212912612512512713113513813820 911OW1315133223513899999999999999 527 68172212499999999999999
135128117104 90 77 68 64 67 77 9010612013214014214113613112612412412713120 912OW15 3142999999999999999999999 7 1 64202012499999999999999
135136133124110 93 75 62 54 55 65 8210312414115215515014113012011411512020 913OW 049136155215599999999999999 822 54212911499999999999999
129139145144134117 94 70 51 41 42 56 7910713415416516515413812110710110520 914OW 224145162716699999999999999 922 4022 810199999999999999
116133148158157144120 90 60 37 27 32 52 83117148169176169151127105 90 8820 915OW 32615917 0176999999999999991011 272243 8799999999999999
 97117141162173170151120 84 49 26 18 29 57 94133164181182166139110 85 7320 916OW 4181731731184999999999999991054 182318 7299999999999999
 76 94122152175185178153117 76 40 19 18 36 70112151178188180155121 88 6520 917OW 5 518618 2188999999999999991134 162353 5899999999999999
 58 69 95129163186193181151110 69 37 22 27 53 91132167187188169137 99 6720 918OW 5521931832190999999999999991214 21999999999999999999999
 49 49 67 99136170190193177144104 67 41 34 46 76114152179189179153116 7920 919OW 63919519 118999999999999999 030 461252 3499999999999999
 50 38 45 69103140171188187168137101 71 54 54 71101136166183183165134 9620 920OW 726190193018599999999999999 1 9 381329 5199999999999999
 63 41 35 47 73106140166179175157130102 81 72 78 9712415117217917014811620 921OW 817179195817999999999999999 149 3514 6 7299999999999999
 82 55 39 38 52 77107135156165161147127109 96 9410211914015816916815513220 922OW 912165202717099999999999999 234 371444 9399999999999999
104 76 55 45 46 58 7910312614215014914112911911311312013214615616015514220 923OW1022151205816099999999999999 324 44152711299999999999999
122100 79 62 54 54 63 78 9611412913814214013613012712613013614314714814420 924OW12 9142214014899999999999999 428 53163512699999999999999
134120103 87 72 63 60 64 73 8710311913214114414414013613213013013213513720 925OW1421145232013799999999999999 557 60191713099999999999999
137132124112 97 82 69 62 61 67 79 9711513314515215214613712812111812012520 926OW1527153999999999999999999999 738 6021 711899999999999999
131137138133121105 87 70 59 55 61 75 9611914015416015614413011610610410920 927OW 14213816 416099999999999999 853 55214910499999999999999
120132143147142129109 86 66 52 50 58 78103130151163164153136116 99 91 9320 928OW 3 0147163216599999999999999 945 492220 9099999999999999
104121139153157149131106 80 58 46 48 62 87117144163170162144120 97 82 7820 929OW 3521571657170999999999999991024 452248 7899999999999999
 87106129151164164151128 98 70 50 44 52 74103135159172169153127100 77 6720 930OW 4331661721173999999999999991057 442314 6699999999999999
 71 88114141162172167147119 87 61 46 47 64 91124152171174162137106 78 602010 1OW 5 91721743175999999999999991126 452340 5799999999999999
 58 71 96126154172175163138107 77 56 49 59 82113144166175168146115 83 592010 2OW 54317618 4176999999999999991154 49999999999999999999999
 49 56 77107139164176173154126 95 70 57 60 77104135160174172155126 92 632010 3OW 616177182417599999999999999 0 7 491220 5699999999999999
 46 45 60 88120150170175165142113 87 69 65 76 98126152170173161136104 722010 4OW 650175184417499999999999999 034 441246 6599999999999999
 49 41 48 70100132157170169154130104 84 75 79 95119144163171165145116 842010 5OW 72417119 417199999999999999 1 2 411311 7599999999999999
 58 42 42 56 81111139158165159142120100 88 86 96114136155165164150126 972010 6OW 8 0165192516699999999999999 132 401337 8599999999999999
 70 50 43 49 66 92119141154156148132115102 961001121291461571601521351102010 7OW 840157194616099999999999999 2 4 4314 5 9699999999999999
 85 63 50 48 57 75 981201381471461391271161081081141251371481531501391212010 8OW 92814820 915399999999999999 241 48143610799999999999999
100 80 64 55 55 64 80 991171311381391351281221181191231311381431441391292010 9OW1038139203814499999999999999 328 54152211899999999999999
114 98 82 69 61 61 67 79 94109123132137137134131128126127129132134134131201010OW1235137213513499999999999999 436 60171612699999999999999
125115103 89 76 66 62 64 72 85101117131140145144140133126122119120123127201011OW1421145999999999999999999999 613 61201411999999999999999
130129124113 98 82 67 57 55 62 76 96117136150156153144131118109105107115201012OW 023130151215699999999999999 745 5521 810599999999999999
126135140137126107 84 63 49 44 52 71 97124148163166158142121102 90 87 95201013OW 211140154716699999999999999 851 442144 8799999999999999
111131147156153138113 83 57 39 36 48 73105137162175172156130103 80 69 71201014OW 316157162017699999999999999 943 352219 6899999999999999
 88113141162172167146115 80 50 33 34 52 83120154177183171145111 79 56 49201015OW 4 91731650183999999999999991028 312254 4999999999999999
 60 85119153177186176150113 76 47 34 40 65101139171187183162127 87 54 35201016OW 4591861720188999999999999991110 332330 3299999999999999
 35 54 88127164187193178148110 74 49 43 56 85122158183189176145104 63 33201017OW 5461931750190999999999999991150 42999999999999999999999
 20 27 54 93135170191192175143107 76 58 59 77108143172187184161125 82 44201018OW 634194182018899999999999999 0 7 201229 5699999999999999
 19 14 28 59 99140171187185167138107 83 73 80100129158178184172143105 65201019OW 723189184918499999999999999 047 1313 7 7399999999999999
 33 15 16 34 66104140166178174157133110 94 91101120144165176173155125 90201020OW 814178191817799999999999999 127 131345 9199999999999999
 56 31 20 25 44 74106136156165161148131116107108118134151163167159139112201021OW 910165194816799999999999999 211 20142510699999999999999
 82 56 38 32 38 55 79105128145152150142132123119120128138148154153144127201022OW1018152202115599999999999999 3 0 32151411999999999999999
105 83 63 50 46 50 63 81101120134142144141136130127126129134138141139132201023OW115214421 714199999999999999 4 0 46164012699999999999999
121106 90 75 64 58 59 67 80 96112127138143144141135128124122122124127128201024OW133814423 112899999999999999 520 58191812199999999999999
126121112100 87 75 67 64 67 77 92109126140147148143134123114108107110116201025OW1440149999999999999999999999 656 64204410799999999999999
123127127122111 96 81 69 64 66 76 92112132146153152142127111 98 92 92100201026OW 129128151815499999999999999 815 632123 9199999999999999
112125134137131118100 82 68 61 65 78 98121142155158151134113 94 80 76 82201027OW 248137154715999999999999999 910 612153 7699999999999999
 97116133145146138120 99 78 64 60 67 85109134154163159143120 94 73 63 65201028OW 340147161316399999999999999 951 592221 6299999999999999
 78101125145155154140118 93 72 61 61 75 98125149164166153129 99 72 54 50201029OW 4221561636167999999999999991026 592248 4999999999999999
 60 82110138157164156137111 86 68 61 69 89115142162169161139108 76 51 39201030OW 4581641659169999999999999991057 612314 3999999999999999
 43 63 92124151167167154130103 80 67 68 82107134158170167149120 85 54 34201031OW 5331691720171999999999999991126 652341 3099999999999999
 31 45 72106138162172166147121 95 77 71 79 99126151167171158131 97 62 362011 1OW 6 71721742171999999999999991154 71999999999999999999999
 25 31 53 85121150168171159137111 90 79 81 95118143162170163142110 74 442011 2OW 64117218 417099999999999999 0 9 241221 7899999999999999
 25 23 38 65100133158169166150127104 89 85 94112134154166165150123 89 572011 3OW 715170182616899999999999999 037 221249 8599999999999999
 32 22 28 49 79112141160165156139119102 93 95108126145159163154133104 732011 4OW 752165184916399999999999999 1 8 221317 9399999999999999
 46 29 26 38 61 91121144156157147131115104101107120136150157154140117 902011 5OW 832158191415799999999999999 141 26134910199999999999999
 63 42 32 34 49 72 981231411501481391271151091091161271391471491421271062011 6OW 920150194314999999999999999 219 31142710899999999999999
 82 60 45 39 43 57 781001211361431421361271201161161211281351391381311182011 7OW1024143202013999999999999999 3 5 39152511599999999999999
101 82 65 52 47 50 61 78 981161301391411381321251201181181211251281281242011 8OW1151141213412899999999999999 4 8 47171811899999999999999
116104 89 74 61 54 53 61 75 931121281401451441381291191121081081111171222011 9OW1319145999999999999999999999 531 53192810799999999999999
124122114101 84 69 57 53 58 71 90111131146152150141127111 98 91 91 97109201110OW 0 2124141615399999999999999 7 0 532031 9099999999999999
121131134128114 95 74 58 51 54 68 90116139156161155139117 94 77 69 72 86201111OW 152134145816199999999999999 813 502113 6999999999999999
105126143149144127103 78 58 49 53 71 97127152167168154129 99 71 52 47 56201112OW 3 3149153316999999999999999 911 482152 4799999999999999
 78107136157165157137108 79 58 50 58 80110142166176169147113 77 46 28 28201113OW 4 116516 71769999999999999910 0 502230 2699999999999999
 46 77113147170177166142110 80 60 56 68 94127157177180164133 92 52 22  9201114OW 4531771640181999999999999991046 5523 9  999999999999999
 16 42 80121157179184170143111 82 66 67 84112144170183177153114 70 31  5201115OW 5431841712183999999999999991128 652349 -299999999999999
 -2 12 44 86129164183184168140110 87 76 82101129158177182168137 95 52 16201116OW 6331861745182999999999999991210 76999999999999999999999
 -3 -3 16 51 94134165180178161136110 93 88 97117143165177174154120 79 40201117OW 722181181817899999999999999 030 -61250 8899999999999999
 11 -2  3 26 61100136162173168152131111100 99110129150166171161138105 68201118OW 812173185217199999999999999 112 -31331 9899999999999999
 36 14  7 16 39 71105135155162158144127113107109119135150159159147124 95201119OW 9 4162192716099999999999999 156  7141510699999999999999
 64 39 24 21 31 52 80108131147152148138126116112114122133143148144132113201120OW10 115220 714899999999999999 243 2015 811299999999999999
 90 67 48 37 37 46 63 86108127139144142134125118113114119125131134131122201121OW11 714421 013499999999999999 334 36162311399999999999999
108 90 73 60 52 51 58 72 89108124135140139133125117111108109113117120120201122OW1220140223012199999999999999 435 50181110899999999999999
116107 96 83 72 64 62 66 77 92108123134140140133123112102 96 95 98104111201123OW1324141999999999999999999999 548 621945 9599999999999999
115116112104 93 81 72 69 71 80 94110126138143141132118102 89 81 80 85 95201124OW 042116141314499999999999999 7 7 692040 8099999999999999
107117122120113101 88 77 72 74 83 98116133144147141127107 87 72 65 66 77201125OW 218122145014899999999999999 814 722118 6499999999999999
 93110124131130120106 90 78 73 76 88106126142151149137116 91 69 54 49 57201126OW 321131152115299999999999999 9 7 732151 4999999999999999
 74 96118134141137125107 90 77 74 81 96117137152155147127 99 71 48 37 39201127OW 4 8141154915699999999999999 950 742221 3699999999999999
 54 79106131146150142125105 87 77 77 89108130149159155138111 79 49 30 25201128OW 4481501616159999999999999991027 762250 2499999999999999
 35 58 89120144156155142122100 84 78 84100122143158161149124 91 57 30 16201129OW 52515816411619999999999999911 1 782319 1599999999999999
 19 38 68103134155162156138116 95 83 83 94113136154163157137106 69 37 15201130OW 6 016217 7163999999999999991133 812349  999999999999999
  9 21 47 82117146162163151131108 92 85 90106127148161162148121 86 50 212012 1OW 63516417341639999999999999912 4 85999999999999999999999
  7  9 29 60 96130154164159143122103 91 90100118139155162155134103 67 342012 2OW 71016418 116299999999999999 021  61235 8999999999999999
 12  6 16 40 74109139157161152134115 99 93 97110128146157157144119 86 532012 3OW 747161183015899999999999999 054  613 8 9399999999999999
 26 10 10 26 53 86118143155155144127110 99 97104118134147153148131105 742012 4OW 82815719 315399999999999999 130  81344 9699999999999999
 45 24 14 19 37 65 95123143151148137122109101101109121134143145137119 952012 5OW 913151194114599999999999999 210 14142910099999999999999
 68 44 27 22 29 48 731011251401461431331201091031031091191281351351271122012 6OW10 5146203113699999999999999 255 22152810299999999999999
 91 68 49 36 32 39 56 791031241381431401311201091021001031101181241251212012 7OW11 6143214712599999999999999 349 32165210099999999999999
110 94 75 58 46 42 48 62 83105124138143141132119106 96 90 90 961041131192012 8OW1211143233912099999999999999 455 421828 9099999999999999
120114102 87 71 58 52 55 67 85106126140147144133117 99 84 74 73 78 901042012 9OW1310147999999999999999999999 610 521943 7299999999999999
117124124116101 84 69 60 61 71 89111131146152146131109 86 66 54 52 61 78201210OW 12912514 115299999999999999 726 592039 5199999999999999
100120133137130115 96 78 67 66 76 95118140154157147126 97 68 44 31 32 46201211OW 252137144415899999999999999 835 652126 3099999999999999
 71100127145151144127105 84 72 71 83103128150162161145117 82 48 22 11 16201212OW 357151152516499999999999999 934 702211 1099999999999999
 37 69104136157163154134110 89 77 78 91114140160169162139104 64 28  3 -5201213OW 45416316 4169999999999999991026 752255 -599999999999999
  6 34 72112145166170159137112 91 81 85101126150168171158129 89 47 12-10201214OW 5461711643172999999999999991114 812338-1499999999999999
-12  5 37 79120152171172158135110 92 86 93111136158171169150117 75 33  1201215OW 6341731722172999999999999991158 86999999999999999999999
-15-12 10 46 88127157171168152129107 93 90101120144162170162139103 62 25201216OW 72117118 117099999999999999 020-161241 9099999999999999
 -2-12 -3 22 58 98133157166160143122103 93 95107127147161163151126 91 54201217OW 8 5166184116499999999999999 1 3-121322 9299999999999999
 22  2 -2 11 37 72107136154158150133114100 94 98111129145154152138112 81201218OW 847159192115599999999999999 144 -314 5 9499999999999999
 49 24 11 13 28 54 85115137149149139124108 97 94100112126139144139124101201219OW 92915120 314499999999999999 225 101450 9499999999999999
 74 50 32 25 30 46 70 96120136143140130116103 95 93 98108120128131125112201220OW1012143205113199999999999999 3 5 251545 9399999999999999
 93 73 55 43 40 47 62 83104122134138134124111100 92 90 93101109116118114201221OW1057138215311899999999999999 348 401653 9099999999999999
105 91 76 64 56 56 62 76 92109124132134130120108 96 87 83 84 89 97104108201222OW1147135232610899999999999999 435 551816 8399999999999999
108103 94 84 75 69 69 74 85 99113125132133128117104 90 78 72 72 77 85 95201223OW1241134999999999999999999999 534 681933 7199999999999999
103107106102 94 86 80 78 82 91103116127134134127114 97 80 66 58 58 65 77201224OW 123107133313599999999999999 649 782031 5799999999999999
 91104112115112104 95 87 84 86 94106119131137136126108 87 66 51 43 46 57201225OW 255115141913899999999999999 8 7 842116 4399999999999999
 74 94111122126122112101 91 86 89 97111125137141136121 99 73 50 34 29 37201226OW 35612615 014199999999999999 911 862153 2999999999999999
 54 78102122134136129116102 91 87 91102117133143144134113 85 56 32 19 19201227OW 44113615361459999999999999910 2 872228 1799999999999999
 33 57 87115135145143132115 99 89 87 94109127142149145128100 68 37 15  7201228OW 52014616 9149999999999999991043 8623 2  799999999999999
 14 36 66100128147152145130111 95 86 88100118137150153142118 85 49 20  2201229OW 5551521642153999999999999991119 862336 -199999999999999
  0 15 44 79114141155155143124104 89 85 92108128146155152134104 68 32  6201230OW 6301571716156999999999999991153 85999999999999999999999
 -6  0 22 55 93127150158153136115 97 86 87 98117138153157147124 89 52 18201231OW 7 5158175015799999999999999 010 -71227 8599999999999999
