 28 21 19 20 26 34 43 49 52 52 49 44 40 38 39 43 49 55 61 63 62 57 50 4120 1 1Q0 822 5219 9 6499999999999999 2 8 191313 3899999999999999
 34 27 23 23 26 31 39 46 50 52 51 48 44 41 40 40 43 47 52 56 57 55 50 4420 1 2Q0 9 4 521953 5799999999999999 240 231415 4099999999999999
 38 32 28 26 27 31 36 43 48 52 53 51 48 45 42 40 40 41 44 47 49 50 48 4520 1 3Q0 950 532048 5099999999999999 311 261548 4099999999999999
 41 36 32 30 29 31 35 40 46 51 54 54 53 50 46 43 40 37 37 38 40 42 43 4320 1 4Q01041 542219 4399999999999999 347 291746 3799999999999999
 42 39 37 34 33 33 35 39 44 50 54 56 57 55 51 47 42 37 33 31 32 33 36 3820 1 5Q01134 57999999999999999999999 429 321924 3199999999999999
 40 41 40 39 37 35 36 38 43 49 54 58 60 60 57 52 46 39 32 27 24 25 27 3120 1 6Q0 059 411222 6099999999999999 518 352028 2499999999999999
 36 40 42 43 41 39 38 39 42 47 53 59 63 65 64 59 52 44 35 26 20 17 18 2320 1 7Q0 236 4313 5 6599999999999999 611 382116 1799999999999999
 29 36 42 45 45 43 41 40 41 45 51 58 64 69 70 67 60 51 40 29 19 13 11 1420 1 8Q0 331 461345 7099999999999999 7 4 402157 1199999999999999
 20 30 39 46 48 48 45 42 41 42 47 55 63 70 75 74 69 60 48 35 23 13  7  620 1 9Q0 413 491426 7599999999999999 753 412236  699999999999999
 11 21 33 43 49 51 48 44 41 40 43 50 59 68 76 79 77 70 58 44 30 17  7  320 110Q0 450 5115 7 7999999999999999 841 402314  399999999999999
  5 13 25 37 47 52 51 47 42 39 40 44 52 62 73 80 82 78 68 55 39 25 12  420 111Q0 524 521549 8299999999999999 927 392352  299999999999999
  2  6 17 30 42 50 53 50 45 40 37 38 44 53 65 76 82 82 76 65 51 35 21 1020 112Q0 558 531632 83999999999999991012 37999999999999999999999
  4  4 11 23 36 47 53 53 48 42 36 35 37 44 54 66 76 81 79 72 60 46 31 1820 113Q0 630 531716 8199999999999999 028  31058 3599999999999999
 10  6  9 18 31 43 51 54 51 46 39 34 33 36 43 54 65 73 77 74 66 54 41 2820 114Q0 7 3 5418 1 7799999999999999 1 3  61146 3399999999999999
 18 12 12 17 27 39 48 54 54 50 44 37 32 32 35 42 52 61 68 69 66 58 48 3620 115Q0 736 551848 7099999999999999 136 111239 3199999999999999
 26 19 17 19 25 35 46 53 56 55 50 43 36 32 32 34 40 48 55 60 61 57 51 4220 116Q0 811 561939 6199999999999999 2 7 171341 3199999999999999
 34 27 23 22 26 34 43 52 57 58 56 50 44 37 33 32 33 37 42 48 51 51 49 4420 117Q0 850 582037 5199999999999999 235 2215 1 3299999999999999
 38 33 29 27 29 33 41 49 56 60 61 58 52 46 39 34 31 31 32 35 39 42 43 4220 118Q0 937 6122 8 4399999999999999 3 3 271649 3199999999999999
 40 37 34 32 32 34 39 46 54 60 63 63 61 55 49 42 35 30 27 26 28 31 34 3620 119Q01033 64999999999999999999999 335 321848 2699999999999999
 38 39 38 37 35 36 38 43 50 57 63 66 67 64 59 51 43 35 28 23 20 21 24 2820 120Q0 057 391139 6799999999999999 421 352018 2099999999999999
 33 38 40 41 40 39 39 41 46 52 59 65 69 70 67 62 53 43 33 24 18 14 15 2020 121Q0 244 411247 7099999999999999 528 382118 1499999999999999
 27 34 40 44 44 42 40 40 42 47 53 61 68 72 73 70 63 53 41 30 20 13 10 1220 122Q0 338 441344 7399999999999999 641 4022 3 1099999999999999
 19 28 38 44 47 47 44 41 40 42 47 55 63 71 75 76 71 62 51 37 25 15  9  820 123Q0 415 471433 7699999999999999 747 402242  799999999999999
 12 22 33 43 49 50 47 43 39 39 41 47 56 66 74 78 76 70 60 46 33 20 11  720 124Q0 448 501515 7899999999999999 843 382316  699999999999999
  8 16 27 39 48 52 51 46 41 37 37 41 48 58 69 76 78 75 67 55 41 27 16  920 125Q0 517 521554 7899999999999999 932 362347  799999999999999
  7 12 22 35 45 52 53 49 43 37 34 35 41 50 61 71 77 77 71 61 49 35 23 1420 126Q0 544 531630 78999999999999991016 34999999999999999999999
  9 11 19 30 42 50 54 52 47 40 34 32 34 41 52 63 72 75 73 65 54 42 29 1920 127Q0 610 5417 6 7599999999999999 015  91057 3299999999999999
 13 12 17 27 38 48 53 53 50 43 36 31 31 35 43 53 63 70 71 67 58 47 35 2520 128Q0 635 541741 7199999999999999 039 121137 3199999999999999
 18 15 18 25 35 45 52 54 52 47 40 34 30 31 36 44 54 62 66 65 59 50 40 3020 129Q0 7 1 541816 6699999999999999 1 1 151218 3099999999999999
 23 19 20 25 33 42 50 54 54 50 44 38 33 31 33 38 45 53 59 60 58 51 43 3420 130Q0 727 541852 6099999999999999 120 1913 1 3199999999999999
 27 23 22 25 32 40 48 53 55 53 48 42 37 33 32 34 39 44 50 53 53 50 44 3720 131Q0 756 551929 5499999999999999 138 221351 3299999999999999
 31 27 25 27 32 38 46 52 55 55 52 47 42 38 35 34 35 38 42 45 47 46 43 3920 2 1Q0 828 552012 4799999999999999 156 251458 3499999999999999
 34 31 29 29 32 38 44 50 55 56 55 52 48 43 39 36 34 34 35 37 39 41 40 3920 2 2Q0 9 6 562117 4199999999999999 215 291640 3499999999999999
 36 34 33 33 34 38 42 48 53 57 58 57 53 49 45 40 36 32 30 30 31 33 35 3620 2 3Q0 953 58999999999999999999999 234 321842 3099999999999999
 37 37 37 36 37 38 42 46 51 56 59 60 59 56 52 46 40 34 29 25 24 25 27 3120 2 4Q01056 6099999999999999999999920 8 24999999999999999999999
 34 38 40 40 40 40 41 44 48 54 59 62 64 63 60 54 47 39 30 23 19 17 18 2320 2 5Q012 9 6499999999999999999999921 1 17999999999999999999999
 29 36 41 43 44 43 42 42 45 50 55 61 66 69 68 63 56 46 36 25 17 12 11 1420 2 6Q0 343 441314 6999999999999999 616 422144 1199999999999999
 21 30 39 45 47 46 44 42 42 44 50 57 64 71 73 72 66 56 44 31 20 11  6  720 2 7Q0 4 9 4714 9 7399999999999999 731 412223  699999999999999
 13 23 34 43 48 49 46 42 39 39 42 49 58 68 75 78 75 67 55 40 26 14  6  320 2 8Q0 435 491459 7899999999999999 832 382258  399999999999999
  6 16 28 40 48 51 49 43 38 35 35 39 48 59 70 78 80 75 65 51 36 22 10  420 2 9Q0 5 2 511546 8099999999999999 925 342332  399999999999999
  3 10 22 36 46 52 52 47 39 33 29 31 37 47 60 72 78 79 72 61 46 31 18  920 210Q0 528 521632 79999999999999991015 29999999999999999999999
  5  8 18 31 44 52 54 51 43 35 28 25 27 35 46 60 71 76 74 67 55 40 26 1620 211Q0 553 541717 7699999999999999 0 3  511 4 2599999999999999
 10 10 16 28 41 52 57 56 49 40 30 24 22 25 33 45 58 67 70 67 59 47 35 2420 212Q0 620 5718 2 7099999999999999 031  91154 2299999999999999
 16 14 17 26 39 50 58 60 56 48 37 28 22 20 24 32 43 54 61 62 58 51 40 3020 213Q0 648 601847 6299999999999999 055 141246 2099999999999999
 23 19 21 27 37 48 58 62 61 56 46 36 28 22 21 24 31 40 48 52 53 49 43 3520 214Q0 720 621934 5399999999999999 115 191345 2199999999999999
 28 25 24 28 35 45 55 62 64 62 55 47 37 30 25 23 25 30 36 41 44 44 41 3720 215Q0 757 642029 4499999999999999 133 241458 2399999999999999
 33 29 28 30 35 43 51 59 64 65 62 56 48 40 33 28 25 25 27 30 34 36 36 3620 216Q0 842 6522 2 3699999999999999 150 281637 2599999999999999
 35 33 32 33 36 40 47 54 61 64 65 62 58 51 44 37 31 26 24 23 25 27 30 3220 217Q0 939 65999999999999999999999 2 7 321840 2399999999999999
 34 35 36 36 37 40 43 49 55 60 64 65 64 60 54 47 40 32 26 21 19 20 23 2720 218Q01057 659999999999999999999992016 19999999999999999999999
 32 36 39 40 40 40 41 44 48 54 59 63 66 65 63 57 49 40 31 23 18 15 16 2120 219Q01227 669999999999999999999992111 15999999999999999999999
 27 34 40 43 44 42 41 41 43 47 52 58 64 67 68 65 58 49 39 28 20 14 12 1520 220Q0 339 441338 6899999999999999 634 402151 1299999999999999
 22 31 39 45 47 46 42 39 38 40 44 51 59 66 69 69 65 57 46 35 24 15 11 1120 221Q0 4 2 471430 7099999999999999 752 382225 1099999999999999
 17 27 37 45 49 49 45 40 36 35 37 43 51 61 68 71 70 64 54 41 29 19 12 1020 222Q0 425 501512 7199999999999999 849 352254 1099999999999999
 13 22 33 43 50 51 48 42 35 31 31 35 42 53 63 70 71 68 60 48 35 24 15 1020 223Q0 448 521549 7299999999999999 936 302319 1099999999999999
 12 18 29 41 49 53 51 45 37 30 27 28 33 43 55 65 70 69 64 54 41 29 19 1320 224Q0 510 531624 70999999999999991017 272341 1299999999999999
 12 17 26 38 48 53 53 49 41 32 26 23 26 34 45 57 65 68 65 57 46 34 24 1720 225Q0 531 541659 68999999999999991056 232359 1499999999999999
 14 17 25 35 46 53 55 52 45 36 27 22 22 27 36 47 57 63 64 58 49 39 28 2020 226Q0 551 551732 64999999999999991134 21999999999999999999999
 17 18 24 34 44 52 56 54 48 40 31 24 21 22 28 38 48 56 60 58 51 42 32 2420 227Q0 612 5618 6 6099999999999999 014 171212 2199999999999999
 20 20 25 33 42 51 56 56 52 45 36 28 23 22 24 31 39 48 53 54 51 44 35 2820 228Q0 633 571840 5599999999999999 028 201252 2199999999999999
 23 23 26 32 41 50 56 58 55 49 42 34 27 24 23 27 32 40 46 49 48 44 38 3120 229Q0 656 581917 4999999999999999 041 231335 2399999999999999
 27 25 27 33 40 48 55 58 58 54 47 40 33 28 26 26 28 33 38 42 43 42 38 3420 3 1Q0 723 591959 4399999999999999 055 251429 2599999999999999
 30 29 30 33 39 46 53 58 59 57 53 46 40 34 30 27 27 28 31 34 37 38 37 3520 3 2Q0 757 5921 2 3899999999999999 1 8 291549 2799999999999999
 33 32 32 35 39 44 50 56 59 60 57 53 47 42 36 32 28 26 26 27 29 31 33 3420 3 3Q0 841 60999999999999999999999 117 321746 2699999999999999
 35 35 36 37 39 43 47 52 56 59 60 58 55 50 44 38 33 27 23 21 21 23 26 3020 3 4Q0 946 609999999999999999999991929 21999999999999999999999
 34 37 39 40 41 42 44 47 52 56 60 61 61 58 54 47 40 32 25 19 16 15 18 2420 3 5Q01119 619999999999999999999992032 15999999999999999999999
 30 36 40 42 43 42 42 43 45 50 55 60 64 65 62 57 49 40 29 20 13 10 11 1620 3 6Q0 343 431250 6599999999999999 551 422118 1099999999999999
 24 33 40 44 45 43 41 39 39 41 47 54 61 67 69 66 60 50 38 26 15  9  6  920 3 7Q0 347 451358 6999999999999999 728 382156  699999999999999
 17 28 38 45 47 46 41 36 33 33 36 43 53 62 69 71 68 60 48 34 21 11  6  620 3 8Q0 4 4 481454 7199999999999999 834 322229  599999999999999
 12 23 35 45 50 49 44 37 30 26 26 31 40 52 63 71 72 67 57 44 30 18  9  620 3 9Q0 424 501544 7299999999999999 929 252258  699999999999999
 10 20 32 44 52 54 49 41 31 22 18 19 26 37 51 63 70 70 64 52 38 25 15 1020 310Q0 446 541631 71999999999999991019 182323 1099999999999999
 11 18 30 43 54 58 56 48 36 24 16 12 15 23 35 50 61 66 65 57 46 33 22 1520 311Q0 5 9 581717 669999999999999911 9 122345 1499999999999999
 14 19 29 42 54 61 62 56 45 32 20 12  9 12 21 34 47 57 60 57 50 39 29 2120 312Q0 534 6218 2 60999999999999991159  9999999999999999999999
 18 21 28 40 53 62 66 63 55 42 29 18 11  9 12 21 33 44 51 52 49 42 34 2620 313Q0 6 3 661848 5399999999999999 0 3 181251  999999999999999
 22 23 29 38 50 61 67 68 63 53 41 28 18 12 11 14 22 31 40 44 45 42 36 3020 314Q0 636 681937 4599999999999999 020 221347 1199999999999999
 26 26 29 36 46 56 65 69 67 61 52 41 30 22 17 15 17 23 29 35 38 38 36 3320 315Q0 713 692036 3899999999999999 037 261455 1599999999999999
 30 29 31 35 42 51 59 65 67 65 59 51 42 34 26 21 19 19 22 26 30 32 33 3320 316Q0 757 672234 3499999999999999 053 291622 1999999999999999
 33 33 33 36 40 46 52 59 63 64 62 58 52 45 38 31 25 22 20 21 23 26 29 3220 317Q0 852 64999999999999999999999 057 3318 9 2099999999999999
 34 36 36 38 39 42 46 51 56 59 61 60 58 54 48 41 34 27 22 19 19 21 24 2920 318Q01015 619999999999999999999991941 19999999999999999999999
 33 37 40 41 40 41 42 44 48 52 56 58 60 59 55 50 43 35 27 21 17 17 19 2520 319Q012 4 609999999999999999999992038 16999999999999999999999
 31 37 42 44 43 41 39 39 40 43 48 53 58 60 60 57 50 42 33 24 18 15 15 2020 320Q0 311 441325 6199999999999999 648 392117 1499999999999999
 28 36 43 46 46 43 39 35 34 35 39 46 53 59 62 61 56 49 39 29 20 15 13 1720 321Q0 330 471420 6299999999999999 8 1 342149 1399999999999999
 24 33 42 48 49 47 41 34 30 28 31 37 45 54 60 62 60 54 45 34 24 17 13 1420 322Q0 350 4915 3 6299999999999999 853 282215 1399999999999999
 21 30 41 48 52 50 44 36 28 24 23 27 35 45 55 61 62 58 50 39 28 20 15 1420 323Q0 411 521541 6299999999999999 937 232236 1499999999999999
 19 28 38 48 53 53 48 39 30 22 18 19 25 36 47 56 61 60 53 44 33 24 17 1520 324Q0 430 531617 61999999999999991017 182254 1599999999999999
 18 26 36 47 53 55 51 43 33 23 16 14 17 26 37 49 56 59 55 48 38 28 21 1820 325Q0 447 551652 59999999999999991055 1423 9 1899999999999999
 19 26 35 46 54 57 55 48 38 27 18 13 13 18 28 39 50 55 55 50 41 32 24 2020 326Q0 5 5 571727 56999999999999991131 122322 2099999999999999
 21 26 35 45 54 59 58 52 43 32 22 14 11 13 20 30 41 49 52 50 43 35 28 2320 327Q0 523 5918 2 529999999999999912 8 112336 2299999999999999
 23 27 34 44 53 59 61 57 49 38 28 19 13 12 16 23 33 42 48 48 44 38 31 2620 328Q0 543 611838 49999999999999991246 122351 2599999999999999
 25 28 34 43 52 59 62 60 54 45 34 25 18 14 15 19 26 34 41 44 44 40 34 3020 329Q0 6 7 621918 45999999999999991327 14999999999999999999999
 27 29 34 41 49 57 62 62 58 51 42 32 25 19 17 17 21 27 34 39 40 39 36 3320 330Q0 635 6320 7 4099999999999999 0 8 271417 1799999999999999
 31 31 34 40 47 54 60 63 61 56 49 41 33 26 21 19 19 22 26 31 35 36 36 3520 331Q0 710 632123 3699999999999999 025 301526 1999999999999999
 34 33 35 39 44 50 56 60 62 60 55 49 41 34 28 24 21 19 21 24 27 31 33 3520 4 1Q0 756 62999999999999999999999 037 3317 0 1999999999999999
 36 36 37 39 42 46 51 55 58 60 59 55 50 44 37 31 25 20 18 18 20 23 28 3220 4 2Q0 9 1 609999999999999999999991834 17999999999999999999999
 36 38 39 40 41 42 45 48 52 56 58 58 57 53 47 40 32 25 19 15 14 16 21 2820 4 3Q01044 589999999999999999999991943 14999999999999999999999
 34 39 41 42 41 40 39 40 43 47 52 56 59 59 56 50 42 32 23 16 12 12 15 2220 4 4Q0 253 421230 5999999999999999 559 392033 1199999999999999
 31 38 43 45 43 40 36 33 33 36 41 49 55 60 61 58 51 41 30 21 13 10 12 1820 4 5Q0 3 0 451347 6199999999999999 732 332111 1099999999999999
 27 37 45 48 47 42 35 29 25 25 28 36 45 55 61 63 59 51 39 28 18 12 11 1620 4 6Q0 316 481448 6399999999999999 836 242142 1199999999999999
 25 36 46 52 52 48 39 29 21 16 16 21 31 43 54 61 62 57 48 36 25 17 14 1620 4 7Q0 336 531541 6299999999999999 931 1522 8 1499999999999999
 23 35 47 56 59 55 46 34 22 12  8  9 15 27 41 53 59 59 53 43 32 23 18 1820 4 8Q0 358 591630 60999999999999991022  72231 1799999999999999
 23 34 47 58 64 63 56 44 29 16  6  2  4 12 26 40 51 56 55 48 38 29 22 2020 4 9Q0 423 641718 56999999999999991112  22251 2099999999999999
 24 32 45 58 67 70 65 55 40 25 11  3 -1  2 12 25 38 48 51 49 42 34 27 2420 410Q0 452 7018 5 519999999999999912 1 -12312 2399999999999999
 25 31 42 55 66 72 72 64 52 37 22 10  3  0  4 14 26 37 44 46 43 38 31 2720 411Q0 524 731854 46999999999999991252  02334 2699999999999999
 27 31 39 50 62 70 74 70 62 50 36 22 12  6  4  8 16 27 35 40 41 39 35 3120 412Q0 559 741946 41999999999999991346  42357 2999999999999999
 29 31 37 45 55 65 71 71 67 59 48 36 25 16 11 10 13 19 27 33 36 37 36 3420 413Q0 638 722052 37999999999999991446 10999999999999999999999
 32 33 36 41 49 57 64 68 67 63 56 47 37 28 21 16 15 17 21 27 31 34 36 3620 414Q0 722 682238 3699999999999999 021 321557 1599999999999999
 35 35 36 39 44 49 55 60 63 62 59 53 46 39 32 25 21 18 19 22 26 30 34 3620 415Q0 816 63999999999999999999999 042 351717 1899999999999999
 38 38 39 39 41 44 47 52 55 57 57 56 52 47 41 34 28 23 20 20 22 26 31 3520 416Q0 934 589999999999999999999991835 19999999999999999999999
 39 41 42 42 41 40 41 43 46 50 53 54 54 52 48 42 35 28 23 20 19 22 27 3320 417Q0 2 0 421124 5499999999999999 456 401935 1999999999999999
 39 43 45 45 42 39 37 36 38 41 45 50 53 54 52 48 42 34 27 21 19 19 23 3020 418Q0 221 451256 5499999999999999 649 362018 1899999999999999
 37 43 47 48 46 41 35 32 30 32 36 42 48 52 54 52 47 40 31 24 20 18 21 2720 419Q0 244 481359 5499999999999999 757 302051 1899999999999999
 35 43 49 51 49 44 37 30 25 24 26 32 40 48 53 54 51 45 36 28 22 19 20 2420 420Q0 3 6 511448 5499999999999999 848 242117 1999999999999999
 32 42 49 53 53 48 40 31 23 18 18 22 31 40 49 53 53 49 41 33 25 21 20 2420 421Q0 326 541531 5499999999999999 932 182139 2099999999999999
 31 40 49 55 56 52 44 34 24 16 12 14 20 31 41 49 53 51 46 37 29 24 22 2420 422Q0 344 561610 53999999999999991012 122157 2299999999999999
 30 39 49 56 59 56 49 39 27 17 10  8 12 21 32 43 50 52 48 42 34 27 24 2520 423Q0 4 1 591648 52999999999999991050  82215 2499999999999999
 30 39 49 57 62 61 54 44 32 21 12  7  7 13 23 35 45 50 50 45 38 31 27 2620 424Q0 419 621725 50999999999999991127  62233 2699999999999999
 30 38 48 57 63 64 60 51 39 27 16  8  5  8 16 27 38 46 49 47 41 35 30 2820 425Q0 439 6518 3 499999999999999912 3  52253 2899999999999999
 31 37 46 56 64 67 64 57 46 34 22 13  8  7 11 19 30 40 45 46 43 38 33 3020 426Q0 5 3 671843 47999999999999991241  62315 3099999999999999
 31 36 44 54 62 68 68 62 53 42 30 20 13  9  9 14 23 32 40 44 44 41 36 3320 427Q0 531 681927 44999999999999991323  82339 3299999999999999
 32 36 42 50 59 66 68 66 60 50 39 29 20 14 11 12 17 25 33 39 42 41 39 3620 428Q0 6 4 682022 42999999999999991412 11999999999999999999999
 35 36 40 46 54 61 66 67 64 57 48 38 29 21 16 14 15 19 25 32 37 39 40 3820 429Q0 644 672137 4099999999999999 0 4 351513 1499999999999999
 37 37 39 43 49 55 60 64 64 61 55 47 39 31 24 19 16 16 19 25 30 35 38 3920 430Q0 734 64999999999999999999999 031 371625 1699999999999999
 39 39 40 41 44 48 53 57 60 60 58 54 48 40 33 26 20 17 17 19 24 30 35 3920 5 1Q0 843 619999999999999999999991738 16999999999999999999999
 41 42 41 41 41 42 44 48 52 55 57 57 54 49 42 35 27 21 17 17 19 25 31 3720 5 2Q0 059 421022 5799999999999999 328 411842 1699999999999999
 42 44 44 42 40 38 37 37 40 45 50 53 55 54 50 44 36 28 21 17 17 21 28 3520 5 3Q0 130 441210 5599999999999999 6 4 371931 1799999999999999
 42 47 48 47 42 36 32 29 29 32 37 44 51 54 55 51 44 36 27 21 19 20 26 3420 5 4Q0 155 481336 5599999999999999 731 2820 9 1999999999999999
 43 50 54 53 48 40 31 24 20 19 23 31 40 48 54 55 51 44 35 27 22 21 25 3320 5 5Q0 219 541443 5599999999999999 835 192041 2199999999999999
 43 52 59 60 56 47 36 24 15 10 10 16 25 37 47 53 54 50 42 33 26 24 25 3220 5 6Q0 244 601540 5499999999999999 931 1021 8 2499999999999999
 42 53 63 67 65 57 45 31 18  8  3  4 10 22 35 46 52 52 47 39 32 27 27 3120 5 7Q0 313 671632 53999999999999991023  22134 2699999999999999
 40 52 63 71 73 68 57 42 26 12  3 -2  0  9 22 35 45 50 50 44 37 31 29 3120 5 8Q0 344 731722 51999999999999991113 -222 2 2999999999999999
 38 48 61 72 77 76 68 55 39 23  9  0 -3  0 10 23 36 45 48 47 42 35 31 3120 5 9Q0 418 771810 489999999999999912 2 -32231 3199999999999999
 35 44 55 67 76 79 75 66 52 36 21  9  1 -1  4 14 26 37 44 46 44 39 35 3220 510Q0 455 791858 46999999999999991250 -123 3 3299999999999999
 34 40 49 60 71 77 78 72 62 49 35 21 11  5  4  9 18 29 38 43 44 42 38 3520 511Q0 533 781949 44999999999999991339  42338 3499999999999999
 35 38 44 53 63 71 75 73 67 58 46 34 23 15 10 10 15 23 32 39 42 43 41 3920 512Q0 614 752045 43999999999999991430 10999999999999999999999
 37 37 41 47 54 62 68 70 68 62 54 44 34 25 19 16 16 20 27 34 39 42 43 4220 513Q0 659 702152 4399999999999999 017 371524 1599999999999999
 40 39 40 43 47 53 59 63 64 62 58 51 43 35 28 23 20 20 24 29 35 40 43 4420 514Q0 751 642312 4499999999999999 1 7 391621 2099999999999999
 43 42 41 41 43 46 50 54 57 58 57 54 49 43 36 30 25 23 23 26 31 37 41 4520 515Q0 858 58999999999999999999999 231 411720 2299999999999999
 46 46 45 43 41 41 42 45 48 51 53 53 51 47 42 36 31 26 24 25 28 33 39 4420 516Q0 023 461028 5399999999999999 442 411814 2499999999999999
 48 49 49 46 42 39 37 37 39 43 46 49 51 50 47 42 36 30 26 25 26 31 36 4320 517Q0 111 4912 8 5199999999999999 627 371859 2599999999999999
 48 52 52 50 45 40 34 31 31 33 37 42 47 49 49 46 41 35 30 26 26 29 34 4120 518Q0 145 521329 5099999999999999 740 311936 2699999999999999
 48 53 55 54 50 43 35 29 25 24 27 33 40 46 49 49 46 40 34 29 27 29 33 4020 519Q0 212 551431 5099999999999999 836 2420 7 2799999999999999
 47 54 58 58 55 47 38 29 22 18 19 23 31 39 46 50 49 45 39 33 30 29 33 3920 520Q0 234 591521 5099999999999999 922 182034 2999999999999999
 47 55 60 62 59 53 43 32 22 15 13 15 22 31 41 48 50 49 44 38 33 31 33 3820 521Q0 255 6216 5 509999999999999910 4 1321 0 3199999999999999
 46 55 62 66 64 59 49 37 26 16 10  9 13 22 33 43 49 51 48 42 36 33 33 3820 522Q0 316 661645 51999999999999991043  92125 3399999999999999
 45 54 63 68 69 65 56 44 32 20 11  7  8 14 25 37 46 51 50 46 40 36 34 3720 523Q0 339 701724 51999999999999991120  62152 3499999999999999
 43 52 62 70 73 70 63 52 39 26 16  8  6  9 17 29 40 48 51 49 44 39 36 3720 524Q0 4 5 7318 4 51999999999999991158  62222 3699999999999999
 41 49 59 68 74 75 70 60 48 35 23 13  7  7 12 21 33 43 49 50 47 43 39 3720 525Q0 436 751845 50999999999999991237  62253 3799999999999999
 40 46 54 64 72 76 74 67 57 44 32 21 13  9  9 16 26 36 44 49 49 46 42 3920 526Q0 511 761930 49999999999999991320  82327 3899999999999999
 39 43 49 58 67 73 75 72 64 54 42 30 20 14 11 13 20 29 38 45 48 47 44 4120 527Q0 551 752020 489999999999999914 5 11999999999999999999999
 40 41 45 52 60 67 72 72 69 61 51 40 30 21 16 14 17 23 31 39 45 47 46 4420 528Q0 636 732116 4799999999999999 0 5 401456 1499999999999999
 42 41 42 46 52 59 65 68 68 65 58 49 40 31 23 19 18 20 26 33 40 45 47 4720 529Q0 729 692216 4799999999999999 052 411550 1799999999999999
 45 42 42 42 45 49 55 60 63 63 61 55 48 40 32 26 22 21 23 29 36 43 47 4920 530Q0 837 632313 4999999999999999 2 3 421645 2199999999999999
 48 46 43 41 41 42 44 48 53 56 58 57 53 47 41 34 28 24 24 27 33 40 47 5120 531Q010 4 58999999999999999999999 358 411735 2499999999999999
 52 51 48 44 39 36 36 37 40 45 50 53 53 52 48 41 35 30 27 27 32 38 46 5320 6 1Q0 0 2 521150 5499999999999999 555 361820 2799999999999999
 57 57 55 49 43 36 31 28 28 32 37 43 48 51 51 48 42 36 31 30 32 37 45 5320 6 2Q0 044 571328 5299999999999999 724 281859 3099999999999999
 60 63 63 58 50 40 31 24 20 20 23 30 38 46 50 51 48 43 37 33 33 36 43 5220 6 3Q0 122 641443 5199999999999999 833 191935 3299999999999999
 61 68 71 68 60 49 37 26 17 12 12 17 25 36 45 51 52 48 43 37 35 36 41 5020 6 4Q0 159 711543 5299999999999999 932 112011 3599999999999999
 60 70 76 76 71 61 48 33 21 11  6  7 13 24 36 46 51 52 48 42 38 37 39 4620 6 5Q0 237 771636 52999999999999991025  62048 3699999999999999
 56 67 77 81 80 73 60 45 30 17  7  3  5 13 25 38 47 52 51 47 42 38 38 4320 6 6Q0 316 821723 52999999999999991114  32127 3899999999999999
 51 62 73 82 84 81 72 58 42 27 15  6  3  6 16 29 41 49 52 51 46 41 38 4020 6 7Q0 356 8418 7 529999999999999912 0  322 8 3899999999999999
 46 55 66 77 84 84 79 69 55 40 26 14  7  6 11 22 34 44 51 52 50 45 40 3920 6 8Q0 437 851850 52999999999999991243  62251 3999999999999999
 42 48 58 69 78 83 82 75 65 51 37 25 16 11 11 17 28 39 47 51 52 48 44 4020 6 9Q0 518 831931 52999999999999991325 102335 4099999999999999
 40 44 50 60 69 77 79 77 70 60 48 36 25 18 15 17 24 34 43 49 52 51 48 4420 610Q0 6 0 792013 529999999999999914 6 15999999999999999999999
 41 41 45 52 60 68 73 74 71 64 55 45 35 26 21 20 23 30 39 46 51 52 51 4720 611Q0 644 742058 5299999999999999 022 411446 2099999999999999
 44 42 43 46 52 58 65 68 68 65 59 51 42 34 28 25 25 29 35 42 48 52 53 5120 612Q0 731 692149 5399999999999999 117 421526 2499999999999999
 48 45 43 44 46 50 55 60 62 62 59 54 47 41 34 30 28 29 33 39 45 50 53 5420 613Q0 825 632244 5499999999999999 228 4316 8 2899999999999999
 52 50 47 44 43 44 47 50 54 56 56 54 50 45 40 35 32 31 32 37 43 48 53 5520 614Q0 931 562341 5699999999999999 4 4 431652 3199999999999999
 56 54 51 47 44 41 40 42 45 48 50 51 51 48 45 40 36 33 33 36 40 46 52 5620 615Q011 2 51999999999999999999999 548 401734 3399999999999999
 58 58 56 52 47 41 37 35 36 39 42 46 48 49 48 45 41 37 35 36 39 45 51 5620 616Q0 029 591251 4999999999999999 714 351815 3599999999999999
 60 62 61 57 51 44 37 32 30 30 33 38 43 47 49 48 46 42 39 38 39 44 50 5620 617Q0 1 7 621414 4999999999999999 819 301854 3899999999999999
 62 65 65 63 57 49 40 32 26 24 25 29 36 43 48 51 50 47 43 40 40 43 48 5520 618Q0 138 661513 5199999999999999 910 241932 4099999999999999
 62 68 70 68 63 55 45 35 26 20 18 21 28 36 45 51 52 51 47 43 41 43 47 5420 619Q0 2 7 7016 0 5299999999999999 954 1820 9 4199999999999999
 62 69 73 74 70 62 52 40 29 20 15 15 20 28 39 48 53 54 51 47 44 43 45 5120 620Q0 237 741641 54999999999999991035 142046 4399999999999999
 59 68 75 78 77 70 60 48 35 24 16 12 13 20 31 43 51 55 55 51 46 44 44 4820 621Q0 310 781720 56999999999999991113 122125 4399999999999999
 55 65 74 80 82 78 69 57 43 31 20 12 10 14 24 36 47 54 56 54 50 45 43 4520 622Q0 345 821758 56999999999999991152 1022 4 4399999999999999
 50 59 69 78 84 83 77 66 53 40 27 17 11 11 17 28 40 50 56 56 53 48 44 4320 623Q0 424 841836 57999999999999991230 112245 4399999999999999
 46 53 62 73 81 84 82 74 63 50 36 25 16 12 15 22 34 45 53 56 55 51 46 4320 624Q0 5 5 841915 56999999999999991310 122328 4399999999999999
 43 47 54 64 74 81 83 79 71 59 46 34 24 17 16 19 28 39 48 54 56 54 49 4520 625Q0 549 831955 56999999999999991349 15999999999999999999999
 42 43 48 55 64 73 78 79 74 66 55 43 33 25 20 20 25 34 44 52 56 56 53 4820 626Q0 636 792035 5799999999999999 015 421429 1999999999999999
 44 42 43 47 54 62 69 73 73 69 61 52 42 33 27 24 26 31 40 48 55 58 57 5320 627Q0 728 732117 5899999999999999 110 4215 8 2499999999999999
 49 44 42 42 45 51 57 63 66 66 63 56 49 41 34 30 29 32 38 46 53 59 60 5920 628Q0 828 6622 1 6099999999999999 221 421547 2999999999999999
 55 50 45 42 41 42 46 50 55 58 59 57 53 47 41 36 34 34 37 44 52 59 63 6420 629Q0 944 592249 6499999999999999 356 411625 3399999999999999
 62 57 51 45 41 38 37 39 43 47 50 53 53 51 47 43 39 37 39 43 50 57 64 6820 630Q01132 532342 6999999999999999 544 3717 6 3799999999999999
 69 66 61 53 45 39 34 31 32 34 39 44 48 50 50 48 45 42 41 43 48 55 63 7020 7 1Q01330 51999999999999999999999 722 311750 4199999999999999
 74 74 71 64 55 45 36 29 25 24 27 33 40 46 50 52 50 46 44 43 46 52 60 6820 7 2Q0 035 741452 5299999999999999 839 241838 4399999999999999
 75 79 79 74 66 55 43 32 24 19 18 22 30 39 47 52 54 51 48 45 45 49 55 6420 7 3Q0 127 801550 5499999999999999 939 181929 4599999999999999
 73 80 84 83 77 67 54 40 29 20 15 15 20 30 41 50 55 55 52 48 46 46 50 5720 7 4Q0 216 841637 56999999999999991029 142021 4599999999999999
 67 77 85 88 85 77 66 52 37 25 16 12 14 22 34 45 54 57 56 52 48 45 46 5120 7 5Q0 3 2 881717 57999999999999991113 122112 4599999999999999
 59 70 80 88 89 85 76 63 48 34 23 15 13 17 27 39 50 57 59 56 51 46 44 4620 7 6Q0 346 891753 59999999999999991152 1322 1 4499999999999999
 52 61 73 83 88 88 82 72 59 45 31 21 16 16 22 33 45 55 59 59 55 49 44 4320 7 7Q0 428 891826 60999999999999991229 152248 4399999999999999
 46 53 63 74 83 87 85 78 67 54 41 29 21 18 21 29 41 51 58 60 58 53 47 4320 7 8Q0 5 9 871859 609999999999999913 3 182333 4299999999999999
 43 47 54 65 75 82 84 80 72 61 49 37 28 23 23 28 37 47 56 60 60 57 51 4620 7 9Q0 549 841932 61999999999999991334 22999999999999999999999
 43 43 48 56 65 73 78 78 73 65 55 44 35 29 27 29 35 44 53 59 61 59 55 5020 710Q0 629 7920 5 6199999999999999 019 4214 2 2799999999999999
 45 43 44 49 56 64 70 73 72 66 59 50 41 34 31 31 35 42 50 57 61 61 59 5520 711Q0 710 732042 6199999999999999 1 9 431430 3099999999999999
 50 46 44 45 49 55 61 65 67 65 60 53 46 40 35 34 36 40 47 54 59 62 62 5920 712Q0 753 672122 6299999999999999 2 7 441457 3499999999999999
 55 51 47 45 46 48 52 56 59 60 58 54 49 44 40 38 38 41 46 52 58 62 64 6320 713Q0 843 6022 6 6499999999999999 321 451527 3799999999999999
 60 56 52 48 46 45 46 48 51 53 54 53 50 47 44 42 41 42 45 50 56 61 65 6620 714Q0 952 542255 6699999999999999 458 4516 2 4199999999999999
 64 62 58 53 48 44 42 41 43 45 48 49 50 49 48 46 44 44 46 49 55 60 65 6820 715Q012 2 502348 6899999999999999 641 411645 4499999999999999
 68 67 64 59 53 46 41 37 36 37 40 44 47 50 51 50 49 47 47 49 53 58 64 6920 716Q014 8 51999999999999999999999 8 2 361737 4799999999999999
 72 72 70 65 59 51 43 36 32 30 32 36 42 47 51 53 53 51 49 49 51 56 62 6820 717Q0 039 721514 5399999999999999 9 0 301833 4999999999999999
 74 76 76 73 66 57 48 39 31 26 25 28 34 42 50 55 56 55 52 50 50 53 59 6620 718Q0 125 771558 5699999999999999 945 251928 5099999999999999
 73 79 81 80 74 66 55 44 33 25 21 21 26 35 45 53 58 58 56 52 50 51 54 6120 719Q0 2 9 811635 59999999999999991025 202020 5099999999999999
 69 78 84 86 82 75 64 51 39 28 20 17 20 28 39 50 57 60 59 55 51 49 50 5520 720Q0 253 8617 8 609999999999999911 3 172110 4999999999999999
 63 73 82 88 88 83 74 61 47 34 23 17 16 21 32 44 54 60 61 58 53 48 47 4920 721Q0 335 891741 62999999999999991139 152157 4799999999999999
 55 65 76 85 90 89 82 71 57 43 30 20 16 18 26 38 50 59 62 61 56 50 45 4420 722Q0 419 901812 62999999999999991215 162244 4499999999999999
 48 55 66 78 86 90 87 79 67 52 39 27 20 18 23 33 45 56 62 63 60 53 46 4220 723Q0 5 3 901843 63999999999999991248 182332 4299999999999999
 42 47 55 66 77 85 87 83 74 61 48 36 27 22 23 30 41 52 61 65 63 58 51 4420 724Q0 548 871914 65999999999999991320 22999999999999999999999
 40 41 46 54 65 75 80 81 76 67 56 44 34 28 27 30 39 49 59 65 67 63 57 4920 725Q0 634 811947 6799999999999999 022 401349 2799999999999999
 43 40 40 45 53 62 70 74 73 68 60 51 42 35 32 33 38 47 57 65 69 68 64 5720 726Q0 723 742022 6999999999999999 118 401416 3299999999999999
 49 43 40 40 44 50 57 63 66 65 61 55 47 41 37 37 40 46 55 63 70 72 70 6520 727Q0 816 6621 3 7299999999999999 226 401441 3799999999999999
 58 51 45 41 40 42 46 51 55 57 57 55 51 46 43 41 42 46 53 61 68 73 75 7320 728Q0 925 572153 7599999999999999 353 4015 9 4199999999999999
 68 61 54 47 42 39 39 40 44 47 50 51 51 50 47 46 45 47 51 57 65 72 76 7820 729Q01129 512254 7899999999999999 542 391545 4599999999999999
 76 71 64 57 49 42 37 35 35 37 40 44 48 50 51 50 49 49 50 54 60 68 74 7920 730Q01356 51999999999999999999999 730 341641 4899999999999999
 81 79 75 68 59 49 41 34 30 29 31 36 42 48 52 54 53 51 51 52 56 62 69 7620 731Q0 0 4 811510 5499999999999999 848 291757 5199999999999999
 81 84 83 78 70 60 49 39 31 26 25 28 35 43 51 55 57 55 53 51 52 56 62 7020 8 1Q0 112 841554 5799999999999999 942 241911 5199999999999999
 78 84 87 85 80 70 58 46 35 27 22 22 28 37 47 55 59 59 56 52 50 51 55 6220 8 2Q0 2 9 871628 60999999999999991025 212016 5099999999999999
 71 80 87 89 87 79 68 55 42 31 23 20 23 31 43 53 60 62 60 55 50 47 49 5420 8 3Q0 258 891658 629999999999999911 2 202112 4799999999999999
 62 72 82 89 90 85 77 64 51 38 28 22 21 27 38 49 59 63 63 59 52 47 45 4720 8 4Q0 341 901727 64999999999999991135 2122 1 4599999999999999
 53 63 74 84 89 88 82 72 59 45 34 26 22 25 34 45 56 63 65 62 56 49 44 4220 8 5Q0 421 891754 659999999999999912 4 222246 4299999999999999
 46 53 64 76 84 87 84 77 65 52 40 31 26 26 32 42 53 62 66 65 60 53 45 4120 8 6Q0 459 871820 66999999999999991230 252329 4199999999999999
 41 46 55 66 76 82 83 78 69 58 46 36 30 28 32 39 50 60 65 67 64 57 50 4320 8 7Q0 536 841845 67999999999999991252 28999999999999999999999
 40 42 47 56 66 75 79 77 71 62 51 42 35 32 33 39 48 57 64 67 66 61 55 4820 8 8Q0 612 791912 6899999999999999 012 401311 3299999999999999
 42 41 43 49 57 66 71 73 70 63 55 46 39 35 36 39 47 55 63 67 68 65 60 5320 8 9Q0 648 731940 6899999999999999 056 411328 3599999999999999
 47 43 42 45 50 57 63 66 66 62 56 49 43 39 38 41 46 53 61 67 69 68 64 5920 810Q0 726 672010 6999999999999999 145 421345 3899999999999999
 53 48 45 44 46 50 55 59 61 59 56 51 46 43 41 43 47 52 59 65 69 70 68 6420 811Q0 8 7 612046 7099999999999999 246 4414 2 4199999999999999
 59 54 49 46 45 46 48 51 54 55 54 51 49 46 45 45 48 52 57 63 68 71 71 6920 812Q0 9 2 552129 7199999999999999 410 451420 4599999999999999
 65 60 55 51 47 44 44 44 46 48 49 50 50 49 48 48 49 52 56 61 66 71 73 7320 813Q01110 502227 7399999999999999 6 1 441438 4899999999999999
 71 67 62 57 51 46 42 40 39 41 43 46 49 50 52 52 52 53 55 58 63 68 73 7520 814Q02340 76999999999999999999999 740 39999999999999999999999
 75 74 70 64 57 50 43 37 34 33 35 40 45 50 53 55 55 54 54 56 59 64 70 7520 815Q01531 55999999999999999999999 843 331736 5499999999999999
 78 79 77 73 65 56 47 38 32 28 28 32 39 46 53 57 58 57 55 54 55 59 64 7120 816Q0 051 791555 5899999999999999 929 2819 3 5499999999999999
 78 82 84 81 74 65 54 43 33 26 23 25 31 41 50 57 60 60 57 53 52 53 57 6420 817Q0 150 841619 609999999999999910 7 2320 9 5299999999999999
 73 81 86 87 83 75 63 50 38 28 21 20 25 34 45 55 61 62 59 54 50 48 49 5520 818Q0 241 871644 62999999999999991042 2021 5 4899999999999999
 64 74 84 89 89 83 73 59 45 33 23 19 21 28 40 52 61 64 63 57 50 45 43 4520 819Q0 329 9017 9 64999999999999991115 192157 4399999999999999
 53 63 75 85 90 88 81 69 55 41 29 22 20 25 36 48 59 66 66 61 53 45 40 3820 820Q0 415 901734 67999999999999991145 202246 3899999999999999
 42 51 63 76 85 88 85 76 63 49 36 27 23 25 33 45 58 66 69 66 59 49 41 3520 821Q0 5 0 8818 0 69999999999999991212 232336 3499999999999999
 35 40 49 62 74 82 83 79 69 57 44 34 28 28 33 43 56 66 72 72 66 57 46 3720 822Q0 545 831827 73999999999999991236 27999999999999999999999
 33 33 38 48 60 70 76 76 71 62 51 41 34 32 35 43 54 65 73 76 73 65 55 4520 823Q0 630 771857 7699999999999999 027 321256 3299999999999999
 37 33 33 38 47 57 65 68 67 62 55 46 40 37 38 43 52 63 72 78 78 73 65 5520 824Q0 717 691933 7899999999999999 123 321315 3799999999999999
 45 38 35 35 38 45 52 58 60 59 55 50 45 41 41 44 51 60 69 76 80 79 74 6620 825Q0 8 9 602015 8099999999999999 229 341333 4199999999999999
 57 48 42 37 36 38 42 47 51 52 52 50 48 45 45 46 50 56 64 72 78 80 79 7420 826Q0 921 5221 7 8099999999999999 353 361352 4599999999999999
 68 60 52 45 40 37 37 38 41 44 46 48 49 48 48 49 50 54 60 66 73 78 80 7920 827Q02216 80999999999999999999999 543 37999999999999999999999
 76 71 64 56 48 42 37 34 34 36 40 43 47 50 51 52 52 53 56 60 66 71 76 7920 828Q02345 80999999999999999999999 732 34999999999999999999999
 80 78 74 67 58 50 42 35 31 31 33 38 44 49 54 55 55 54 54 55 58 64 70 7620 829Q01518 55999999999999999999999 842 301747 5499999999999999
 80 82 80 76 68 59 48 39 32 28 28 32 39 47 54 58 59 57 54 52 52 55 61 6820 830Q0 1 6 821541 5999999999999999 929 271919 5299999999999999
 76 81 83 82 76 67 56 45 35 28 25 28 34 44 53 59 62 60 56 51 48 49 52 5920 831Q0 2 7 8316 5 629999999999999910 5 252025 4899999999999999
 68 77 83 85 82 75 64 52 40 31 26 25 30 39 50 59 64 64 59 53 47 44 45 5020 9 1Q0 254 851629 64999999999999991036 252117 4499999999999999
 58 69 78 84 84 79 70 59 46 35 28 25 28 36 47 57 64 66 63 56 48 42 39 4220 9 2Q0 335 851652 669999999999999911 3 2522 3 3999999999999999
 48 59 70 79 83 82 75 64 52 40 32 27 27 33 44 55 64 68 66 60 52 43 37 3620 9 3Q0 413 831714 68999999999999991126 272245 3699999999999999
 40 48 60 71 79 81 77 68 57 46 36 30 29 33 42 53 62 68 69 64 56 47 39 3420 9 4Q0 449 811735 69999999999999991144 292325 3499999999999999
 35 40 50 61 71 77 76 70 61 50 40 34 32 34 41 51 61 68 70 68 61 52 43 3620 9 5Q0 524 771756 70999999999999991159 32999999999999999999999
 33 35 42 52 62 70 72 70 63 54 45 38 34 36 41 50 59 67 71 70 65 57 48 4020 9 6Q0 558 721817 7299999999999999 0 5 331213 3499999999999999
 35 34 37 44 53 62 67 67 63 56 48 41 37 38 42 49 58 66 72 72 69 62 54 4620 9 7Q0 633 671841 7399999999999999 046 341226 3799999999999999
 39 36 36 39 46 53 59 62 61 56 50 44 40 40 43 49 57 65 71 73 72 67 60 5220 9 8Q0 7 9 6219 7 7399999999999999 130 351240 4099999999999999
 45 40 38 38 41 47 52 56 57 55 51 47 43 42 44 49 55 62 69 73 74 71 65 5920 9 9Q0 750 571940 7499999999999999 222 381253 4299999999999999
 52 46 42 40 40 42 45 49 51 52 51 48 46 45 46 49 54 60 66 71 74 73 70 6520 910Q0 846 522022 7499999999999999 333 4013 3 4599999999999999
 59 53 48 44 41 40 40 42 44 47 48 48 48 48 49 50 53 57 62 68 72 74 73 7120 911Q02121 74999999999999999999999 515 40999999999999999999999
 67 61 56 50 45 40 37 36 37 40 43 46 48 50 51 53 54 56 59 63 67 71 74 7420 912Q02247 74999999999999999999999 658 36999999999999999999999
 73 69 64 58 51 44 37 33 31 32 36 40 46 50 54 55 55 55 55 57 61 65 70 7420 913Q09999999999999999999999999999 8 7 31999999999999999999999
 76 76 73 67 59 50 41 33 28 26 28 34 41 49 54 57 57 56 53 52 54 57 63 6920 914Q0 021 761532 5899999999999999 855 2619 1 5299999999999999
 75 79 79 75 68 58 47 36 28 23 23 27 36 45 53 59 60 57 53 49 47 48 53 6020 915Q0 134 791547 6099999999999999 933 222011 4799999999999999
 69 77 81 81 77 67 55 43 32 24 21 23 31 41 52 60 63 61 55 48 43 40 42 4820 916Q0 231 8216 5 639999999999999910 6 2121 8 4099999999999999
 57 68 78 83 82 75 65 51 39 28 22 22 27 38 50 60 65 65 59 51 42 35 33 3520 917Q0 322 831626 66999999999999991035 2122 0 3399999999999999
 43 55 68 78 82 80 72 60 46 35 27 24 27 36 48 60 68 70 66 57 45 35 28 2620 918Q0 410 821648 709999999999999911 1 242249 2699999999999999
 30 40 53 66 76 79 75 66 54 42 33 28 29 35 47 60 70 75 73 65 53 40 30 2320 919Q0 457 791712 75999999999999991122 272339 2299999999999999
 22 27 38 52 64 72 73 68 59 48 39 33 32 36 46 58 70 78 79 74 64 50 37 2720 920Q0 543 731740 80999999999999991141 31999999999999999999999
 21 21 27 37 50 60 66 66 61 53 44 38 35 38 45 56 68 78 83 81 73 62 49 3620 921Q0 629 661812 8399999999999999 031 201159 3599999999999999
 27 22 23 28 37 48 55 59 58 54 48 42 39 40 45 53 64 75 82 84 80 72 61 4920 922Q0 719 591850 8499999999999999 127 221217 3999999999999999
 38 30 26 26 30 37 45 50 52 52 49 45 42 42 45 51 59 69 77 82 82 78 71 6120 923Q0 816 531933 8399999999999999 230 251236 4299999999999999
 51 42 35 30 29 32 36 41 45 47 48 47 45 45 46 50 55 62 70 76 79 79 76 7020 924Q0 945 482026 8099999999999999 349 291252 4599999999999999
 62 54 46 39 34 32 32 35 38 41 44 46 47 48 49 50 53 57 62 68 73 75 76 7420 925Q02141 76999999999999999999999 525 32999999999999999999999
 70 64 57 50 43 37 33 31 33 36 40 44 48 50 52 52 52 53 56 59 64 68 72 7420 926Q02325 74999999999999999999999 7 0 31999999999999999999999
 73 71 66 59 52 43 36 32 30 31 35 41 47 52 55 55 54 52 51 52 55 59 64 6920 927Q01448 55999999999999999999999 8 6 301811 5199999999999999
 72 74 72 67 60 51 42 34 29 28 31 36 44 51 57 59 58 54 50 47 47 50 55 6120 928Q0 055 7415 7 5999999999999999 851 281936 4799999999999999
 68 72 74 72 66 58 48 38 31 27 28 33 41 50 57 61 61 57 51 45 42 41 45 5120 929Q0 157 741529 6299999999999999 925 272034 4199999999999999
 60 68 73 74 71 63 53 43 34 28 27 30 37 47 56 63 64 61 54 46 39 36 36 4120 930Q0 245 741551 6499999999999999 952 272122 3599999999999999
 50 60 68 73 73 68 59 48 38 31 27 29 35 44 55 63 66 65 59 49 40 33 30 322010 1Q0 326 741611 67999999999999991015 2722 4 3099999999999999
 39 50 61 69 72 70 63 53 43 34 30 29 34 42 53 63 68 68 63 54 43 33 27 262010 2Q0 4 4 721630 69999999999999991034 292244 2699999999999999
 30 39 51 62 68 69 65 57 47 38 33 31 34 42 52 62 69 70 67 59 48 37 28 242010 3Q0 441 701648 71999999999999991049 312322 2399999999999999
 24 30 41 53 62 67 65 60 51 42 36 33 35 42 51 61 69 72 70 63 53 42 32 252010 4Q0 517 6717 6 729999999999999911 3 33999999999999999999999
 22 25 33 43 54 61 63 60 54 46 39 36 37 42 50 60 69 74 73 68 59 48 38 292010 5Q0 552 631727 7499999999999999 0 0 221118 3699999999999999
 24 23 28 36 46 54 59 59 55 49 42 38 38 42 49 58 67 74 75 72 65 55 45 352010 6Q0 628 601750 7599999999999999 038 231133 3899999999999999
 29 25 26 31 39 47 53 56 55 50 45 41 40 42 48 56 65 72 76 75 69 61 52 422010 7Q0 7 7 561817 7699999999999999 118 251150 4099999999999999
 35 30 28 29 34 40 47 51 52 51 47 44 42 43 47 54 61 69 74 75 73 67 59 502010 8Q0 754 521851 7599999999999999 2 6 2812 8 4299999999999999
 42 36 32 30 31 35 40 44 48 49 48 46 45 45 48 52 58 64 70 73 74 70 65 582010 9Q0 9 0 491933 7499999999999999 3 8 301222 4599999999999999
 50 44 38 34 31 31 34 37 41 44 46 47 47 48 49 51 55 59 64 69 71 71 69 64201010Q02032 72999999999999999999999 431 31999999999999999999999
 59 52 46 40 34 31 30 31 34 38 42 46 48 50 51 52 53 55 58 62 65 68 69 68201011Q022 4 69999999999999999999999 6 0 30999999999999999999999
 65 61 54 47 40 34 29 27 28 31 36 42 47 51 53 53 52 52 52 54 57 61 65 68201012Q01443 532354 6999999999999999 711 271722 5299999999999999
 69 67 63 56 48 39 31 26 24 26 31 38 45 51 55 55 54 50 47 46 47 50 56 62201013Q01442 56999999999999999999999 8 3 2419 9 4699999999999999
 67 70 69 65 57 47 37 29 24 23 26 34 43 51 57 59 57 51 45 40 38 38 43 50201014Q0 118 701457 5999999999999999 843 232016 3799999999999999
 59 67 71 70 65 56 45 34 27 23 25 31 41 51 59 63 62 56 47 38 31 28 30 36201015Q0 223 711515 6399999999999999 915 232111 2899999999999999
 46 57 66 71 70 63 53 42 32 26 26 30 39 51 61 68 68 63 53 41 30 22 19 22201016Q0 318 711536 6999999999999999 941 2522 2 1999999999999999
 30 43 55 65 69 67 60 49 39 31 28 31 38 50 62 72 75 72 62 49 35 23 15 13201017Q0 4 9 6916 1 759999999999999910 5 282252 1399999999999999
 17 27 41 54 63 66 63 55 45 36 32 32 38 48 61 73 80 80 73 60 45 30 18 10201018Q0 458 661629 81999999999999991026 312342  999999999999999
  9 15 26 40 52 60 61 58 50 42 36 34 38 46 58 71 81 85 81 72 58 42 27 16201019Q0 546 6217 1 85999999999999991048 34999999999999999999999
 10  9 15 27 40 50 56 56 52 46 40 37 38 44 54 66 78 85 86 80 69 55 40 27201020Q0 635 571736 8699999999999999 033  91111 3799999999999999
 17 12 12 19 29 39 48 52 52 48 43 40 39 43 50 60 71 80 85 83 77 66 54 40201021Q0 727 521816 8599999999999999 126 121137 3999999999999999
 29 21 17 17 23 31 39 45 48 48 46 43 42 43 47 54 63 72 79 81 79 73 64 53201022Q0 829 4819 0 8199999999999999 224 1712 4 4299999999999999
 42 33 26 22 22 26 32 38 43 46 47 46 45 45 46 50 56 63 69 74 75 73 68 62201023Q0 954 471952 7599999999999999 329 221233 4499999999999999
 53 45 37 31 27 26 29 33 38 42 45 47 48 48 48 49 51 55 60 65 68 69 68 65201024Q021 4 69999999999999999999999 443 26999999999999999999999
 60 54 47 40 34 30 28 30 33 38 43 47 50 51 51 50 50 50 52 55 58 62 64 65201025Q01323 512248 6599999999999999 559 281614 5099999999999999
 63 60 55 48 41 35 30 29 30 34 40 46 51 54 55 53 51 48 46 46 48 52 56 60201026Q01353 55999999999999999999999 7 1 291825 4699999999999999
 62 62 60 54 48 40 34 30 29 31 36 43 50 55 58 57 54 49 44 40 40 42 47 53201027Q0 028 631420 5899999999999999 748 281941 4099999999999999
 58 61 62 59 53 45 38 32 29 29 33 40 48 55 60 61 58 52 44 37 33 33 36 43201028Q0 140 621445 6199999999999999 824 282036 3399999999999999
 50 57 61 61 58 51 42 35 30 29 31 37 46 55 61 64 62 56 47 38 30 26 27 32201029Q0 234 6215 7 6499999999999999 852 292121 2699999999999999
 40 50 57 61 60 55 47 39 33 30 31 36 44 54 62 66 66 61 51 40 30 23 20 23201030Q0 319 611526 6799999999999999 915 3022 2 2099999999999999
 30 40 50 58 60 58 52 44 37 32 32 36 43 52 62 68 69 65 57 45 33 23 17 16201031Q0 4 0 601544 6999999999999999 935 322240 1699999999999999
 21 30 42 52 58 59 55 48 41 35 34 36 42 52 61 69 72 69 62 51 39 27 18 142011 1Q0 439 5916 3 7299999999999999 954 342317 1499999999999999
 15 22 33 44 53 58 56 51 44 38 36 37 42 51 60 69 74 73 67 57 45 32 22 152011 2Q0 516 581623 74999999999999991013 352353 1399999999999999
 13 16 25 36 47 54 56 53 48 42 38 38 41 49 59 68 75 76 72 63 52 39 28 192011 3Q0 553 561646 76999999999999991034 37999999999999999999999
 14 14 19 29 40 49 54 54 50 45 40 39 41 47 56 65 73 77 76 69 59 47 35 252011 4Q0 631 541713 7799999999999999 030 131056 3999999999999999
 18 15 17 23 33 42 49 52 51 48 43 41 41 45 53 61 70 76 77 73 65 55 44 332011 5Q0 713 521744 7799999999999999 1 9 151121 4099999999999999
 25 20 18 21 27 35 43 48 50 49 46 43 42 45 50 57 65 71 75 74 70 62 52 422011 6Q0 8 3 501821 7599999999999999 154 181147 4299999999999999
 33 26 22 21 23 29 36 42 47 48 47 46 44 45 48 53 59 65 70 72 71 66 59 502011 7Q0 9 8 4819 6 7299999999999999 247 211214 4499999999999999
 41 34 28 24 23 25 29 35 41 45 47 47 47 46 47 50 53 58 63 66 68 67 63 572011 8Q01040 4720 4 6899999999999999 351 231246 4699999999999999
 50 42 35 29 25 24 25 29 35 40 45 48 49 49 48 48 49 51 54 58 61 63 63 612011 9Q02132 63999999999999999999999 5 1 24999999999999999999999
 57 51 44 37 30 26 24 25 29 35 42 47 50 51 51 49 47 46 46 47 50 54 58 60201110Q013 6 512326 6099999999999999 6 5 241734 4599999999999999
 59 57 52 45 38 31 26 24 26 32 39 46 51 55 55 52 48 43 39 37 38 42 47 53201111Q01332 55999999999999999999999 657 241911 3799999999999999
 57 59 57 53 46 38 31 27 26 29 36 45 53 58 60 58 52 44 36 30 28 28 33 40201112Q0 1 5 591356 6099999999999999 738 262017 2799999999999999
 48 55 59 58 53 45 37 31 28 29 35 44 54 62 66 65 59 50 39 28 21 18 19 25201113Q0 219 591421 6699999999999999 811 282113 1899999999999999
 35 46 54 58 57 52 44 36 32 31 35 43 53 64 71 73 69 60 46 32 20 12  9 12201114Q0 320 591449 7399999999999999 840 3122 4  999999999999999
 20 32 44 53 58 56 50 42 36 33 35 41 51 63 74 80 78 71 58 42 27 14  6  3201115Q0 414 581521 8099999999999999 9 8 332254  399999999999999
  7 17 31 44 53 56 54 48 41 36 35 40 48 60 73 82 85 81 70 55 38 22 10  2201116Q0 5 4 561555 8599999999999999 937 352342  199999999999999
  1  7 18 32 44 52 54 51 45 39 37 38 45 55 67 79 86 87 80 68 52 35 20  9201117Q0 552 541632 879999999999999910 8 37999999999999999999999
  3  3  9 21 35 45 51 52 48 43 39 38 42 49 60 72 82 87 85 77 64 49 34 20201118Q0 639 521712 8799999999999999 030  21042 3899999999999999
 11  6  7 15 26 37 46 50 50 46 42 39 40 45 53 63 74 81 83 80 72 60 47 33201119Q0 728 501753 8399999999999999 118  61119 3999999999999999
 22 15 11 14 21 30 40 46 49 48 45 42 41 43 47 55 63 72 77 78 74 66 56 45201120Q0 820 491837 7899999999999999 2 7 1112 0 4199999999999999
 34 25 19 17 20 26 34 41 46 48 48 46 44 43 45 49 54 61 67 71 71 67 61 53201121Q0 919 491927 7199999999999999 257 171250 4399999999999999
 44 35 28 24 22 25 30 37 43 47 49 49 48 46 45 46 48 52 57 61 64 63 61 56201122Q01029 492027 6499999999999999 351 2214 6 4599999999999999
 50 43 36 31 27 26 28 33 39 45 49 51 51 50 48 46 45 46 48 51 54 56 57 56201123Q01143 512151 5799999999999999 446 261615 4599999999999999
 53 48 43 37 32 29 28 31 36 41 47 51 54 54 53 49 46 42 41 42 44 47 50 52201124Q01240 542340 5399999999999999 540 281814 4199999999999999
 52 51 48 43 37 33 30 30 33 38 45 51 55 57 57 54 49 43 38 35 35 37 41 45201125Q01322 58999999999999999999999 628 301934 3499999999999999
 49 51 50 47 42 37 33 31 32 36 42 49 55 59 61 59 53 45 38 31 28 28 31 37201126Q0 116 511353 6199999999999999 7 8 312031 2799999999999999
 43 48 51 50 47 42 36 33 32 35 40 47 55 61 64 63 58 50 40 31 24 21 22 27201127Q0 224 511418 6499999999999999 742 322117 2199999999999999
 34 42 48 51 50 46 41 36 34 35 39 46 54 61 66 67 63 55 45 34 24 17 15 18201128Q0 316 511440 6799999999999999 812 342157 1599999999999999
 25 34 43 50 52 50 45 40 36 36 39 45 53 61 68 70 68 61 51 39 27 17 12 11201129Q0 4 0 5215 2 7099999999999999 840 352235 1199999999999999
 16 25 37 46 52 52 49 44 39 37 38 44 51 61 69 73 73 67 57 45 32 20 12  8201130Q0 440 531525 7499999999999999 9 7 372311  899999999999999
 10 18 29 40 49 53 52 48 42 39 38 42 49 58 68 74 76 73 64 52 39 26 16  92012 1Q0 516 531551 7699999999999999 936 382346  799999999999999
  7 12 21 33 44 51 53 51 46 41 39 41 46 55 65 73 78 77 71 60 47 34 22 132012 2Q0 553 531620 789999999999999910 5 39999999999999999999999
  8  9 15 26 38 47 52 52 49 44 40 40 43 51 60 70 77 79 75 67 55 42 30 192012 3Q0 630 531653 7999999999999999 022  81037 4099999999999999
 12  9 12 20 31 41 49 52 51 47 43 41 42 47 54 64 72 77 77 72 62 51 38 272012 4Q0 711 521729 7899999999999999 1 0  91111 4099999999999999
 18 13 12 16 24 35 44 49 51 49 45 42 41 44 49 57 65 72 75 73 67 58 47 362012 5Q0 755 5118 9 7599999999999999 140 121147 4199999999999999
 26 19 15 15 20 28 37 45 49 50 48 45 43 43 45 50 57 64 69 71 68 62 54 442012 6Q0 845 501856 7199999999999999 224 151229 4299999999999999
 34 26 20 18 19 24 31 39 45 49 49 47 45 43 43 45 49 54 60 64 65 63 58 512012 7Q0 940 491952 6599999999999999 312 181328 4399999999999999
 42 34 28 23 21 23 28 34 42 47 50 50 48 46 44 43 43 46 49 53 56 58 57 542012 8Q01036 5021 8 5899999999999999 4 3 2115 9 4399999999999999
 48 42 35 30 26 24 26 31 38 45 50 53 53 51 47 43 40 39 39 41 45 48 51 522012 9Q01128 532257 5299999999999999 454 241723 3999999999999999
 51 47 42 37 32 28 28 30 36 43 50 55 58 57 53 48 42 36 32 31 32 35 40 44201210Q01213 58999999999999999999999 542 2819 5 3199999999999999
 48 49 47 44 39 34 31 31 35 42 50 57 62 64 61 55 47 38 30 24 21 22 26 33201211Q0 057 491254 6499999999999999 624 312018 2199999999999999
 40 46 49 48 45 40 35 34 35 40 48 57 65 70 70 66 57 45 34 23 16 12 13 19201212Q0 225 491334 7099999999999999 7 4 342116 1299999999999999
 28 37 45 49 49 46 41 37 36 39 45 55 65 73 77 75 68 57 43 29 17  8  5  7201213Q0 329 501414 7799999999999999 743 3622 8  599999999999999
 15 26 37 46 51 50 46 41 37 38 42 51 61 72 80 83 79 69 55 39 24 12  3  1201214Q0 422 511454 8399999999999999 823 372256  199999999999999
  4 14 27 40 48 52 50 45 40 38 40 45 55 67 78 85 86 80 68 53 36 20  8  1201215Q0 5 8 521535 8699999999999999 9 5 382340 -199999999999999
  0  6 17 31 43 50 52 49 44 39 38 41 48 59 71 81 87 85 77 65 49 33 18  7201216Q0 550 521617 8799999999999999 948 38999999999999999999999
  2  3 10 23 36 46 51 51 47 42 38 38 42 50 61 73 82 85 82 73 60 45 30 17201217Q0 630 521659 8599999999999999 023  11032 3899999999999999
  9  5  8 17 30 41 49 52 50 46 41 38 39 43 52 63 73 80 81 76 67 55 41 28201218Q0 7 9 521740 8199999999999999 1 3  51118 3799999999999999
 18 12 11 15 25 36 45 50 52 49 45 40 38 39 45 52 62 70 75 74 69 60 49 38201219Q0 748 521823 7599999999999999 141 1112 6 3899999999999999
 27 20 16 17 23 32 41 48 51 51 49 44 40 39 41 45 52 59 65 68 67 61 54 44201220Q0 829 5219 7 6899999999999999 218 161259 3999999999999999
 35 27 22 21 23 29 37 45 50 52 52 49 45 42 40 41 45 49 55 59 60 59 54 48201221Q0 915 521955 6099999999999999 254 2114 6 4099999999999999
 41 34 28 25 25 29 34 41 47 52 53 52 50 46 43 41 41 42 45 49 52 53 51 48201222Q010 8 532055 5399999999999999 331 251541 4199999999999999
 44 39 34 30 29 29 33 38 45 50 53 55 54 51 48 44 40 38 38 40 42 45 46 46201223Q011 7 552226 4699999999999999 411 281737 3899999999999999
 44 42 39 35 32 31 33 37 42 48 53 56 57 56 53 49 43 38 34 33 33 35 38 41201224Q012 4 57999999999999999999999 455 311915 3399999999999999
 43 43 42 40 37 34 34 36 40 46 51 56 59 60 58 54 48 41 34 29 26 27 29 34201225Q0 047 431250 6099999999999999 542 342022 2699999999999999
 38 42 44 43 41 38 36 37 39 44 50 56 61 63 63 60 53 45 36 28 22 20 21 25201226Q0 222 441326 6399999999999999 628 362111 2099999999999999
 32 38 43 46 45 43 40 38 39 42 48 55 61 66 67 65 59 51 41 30 21 16 14 17201227Q0 320 461357 6799999999999999 712 382151 1499999999999999
 24 32 41 46 48 47 43 40 39 41 46 53 60 67 71 70 66 58 47 35 24 15 10 11201228Q0 4 2 481427 7199999999999999 753 392228 1099999999999999
 16 25 36 44 49 50 47 43 40 40 43 50 58 66 72 75 72 65 54 42 29 18 10  7201229Q0 439 501459 7599999999999999 834 4023 3  799999999999999
 10 18 29 40 48 52 50 47 42 40 41 46 53 63 71 77 77 72 62 50 36 23 13  6201230Q0 512 521533 7899999999999999 913 402337  599999999999999
  6 11 22 34 45 51 52 49 45 41 39 42 48 58 68 76 80 78 70 58 45 31 19 10201231Q0 545 5216 8 8099999999999999 951 39999999999999999999999
