 17 14 14 17 23 31 38 42 42 39 35 30 25 24 25 29 35 41 45 47 45 40 34 2820 1 1Q1 735 421852 4799999999999999 137 1313 4 2499999999999999
 22 18 16 17 21 27 33 38 40 40 37 33 29 26 25 26 30 34 39 42 43 41 37 3220 1 2Q1 816 411943 4399999999999999 212 161356 2599999999999999
 27 23 20 19 21 24 30 35 38 40 39 36 33 30 27 26 27 29 32 36 38 38 37 3420 1 3Q1 858 402044 3999999999999999 249 1915 8 2699999999999999
 30 27 24 22 22 24 27 32 36 39 39 38 36 33 30 28 26 26 27 29 32 34 35 3520 1 4Q1 945 402210 3599999999999999 332 211648 2699999999999999
 33 30 28 25 24 24 26 30 34 38 40 40 39 37 34 31 27 24 23 23 25 28 31 3320 1 5Q11038 40999999999999999999999 423 231823 2399999999999999
 34 33 31 29 26 25 25 28 32 36 40 42 42 40 38 34 29 25 21 19 19 21 24 2920 1 6Q1 0 7 341135 4299999999999999 519 251934 1999999999999999
 32 35 35 33 30 27 26 26 29 34 38 42 44 44 42 38 33 27 21 17 14 14 17 2220 1 7Q1 138 351228 4599999999999999 615 262029 1499999999999999
 28 34 37 37 35 31 27 26 26 30 35 41 45 48 47 43 38 31 23 17 12  9 10 1420 1 8Q1 235 371315 4899999999999999 7 9 262117  999999999999999
 22 30 36 40 39 35 30 26 25 26 31 37 44 49 51 49 43 36 27 19 12  7  5  720 1 9Q1 319 401358 5199999999999999 8 0 2522 0  599999999999999
 14 23 33 39 42 40 34 29 24 23 26 32 39 47 52 53 49 42 33 24 15  8  3  220 110Q1 359 421440 5399999999999999 848 232241  299999999999999
  7 16 27 36 42 43 39 32 26 22 22 25 33 42 50 55 54 49 40 30 20 11  4  120 111Q1 435 431522 5599999999999999 933 212320  199999999999999
  2  8 19 31 40 43 42 36 29 23 19 20 25 34 44 52 56 53 47 37 27 17  8  320 112Q1 510 4316 4 56999999999999991016 192357  199999999999999
  1  4 12 24 35 42 43 40 33 25 19 17 20 26 35 46 53 55 51 44 34 24 14  720 113Q1 544 431648 55999999999999991058 17999999999999999999999
  3  3  8 18 30 39 43 42 37 29 22 17 16 19 27 37 46 52 53 48 41 31 21 1320 114Q1 617 431733 5399999999999999 032  21141 1699999999999999
  7  5  7 14 24 34 41 43 40 34 26 19 16 16 20 27 37 45 49 49 44 37 28 2020 115Q1 650 431821 5099999999999999 1 5  51225 1599999999999999
 13  9  9 12 20 30 38 42 42 38 31 24 19 16 17 21 27 35 42 45 44 40 33 2620 116Q1 726 421913 4599999999999999 137  81315 1699999999999999
 19 14 12 14 18 26 34 40 42 41 36 30 24 19 17 18 21 26 32 37 39 39 36 3120 117Q1 8 5 422013 4099999999999999 211 121417 1799999999999999
 25 20 17 17 18 23 30 36 41 42 40 36 31 25 21 19 19 20 23 28 32 34 34 3320 118Q1 849 422134 3499999999999999 248 161544 1899999999999999
 30 26 23 21 21 22 27 32 38 41 42 40 37 32 27 23 20 18 18 20 23 26 29 3120 119Q1 944 422347 3199999999999999 337 201736 1899999999999999
 31 30 28 26 24 24 25 29 34 38 42 42 41 38 34 29 24 20 17 15 15 18 22 2620 120Q11052 42999999999999999999999 441 231918 1599999999999999
 30 32 33 31 28 26 25 26 30 34 39 42 44 43 40 36 30 24 19 14 11 11 14 2020 121Q1 140 331210 4499999999999999 555 252031 1199999999999999
 26 31 35 35 33 30 26 25 26 29 34 39 43 45 45 42 37 30 23 16 11  8  8 1220 122Q1 242 351316 4699999999999999 7 4 252125  799999999999999
 20 28 34 38 37 34 29 25 24 25 29 34 41 46 48 46 42 36 28 20 13  7  5  720 123Q1 324 3814 6 4899999999999999 8 2 2422 8  599999999999999
 13 23 32 38 40 38 33 27 23 22 24 29 36 43 48 50 47 41 33 25 16  9  5  420 124Q1 358 401447 5099999999999999 851 222244  399999999999999
  8 16 27 36 41 41 37 30 24 20 20 23 29 38 46 51 50 46 39 30 21 12  6  320 125Q1 429 421524 5199999999999999 933 192315  399999999999999
  4 11 22 33 40 42 40 34 26 20 17 18 23 31 41 49 52 49 43 35 26 17  9  520 126Q1 457 4216 1 52999999999999991012 172342  499999999999999
  4  8 17 28 37 42 42 37 30 22 16 15 18 25 34 44 50 51 47 39 31 21 13  720 127Q1 524 421638 51999999999999991049 15999999999999999999999
  5  7 13 23 33 40 42 39 33 25 18 14 15 19 27 37 45 50 48 43 35 26 18 1120 128Q1 551 421715 5099999999999999 0 6  51126 1499999999999999
  7  8 12 19 29 37 41 40 36 29 22 16 14 16 22 30 39 45 47 44 38 30 22 1520 129Q1 618 411753 4799999999999999 029  712 2 1499999999999999
 11  9 12 18 26 34 39 40 37 32 25 19 16 15 18 24 32 39 43 43 40 33 26 1920 130Q1 644 401831 4499999999999999 051  91238 1599999999999999
 14 12 13 17 23 31 36 39 38 34 28 23 19 17 17 20 26 32 37 40 39 35 29 2320 131Q1 711 391912 4099999999999999 113 121317 1699999999999999
 18 15 15 17 22 28 34 37 38 36 31 26 22 19 18 19 22 26 31 34 35 34 30 2620 2 1Q1 740 381958 3599999999999999 137 1514 4 1899999999999999
 22 19 17 18 21 26 31 36 38 37 34 30 26 23 20 20 20 21 24 27 30 31 30 2820 2 2Q1 813 3821 0 3199999999999999 2 6 171517 1999999999999999
 25 22 21 20 21 24 29 33 36 37 36 33 30 26 24 21 20 19 19 21 23 25 27 2720 2 3Q1 857 3723 0 2799999999999999 246 201711 1999999999999999
 27 26 24 23 23 24 26 30 33 36 37 36 34 31 28 25 21 18 16 15 16 18 21 2420 2 4Q1 959 37999999999999999999999 354 231859 1599999999999999
 27 28 28 27 25 24 24 26 30 33 36 38 38 36 33 29 25 20 15 12 11 11 14 1920 2 5Q1 130 281125 3899999999999999 525 242013 1199999999999999
 24 28 31 31 29 26 24 23 25 29 33 37 40 41 39 35 30 23 17 11  7  5  7 1220 2 6Q1 231 311246 4199999999999999 645 2321 5  599999999999999
 19 26 32 34 33 30 25 22 21 23 28 33 39 43 44 42 36 29 21 13  7  2  1  420 2 7Q1 311 341346 4499999999999999 749 212147  199999999999999
 12 21 30 35 37 34 28 23 19 18 21 27 35 42 47 47 43 36 27 18  9  3 -1 -120 2 8Q1 345 371435 4899999999999999 842 182225 -299999999999999
  5 15 26 34 38 37 32 25 18 15 15 19 27 37 46 50 49 44 35 24 14  5 -1 -320 2 9Q1 416 391519 5099999999999999 928 142259 -399999999999999
  0  9 21 32 39 40 36 29 20 14 11 12 18 28 39 48 52 49 42 32 21 11  3 -220 210Q1 444 4016 2 52999999999999991011 112330 -399999999999999
 -2  4 15 28 37 41 40 33 24 15  9  7 10 18 30 42 50 51 47 39 28 17  8  220 211Q1 512 411645 51999999999999991052  72358 -199999999999999
 -1  2 11 23 34 41 42 38 30 20 11  6  6 10 19 31 42 48 48 43 35 25 14  720 212Q1 539 431729 49999999999999991134  6999999999999999999999
  3  3  9 19 30 40 43 41 35 26 16  9  5  6 12 21 32 41 45 44 38 30 21 1320 213Q1 6 8 431814 4599999999999999 024  31217  599999999999999
  8  6  9 16 26 36 42 43 39 32 23 15  9  7  8 13 22 31 38 40 38 33 26 1920 214Q1 639 4419 1 4099999999999999 050  613 4  799999999999999
 13 11 12 16 23 32 39 43 41 37 30 22 15 11 10 11 15 21 28 33 34 32 29 2420 215Q1 714 431954 3499999999999999 116 1114 0 1099999999999999
 19 16 15 17 21 28 34 40 41 39 35 29 23 18 14 13 13 16 20 24 27 28 28 2620 216Q1 753 4121 6 2899999999999999 146 151518 1399999999999999
 23 21 19 19 21 25 30 35 38 39 37 33 29 25 21 18 16 14 15 17 19 22 24 2520 217Q1 842 392355 2599999999999999 225 191718 1499999999999999
 25 25 24 23 23 24 26 30 33 36 37 36 34 31 28 24 20 17 14 12 13 15 18 2220 218Q1 955 37999999999999999999999 339 231914 1299999999999999
 25 27 28 27 25 24 24 25 28 31 34 36 36 36 34 30 26 21 16 12  9  9 12 1720 219Q1 153 281154 3699999999999999 535 242028  999999999999999
 22 27 30 31 29 26 23 22 23 26 29 33 37 38 38 36 31 25 19 13  8  6  7 1120 220Q1 239 311320 3999999999999999 7 4 222115  699999999999999
 18 26 31 34 33 29 24 21 19 20 24 29 35 39 41 40 36 30 23 16  9  5  3  620 221Q1 312 3414 8 4199999999999999 8 4 192152  399999999999999
 13 22 30 35 36 33 27 21 17 16 18 23 30 38 43 44 41 35 28 19 12  6  2  320 222Q1 339 361445 4499999999999999 849 162222  299999999999999
  8 18 28 35 38 36 30 23 16 13 13 17 24 33 41 46 45 40 33 24 15  8  3  220 223Q1 4 4 381519 4699999999999999 927 122247  299999999999999
  5 13 24 34 39 39 34 27 18 12 10 11 17 27 37 45 47 44 37 28 19 11  5  220 224Q1 428 391553 479999999999999910 4 1023 8  299999999999999
  4 10 20 31 38 40 37 30 22 14  9  8 12 20 30 40 46 46 41 33 24 15  7  420 225Q1 451 401628 47999999999999991039  82327  399999999999999
  4  9 17 28 36 40 39 33 25 17 10  7  8 14 23 34 42 45 43 36 28 19 11  620 226Q1 513 4017 2 45999999999999991113  72344  599999999999999
  5  8 15 25 34 39 40 36 29 21 13  8  7 10 17 27 36 42 43 38 31 23 15  920 227Q1 535 401737 43999999999999991146  7999999999999999999999
  7  9 14 23 31 38 40 37 31 24 17 11  8  8 13 20 29 36 40 39 33 26 19 1320 228Q1 556 401813 4099999999999999 0 2  71219  899999999999999
  9 10 14 21 29 36 39 38 34 27 20 14 10  9 11 16 23 30 35 36 34 28 22 1620 229Q1 617 391850 3699999999999999 021  91252  999999999999999
 12 12 14 19 26 33 38 38 36 30 24 18 14 11 11 13 18 23 28 31 32 29 24 2020 3 1Q1 642 391933 3299999999999999 043 121331 1199999999999999
 16 14 15 19 24 30 35 37 37 33 27 22 17 15 13 13 15 18 21 25 27 27 25 2220 3 2Q1 714 382029 2799999999999999 1 7 141429 1399999999999999
 19 18 17 19 22 27 31 35 36 34 31 26 22 19 16 15 14 14 16 18 20 22 23 2320 3 3Q1 756 362222 2399999999999999 137 171620 1499999999999999
 22 21 21 21 22 24 27 31 33 34 33 31 27 24 21 18 15 13 12 12 13 16 18 2120 3 4Q1 857 34999999999999999999999 228 211827 1299999999999999
 23 24 24 24 23 23 24 26 29 31 33 33 32 30 27 23 19 14 10  8  7  9 12 1720 3 5Q1 133 241044 3399999999999999 444 231950  799999999999999
 22 26 27 27 25 23 21 21 23 26 30 33 36 36 34 30 24 18 12  7  3  3  5 1120 3 6Q1 222 281235 3699999999999999 635 212042  299999999999999
 18 25 29 31 29 25 21 18 17 19 24 30 35 39 40 37 31 24 16  8  2 -1  0  520 3 7Q1 254 311340 4099999999999999 744 172122 -199999999999999
 13 22 30 33 33 28 22 17 13 13 16 23 31 39 43 43 39 31 22 12  4 -1 -3  020 3 8Q1 321 341429 4499999999999999 836 132155 -399999999999999
  8 19 29 35 36 33 26 18 11  8  8 13 22 33 42 47 45 39 29 19  9  1 -3 -320 3 9Q1 346 371514 4799999999999999 921  72225 -399999999999999
  3 14 26 36 40 38 31 22 12  5  3  5 12 24 36 45 48 45 37 26 15  5 -1 -220 310Q1 4 9 401556 489999999999999910 3  32251 -299999999999999
  1 10 23 35 42 42 37 28 17  7  1 -1  3 13 26 38 46 47 42 33 22 12  4  020 311Q1 434 431639 47999999999999991046 -12316  099999999999999
  1  8 19 32 42 45 42 34 23 12  3 -2 -2  4 14 27 38 44 43 38 29 19 10  420 312Q1 5 0 451722 45999999999999991128 -22341  399999999999999
  4  7 16 28 39 45 45 40 31 20  9  2 -2  0  6 16 28 37 40 38 33 25 16 1020 313Q1 529 4618 7 40999999999999991212 -2999999999999999999999
  7  9 14 24 34 43 46 43 36 27 17  8  3  1  3  9 18 27 33 35 33 28 21 1520 314Q1 559 461854 3599999999999999 0 6  713 0  199999999999999
 12 11 15 21 29 38 43 43 39 33 25 17 10  6  5  7 11 18 25 29 30 28 24 2020 315Q1 633 441947 3099999999999999 032 111355  599999999999999
 16 15 16 20 25 32 38 40 39 35 30 24 18 14 11  9 10 13 17 21 24 25 24 2320 316Q1 712 4021 1 2599999999999999 1 2 151513  999999999999999
 21 19 19 20 23 27 32 35 37 35 32 29 25 21 17 15 12 11 12 15 18 20 22 2320 317Q1 8 0 372357 2399999999999999 139 1917 4 1199999999999999
 23 23 22 22 22 24 26 29 32 33 33 31 30 27 24 21 17 14 11 11 12 14 18 2120 318Q1 919 33999999999999999999999 256 221850 1099999999999999
 24 26 26 25 23 22 22 23 26 28 31 32 32 32 30 27 22 17 13  9  8  9 13 1820 319Q1 137 2612 0 3299999999999999 532 2220 0  899999999999999
 23 27 29 28 26 23 20 19 20 22 26 30 34 35 35 32 27 21 15 10  6  6  8 1420 320Q1 216 291317 3599999999999999 7 3 192045  599999999999999
 21 27 31 32 29 25 20 16 15 17 21 26 32 37 38 37 32 26 19 12  7  4  5  920 321Q1 245 3214 0 3899999999999999 757 152118  499999999999999
 17 25 32 34 33 28 22 16 12 11 14 20 28 35 40 40 37 31 23 15  8  4  3  620 322Q1 311 351435 4099999999999999 840 112145  399999999999999
 13 23 31 36 36 32 25 18 11  8  9 14 22 31 39 42 41 35 27 18 11  5  3  420 323Q1 334 3715 9 4299999999999999 918  822 6  399999999999999
 10 20 29 36 38 36 30 21 13  7  5  8 15 25 35 42 43 39 32 23 14  7  4  420 324Q1 356 381542 4399999999999999 954  52224  399999999999999
  9 17 27 36 40 38 33 25 16  8  4  4  9 18 29 38 43 41 36 27 18 10  6  520 325Q1 415 401616 43999999999999991028  32242  599999999999999
  8 15 25 34 40 40 36 29 20 11  5  2  5 11 22 32 40 42 38 31 22 14  8  620 326Q1 434 411650 429999999999999911 2  223 0  699999999999999
  8 14 23 33 40 42 38 32 23 15  7  3  3  7 15 25 34 39 39 34 26 18 11  820 327Q1 452 421725 40999999999999991135  22320  899999999999999
  9 13 21 31 38 42 40 35 27 18 11  5  3  5 10 18 28 35 37 35 29 22 15 1120 328Q1 512 4218 2 379999999999999912 7  32342 1099999999999999
 10 13 19 28 36 41 41 37 30 22 15  9  5  5  7 13 21 28 33 34 31 25 19 1420 329Q1 535 421841 34999999999999991242  5999999999999999999999
 12 13 18 25 32 38 41 39 33 26 19 13  9  7  7 10 15 21 27 30 30 27 22 1820 330Q1 6 2 411927 3099999999999999 0 7 121324  799999999999999
 15 15 17 22 28 34 38 38 35 30 24 18 14 11  9  9 11 15 20 23 26 26 24 2120 331Q1 636 392028 2699999999999999 035 141426  999999999999999
 19 17 18 21 25 29 34 36 35 33 28 23 19 16 13 11 10 11 13 16 19 22 23 2320 4 1Q1 721 362222 2399999999999999 1 6 1716 8 1099999999999999
 22 21 20 21 23 25 28 31 33 33 31 28 25 22 18 15 12  9  9 10 13 16 19 2220 4 2Q1 828 33999999999999999999999 154 201754  999999999999999
 23 24 24 23 22 22 23 25 28 31 32 32 31 28 25 20 15 11  7  6  6 10 14 1920 4 3Q1 1 0 241034 3299999999999999 430 221910  699999999999999
 24 26 27 26 23 21 19 20 22 25 29 33 35 34 32 27 21 14  8  4  3  4  9 1620 4 4Q1 149 271226 3599999999999999 628 1920 1  399999999999999
 22 28 30 30 26 22 17 15 15 17 22 29 35 38 38 35 28 20 12  6  2  1  4 1120 4 5Q1 218 311330 3999999999999999 734 142040  199999999999999
 20 28 33 34 31 25 18 12  9  9 13 21 30 38 42 41 36 28 18  9  3  0  2  820 4 6Q1 242 341420 4299999999999999 825  92112  099999999999999
 17 28 36 39 37 30 21 12  6  3  5 11 21 32 41 44 42 35 25 15  7  2  1  520 4 7Q1 3 5 3915 5 4499999999999999 911  32140  199999999999999
 14 26 36 42 42 37 28 17  7  0 -2  1 10 22 34 43 45 41 33 23 12  5  3  420 4 8Q1 329 431550 4599999999999999 955 -222 7  399999999999999
 11 22 35 44 47 43 35 24 12  2 -4 -4  0 10 24 36 43 43 39 30 20 11  6  620 4 9Q1 355 471634 44999999999999991040 -52234  599999999999999
 10 19 31 42 49 48 42 32 19  8 -1 -5 -5  1 12 26 36 41 40 35 26 17 11  820 410Q1 423 491719 42999999999999991125 -523 2  899999999999999
 10 16 27 38 47 50 46 38 28 16  6 -1 -4 -2  4 15 26 35 38 36 31 23 16 1220 411Q1 454 5018 5 38999999999999991211 -42332 1199999999999999
 12 16 23 33 42 48 47 42 34 25 15  7  1 -1  1  8 17 26 32 34 32 27 21 1620 412Q1 527 481854 349999999999999913 1 -1999999999999999999999
 14 16 21 28 36 43 45 43 38 31 23 15  9  5  4  6 11 18 25 29 30 28 25 2120 413Q1 6 3 451949 3099999999999999 0 4 141357  499999999999999
 18 18 20 24 30 36 40 41 38 34 28 23 17 13 10  8  9 13 18 23 26 27 26 2420 414Q1 644 4121 3 2799999999999999 040 1715 8  899999999999999
 22 20 21 22 25 29 34 36 37 35 32 28 24 20 16 13 11 11 13 17 21 23 25 2620 415Q1 737 3723 2 2699999999999999 128 201634 1199999999999999
 25 24 23 22 23 25 27 30 32 33 33 31 29 27 23 19 15 12 11 12 15 19 23 2520 416Q1 9 8 33999999999999999999999 257 221759 1199999999999999
 27 27 26 24 23 22 22 24 26 29 31 33 33 31 29 24 20 15 11 10 11 14 19 2420 417Q1 040 281135 3399999999999999 517 2219 5 1099999999999999
 28 30 30 28 24 21 19 18 20 23 28 32 34 35 33 30 24 18 13 10  9 11 15 2120 418Q1 131 301251 3599999999999999 643 181952  999999999999999
 27 31 33 32 28 23 18 15 15 17 22 28 33 37 37 35 29 23 16 11  8  8 12 1820 419Q1 2 6 331338 3799999999999999 738 142027  899999999999999
 25 32 35 36 32 26 20 14 11 11 15 22 30 36 39 38 34 27 20 13  9  8 10 1520 420Q1 234 361418 3999999999999999 824 112053  899999999999999
 23 31 37 39 36 31 23 15 10  7  9 15 23 32 39 41 38 32 24 17 11  8  9 1420 421Q1 257 391455 4199999999999999 9 4  72115  899999999999999
 21 30 37 41 40 35 27 18 11  6  5  9 16 26 35 41 41 36 29 21 14 10  9 1320 422Q1 316 411530 4199999999999999 942  52136  999999999999999
 20 28 37 42 42 38 31 22 13  6  3  4 10 19 30 38 41 39 33 25 17 12 10 1220 423Q1 334 4316 6 41999999999999991017  32157 1099999999999999
 18 27 36 43 44 41 35 26 17  9  3  2  5 12 23 33 40 41 37 30 22 15 11 1220 424Q1 352 441642 41999999999999991052  22221 1199999999999999
 17 25 34 42 46 44 38 30 21 12  6  2  2  7 16 26 35 39 39 34 26 19 14 1320 425Q1 412 461719 40999999999999991127  12248 1399999999999999
 16 22 31 40 45 46 41 34 25 16  9  4  2  4 10 19 29 36 38 36 30 23 17 1420 426Q1 436 461759 389999999999999912 3  22316 1499999999999999
 15 20 27 36 43 46 44 38 30 21 14  8  5  4  7 13 21 29 34 35 32 27 21 1720 427Q1 5 4 461842 35999999999999991243  42348 1699999999999999
 16 18 24 31 39 43 44 40 34 26 19 13  9  6  6  9 15 22 28 32 32 29 25 2120 428Q1 537 441931 32999999999999991331  6999999999999999999999
 18 19 22 27 33 39 42 41 37 31 25 19 14 10  8  8 11 15 21 26 29 29 27 2420 429Q1 616 422035 2999999999999999 022 181434  899999999999999
 21 20 21 24 28 33 37 39 38 34 30 25 20 16 13 10  9 11 15 19 23 26 27 2620 430Q1 7 7 3922 4 2799999999999999 1 2 201552  999999999999999
 25 23 23 23 25 27 31 34 36 35 34 31 27 22 18 14 11  9 10 13 18 22 26 2820 5 1Q1 824 362342 2899999999999999 2 8 231711  999999999999999
 28 27 25 24 23 23 25 27 30 33 35 35 33 29 25 20 15 11  9  9 13 18 23 2720 5 2Q11025 35999999999999999999999 423 231815  899999999999999
 30 31 29 26 23 21 19 20 23 27 32 35 37 36 32 27 20 14 10  8  9 14 20 2720 5 3Q1 044 3112 6 3799999999999999 6 8 1919 5  899999999999999
 32 34 34 31 26 20 16 14 15 19 25 31 37 39 38 34 27 19 13  9  8 11 17 2520 5 4Q1 121 351314 3999999999999999 715 141945  899999999999999
 33 38 39 37 31 23 16 11  8 10 15 23 32 39 42 40 35 27 18 12  9  9 14 2220 5 5Q1 151 3914 9 4299999999999999 810  82020  899999999999999
 32 40 44 43 38 29 20 11  5  3  5 12 23 33 41 43 41 34 25 17 12 10 13 1920 5 6Q1 219 441459 4399999999999999 9 0  32052 1099999999999999
 29 40 47 49 45 37 26 15  6  0 -1  3 11 23 35 42 44 40 33 24 16 12 13 1720 5 7Q1 248 491548 4499999999999999 949 -12125 1299999999999999
 26 37 47 52 51 45 35 23 11  3 -2 -3  2 12 25 36 43 43 39 31 22 16 14 1620 5 8Q1 319 521634 44999999999999991037 -32159 1499999999999999
 23 32 43 52 54 50 42 31 19  9  1 -3 -3  3 15 27 37 42 41 36 29 21 17 1720 5 9Q1 351 541721 42999999999999991124 -32234 1699999999999999
 20 28 38 48 53 53 47 38 28 17  8  1 -1  0  7 18 29 37 40 39 34 27 21 1820 510Q1 425 5418 7 40999999999999991211 -22311 1899999999999999
 19 24 32 41 49 52 49 43 35 26 16  9  4  2  4 11 21 30 36 38 36 31 26 2120 511Q1 5 2 521854 38999999999999991259  22350 2099999999999999
 20 22 27 34 42 47 48 45 39 32 24 17 11  7  6  9 15 23 31 35 35 33 29 2520 512Q1 542 491944 36999999999999991350  6999999999999999999999
 22 22 24 29 35 41 44 44 41 36 31 24 19 14 11 10 12 18 24 30 33 33 32 2920 513Q1 627 452042 3499999999999999 035 221446 1099999999999999
 26 23 23 25 29 34 38 40 40 38 35 30 26 21 16 14 13 15 19 25 29 32 33 3220 514Q1 725 412154 3399999999999999 129 231548 1399999999999999
 29 27 25 24 25 28 31 35 37 37 36 34 31 27 22 18 16 15 16 20 25 29 32 3320 515Q1 848 372316 3399999999999999 249 241653 1599999999999999
 33 31 28 26 24 24 25 28 31 34 36 36 35 32 28 24 19 16 15 17 21 25 30 3320 516Q11038 36999999999999999999999 439 241753 1599999999999999
 35 35 33 29 26 23 21 22 25 29 33 36 37 36 33 29 24 19 16 16 18 22 27 3220 517Q1 024 3512 6 3799999999999999 6 8 211841 1699999999999999
 36 37 37 34 29 24 20 18 19 22 27 32 36 38 37 34 28 23 18 16 17 20 25 3120 518Q1 111 3813 8 3899999999999999 712 181919 1699999999999999
 36 39 40 38 33 27 21 16 15 16 20 27 33 38 39 38 33 27 22 18 17 19 23 2920 519Q1 143 401358 3999999999999999 8 3 151950 1799999999999999
 36 41 43 42 37 31 23 17 12 11 14 20 28 35 40 41 38 32 26 20 18 18 22 2820 520Q1 2 8 431441 4199999999999999 848 112019 1799999999999999
 35 41 45 45 41 35 27 19 12  9  9 13 21 30 38 42 41 37 30 24 19 18 21 2620 521Q1 228 461521 4299999999999999 928  82047 1899999999999999
 34 41 47 48 45 39 31 22 14  8  6  8 14 23 33 40 43 41 35 28 22 19 20 2420 522Q1 249 4816 0 439999999999999910 6  62118 1999999999999999
 32 40 47 50 49 43 35 26 17 10  5  5  8 16 27 36 42 43 39 33 26 21 19 2220 523Q1 312 501638 43999999999999991044  42150 1999999999999999
 28 37 45 51 51 47 40 31 22 13  7  4  5 10 19 30 39 43 42 37 30 24 20 2120 524Q1 338 521718 43999999999999991122  42225 2099999999999999
 25 32 41 49 52 50 44 36 27 18 11  6  4  6 13 23 33 40 42 40 34 28 23 2120 525Q1 4 9 521759 429999999999999912 2  423 1 2199999999999999
 23 28 36 44 50 51 48 41 32 24 16 10  6  5  9 16 26 34 39 40 37 32 26 2320 526Q1 444 521842 40999999999999991245  52339 2299999999999999
 22 25 31 38 46 50 49 45 38 30 22 16 11  8  8 11 19 27 34 38 38 35 30 2620 527Q1 523 501930 38999999999999991331  7999999999999999999999
 23 24 27 33 39 45 47 46 42 36 29 22 16 12 10 10 14 21 28 34 36 36 33 2920 528Q1 6 8 482023 3799999999999999 020 231423 1099999999999999
 26 24 25 28 33 38 43 45 43 40 35 29 23 18 14 12 12 16 22 29 33 35 35 3320 529Q1 7 4 452122 3699999999999999 1 9 241519 1299999999999999
 30 27 25 26 28 31 36 40 41 41 39 35 30 24 19 16 14 14 18 24 30 34 36 3620 530Q1 819 422224 3699999999999999 218 251617 1499999999999999
 34 31 28 26 25 26 28 32 36 39 40 39 36 31 26 21 17 15 16 20 26 32 36 3920 531Q1 958 402322 3999999999999999 4 2 251711 1599999999999999
 38 36 32 28 24 22 22 24 28 32 37 39 39 37 33 28 22 18 17 18 23 29 36 4020 6 1Q11136 39999999999999999999999 539 2218 0 1799999999999999
 42 42 38 33 27 22 18 17 19 23 29 35 39 41 39 35 29 23 19 18 21 26 34 4120 6 2Q1 011 421258 4199999999999999 655 171845 1899999999999999
 45 47 45 40 33 25 18 14 12 14 19 27 35 40 42 41 36 29 24 20 21 24 31 3920 6 3Q1 054 4714 4 4299999999999999 758 121927 2099999999999999
 46 51 51 47 40 31 22 14  9  7 10 17 26 35 42 44 42 37 30 24 22 23 28 3520 6 4Q1 133 5115 1 4499999999999999 855  720 9 2299999999999999
 44 52 55 54 48 39 28 18 10  5  4  8 16 27 37 44 45 43 36 30 25 23 26 3120 6 5Q1 210 551551 4599999999999999 948  42051 2399999999999999
 40 49 56 58 54 47 37 26 15  8  3  3  7 17 29 40 45 46 42 36 29 25 25 2820 6 6Q1 248 581637 46999999999999991037  22133 2499999999999999
 35 44 53 58 58 53 44 34 23 13  6  3  3  9 20 33 42 46 46 41 34 28 25 2620 6 7Q1 326 591720 47999999999999991123  22216 2599999999999999
 30 38 47 55 58 56 50 41 31 21 12  7  4  6 13 25 36 44 46 44 39 32 27 2520 6 8Q1 4 4 5818 1 469999999999999912 7  42259 2599999999999999
 27 32 40 49 55 57 53 46 38 29 20 13  8  7 10 19 29 39 44 45 42 37 30 2620 6 9Q1 444 571841 45999999999999991248  72342 2599999999999999
 25 28 34 42 49 54 53 49 43 35 27 20 14 11 11 15 23 33 40 44 43 40 35 2920 610Q1 527 541922 44999999999999991328 10999999999999999999999
 26 26 29 35 42 48 51 50 46 40 34 27 20 16 14 15 20 27 35 41 43 42 38 3320 611Q1 613 5120 6 4399999999999999 028 2614 9 1499999999999999
 29 27 27 30 35 41 45 47 46 43 38 32 27 21 18 17 19 24 30 37 41 42 40 3720 612Q1 7 6 472055 4299999999999999 119 271452 1799999999999999
 33 30 28 28 30 34 39 42 44 43 41 37 32 27 23 21 20 22 27 33 38 41 41 4020 613Q1 8 9 442150 4199999999999999 223 281538 2099999999999999
 37 34 31 29 28 30 32 36 39 41 41 39 36 32 28 25 23 23 25 29 34 39 41 4220 614Q1 926 412249 4299999999999999 348 281627 2299999999999999
 41 39 35 32 29 27 28 30 33 36 38 39 38 36 33 29 26 24 25 28 32 37 41 4320 615Q11058 392345 4499999999999999 521 271715 2499999999999999
 44 42 40 36 31 27 25 25 26 30 34 37 39 39 37 34 30 27 26 27 30 35 40 4420 616Q11228 39999999999999999999999 640 2518 0 2699999999999999
 46 46 44 40 35 29 25 22 21 23 27 32 37 40 40 38 34 30 28 27 29 33 38 4320 617Q1 029 461338 4099999999999999 741 211842 2799999999999999
 47 49 47 44 39 32 26 21 18 18 21 26 33 38 42 42 39 35 30 28 28 31 37 4220 618Q1 1 4 491431 4299999999999999 831 181923 2899999999999999
 48 51 51 48 43 36 29 22 17 14 15 19 27 35 41 44 43 39 34 30 28 30 34 4020 619Q1 135 511516 4499999999999999 916 1420 4 2899999999999999
 47 52 54 53 48 41 32 24 17 13 11 13 20 29 38 44 46 44 39 33 29 28 31 3620 620Q1 2 6 541556 4699999999999999 957 112046 2899999999999999
 44 51 56 56 53 46 37 28 20 14  9  9 13 22 32 41 47 47 43 37 32 28 29 3220 621Q1 239 571635 47999999999999991037  92128 2899999999999999
 39 47 55 58 57 51 43 34 25 17 11  8  9 15 25 36 44 48 47 42 35 30 28 2920 622Q1 315 581714 48999999999999991116  72210 2899999999999999
 34 42 50 57 59 56 49 40 30 22 14  9  7 10 18 29 40 46 48 45 40 33 29 2720 623Q1 353 591752 48999999999999991156  72252 2799999999999999
 30 35 44 52 58 58 54 46 37 28 19 13  9  9 13 22 33 42 47 47 43 37 31 2720 624Q1 433 591831 48999999999999991235  82334 2799999999999999
 27 31 37 46 53 57 56 51 43 35 26 18 13 10 12 18 27 37 44 47 45 41 35 3020 625Q1 516 571910 47999999999999991313 10999999999999999999999
 27 28 31 38 46 52 55 53 48 41 33 25 18 14 13 16 22 31 40 45 46 44 39 3320 626Q1 6 3 551950 4699999999999999 018 271352 1399999999999999
 29 27 28 32 38 45 50 52 50 45 39 32 25 20 17 17 20 27 35 42 46 46 43 3820 627Q1 657 522032 4699999999999999 1 7 271431 1699999999999999
 33 29 28 28 31 36 42 46 48 47 43 38 31 26 22 20 21 25 31 39 45 47 47 4320 628Q1 8 1 482118 4799999999999999 210 281513 2099999999999999
 39 34 30 28 28 30 33 38 42 44 44 41 37 32 28 25 23 25 29 36 42 47 49 4820 629Q1 920 4422 8 4999999999999999 334 271559 2399999999999999
 45 40 35 30 27 26 26 29 33 37 40 41 41 38 34 30 28 27 28 33 39 45 50 5120 630Q111 4 4123 2 5199999999999999 512 261650 2799999999999999
 50 47 41 36 30 26 23 22 24 28 33 38 41 41 40 37 33 30 30 32 36 42 48 5320 7 1Q11252 412359 5499999999999999 641 221746 2999999999999999
 54 53 49 43 36 29 23 19 18 20 24 31 37 41 43 43 39 35 32 32 34 39 45 5120 7 2Q11412 44999999999999999999999 757 181842 3299999999999999
 56 57 55 50 43 35 27 20 16 14 16 22 30 38 44 46 45 41 36 33 33 35 40 4720 7 3Q1 054 571510 4699999999999999 859 141937 3399999999999999
 54 59 60 57 51 42 33 24 17 12 11 14 22 32 41 47 49 47 42 36 33 33 36 4220 7 4Q1 143 601555 4999999999999999 951 112030 3399999999999999
 49 57 61 61 57 49 40 30 21 14 10 10 14 24 35 45 50 50 47 41 35 32 33 3720 7 5Q1 228 621635 51999999999999991036  92119 3299999999999999
 43 52 59 63 61 55 47 37 28 19 13  9 11 17 29 40 49 52 51 45 39 33 31 3220 7 6Q1 310 631710 52999999999999991116  922 5 3199999999999999
 37 45 54 61 63 60 53 44 34 25 17 12 10 14 23 34 45 51 52 49 43 36 31 3020 7 7Q1 351 631744 53999999999999991152 102249 3099999999999999
 32 38 47 56 61 61 57 50 41 31 23 16 13 13 19 29 40 49 52 51 47 40 33 2920 7 8Q1 432 621816 53999999999999991224 122331 2999999999999999
 29 33 40 49 56 60 59 53 46 38 29 22 17 15 18 25 35 45 51 52 49 44 37 3220 7 9Q1 513 601849 52999999999999991253 15999999999999999999999
 29 30 34 41 49 55 57 55 50 42 35 27 22 19 19 23 31 40 47 51 51 47 42 3620 710Q1 555 571923 5199999999999999 014 291321 1899999999999999
 31 30 31 36 42 49 53 54 51 46 39 32 27 23 22 24 29 36 44 49 50 49 45 4020 711Q1 640 541958 5099999999999999 058 301349 2299999999999999
 35 32 31 33 37 42 47 50 50 47 42 37 31 27 25 26 29 34 41 46 49 50 48 4420 712Q1 727 502035 5099999999999999 149 311419 2599999999999999
 40 36 33 32 34 36 40 44 46 46 43 40 36 32 29 28 30 33 39 44 48 50 49 4720 713Q1 823 462114 5099999999999999 254 321453 2899999999999999
 44 40 37 34 33 33 35 37 40 42 42 41 38 36 33 32 32 33 37 42 46 49 50 4920 714Q1 936 422159 5099999999999999 421 331535 3199999999999999
 47 44 41 37 34 32 31 32 34 37 39 40 40 39 37 36 34 34 36 40 44 48 51 5220 715Q11131 402251 5299999999999999 557 311629 3499999999999999
 51 48 45 41 36 32 29 28 28 30 33 37 40 41 41 40 38 36 36 38 42 46 50 5320 716Q11327 412349 5499999999999999 716 281732 3699999999999999
 54 52 49 45 40 34 29 25 24 24 27 32 37 41 44 44 42 39 37 37 39 43 48 5220 717Q11430 44999999999999999999999 816 231834 3799999999999999
 55 56 54 50 44 38 31 25 21 19 21 25 32 39 44 47 46 43 39 37 37 39 44 5020 718Q1 045 561514 4799999999999999 9 5 191932 3699999999999999
 55 58 58 55 50 42 34 27 21 17 16 18 25 34 42 48 50 47 43 38 36 36 39 4520 719Q1 134 591552 5099999999999999 947 152026 3599999999999999
 52 58 61 60 56 48 40 31 23 17 13 13 18 27 38 47 51 51 47 41 36 34 35 3920 720Q1 219 611627 52999999999999991026 132115 3499999999999999
 46 54 61 63 61 55 46 36 27 19 13 11 13 21 32 43 51 53 51 45 39 34 32 3420 721Q1 3 2 6317 0 539999999999999911 3 1122 1 3299999999999999
 39 48 57 63 64 61 53 43 33 24 16 11 11 16 26 38 48 53 54 49 43 35 31 3020 722Q1 344 651732 54999999999999991138 112245 3099999999999999
 33 40 49 59 64 64 59 50 40 30 21 15 12 14 21 32 44 52 55 53 47 39 32 2920 723Q1 426 6518 3 55999999999999991210 122327 2899999999999999
 29 33 41 51 59 63 62 55 47 37 27 20 15 14 19 28 39 49 55 55 51 44 36 3020 724Q1 510 631834 55999999999999991240 14999999999999999999999
 27 29 34 42 51 58 61 58 52 43 34 26 20 18 19 25 35 45 53 56 54 49 41 3420 725Q1 556 6119 6 5699999999999999 011 2713 8 1899999999999999
 29 27 29 34 42 50 55 56 54 48 40 32 26 22 22 25 32 42 50 56 56 53 47 4020 726Q1 645 571940 5799999999999999 059 271336 2299999999999999
 34 29 28 30 34 40 47 51 51 49 44 38 32 28 26 27 31 38 47 53 57 56 52 4720 727Q1 740 522020 5799999999999999 156 2814 6 2699999999999999
 40 34 31 29 30 33 37 42 45 46 45 42 38 34 31 31 33 37 43 50 55 57 56 5220 728Q1 848 4621 6 5799999999999999 312 291444 3199999999999999
 47 41 36 32 30 29 30 33 37 40 42 42 41 39 37 35 35 37 41 46 52 56 57 5620 729Q11041 4222 3 5799999999999999 454 291536 3599999999999999
 53 49 43 38 33 30 27 27 29 32 36 39 41 42 42 41 39 38 40 43 47 52 56 5820 730Q11314 432315 5899999999999999 639 271652 3899999999999999
 57 55 51 45 39 33 28 25 23 25 28 33 39 43 46 46 44 41 40 40 43 47 52 5620 731Q11430 46999999999999999999999 8 3 231815 4099999999999999
 59 59 57 52 46 39 32 26 21 20 21 27 34 41 47 49 49 45 42 40 40 42 46 5220 8 1Q1 032 591515 4999999999999999 9 2 201927 3999999999999999
 57 61 61 58 53 45 37 29 23 18 17 20 28 37 46 51 52 50 45 40 38 38 41 4620 8 2Q1 133 611550 5299999999999999 948 172026 3799999999999999
 53 60 63 63 58 52 43 34 26 19 16 16 22 32 42 51 55 54 49 43 38 35 36 4020 8 3Q1 222 631620 55999999999999991025 152116 3599999999999999
 47 55 62 65 63 57 49 40 30 22 17 15 18 26 38 49 55 57 54 47 40 34 33 3420 8 4Q1 3 3 651648 57999999999999991057 152159 3399999999999999
 40 49 58 64 65 62 54 45 36 27 20 16 17 22 33 45 54 58 57 51 44 36 31 3120 8 5Q1 342 661715 58999999999999991125 162239 3199999999999999
 34 41 51 60 65 64 59 51 41 32 24 19 18 21 29 40 51 57 58 55 48 40 33 3020 8 6Q1 420 651741 58999999999999991148 182318 2999999999999999
 30 35 44 53 61 64 61 55 46 37 29 23 20 21 27 37 47 55 58 57 51 44 37 3120 8 7Q1 458 6418 7 589999999999999912 9 202357 2999999999999999
 29 32 37 46 55 60 61 57 50 42 33 27 23 23 27 35 44 52 57 57 54 48 41 3520 8 8Q1 537 611833 58999999999999991229 23999999999999999999999
 31 30 34 40 47 54 58 57 52 45 38 31 27 26 28 34 42 50 55 57 55 51 45 3920 8 9Q1 615 581859 5799999999999999 036 301248 2699999999999999
 34 32 32 36 41 47 52 54 52 47 41 35 31 29 30 34 40 47 53 57 56 53 48 4320 810Q1 656 541925 5799999999999999 118 3213 9 2999999999999999
 38 35 33 34 37 41 46 49 49 47 43 39 35 32 32 35 39 45 51 55 56 55 51 4620 811Q1 740 491956 5699999999999999 2 8 331331 3299999999999999
 42 38 36 35 35 37 40 43 45 45 43 41 38 36 35 36 39 43 48 53 56 56 54 5020 812Q1 838 452034 5699999999999999 319 341359 3599999999999999
 46 42 39 37 35 34 35 36 39 40 41 41 41 40 39 39 40 42 46 50 53 55 55 5320 813Q11027 412127 5699999999999999 5 1 341443 3999999999999999
 50 47 43 40 36 33 31 31 32 34 37 39 41 43 43 42 42 42 43 46 50 53 55 5620 814Q11339 432242 5699999999999999 644 311624 4199999999999999
 54 52 48 44 39 35 30 28 27 28 31 35 40 44 46 46 45 43 42 43 45 49 53 5620 815Q11433 46999999999999999999999 757 2718 6 4299999999999999
 57 57 54 49 44 38 32 26 23 22 24 29 36 43 48 50 49 46 43 41 41 44 48 5320 816Q1 011 5715 8 5099999999999999 848 221922 4199999999999999
 58 60 59 56 50 42 35 28 22 18 19 23 30 39 47 52 52 49 45 40 38 38 42 4820 817Q1 119 601538 5399999999999999 928 182021 3899999999999999
 54 60 63 62 57 49 40 31 23 18 15 17 24 34 45 52 55 53 48 42 37 34 36 4020 818Q1 210 6316 6 559999999999999910 4 152111 3499999999999999
 48 57 63 66 63 56 47 36 27 19 15 14 19 29 41 51 57 57 52 45 38 32 31 3320 819Q1 256 661632 57999999999999991036 142156 3199999999999999
 40 49 59 66 67 62 54 43 33 23 17 14 16 24 36 49 57 59 57 50 41 33 28 2820 820Q1 339 671657 599999999999999911 5 142238 2799999999999999
 32 40 51 61 67 66 60 51 40 29 21 16 16 22 32 45 56 61 60 55 46 36 29 2520 821Q1 421 671722 61999999999999991131 162320 2599999999999999
 26 31 41 53 62 65 63 56 47 36 27 21 19 21 29 41 53 61 63 59 52 42 33 2620 822Q1 5 4 651749 63999999999999991156 19999999999999999999999
 24 26 32 42 53 60 62 59 52 43 33 26 23 23 29 38 49 59 64 63 57 49 39 3120 823Q1 549 621818 6499999999999999 0 4 241219 2299999999999999
 26 24 27 33 42 51 56 57 53 47 39 32 28 27 30 36 45 55 62 64 61 55 46 3820 824Q1 636 571851 6499999999999999 051 241243 2799999999999999
 31 27 26 28 34 41 48 51 51 48 43 38 33 31 32 36 43 51 58 62 62 58 52 4520 825Q1 728 521928 6399999999999999 146 261310 3199999999999999
 38 33 30 29 30 33 38 43 46 46 44 42 39 36 36 38 41 47 53 58 61 60 56 5120 826Q1 836 462013 6199999999999999 259 291341 3699999999999999
 46 41 36 33 31 30 32 35 38 41 42 42 42 41 40 41 42 44 48 53 56 58 58 5520 827Q111 3 422113 5899999999999999 443 301427 4099999999999999
 52 48 43 39 35 31 29 29 31 34 37 40 43 45 45 44 44 44 45 47 51 54 56 5720 828Q11343 452249 5799999999999999 634 291626 4499999999999999
 56 54 50 46 40 35 30 27 26 28 31 36 42 46 48 48 47 45 43 43 45 48 52 5520 829Q11430 49999999999999999999999 755 261826 4399999999999999
 57 57 56 52 46 40 33 28 24 23 26 31 39 46 50 52 51 47 43 41 40 42 46 5120 830Q1 036 5815 1 5299999999999999 847 231940 4099999999999999
 56 59 60 57 52 45 38 30 25 21 22 26 34 43 51 55 55 51 45 40 37 37 40 4520 831Q1 137 601528 5599999999999999 927 212032 3699999999999999
 52 59 62 61 57 51 42 34 27 22 20 22 30 40 50 56 58 55 49 42 36 33 34 3820 9 1Q1 221 621552 5899999999999999 958 202115 3399999999999999
 46 55 62 64 62 56 48 38 30 23 20 21 26 36 47 56 60 58 53 45 37 32 30 3220 9 2Q1 259 641616 60999999999999991024 202154 3099999999999999
 39 48 58 64 64 60 53 43 34 26 22 21 24 32 43 54 60 61 57 49 41 33 28 2820 9 3Q1 335 651638 61999999999999991045 212231 2899999999999999
 33 41 51 60 64 63 57 48 39 30 24 22 24 30 40 51 59 62 60 53 45 36 29 2620 9 4Q1 411 651659 629999999999999911 3 2223 6 2699999999999999
 28 34 44 54 61 63 59 52 43 35 28 24 25 30 38 49 57 62 61 56 49 40 32 2720 9 5Q1 447 631720 62999999999999991120 242342 2699999999999999
 26 30 37 47 56 60 60 55 47 39 32 27 27 30 37 46 55 61 62 58 52 44 36 3020 9 6Q1 523 611740 62999999999999991138 27999999999999999999999
 27 28 33 40 49 55 58 55 50 43 36 31 29 31 37 45 53 59 62 60 54 47 40 3420 9 7Q1 6 0 5818 1 6299999999999999 017 271157 2999999999999999
 30 28 30 35 42 49 53 54 51 45 39 34 32 33 37 43 50 57 61 60 56 50 44 3720 9 8Q1 639 541825 6199999999999999 054 281217 3299999999999999
 33 30 30 32 37 42 47 50 49 46 42 38 35 35 37 42 48 54 58 60 58 53 47 4220 9 9Q1 723 501854 6099999999999999 136 301239 3599999999999999
 37 34 32 32 34 37 41 44 46 45 43 41 39 38 38 41 45 50 55 58 58 55 51 4620 910Q1 820 461931 5899999999999999 235 3213 2 3899999999999999
 41 38 35 33 32 33 35 37 40 42 42 42 42 41 41 42 44 47 50 54 56 55 53 5020 911Q11012 422024 5699999999999999 411 321327 4199999999999999
 46 43 39 36 33 31 30 31 33 36 39 41 43 44 44 44 44 45 46 49 51 53 54 5320 912Q12155 54999999999999999999999 6 1 30999999999999999999999
 51 48 45 41 36 32 29 27 27 30 34 38 43 46 48 47 46 44 43 44 46 49 52 5420 913Q11419 482358 5599999999999999 721 271811 4399999999999999
 55 54 51 46 41 35 29 25 23 24 27 33 40 47 50 51 49 46 42 40 40 42 47 5220 914Q11444 51999999999999999999999 814 231929 4099999999999999
 56 58 57 53 47 39 32 25 21 19 22 28 37 45 52 54 53 48 43 38 35 36 39 4620 915Q1 113 5815 7 5499999999999999 853 192022 3599999999999999
 53 59 61 60 54 46 37 28 22 18 18 23 32 43 52 57 57 52 45 38 32 30 31 3720 916Q1 2 6 611530 5799999999999999 926 1821 7 3099999999999999
 46 55 62 64 61 53 44 33 25 19 17 20 28 40 51 59 61 57 50 40 32 26 25 2820 917Q1 251 641551 6199999999999999 955 172150 2599999999999999
 36 47 58 64 65 60 51 40 30 22 18 19 25 36 49 59 64 62 56 46 35 26 21 2120 918Q1 334 651614 64999999999999991021 182231 2099999999999999
 26 36 49 60 65 64 57 48 37 27 22 21 24 33 46 58 66 66 61 52 41 29 21 1820 919Q1 418 651638 67999999999999991046 202314 1899999999999999
 19 26 37 50 60 63 60 53 44 34 27 24 25 31 42 55 65 69 66 59 48 36 26 1920 920Q1 5 2 6317 5 69999999999999991110 232358 1799999999999999
 17 20 27 39 50 58 59 56 49 41 33 28 28 31 39 50 61 68 68 63 55 44 33 2520 921Q1 548 591735 69999999999999991136 27999999999999999999999
 20 19 22 29 39 49 54 54 51 46 39 33 31 33 38 46 55 64 67 65 59 51 42 3320 922Q1 637 5518 8 6799999999999999 046 1912 3 3199999999999999
 26 23 22 25 31 39 46 49 49 47 43 39 36 36 38 43 50 57 63 64 61 55 48 4120 923Q1 732 501845 6499999999999999 141 221233 3599999999999999
 34 30 27 26 27 32 37 42 45 45 44 42 40 39 40 43 46 51 56 59 59 56 52 4720 924Q1 850 451929 6099999999999999 252 2613 7 3999999999999999
 42 37 33 30 29 29 31 35 39 41 43 44 44 43 43 43 45 47 50 53 55 55 54 5120 925Q11124 442035 5599999999999999 427 2814 5 4399999999999999
 48 45 41 36 33 30 28 29 32 36 40 43 46 47 46 45 44 44 45 46 49 51 52 5320 926Q11316 472251 5399999999999999 6 4 281659 4499999999999999
 52 50 47 43 38 33 29 27 27 31 35 41 46 49 50 49 46 43 41 41 42 45 48 5220 927Q11357 50999999999999999999999 718 271848 4199999999999999
 54 54 52 49 43 37 31 27 25 26 31 37 44 50 53 53 50 45 40 37 36 38 42 4820 928Q1 042 541427 5399999999999999 8 9 251947 3699999999999999
 53 56 56 54 48 42 34 28 25 24 27 33 41 49 55 56 54 48 41 35 32 32 35 4220 929Q1 136 561453 5699999999999999 846 242031 3299999999999999
 49 55 58 58 53 47 39 31 26 23 24 29 38 48 55 59 58 53 45 37 31 28 29 3520 930Q1 217 591516 5999999999999999 914 232110 2899999999999999
 43 52 58 60 57 51 43 35 28 24 24 27 35 45 54 60 61 57 49 40 31 26 25 282010 1Q1 253 601537 6199999999999999 937 232147 2599999999999999
 35 46 55 60 60 55 48 39 31 26 24 27 33 42 53 60 62 60 53 44 34 27 23 232010 2Q1 329 611556 6299999999999999 956 242222 2299999999999999
 29 38 49 57 60 58 52 44 35 29 26 27 32 40 51 59 63 62 56 48 38 29 23 212010 3Q1 4 4 601615 64999999999999991014 262256 2199999999999999
 24 31 41 52 58 59 55 48 40 33 28 28 32 39 49 58 63 64 59 51 42 33 25 212010 4Q1 440 591633 64999999999999991034 282329 2199999999999999
 21 26 34 44 53 57 56 51 44 36 31 29 32 38 47 56 62 64 61 54 45 36 29 232010 5Q1 516 581652 64999999999999991055 29999999999999999999999
 21 23 29 37 47 53 55 53 47 40 35 32 32 37 44 53 60 64 62 57 49 40 32 262010 6Q1 554 551714 6499999999999999 0 3 211118 3199999999999999
 23 23 26 32 40 47 52 52 49 44 38 34 34 36 42 49 57 61 62 58 52 44 37 312010 7Q1 635 521739 6299999999999999 038 221144 3399999999999999
 26 24 25 28 34 40 46 49 48 46 41 38 36 37 40 46 52 57 60 59 54 48 41 352010 8Q1 723 491810 6099999999999999 120 241211 3699999999999999
 31 28 26 27 29 34 39 43 45 45 43 41 39 39 40 43 48 52 56 57 55 51 45 402010 9Q1 826 461848 5799999999999999 216 261241 3999999999999999
 36 32 29 28 28 29 33 36 40 42 43 43 42 42 42 43 45 48 50 53 53 52 49 45201010Q11014 431943 5399999999999999 339 281321 4299999999999999
 41 37 34 31 28 27 27 30 34 37 41 43 45 45 44 44 43 44 45 47 49 50 50 49201011Q11247 452130 5099999999999999 514 2716 7 4399999999999999
 47 43 40 35 31 27 25 25 27 32 37 42 45 47 48 46 44 42 40 41 42 45 48 50201012Q11333 482348 5199999999999999 629 251821 4099999999999999
 51 49 46 41 35 30 25 22 23 26 32 39 45 49 51 50 46 41 37 35 35 38 43 48201013Q11359 51999999999999999999999 723 221927 3599999999999999
 52 54 52 48 42 34 27 23 21 22 28 36 44 51 54 54 50 43 37 31 29 30 34 41201014Q1 1 4 541422 5599999999999999 8 3 212015 2999999999999999
 49 55 57 55 49 41 32 25 21 20 24 32 42 51 57 58 55 47 38 30 24 22 25 32201015Q1 158 571443 5999999999999999 836 202059 2299999999999999
 41 51 58 59 55 48 38 30 23 21 23 29 39 51 59 63 61 54 43 32 23 18 17 21201016Q1 246 5915 5 6399999999999999 9 6 212142 1799999999999999
 30 42 53 59 60 55 46 36 28 23 23 27 36 48 60 66 66 60 50 38 26 17 13 13201017Q1 332 601530 6799999999999999 934 222225 1299999999999999
 19 31 44 55 60 59 53 43 34 27 25 27 34 44 57 66 70 66 58 46 33 21 14 10201018Q1 418 601557 709999999999999910 2 2523 9 1099999999999999
 12 20 32 45 55 58 56 50 41 33 28 28 32 41 52 63 70 70 63 53 41 29 19 13201019Q1 5 5 581628 71999999999999991032 272355 1199999999999999
 11 14 22 34 46 53 55 53 47 39 33 31 32 38 47 57 66 69 66 59 49 38 27 19201020Q1 553 5517 0 699999999999999911 4 31999999999999999999999
 14 13 17 25 36 45 51 52 49 44 38 34 34 37 43 51 60 65 66 61 54 45 36 27201021Q1 644 521735 6699999999999999 044 131138 3499999999999999
 21 18 17 21 28 36 44 48 48 46 43 39 37 37 40 46 52 58 61 60 56 50 43 36201022Q1 742 491815 6199999999999999 138 171217 3699999999999999
 29 25 22 21 24 29 36 42 45 46 45 43 40 39 40 42 46 51 54 56 55 51 47 42201023Q1 856 4619 3 5699999999999999 241 2113 5 3999999999999999
 37 32 28 26 25 26 30 35 40 43 45 45 44 42 41 41 42 44 47 49 51 50 49 46201024Q11037 452016 5199999999999999 356 251433 4199999999999999
 43 39 35 31 28 26 27 30 35 39 43 46 47 46 44 42 41 40 40 42 45 47 48 48201025Q112 9 472240 4899999999999999 513 2617 8 4099999999999999
 47 45 41 37 32 28 26 27 30 35 40 45 48 49 48 46 42 38 36 36 38 41 44 47201026Q113 4 49999999999999999999999 620 261839 3699999999999999
 49 49 47 42 37 32 28 26 27 30 36 43 48 52 52 50 45 39 34 32 31 34 39 44201027Q1 024 491342 5299999999999999 711 261935 3199999999999999
 48 51 50 47 42 36 30 26 25 27 33 40 47 53 55 54 49 42 35 30 27 27 31 38201028Q1 121 511411 5599999999999999 750 252020 2799999999999999
 45 50 53 51 47 40 33 28 26 26 30 37 45 53 57 57 54 47 38 30 25 23 25 31201029Q1 2 6 531435 5899999999999999 820 252059 2399999999999999
 39 47 53 54 51 45 38 31 27 26 29 35 43 52 58 60 57 51 42 33 25 20 20 24201030Q1 245 541455 6099999999999999 844 262137 1999999999999999
 32 41 50 54 54 49 42 35 29 27 29 33 41 50 58 61 60 54 46 36 27 20 17 18201031Q1 323 551513 6199999999999999 9 7 272212 1799999999999999
 24 34 45 52 55 52 47 39 33 29 29 32 39 48 57 62 62 57 50 40 30 22 16 152011 1Q1 4 0 551532 6399999999999999 930 282246 1599999999999999
 19 27 38 48 53 54 50 43 36 31 29 32 38 46 55 62 64 60 53 44 34 25 18 152011 2Q1 436 541551 6499999999999999 956 292319 1499999999999999
 16 21 30 41 50 54 52 47 40 34 31 31 36 43 52 60 64 62 56 47 38 29 21 162011 3Q1 514 541614 64999999999999991024 302354 1599999999999999
 15 17 24 34 44 50 52 50 44 38 33 32 34 40 48 56 62 62 58 51 42 33 25 202011 4Q1 553 521641 63999999999999991055 32999999999999999999999
 16 16 20 27 37 45 49 50 47 41 36 33 34 37 43 51 57 61 59 54 46 38 30 242011 5Q1 636 501711 6199999999999999 032 161127 3399999999999999
 20 18 19 23 30 38 44 47 47 44 40 36 35 36 40 46 52 56 58 55 49 42 35 292011 6Q1 724 471747 5899999999999999 115 1812 2 3599999999999999
 24 21 20 21 25 31 37 42 45 44 42 39 37 37 38 42 46 51 53 53 51 46 40 352011 7Q1 825 451830 5499999999999999 2 8 201242 3799999999999999
 30 26 23 21 22 25 31 36 40 43 43 42 40 39 39 40 42 45 48 50 50 48 44 402011 8Q1 943 431930 5099999999999999 314 211342 3999999999999999
 36 31 27 24 22 22 25 30 35 39 42 44 43 42 40 39 39 39 41 43 45 46 46 442011 9Q11113 442117 4699999999999999 426 2216 1 3999999999999999
 42 38 33 29 25 22 22 25 30 35 41 44 46 45 43 41 38 36 35 36 38 42 45 46201110Q11217 462323 4699999999999999 531 221757 3599999999999999
 46 44 40 34 29 24 22 22 26 31 38 44 48 49 48 44 39 34 30 29 30 34 39 44201111Q11256 49999999999999999999999 624 2219 5 2999999999999999
 47 48 46 41 35 29 24 22 23 28 35 43 50 53 53 49 43 35 28 24 22 24 30 37201112Q1 046 481325 5399999999999999 7 6 221958 2299999999999999
 44 49 50 48 42 35 28 24 23 26 32 41 50 56 58 55 49 39 30 22 17 16 19 27201113Q1 149 501353 5899999999999999 743 232047 1699999999999999
 36 46 51 52 49 42 34 27 24 25 30 38 48 57 62 61 56 46 35 24 16 11 11 16201114Q1 243 521422 6399999999999999 818 242134 1099999999999999
 25 37 47 53 53 49 41 33 27 26 28 35 45 56 64 66 63 54 43 30 19 11  7  8201115Q1 333 541453 6699999999999999 853 262220  799999999999999
 14 26 39 49 53 53 47 40 32 28 28 32 40 51 62 68 67 61 51 38 26 15  8  5201116Q1 421 541526 6899999999999999 929 2723 7  599999999999999
  7 15 28 41 50 53 51 46 38 32 29 31 36 45 56 65 68 65 57 47 34 23 14  8201117Q1 5 8 5316 1 689999999999999910 7 292354  699999999999999
  6  9 18 31 42 50 52 49 43 37 32 31 33 40 49 58 65 66 61 53 43 32 22 14201118Q1 554 521637 66999999999999991047 30999999999999999999999
 10  9 13 22 34 43 49 50 47 41 36 32 32 36 42 50 58 62 61 56 48 39 30 22201119Q1 642 501717 6299999999999999 040  91128 3299999999999999
 16 13 13 18 26 36 43 47 47 45 40 35 33 34 37 43 50 55 58 56 51 45 38 30201120Q1 731 4818 1 5899999999999999 128 121214 3399999999999999
 24 19 17 17 22 29 37 43 46 45 43 39 36 34 35 38 42 47 51 53 51 47 42 37201121Q1 826 461853 5399999999999999 219 1713 9 3499999999999999
 31 26 22 20 21 25 31 38 42 44 45 43 40 37 35 35 37 40 44 47 48 47 45 41201122Q1 931 4520 2 4899999999999999 314 201427 3599999999999999
 37 32 28 25 23 24 27 32 38 42 44 45 44 41 38 36 35 35 36 39 42 44 44 43201123Q11045 452147 4499999999999999 413 231622 3599999999999999
 41 38 34 29 26 24 25 28 33 39 43 46 46 45 42 39 35 32 31 32 35 38 41 43201124Q11154 462336 4499999999999999 512 2418 0 3199999999999999
 43 42 39 34 30 27 25 26 30 35 41 45 48 48 47 43 38 33 29 27 28 32 36 40201125Q11246 48999999999999999999999 6 4 2519 8 2799999999999999
 43 44 43 39 34 30 27 26 28 32 38 44 48 51 50 47 42 35 29 25 23 25 29 35201126Q1 053 441322 5199999999999999 646 2620 0 2399999999999999
 41 44 45 43 39 34 29 27 27 30 36 42 48 52 53 51 46 39 31 24 20 19 22 28201127Q1 149 451349 5399999999999999 721 272044 1999999999999999
 35 42 46 46 43 38 33 29 27 29 34 40 47 53 55 54 50 43 34 26 19 16 16 21201128Q1 235 471411 5599999999999999 753 272124 1699999999999999
 29 37 44 48 47 43 37 31 28 29 32 38 46 53 57 57 53 46 38 29 20 15 13 15201129Q1 316 481432 5799999999999999 824 2822 0 1399999999999999
 21 31 40 47 49 46 41 35 30 28 30 36 43 51 57 59 56 50 41 32 23 16 11 11201130Q1 354 491456 5999999999999999 856 282236 1199999999999999
 15 24 34 44 49 49 45 39 33 29 29 33 40 48 56 60 59 54 46 36 27 18 12 102012 1Q1 431 491522 6099999999999999 930 282312 1099999999999999
 11 17 27 38 46 49 48 43 36 31 28 30 35 43 52 58 60 57 50 41 31 22 15 112012 2Q1 5 8 491552 609999999999999910 6 282348  999999999999999
  9 13 20 31 41 47 49 46 40 34 30 29 32 38 46 54 59 59 53 45 36 27 20 142012 3Q1 547 491625 59999999999999991043 29999999999999999999999
 11 11 15 24 34 42 47 47 43 37 32 29 30 34 41 48 55 57 55 49 41 33 25 182012 4Q1 628 4717 1 5799999999999999 027 101120 2999999999999999
 14 12 13 19 27 36 43 45 44 40 35 31 30 31 36 42 49 54 54 51 45 38 31 242012 5Q1 711 451742 5599999999999999 1 8 121159 3099999999999999
 18 15 14 16 22 29 37 42 43 42 38 34 31 31 32 36 42 47 51 51 48 42 36 302012 6Q1 759 431830 5199999999999999 153 141243 3099999999999999
 24 19 16 16 18 24 31 37 41 42 40 37 34 32 31 33 36 40 44 47 47 45 41 352012 7Q1 852 421931 4799999999999999 242 161341 3199999999999999
 30 25 21 18 18 21 26 32 38 41 42 40 37 34 32 31 31 33 37 40 43 44 43 402012 8Q1 948 422055 4499999999999999 334 181514 3199999999999999
 36 31 26 22 20 20 23 28 34 40 43 43 42 39 35 32 29 28 29 32 35 39 41 412012 9Q11045 432243 4199999999999999 428 2017 6 2899999999999999
 40 37 32 27 24 21 22 25 31 37 43 46 46 44 40 35 30 26 24 24 26 30 35 39201210Q11136 46999999999999999999999 520 211832 2399999999999999
 41 41 38 34 29 25 23 24 28 34 41 47 50 50 46 41 34 27 21 18 18 20 26 32201211Q1 024 411223 5099999999999999 6 9 231939 1799999999999999
 38 42 43 40 35 30 26 24 26 31 39 46 52 54 53 48 40 31 23 16 12 12 15 23201212Q1 142 4313 5 5499999999999999 655 242037 1299999999999999
 31 39 44 45 42 36 30 26 26 29 35 43 51 57 58 55 48 38 28 18 11  7  7 12201213Q1 243 451346 5899999999999999 741 262130  799999999999999
 21 32 41 46 46 43 36 30 27 27 31 38 47 56 61 60 55 46 35 24 15  8  4  5201214Q1 335 471426 6199999999999999 826 262220  499999999999999
 11 22 34 43 48 47 42 35 29 27 28 33 41 51 59 63 60 53 44 32 21 12  5  3201215Q1 421 4815 6 6399999999999999 911 2723 6  399999999999999
  5 13 25 37 46 48 46 41 34 28 26 29 35 43 53 61 62 58 50 40 29 19 10  5201216Q1 5 4 481546 6299999999999999 955 262349  399999999999999
  3  7 17 30 41 47 48 45 38 31 27 26 29 36 45 55 60 60 55 47 37 27 17 10201217Q1 543 481627 61999999999999991039 26999999999999999999999
  6  6 12 22 34 43 47 46 42 36 29 26 26 30 37 46 54 58 56 51 43 34 25 17201218Q1 622 471710 5899999999999999 029  61123 2599999999999999
 11  9 11 17 27 37 44 46 44 39 33 28 25 27 31 38 46 52 54 52 46 39 32 24201219Q1 7 0 461754 5499999999999999 1 8  912 8 2599999999999999
 17 13 13 15 22 31 39 44 44 42 37 32 27 26 28 32 38 44 49 50 47 43 37 30201220Q1 741 441843 5099999999999999 146 121256 2699999999999999
 24 19 16 17 20 27 34 40 43 43 40 36 31 28 27 28 32 37 42 45 45 43 39 35201221Q1 825 431939 4599999999999999 224 161354 2799999999999999
 29 24 21 19 20 24 30 36 40 42 41 39 36 32 29 28 29 31 34 38 41 41 40 37201222Q1 915 422047 4199999999999999 3 6 191511 2899999999999999
 33 29 26 23 22 24 27 32 37 40 42 41 39 36 33 30 28 27 28 31 34 37 38 38201223Q11012 422218 3899999999999999 352 221652 2799999999999999
 36 33 30 27 25 24 26 29 34 38 41 42 42 40 37 34 30 27 25 25 27 30 33 36201224Q11114 42999999999999999999999 443 241824 2599999999999999
 37 36 34 31 28 26 26 28 32 36 40 43 44 43 41 38 33 28 24 22 21 23 27 32201225Q1 0 7 3712 9 4499999999999999 534 261933 2199999999999999
 35 37 37 35 32 29 27 27 30 34 38 43 45 46 45 41 37 31 25 20 17 18 21 26201226Q1 130 381251 4699999999999999 622 272026 1799999999999999
 31 36 39 39 36 32 29 27 28 31 36 41 46 48 48 45 40 34 27 20 15 13 14 19201227Q1 226 391325 4999999999999999 7 8 272110 1399999999999999
 26 33 39 41 40 36 31 28 27 29 33 39 45 49 51 49 44 38 30 22 16 11 10 13201228Q1 3 8 411358 5199999999999999 751 272150 1099999999999999
 19 28 36 42 43 40 35 30 26 26 29 35 42 49 53 53 49 42 34 25 17 11  8  8201229Q1 346 431431 5399999999999999 834 262227  799999999999999
 12 21 31 40 44 43 39 33 28 25 26 30 37 45 52 55 53 47 39 30 21 13  8  5201230Q1 422 4415 6 5599999999999999 916 2523 4  599999999999999
  7 14 24 35 42 45 42 37 30 25 23 26 32 40 48 54 55 51 44 35 26 17 10  5201231Q1 458 451542 5699999999999999 956 232341  499999999999999
