 16 15 19 28 40 50 57 59 57 50 42 35 30 27 28 33 42 50 56 57 53 45 35 2720 1 1Q2 7 1 591845 5799999999999999 046 151323 2799999999999999
 22 19 20 25 33 43 51 55 56 53 46 39 34 30 28 29 34 41 47 52 52 48 41 3420 1 2Q2 740 561935 5299999999999999 119 191413 2899999999999999
 28 24 23 24 29 36 44 50 54 53 49 44 38 33 30 28 29 32 38 44 48 48 45 4020 1 3Q2 822 542036 4899999999999999 2 1 231520 2899999999999999
 35 31 28 27 28 31 37 44 49 52 51 47 43 38 34 30 27 26 29 35 41 45 46 4520 1 4Q2 911 522152 4699999999999999 3 5 271636 2699999999999999
 41 38 34 31 29 30 33 38 44 49 51 50 47 43 39 33 28 24 23 26 32 39 44 4620 1 5Q21011 512329 4799999999999999 426 291741 2399999999999999
 47 45 41 37 33 30 30 33 38 44 49 51 51 49 45 38 31 24 19 19 23 30 38 4520 1 6Q21127 52999999999999999999999 535 301835 1899999999999999
 49 50 49 45 39 34 30 30 33 39 46 51 54 54 51 45 36 27 18 14 15 20 29 3920 1 7Q2 056 501237 5599999999999999 633 301922 1399999999999999
 48 53 55 52 46 39 33 30 30 34 41 48 55 59 58 53 44 32 21 13  9 11 19 3020 1 8Q2 150 551329 5999999999999999 724 2920 8  999999999999999
 42 52 59 59 54 46 38 31 28 30 35 43 52 60 64 62 53 40 27 15  7  5  9 1920 1 9Q2 232 601412 6499999999999999 814 282053  499999999999999
 32 46 58 63 61 53 44 35 29 27 29 37 47 57 65 68 63 50 35 22 10  2  2  920 110Q2 310 631452 6899999999999999 9 2 272137  199999999999999
 21 37 52 63 66 60 50 41 33 26 25 29 39 51 62 70 70 61 46 30 17  6 -1  120 111Q2 348 661532 7199999999999999 949 252220 -199999999999999
 11 26 43 58 67 66 58 47 37 29 23 23 30 42 55 66 72 69 57 41 26 13  3 -220 112Q2 427 681612 72999999999999991033 2223 1 -299999999999999
  3 16 32 49 62 68 64 54 43 33 25 20 22 32 45 58 67 71 65 51 36 22 10  220 113Q2 5 6 681654 71999999999999991116 202342  099999999999999
  0  8 22 39 54 65 67 61 49 38 29 21 18 22 34 47 58 66 67 60 46 32 20 1020 114Q2 546 681738 68999999999999991159 18999999999999999999999
  4  5 15 30 45 57 65 65 56 44 34 25 19 17 24 35 47 57 62 62 54 41 29 1920 115Q2 627 661826 6399999999999999 023  31243 1799999999999999
 12  8 12 22 36 49 59 64 61 51 40 31 23 18 18 25 35 45 53 57 56 48 38 2920 116Q2 7 9 641918 5799999999999999 1 5  81330 1799999999999999
 21 16 14 19 28 40 51 58 61 57 47 37 29 23 18 19 25 33 42 48 52 51 45 3720 117Q2 753 612018 5299999999999999 150 141425 1899999999999999
 31 25 21 20 24 33 43 51 57 58 53 45 36 29 23 19 19 23 30 37 44 47 47 4420 118Q2 840 582129 4899999999999999 244 201534 1899999999999999
 39 34 30 27 25 28 35 43 50 55 55 51 44 37 30 24 19 17 20 26 33 40 44 4620 119Q2 935 5623 8 4699999999999999 351 251651 1799999999999999
 45 43 39 35 31 28 30 36 43 49 53 54 52 46 39 32 24 17 15 17 23 30 37 4420 120Q21047 54999999999999999999999 5 6 2818 3 1599999999999999
 48 49 47 43 38 33 29 30 35 42 48 53 55 54 49 41 32 22 15 11 13 20 28 3720 121Q2 053 491215 5599999999999999 619 2919 7 1199999999999999
 45 52 54 52 46 39 33 29 29 34 41 48 55 59 58 51 41 30 19 11  8 10 18 2820 122Q2 155 541324 5999999999999999 725 2820 4  899999999999999
 39 50 57 58 54 46 39 32 27 27 33 42 50 58 63 61 52 39 27 16  7  4  9 1820 123Q2 241 591415 6399999999999999 824 262055  499999999999999
 30 44 55 62 61 53 45 36 29 24 26 33 44 54 63 66 61 49 35 22 11  4  3  920 124Q2 320 621457 6699999999999999 916 242140  299999999999999
 22 36 50 61 64 60 51 41 32 25 21 25 35 48 59 67 67 59 44 30 17  7  1  320 125Q2 356 641535 689999999999999910 1 212219  199999999999999
 13 28 43 56 64 64 56 46 36 27 21 19 26 39 52 63 68 65 53 38 24 13  5  120 126Q2 430 651610 68999999999999991041 192255  199999999999999
  7 20 35 50 61 65 61 51 40 31 22 17 19 29 43 56 65 66 60 46 31 19 10  420 127Q2 5 1 651643 67999999999999991117 172327  399999999999999
  4 13 28 43 55 63 63 56 44 34 25 18 16 21 34 48 59 64 62 53 39 25 15  820 128Q2 531 641716 64999999999999991149 162355  699999999999999
  6 10 22 36 50 59 62 58 49 38 28 20 16 17 25 38 50 58 61 56 45 32 21 1320 129Q2 559 621750 61999999999999991221 16999999999999999999999
  9 10 18 30 43 54 59 59 52 42 32 23 18 16 20 29 41 51 56 56 49 39 28 1920 130Q2 627 601827 5799999999999999 020  91251 1699999999999999
 14 13 17 25 37 47 55 57 54 46 36 27 21 18 18 23 32 42 49 52 51 44 34 2620 131Q2 656 5719 9 5399999999999999 045 131325 1899999999999999
 20 18 19 24 32 41 49 54 54 49 41 32 26 21 20 21 26 33 41 46 49 46 40 3320 2 1Q2 729 541958 4999999999999999 114 1814 9 2099999999999999
 27 24 23 24 29 36 43 49 51 50 44 37 31 26 23 21 22 26 32 38 43 45 43 3920 2 2Q2 8 6 512057 4599999999999999 153 231514 2199999999999999
 34 31 28 28 29 32 38 43 48 49 47 42 37 32 28 24 21 21 24 29 35 41 43 4320 2 3Q2 853 492219 4399999999999999 257 281636 2199999999999999
 40 38 35 33 31 31 34 38 43 46 47 46 43 39 34 29 23 19 18 21 26 33 39 4320 2 4Q2 958 47999999999999999999999 429 311750 1899999999999999
 45 44 42 39 36 33 32 34 37 42 45 48 48 46 42 36 28 21 15 13 16 22 30 3920 2 5Q2 017 451138 4899999999999999 552 321853 1399999999999999
 45 49 49 47 42 37 32 31 32 36 41 46 51 53 51 45 36 26 16 10  8 12 20 3020 2 6Q2 134 5013 2 5399999999999999 7 3 311949  899999999999999
 41 50 55 54 49 42 35 30 28 29 35 42 49 56 58 55 46 34 21 11  4  3  8 1920 2 7Q2 221 551357 5899999999999999 8 4 282039  299999999999999
 32 46 56 60 56 49 40 32 26 23 26 34 44 54 62 63 57 44 30 16  5 -2 -1  720 2 8Q2 259 601442 6499999999999999 857 232125 -399999999999999
 21 37 52 62 63 56 46 36 27 20 19 24 35 48 59 67 66 56 41 25 11  0 -6 -220 2 9Q2 337 641525 6899999999999999 943 1822 8 -699999999999999
 10 26 44 59 66 64 53 41 30 20 14 14 23 37 52 64 70 66 52 36 20  7 -4 -720 210Q2 413 6716 7 70999999999999991026 132249 -799999999999999
  1 16 34 52 64 68 61 48 35 24 14  9 12 25 40 55 66 69 62 47 31 16  4 -420 211Q2 450 681650 699999999999999911 6  92328 -599999999999999
 -4  7 24 42 58 67 66 56 42 28 17  8  6 13 28 43 56 65 65 56 41 26 14  420 212Q2 526 681733 66999999999999991146  6999999999999999999999
 -2  3 16 34 49 62 67 62 50 35 23 12  5  6 16 30 44 55 62 60 49 36 23 1420 213Q2 6 3 671817 6299999999999999 0 6 -21226  599999999999999
  6  5 12 26 41 54 63 64 56 43 29 19 10  6  9 19 32 44 52 56 53 43 32 2320 214Q2 640 6519 4 5699999999999999 044  413 8  699999999999999
 16 12 13 21 34 46 56 61 59 50 37 26 18 11  9 13 22 32 41 48 50 47 39 3120 215Q2 717 611955 5099999999999999 123 111355  999999999999999
 26 21 19 21 28 38 48 54 57 53 45 34 26 19 15 13 16 23 31 38 43 45 43 3820 216Q2 758 572058 4599999999999999 2 9 191455 1399999999999999
 34 30 27 25 27 32 40 47 51 52 49 42 35 28 23 18 16 17 21 28 34 38 41 4220 217Q2 846 522236 4299999999999999 311 251613 1599999999999999
 40 38 36 33 30 30 33 38 44 47 48 47 43 38 32 26 21 16 15 19 24 30 35 4020 218Q2 957 48999999999999999999999 436 301740 1599999999999999
 44 45 44 41 37 32 30 31 36 40 44 47 48 46 42 36 28 20 14 12 15 20 27 3520 219Q2 058 451157 4899999999999999 6 6 301856 1299999999999999
 43 48 50 48 43 37 31 28 28 32 38 43 48 52 51 45 37 27 18 11  8 11 18 2720 220Q2 157 501320 5299999999999999 723 271956  899999999999999
 38 47 54 54 50 43 35 28 23 24 29 37 45 53 57 54 46 35 24 14  6  5  9 1920 221Q2 236 551411 5799999999999999 822 232046  499999999999999
 31 43 54 59 56 49 40 31 23 19 21 29 39 49 58 60 55 44 31 19  9  2  2 1020 222Q2 310 591451 6199999999999999 9 9 182127  199999999999999
 23 37 50 59 61 54 44 34 24 17 14 20 31 44 55 62 62 52 38 25 13  4 -1  320 223Q2 341 611527 6399999999999999 949 1422 4 -199999999999999
 15 30 44 56 62 59 50 38 27 17 11 12 21 35 49 60 64 59 47 32 18  8  1  020 224Q2 411 6216 0 64999999999999991024 102236 -199999999999999
  8 22 38 52 61 62 54 42 30 19 11  8 13 26 41 54 62 62 54 39 25 13  4  020 225Q2 438 621631 63999999999999991056  823 5  099999999999999
  4 16 32 47 57 62 58 47 34 22 13  7  7 17 32 47 58 62 58 46 32 19  9  320 226Q2 5 3 6217 2 62999999999999991125  62331  299999999999999
  3 11 25 41 53 60 59 51 39 26 15  8  6 11 23 38 51 58 59 51 39 25 15  820 227Q2 527 611734 59999999999999991153  62354  699999999999999
  6 10 20 35 48 56 59 54 43 30 19 11  7  8 16 29 42 52 56 54 44 32 21 1320 228Q2 551 5918 7 56999999999999991219  7999999999999999999999
 10 11 18 29 42 51 56 55 47 35 24 15 10  9 13 22 34 44 51 53 48 38 28 2020 229Q2 617 561844 5399999999999999 017 101246  999999999999999
 15 15 18 26 36 46 52 53 49 40 29 21 15 12 13 18 26 36 44 48 48 42 34 2720 3 1Q2 646 541926 4999999999999999 042 141317 1299999999999999
 22 20 21 25 32 40 47 50 49 43 35 26 20 17 15 17 21 28 35 41 45 44 39 3320 3 2Q2 718 502017 4599999999999999 111 2014 3 1599999999999999
 28 26 25 27 30 36 41 46 47 45 39 33 27 23 20 18 19 22 27 33 38 41 41 3820 3 3Q2 757 472129 4199999999999999 151 251523 1899999999999999
 35 33 31 31 31 33 36 40 43 44 42 39 34 30 26 23 19 18 19 23 28 34 38 4020 3 4Q2 853 442329 4199999999999999 319 3017 4 1899999999999999
 41 39 38 36 34 32 32 35 38 40 42 43 41 38 34 29 23 17 14 14 18 24 31 3820 3 5Q21044 43999999999999999999999 520 321827 1399999999999999
 43 45 45 42 38 34 30 29 31 34 38 43 46 47 44 38 30 21 13  8  8 13 21 3120 3 6Q2 117 451244 4799999999999999 652 291931  799999999999999
 41 48 51 49 44 37 30 25 23 26 31 38 46 52 53 49 40 28 17  7  1  2  9 2120 3 7Q2 2 4 511346 5499999999999999 756 232022  199999999999999
 34 46 55 56 51 43 33 24 18 17 21 30 41 51 59 59 52 39 25 11  1 -4 -1  920 3 8Q2 241 571433 6099999999999999 845 1721 8 -499999999999999
 24 40 54 61 59 50 38 27 17 10 10 18 31 45 57 64 62 51 35 20  6 -4 -7 -120 3 9Q2 316 611517 6599999999999999 928  92150 -899999999999999
 14 31 48 61 65 58 45 31 19  8  3  6 18 34 50 62 67 61 47 30 15  2 -7 -720 310Q2 351 651558 679999999999999910 8  22229 -899999999999999
  4 21 40 56 66 65 54 38 23 10  0 -2  5 21 38 54 65 67 57 41 25 12  0 -620 311Q2 425 671640 67999999999999991047 -323 7 -699999999999999
 -2 13 31 49 62 68 62 47 30 16  4 -4 -3  8 25 42 56 64 62 51 35 21 10  120 312Q2 5 0 681721 65999999999999991126 -52344 -299999999999999
 -1  7 23 41 55 65 66 55 39 23 10  0 -5  0 13 30 44 56 60 56 44 30 19 1120 313Q2 534 6718 3 609999999999999912 4 -5999999999999999999999
  5  6 17 33 48 59 64 60 48 32 18  8  0 -1  6 19 33 45 53 55 49 38 28 2020 314Q2 6 9 641846 5599999999999999 021  41244 -299999999999999
 14 11 15 26 40 51 58 59 53 40 27 16  9  4  5 12 23 34 43 48 48 43 35 2820 315Q2 644 601933 4999999999999999 059 111327  499999999999999
 23 20 19 23 33 42 50 54 53 46 36 26 18 13 10 11 17 25 33 39 43 43 39 3420 316Q2 721 542031 4399999999999999 143 191420 1099999999999999
 31 28 26 26 29 35 42 46 48 47 42 34 28 23 19 16 16 19 24 30 35 38 39 3920 317Q2 8 7 4822 4 3999999999999999 243 251538 1599999999999999
 37 36 34 31 29 30 34 38 41 43 43 40 36 32 28 24 19 17 18 21 26 31 35 3920 318Q2 920 43999999999999999999999 415 291716 1799999999999999
 41 42 41 38 34 30 28 30 33 37 40 42 42 41 37 32 26 19 15 14 17 22 29 3620 319Q2 053 421146 4299999999999999 558 281841 1499999999999999
 42 46 47 44 39 33 27 24 25 29 34 39 44 47 46 41 33 25 17 11 10 14 21 3020 320Q2 144 471315 4799999999999999 715 241940 1099999999999999
 39 47 51 50 45 37 29 21 18 20 26 34 42 49 52 49 41 31 21 12  6  7 13 2220 321Q2 218 5114 3 5299999999999999 8 7 182026  699999999999999
 33 44 52 55 50 42 32 22 15 13 17 26 37 47 54 55 49 38 26 15  7  3  6 1520 322Q2 249 551440 5699999999999999 849 1321 5  399999999999999
 27 40 51 57 55 46 35 24 15  8  9 17 30 42 53 58 56 46 33 20 10  2  1  820 323Q2 317 571513 5999999999999999 925  82140  199999999999999
 20 34 47 56 58 52 40 27 16  7  3  8 20 35 49 58 60 53 40 26 14  5  0  320 324Q2 343 581544 6099999999999999 958  32210  099999999999999
 14 29 43 54 59 56 45 31 18  8  1  2 11 26 42 54 61 58 47 33 20  9  3  220 325Q2 4 8 591614 61999999999999991028  02238  199999999999999
  9 23 38 51 58 58 50 36 22 11  2 -1  4 17 33 48 58 60 53 40 26 15  7  320 326Q2 431 591644 60999999999999991056 -123 4  399999999999999
  7 17 32 46 56 59 54 42 27 15  5  0  1 10 25 40 53 59 56 47 33 21 12  720 327Q2 453 591714 59999999999999991122 -12328  699999999999999
  7 14 27 41 52 58 56 47 33 20  9  3  1  6 18 32 46 55 57 51 40 27 18 1220 328Q2 517 581746 57999999999999991148  12352 1099999999999999
 10 14 23 36 47 54 56 50 39 25 15  7  4  5 13 25 38 48 53 52 45 34 24 1820 329Q2 542 561820 54999999999999991214  4999999999999999999999
 15 16 22 32 42 50 53 51 43 31 20 13  8  8 11 20 30 40 47 50 47 39 30 2420 330Q2 610 5419 0 5099999999999999 017 141243  799999999999999
 20 20 22 29 37 44 49 50 46 37 27 19 14 12 12 17 24 32 39 44 46 42 36 3020 331Q2 641 501948 4699999999999999 045 191320 1299999999999999
 26 25 25 28 33 39 44 46 46 41 34 26 21 18 16 16 19 24 30 36 40 42 40 3620 4 1Q2 719 462056 4299999999999999 121 251428 1699999999999999
 33 31 30 29 31 34 38 41 42 42 39 34 29 25 22 19 17 18 21 26 31 36 39 4020 4 2Q2 817 422241 4099999999999999 239 291621 1799999999999999
 39 37 35 33 31 30 31 34 36 39 40 40 37 34 30 25 20 15 14 16 21 27 34 4020 4 3Q21014 40999999999999999999999 456 301758 1499999999999999
 43 43 41 38 33 29 26 26 28 32 37 41 44 44 40 34 26 18 11  8 10 17 26 3520 4 4Q2 036 431225 4499999999999999 634 2519 5  899999999999999
 44 48 48 44 38 30 23 19 18 22 29 37 45 50 50 45 36 25 14  6  3  6 15 2720 4 5Q2 131 491332 5199999999999999 733 181957  399999999999999
 40 50 54 52 44 34 24 15 10 11 18 29 40 51 57 56 47 34 21  9  0 -1  5 1820 4 6Q2 210 551420 5899999999999999 820 102042 -299999999999999
 32 46 57 59 53 41 28 16  6  2  6 17 31 45 57 63 58 46 31 17  5 -3 -2  820 4 7Q2 247 6015 3 6399999999999999 9 3  22124 -499999999999999
 24 40 55 63 61 50 34 20  7 -2 -4  3 18 35 51 62 65 57 42 26 13  2 -3  120 4 8Q2 322 641544 6599999999999999 943 -522 4 -399999999999999
 15 32 49 62 67 60 44 27 12  0 -8 -7  5 22 40 55 65 64 52 37 23 11  2  020 4 9Q2 356 671625 66999999999999991023 -92243 -199999999999999
  8 24 42 56 66 66 55 36 19  6 -5-10 -5 10 28 44 57 64 59 46 32 20 11  420 410Q2 431 6817 5 649999999999999911 3-102321  399999999999999
  6 17 34 49 61 67 62 47 29 14  2 -6 -8  1 16 33 47 57 60 53 40 28 20 1220 411Q2 5 5 671746 60999999999999991142 -8999999999999999999999
  9 14 26 41 54 62 63 55 39 24 11  3 -3 -1  9 23 37 48 54 54 46 36 27 2120 412Q2 539 641828 5599999999999999 0 0  91221 -399999999999999
 16 15 22 34 46 55 59 57 47 33 21 12  6  3  6 16 28 38 46 50 48 41 34 2820 413Q2 614 591914 5099999999999999 040 1513 3  399999999999999
 24 21 22 28 37 46 52 53 50 41 30 22 16 12 10 14 21 29 37 42 45 43 39 3420 414Q2 652 5320 9 4599999999999999 125 211353 1099999999999999
 31 29 26 27 31 37 43 47 47 44 37 30 25 21 18 16 18 23 28 34 38 41 41 3920 415Q2 739 472130 4199999999999999 225 2615 4 1699999999999999
 37 35 33 30 29 30 34 38 41 42 40 37 33 30 26 23 20 19 21 26 31 35 39 4120 416Q2 853 422353 4299999999999999 354 291640 1999999999999999
 42 41 39 35 30 27 27 29 33 37 39 40 40 38 34 30 24 19 17 19 23 28 34 4020 417Q21111 40999999999999999999999 535 2718 6 1799999999999999
 44 45 44 40 34 28 23 22 24 29 35 39 43 44 42 37 30 23 17 14 16 21 28 3620 418Q2 1 4 451252 4499999999999999 647 2219 6 1499999999999999
 43 48 49 45 39 30 22 17 16 21 28 35 42 47 48 44 37 28 19 13 11 14 22 3120 419Q2 143 491341 4999999999999999 736 161953 1199999999999999
 40 47 52 50 43 34 24 15 11 12 19 29 39 48 52 51 44 34 23 15  9  9 15 2520 420Q2 215 521419 5399999999999999 817 102032  899999999999999
 36 45 52 54 48 38 26 16  8  5 10 21 33 45 53 56 51 41 29 18 11  7 10 1920 421Q2 243 541452 5699999999999999 853  521 6  799999999999999
 31 42 52 56 53 43 31 18  8  2  3 11 25 39 51 58 57 48 36 24 14  8  7 1320 422Q2 3 8 561523 5999999999999999 925  22138  799999999999999
 25 38 50 57 57 49 36 22 10  2 -1  4 16 32 46 57 60 55 43 30 19 11  8 1020 423Q2 332 581553 6099999999999999 956 -122 7  899999999999999
 20 34 47 56 59 54 42 28 14  4 -2 -1  8 23 39 53 60 59 50 37 25 16 10 1020 424Q2 356 591623 61999999999999991025 -22234  999999999999999
 16 28 42 54 60 58 49 34 20  9  1 -2  3 15 31 46 57 60 55 44 31 21 15 1220 425Q2 420 601654 60999999999999991054 -223 2 1299999999999999
 15 24 37 49 58 60 54 41 26 14  5  0  1 10 23 38 51 58 58 49 38 27 20 1520 426Q2 446 601726 59999999999999991122  02330 1599999999999999
 16 22 32 44 54 59 56 47 33 21 11  5  3  7 17 31 43 53 56 53 44 33 25 2020 427Q2 514 5918 2 56999999999999991152  3999999999999999999999
 18 21 29 39 49 55 56 51 40 28 18 11  7  8 14 24 35 45 52 53 48 39 31 2620 428Q2 544 561843 5399999999999999 0 1 181225  799999999999999
 23 23 27 34 43 49 53 52 45 35 25 17 13 11 13 19 27 36 44 49 49 44 37 3220 429Q2 619 531933 4999999999999999 035 2213 7 1199999999999999
 28 26 27 31 37 43 47 49 47 41 33 25 20 17 15 17 21 27 34 41 45 46 42 3820 430Q2 7 3 492038 4699999999999999 119 2614 9 1599999999999999
 34 31 30 29 31 35 40 43 44 44 40 34 29 25 21 18 18 20 25 31 38 43 44 4320 5 1Q2 811 4522 2 4499999999999999 236 291545 1899999999999999
 40 37 34 31 29 29 31 34 38 41 42 41 38 34 29 24 19 16 17 21 28 36 42 4620 5 2Q2 958 422334 4699999999999999 431 281719 1699999999999999
 46 43 39 34 29 25 23 24 29 35 40 44 45 44 39 32 25 17 13 13 18 27 36 4420 5 3Q21155 45999999999999999999999 6 0 231827 1299999999999999
 49 50 47 40 32 24 18 15 18 24 33 41 48 51 49 43 33 23 15  9 10 18 28 3920 5 4Q2 042 5113 8 5199999999999999 7 0 151921  999999999999999
 49 55 55 48 38 27 17  9  7 12 22 33 44 54 57 54 44 32 21 12  7 10 19 3220 5 5Q2 130 5614 1 5799999999999999 748  720 8  799999999999999
 45 55 61 58 47 33 20  9  1  1  9 22 36 49 59 62 55 43 30 18 10  7 12 2420 5 6Q2 211 611446 6299999999999999 833  02053  799999999999999
 38 52 62 65 58 43 27 13  2 -5 -2  9 24 40 54 63 63 53 40 27 17  9  8 1720 5 7Q2 249 651528 6599999999999999 917 -52137  899999999999999
 31 46 59 67 66 55 37 20  7 -3 -8 -2 12 29 45 58 65 61 49 36 25 16 10 1220 5 8Q2 326 6816 9 6599999999999999 959 -82219 1099999999999999
 23 38 53 64 70 64 49 31 15  3 -5 -7  1 17 34 49 61 64 57 45 33 24 17 1320 5 9Q2 4 3 701650 64999999999999991041 -723 1 1399999999999999
 18 30 45 58 67 68 59 42 25 12  2 -4 -3  8 24 39 52 60 60 52 41 32 25 1920 510Q2 439 691731 62999999999999991123 -52343 1799999999999999
 17 24 37 51 61 66 64 52 36 22 12  4  0  4 16 30 43 53 58 56 47 38 31 2620 511Q2 515 661813 589999999999999912 4  0999999999999999999999
 21 22 30 42 53 60 62 57 46 32 21 13  8  7 12 23 34 44 51 54 51 44 37 3220 512Q2 552 621858 5499999999999999 025 211245  699999999999999
 28 25 27 34 44 51 56 56 50 41 30 22 17 13 13 18 27 36 44 49 50 48 42 3820 513Q2 632 571950 5099999999999999 112 251331 1399999999999999
 34 30 28 30 35 42 48 51 50 45 38 31 25 21 19 19 23 29 36 42 46 47 46 4220 514Q2 720 512054 4799999999999999 2 8 281430 1899999999999999
 39 36 32 30 30 34 39 43 45 45 42 38 33 29 25 23 22 24 29 35 40 44 46 4620 515Q2 827 462217 4699999999999999 324 301548 2299999999999999
 44 41 37 33 29 28 30 34 39 42 43 42 40 36 32 28 24 22 23 28 34 39 44 4720 516Q210 3 432346 4799999999999999 451 2817 9 2299999999999999
 47 45 42 37 31 26 24 25 30 36 41 43 44 43 39 34 29 24 21 22 27 34 40 4520 517Q21153 44999999999999999999999 6 1 241813 2199999999999999
 49 49 47 41 34 26 20 18 21 28 35 42 46 48 46 41 34 27 21 19 21 27 35 4220 518Q2 046 4913 3 4899999999999999 653 1819 3 1999999999999999
 48 52 51 47 38 29 20 14 14 19 28 37 45 51 52 49 41 32 24 19 18 22 29 3820 519Q2 127 521348 5299999999999999 736 131946 1899999999999999
 47 53 55 52 44 33 22 14  9 11 19 30 41 50 56 55 49 39 29 22 18 18 24 3420 520Q2 159 551425 5699999999999999 814  92023 1799999999999999
 44 52 57 57 50 39 26 15  8  6 10 21 34 47 56 59 56 46 35 26 20 17 20 2920 521Q2 228 581459 5999999999999999 850  62058 1799999999999999
 40 50 58 61 56 46 32 19  9  4  4 12 26 40 53 61 61 53 42 32 24 19 19 2520 522Q2 255 611531 6299999999999999 924  32132 1899999999999999
 35 47 57 63 62 53 39 25 13  5  2  6 17 32 47 59 63 59 49 38 29 22 19 2220 523Q2 322 6316 3 6399999999999999 958  222 5 1999999999999999
 30 42 54 62 65 60 47 32 19  9  3  3 10 24 39 53 62 63 56 45 35 27 22 2120 524Q2 351 651636 64999999999999991031  22239 2199999999999999
 27 37 49 59 65 64 55 40 26 15  7  3  6 17 31 46 57 63 60 51 41 32 26 2320 525Q2 421 661712 639999999999999911 6  32315 2399999999999999
 24 32 43 54 62 65 60 49 34 22 13  7  6 12 23 37 50 59 61 57 47 38 31 2620 526Q2 454 651751 61999999999999991142  62353 2599999999999999
 25 28 37 48 57 62 62 55 43 30 20 13  9 10 17 29 41 51 58 59 53 44 37 3120 527Q2 530 631835 59999999999999991221  9999999999999999999999
 28 27 32 41 49 56 59 57 50 39 28 21 15 13 15 22 32 42 51 56 56 50 42 3620 528Q2 612 591925 5799999999999999 035 2713 6 1399999999999999
 32 29 30 34 41 48 53 55 53 46 37 29 23 18 16 19 25 33 42 50 54 53 48 4220 529Q2 7 4 552023 5499999999999999 125 2914 3 1699999999999999
 37 33 30 30 33 39 44 49 51 50 45 38 32 26 22 20 21 26 33 41 49 53 53 4920 530Q2 812 512127 5399999999999999 234 301516 1999999999999999
 43 38 33 30 28 30 34 39 45 48 49 46 41 36 30 25 21 21 25 32 41 49 53 5420 531Q2 939 492236 5499999999999999 4 1 281634 2099999999999999
 50 45 39 32 27 23 24 28 35 42 47 50 49 45 40 33 26 21 20 25 33 42 50 5520 6 1Q21117 502344 5699999999999999 521 231742 2099999999999999
 56 53 46 38 29 22 17 18 23 32 40 48 53 54 50 43 35 27 21 20 25 34 44 5320 6 2Q21239 54999999999999999999999 623 171840 2099999999999999
 59 60 56 46 35 24 15 11 12 20 30 41 51 57 58 53 44 35 26 20 20 27 37 4820 6 3Q2 044 601340 5999999999999999 716 101932 1999999999999999
 57 64 64 57 44 31 19  9  5  8 18 31 43 55 62 62 54 44 34 26 21 22 30 4120 6 4Q2 134 651429 6399999999999999 8 5  52022 2099999999999999
 53 63 69 67 56 41 26 14  5  2  7 19 33 47 59 66 63 54 43 33 26 21 24 3320 6 5Q2 219 691514 6699999999999999 854  22111 2199999999999999
 46 58 68 72 67 53 36 22 10  2  0  8 22 37 51 63 67 62 51 41 33 26 22 2720 6 6Q2 3 1 721557 6799999999999999 941  02159 2299999999999999
 38 51 63 72 73 65 48 32 18  8  1  2 12 27 42 56 66 67 59 49 40 32 26 2420 6 7Q2 341 741638 68999999999999991026  02246 2499999999999999
 30 43 56 67 73 71 60 43 28 17  8  3  6 18 33 47 59 66 64 56 46 38 32 2620 6 8Q2 419 741719 669999999999999911 9  22330 2599999999999999
 26 35 47 60 68 72 67 54 38 26 16  9  6 12 25 39 51 61 64 61 52 44 37 3120 6 9Q2 457 7218 1 64999999999999991151  6999999999999999999999
 27 29 39 51 61 67 67 61 48 35 25 17 12 12 19 31 44 54 60 62 57 50 42 3720 610Q2 536 681843 6299999999999999 014 271231 1199999999999999
 31 29 32 41 51 59 63 62 54 43 33 25 19 16 18 26 36 47 54 59 59 54 47 4120 611Q2 616 631928 5999999999999999 058 291311 1699999999999999
 36 32 31 34 42 50 56 58 56 49 40 32 26 22 21 23 30 39 48 54 57 56 51 4620 612Q2 7 2 582015 5799999999999999 147 311355 2199999999999999
 41 36 33 32 35 41 47 52 54 52 46 39 33 29 26 25 27 33 41 48 53 55 54 5020 613Q2 758 5421 7 5599999999999999 245 321449 2599999999999999
 45 41 36 32 31 33 38 44 48 50 49 45 40 36 32 29 28 29 35 42 48 52 54 5320 614Q2 9 5 5022 4 5499999999999999 357 311557 2899999999999999
 50 45 40 35 31 28 30 35 41 46 49 49 46 43 38 34 31 29 30 35 42 48 53 5420 615Q21027 492310 5499999999999999 5 7 2817 5 2999999999999999
 53 51 46 39 33 27 25 26 32 40 46 49 51 49 46 41 35 31 29 31 36 43 50 5420 616Q212 0 51999999999999999999999 6 4 2418 2 2999999999999999
 56 55 51 45 36 28 22 20 24 31 39 47 52 54 53 48 42 35 31 29 32 38 46 5220 617Q2 015 5613 9 5499999999999999 652 201851 2999999999999999
 57 59 57 51 42 32 23 18 17 22 31 41 50 56 58 56 49 41 34 30 30 34 41 4920 618Q2 1 5 591356 5899999999999999 736 171935 3099999999999999
 56 61 62 58 49 38 27 18 14 15 22 33 45 55 61 62 56 48 40 33 30 31 36 4520 619Q2 144 621436 6299999999999999 817 132018 3099999999999999
 54 62 66 65 57 45 32 21 13 11 14 24 37 50 60 65 63 55 46 38 32 30 33 4020 620Q2 219 661512 6599999999999999 857 1121 0 3099999999999999
 49 59 67 70 65 54 40 27 16 10  9 15 27 42 55 65 67 62 53 44 36 32 31 3520 621Q2 254 701547 6899999999999999 937  92143 3099999999999999
 44 55 65 72 71 63 49 35 22 13  8  9 19 32 48 61 68 68 60 50 41 35 31 3120 622Q2 329 731624 69999999999999991017  72225 3099999999999999
 38 48 60 69 74 70 59 44 30 19 11  7 12 24 38 53 65 70 66 57 47 39 33 3020 623Q2 4 5 7417 2 70999999999999991057  723 7 3099999999999999
 33 41 53 64 71 73 66 53 39 27 17 10  9 16 29 44 58 67 69 63 53 44 37 3220 624Q2 443 731743 69999999999999991137  92350 3099999999999999
 30 34 44 56 65 71 70 61 48 35 25 16 11 13 22 35 49 60 67 67 60 50 42 3520 625Q2 525 711827 68999999999999991218 11999999999999999999999
 31 30 36 46 56 64 68 65 57 45 33 24 18 14 18 28 40 52 62 67 64 57 48 4020 626Q2 611 681913 6799999999999999 034 3013 1 1499999999999999
 34 30 31 37 46 54 61 64 61 53 42 33 26 21 19 23 32 43 54 62 65 62 54 4620 627Q2 7 4 6420 1 6599999999999999 123 301349 1999999999999999
 39 33 30 31 36 44 51 57 60 58 51 42 35 29 25 23 27 36 46 55 62 64 61 5320 628Q2 8 5 602052 6499999999999999 220 301446 2399999999999999
 45 38 33 29 29 33 40 47 53 57 56 51 44 38 33 29 27 30 38 47 56 62 64 6020 629Q2 916 572147 6499999999999999 330 281551 2799999999999999
 53 45 38 32 27 26 29 36 44 51 55 55 53 48 42 37 32 30 33 40 49 57 63 6420 630Q21040 562250 6499999999999999 443 261658 3099999999999999
 61 54 46 38 30 23 22 25 33 41 49 55 57 56 52 46 40 34 32 34 42 51 58 6420 7 1Q21212 572359 6699999999999999 550 2218 1 3299999999999999
 66 63 56 46 36 27 20 18 22 30 39 48 56 61 60 55 48 41 35 33 36 43 52 6020 7 2Q21325 61999999999999999999999 649 1719 1 3399999999999999
 67 69 67 58 46 34 23 16 14 19 28 39 50 60 65 64 58 49 42 36 33 36 45 5420 7 3Q2 1 3 691419 6699999999999999 745 141959 3399999999999999
 63 70 73 69 58 43 30 20 13 11 18 29 41 54 64 69 66 58 49 42 36 33 37 4620 7 4Q2 157 7315 6 6999999999999999 839 112056 3399999999999999
 57 67 75 76 69 55 40 27 17 10 10 18 31 45 58 69 72 66 57 48 41 35 33 3820 7 5Q2 244 771548 7299999999999999 929  92148 3399999999999999
 49 61 71 78 77 67 51 36 24 15  9 11 21 36 50 64 72 72 64 55 47 39 33 3220 7 6Q2 327 791629 73999999999999991015  92236 3299999999999999
 40 52 64 74 79 75 63 47 33 22 13 10 15 27 42 56 68 73 70 61 52 44 37 3120 7 7Q2 4 6 7917 8 73999999999999991058 102319 3199999999999999
 33 42 55 67 75 77 70 57 42 30 20 13 12 20 34 49 61 70 72 67 57 48 41 3420 7 8Q2 445 771745 72999999999999991137 12999999999999999999999
 31 35 46 58 68 74 73 64 51 38 27 20 15 18 28 42 55 65 70 69 62 53 45 3820 7 9Q2 522 741822 7199999999999999 0 0 311212 1599999999999999
 32 31 37 49 60 68 70 67 58 45 34 26 21 19 24 35 48 59 66 69 66 58 49 4220 710Q2 6 1 701858 6999999999999999 039 311246 1999999999999999
 36 32 33 40 50 59 65 66 61 52 42 33 27 24 25 31 42 52 61 66 66 62 54 4620 711Q2 642 661933 6799999999999999 119 321318 2499999999999999
 40 35 33 35 41 50 57 61 61 56 48 40 34 30 28 31 37 46 55 62 65 63 58 5120 712Q2 728 622010 6599999999999999 2 4 331355 2899999999999999
 44 39 35 33 35 41 48 55 58 58 53 47 41 36 33 33 35 41 49 56 61 63 60 5520 713Q2 822 582052 6399999999999999 259 331444 3399999999999999
 49 44 39 35 33 34 39 46 52 56 55 52 48 43 40 37 37 38 43 50 57 61 61 5920 714Q2 925 562140 6199999999999999 4 6 331549 3699999999999999
 55 50 44 38 34 31 32 37 44 51 54 55 53 51 47 43 40 39 41 45 51 57 60 6120 715Q21047 552242 6199999999999999 512 311658 3999999999999999
 59 56 50 44 37 31 28 30 35 43 50 55 57 57 54 50 46 42 40 42 47 53 58 6220 716Q21224 572358 6399999999999999 6 9 281759 4099999999999999
 63 61 57 51 42 34 27 25 27 34 42 51 57 61 61 58 52 46 42 41 43 48 54 6020 717Q21332 61999999999999999999999 7 1 251855 4199999999999999
 64 66 65 59 49 39 29 23 21 25 33 43 53 61 65 64 59 52 46 42 41 43 49 5620 718Q2 1 3 661418 6699999999999999 749 211949 4199999999999999
 63 69 71 67 58 46 34 24 18 18 23 33 45 58 67 70 66 59 51 45 41 40 43 5020 719Q2 151 711458 7099999999999999 836 172042 3999999999999999
 59 68 74 74 68 56 42 30 20 14 15 23 36 50 63 72 72 66 58 49 43 38 38 4320 720Q2 233 751535 7399999999999999 921 142132 3799999999999999
 53 63 73 78 76 66 52 37 25 15 11 15 25 40 56 69 75 73 65 55 46 39 35 3620 721Q2 314 781613 769999999999999910 4 112218 3599999999999999
 44 56 68 77 80 75 62 47 33 21 12 10 17 30 47 62 74 77 72 61 51 43 35 3220 722Q2 355 801651 77999999999999991046 1023 1 3299999999999999
 36 46 59 71 79 80 71 57 42 29 18 11 12 22 37 53 68 77 77 69 57 47 38 3120 723Q2 437 801730 78999999999999991126 102343 2999999999999999
 30 36 48 61 72 78 77 67 52 39 27 17 13 17 29 44 60 72 77 74 64 53 43 3420 724Q2 521 7818 9 789999999999999912 5 13999999999999999999999
 28 29 37 50 62 71 75 72 61 48 36 27 19 17 24 36 51 64 74 76 71 60 48 3920 725Q2 6 7 751850 7799999999999999 025 281245 1799999999999999
 31 27 30 39 50 60 68 71 67 57 45 36 28 23 24 31 43 56 67 74 74 67 56 4520 726Q2 657 711932 7599999999999999 1 9 271327 2299999999999999
 37 30 28 31 39 49 58 64 66 62 54 45 38 32 29 30 38 49 59 68 73 71 63 5320 727Q2 751 662015 7399999999999999 159 281415 2999999999999999
 44 36 31 28 31 38 47 55 60 62 59 53 47 42 37 35 36 43 52 61 68 71 68 6120 728Q2 853 6221 3 7199999999999999 258 281512 3599999999999999
 52 44 37 32 29 30 36 44 51 57 59 58 55 51 47 43 40 40 46 54 61 67 69 6720 729Q21012 5922 2 6999999999999999 4 9 291621 3999999999999999
 61 54 46 39 32 28 28 33 41 48 54 59 60 59 55 51 46 43 43 47 54 61 66 6820 730Q21158 602322 6999999999999999 523 271734 4299999999999999
 68 64 56 48 39 31 26 25 30 38 46 54 60 64 63 60 54 49 44 43 46 53 60 6620 731Q21323 64999999999999999999999 632 251845 4399999999999999
 70 71 67 59 48 38 29 23 22 27 36 45 55 64 69 68 63 56 49 43 42 45 52 6020 8 1Q2 045 711418 6999999999999999 734 221952 4299999999999999
 67 73 75 70 59 47 35 26 19 19 26 36 48 60 70 73 70 63 55 47 41 39 43 5220 8 2Q2 147 7515 1 7399999999999999 830 192051 3999999999999999
 61 70 77 78 70 57 44 32 22 16 18 26 39 52 66 75 76 70 61 52 44 38 36 4220 8 3Q2 236 791539 7799999999999999 919 162141 3699999999999999
 53 64 75 81 79 68 53 40 28 19 15 19 30 44 59 71 78 76 67 57 48 40 34 3520 8 4Q2 318 811615 789999999999999910 3 152225 3399999999999999
 43 56 68 78 82 76 63 48 35 24 16 15 22 36 52 66 76 79 73 63 52 43 35 3120 8 5Q2 356 821649 79999999999999991041 1423 4 3199999999999999
 35 46 60 72 79 80 71 57 42 31 22 16 18 29 45 60 71 78 77 68 57 47 38 3120 8 6Q2 433 811721 79999999999999991116 162340 2999999999999999
 30 37 50 64 74 78 75 64 50 37 28 21 19 25 38 53 66 75 77 72 62 51 41 3320 8 7Q2 5 8 781751 77999999999999991147 19999999999999999999999
 29 31 41 54 66 73 75 69 57 44 34 26 23 24 33 47 60 70 75 74 66 55 45 3720 8 8Q2 543 751820 7699999999999999 014 291215 2299999999999999
 31 29 34 45 57 66 71 70 63 51 40 33 28 27 32 42 54 65 72 73 69 60 50 4120 8 9Q2 620 711848 7399999999999999 047 291241 2799999999999999
 35 31 32 38 48 58 65 68 65 57 48 39 34 32 33 39 48 59 67 71 70 64 55 4620 810Q2 7 0 681918 7199999999999999 122 3113 9 3299999999999999
 39 35 33 35 40 49 57 63 64 60 54 46 41 38 37 39 45 53 61 67 68 66 59 5120 811Q2 746 641953 6899999999999999 2 3 331343 3799999999999999
 45 40 36 35 36 41 48 55 60 61 58 53 48 44 42 42 45 49 55 62 65 66 62 5720 812Q2 841 612034 6699999999999999 259 351434 4299999999999999
 51 46 41 37 35 36 41 47 53 57 59 57 54 51 49 47 46 48 51 56 61 64 64 6120 813Q2 952 592129 6499999999999999 412 351554 4699999999999999
 57 52 47 42 37 34 34 38 44 51 56 59 59 58 56 53 50 48 49 52 56 60 63 6420 814Q21141 592251 6499999999999999 526 341719 4899999999999999
 62 59 55 49 41 35 31 31 35 42 49 56 61 63 63 60 56 51 48 48 51 55 60 6420 815Q21316 63999999999999999999999 630 301834 4899999999999999
 66 66 63 57 48 39 31 26 27 32 40 50 59 66 68 67 62 56 50 47 46 49 54 6020 816Q2 028 6714 6 6899999999999999 726 261939 4699999999999999
 67 71 71 66 57 45 34 25 21 22 29 40 52 64 71 73 69 62 54 47 43 42 46 5420 817Q2 132 711444 7399999999999999 817 212035 4299999999999999
 63 71 76 75 67 55 41 29 20 16 19 29 43 58 70 77 76 68 59 50 42 38 38 4520 818Q2 220 761520 7799999999999999 9 4 162123 3799999999999999
 55 66 76 81 77 65 51 36 24 15 13 19 32 48 65 77 81 76 65 54 44 36 32 3520 819Q2 3 4 811555 8199999999999999 947 1322 7 3299999999999999
 45 58 71 80 83 76 62 46 32 20 12 12 22 38 56 72 82 82 73 60 48 38 29 2720 820Q2 346 831631 83999999999999991028 112247 2799999999999999
 33 46 61 74 82 82 72 57 42 28 17 12 16 29 47 64 78 84 80 68 54 42 31 2420 821Q2 429 8417 6 849999999999999911 7 122327 2399999999999999
 24 34 49 64 76 82 79 67 52 38 26 18 15 23 39 56 71 82 84 76 62 48 36 2620 822Q2 512 821742 84999999999999991145 15999999999999999999999
 21 25 37 52 65 75 79 73 61 47 36 27 21 22 32 48 63 75 82 81 70 55 42 3220 823Q2 557 791819 8399999999999999 0 7 211222 2099999999999999
 24 21 28 40 53 64 72 74 67 56 45 37 30 27 31 42 56 68 77 80 75 63 50 3920 824Q2 643 741856 8099999999999999 048 2113 1 2799999999999999
 30 25 24 31 42 53 62 68 68 62 53 45 40 35 34 39 49 60 70 76 76 70 59 4720 825Q2 734 691936 7799999999999999 134 241345 3499999999999999
 39 32 28 28 34 43 51 58 63 63 59 53 48 45 42 41 45 53 62 68 72 71 65 5720 826Q2 832 642021 7399999999999999 228 271440 4199999999999999
 48 41 35 31 31 35 41 48 55 59 60 59 56 53 51 48 46 49 54 60 66 68 68 6420 827Q2 953 602121 6999999999999999 338 301555 4699999999999999
 57 51 45 39 33 31 33 38 45 51 56 60 61 61 59 55 51 48 49 52 57 62 65 6620 828Q212 7 612258 6699999999999999 5 1 311725 4899999999999999
 65 61 55 48 40 33 30 30 35 42 49 56 63 66 66 63 58 52 48 46 49 54 59 6420 829Q21330 66999999999999999999999 620 291847 4699999999999999
 68 68 65 58 49 40 31 27 27 32 40 50 59 68 72 70 65 58 50 44 42 45 51 5920 830Q2 041 691413 7299999999999999 725 261953 4299999999999999
 66 71 73 68 58 47 37 28 23 24 31 41 53 65 73 76 72 64 55 46 39 38 42 5120 831Q2 143 731449 7699999999999999 818 222045 3799999999999999
 60 70 76 76 68 56 43 32 23 19 23 33 45 59 71 78 77 70 59 49 40 34 34 4120 9 1Q2 229 771522 7999999999999999 9 3 192129 3399999999999999
 52 64 74 79 76 65 51 38 27 20 18 25 38 52 66 77 81 75 64 53 42 33 28 3220 9 2Q2 3 8 791554 8199999999999999 942 1822 7 2899999999999999
 43 56 69 78 80 73 59 45 33 23 18 20 30 45 61 73 80 79 70 57 45 35 27 2620 9 3Q2 344 801623 81999999999999991017 172242 2599999999999999
 33 47 61 73 79 78 67 52 39 29 21 19 25 39 55 68 78 81 75 62 49 38 29 2320 9 4Q2 418 801649 81999999999999991049 192314 2399999999999999
 26 37 52 66 75 78 73 60 46 34 26 22 23 33 48 63 74 80 77 68 54 42 32 2520 9 5Q2 451 781714 80999999999999991117 212344 2399999999999999
 23 29 43 57 69 75 75 66 53 41 32 26 25 31 43 57 69 77 78 71 59 46 36 2820 9 6Q2 523 761738 78999999999999991142 25999999999999999999999
 24 26 35 48 61 70 73 69 59 48 38 32 29 32 40 52 64 73 76 73 64 52 40 3220 9 7Q2 557 7318 2 7699999999999999 013 2412 5 2999999999999999
 27 26 31 41 53 63 69 69 63 54 44 38 34 35 39 48 58 67 73 72 67 57 46 3720 9 8Q2 633 701830 7399999999999999 041 261228 3499999999999999
 32 29 30 36 45 55 62 66 65 59 51 44 40 39 41 46 54 62 68 70 68 61 51 4320 9 9Q2 714 6619 0 7099999999999999 113 291255 3999999999999999
 37 34 33 35 40 47 54 60 63 61 56 51 47 45 45 47 51 57 62 66 66 63 56 4920 910Q2 8 5 631937 6799999999999999 155 331332 4599999999999999
 43 39 37 35 37 40 46 52 57 60 59 56 53 51 50 50 51 54 57 61 63 63 60 5520 911Q2 912 602028 6399999999999999 3 5 351450 5099999999999999
 50 46 42 39 36 36 38 43 49 54 58 59 59 57 56 54 52 52 53 55 58 60 61 6020 912Q211 1 592155 6199999999999999 439 351653 5299999999999999
 57 54 49 44 39 34 32 34 39 46 53 59 62 63 62 60 56 52 49 49 52 55 59 6220 913Q21259 63999999999999999999999 6 0 321830 4999999999999999
 63 62 58 52 44 36 29 27 29 35 44 54 62 67 69 66 61 54 48 44 44 47 53 5920 914Q2 0 2 631346 6999999999999999 7 2 271934 4499999999999999
 65 68 67 61 52 41 31 24 21 25 34 45 58 68 74 73 67 58 49 42 38 38 44 5220 915Q2 118 681421 7499999999999999 754 212023 3799999999999999
 62 70 74 71 62 50 37 26 18 17 23 35 50 64 75 79 74 64 53 42 34 30 33 4220 916Q2 2 8 741455 7999999999999999 840 1621 6 3099999999999999
 54 66 76 79 73 61 46 32 21 14 15 25 40 57 72 82 81 72 59 46 34 25 23 2920 917Q2 253 791528 8399999999999999 922 132146 2399999999999999
 42 57 71 80 81 72 57 42 28 17 12 17 31 48 66 80 86 80 67 51 37 26 18 1920 918Q2 335 8216 2 869999999999999910 2 122226 1799999999999999
 29 45 61 75 82 80 68 52 38 25 16 15 23 40 58 74 85 86 76 59 43 30 19 1320 919Q2 417 831636 87999999999999991041 1423 5 1399999999999999
 18 32 49 64 76 81 76 62 47 35 25 18 20 32 50 67 80 86 83 69 51 36 24 1520 920Q2 459 811711 87999999999999991119 182344 1399999999999999
 13 21 36 52 66 76 78 70 56 44 35 27 24 29 43 59 73 82 84 76 61 45 32 2220 921Q2 542 781745 85999999999999991157 24999999999999999999999
 15 16 26 41 55 66 72 72 63 52 43 37 32 31 38 51 65 75 80 79 69 54 41 3120 922Q2 626 731821 8199999999999999 024 151236 3099999999999999
 23 19 22 32 44 55 63 68 66 59 51 45 41 38 39 46 57 67 73 76 72 62 50 4020 923Q2 715 681858 7699999999999999 1 8 191319 3899999999999999
 33 27 25 28 36 45 53 59 63 61 57 52 49 46 44 45 51 58 65 69 70 66 58 4920 924Q2 813 631943 7099999999999999 159 251416 4499999999999999
 42 37 33 30 32 37 43 50 55 59 59 57 56 54 52 49 49 51 56 60 63 64 62 5720 925Q2 938 592047 6499999999999999 3 9 301541 4899999999999999
 52 47 42 37 33 33 36 41 46 52 57 60 61 61 59 55 51 48 48 51 55 58 60 6120 926Q21217 612243 6199999999999999 439 321725 4899999999999999
 59 56 51 45 39 33 31 33 37 44 51 58 63 66 65 62 56 49 44 43 46 50 55 6020 927Q21319 66999999999999999999999 6 4 311847 4399999999999999
 63 63 60 54 46 38 30 27 29 35 44 53 62 68 71 68 61 53 45 39 37 41 47 5520 928Q2 037 631355 7199999999999999 7 7 271944 3799999999999999
 62 67 67 62 54 44 34 26 24 27 36 46 57 67 73 73 67 57 47 38 32 32 38 4820 929Q2 136 681426 7499999999999999 756 242028 3199999999999999
 57 66 71 70 62 50 39 29 22 22 28 39 51 64 73 77 72 62 51 39 30 26 29 3820 930Q2 218 721456 7799999999999999 837 2121 6 2699999999999999
 50 62 71 74 69 58 45 34 25 20 22 32 45 59 70 77 77 68 55 42 31 23 22 292010 1Q2 254 741524 7899999999999999 914 202141 2199999999999999
 42 56 68 75 75 66 52 39 29 22 20 26 39 53 67 76 79 73 60 46 33 24 18 212010 2Q2 328 761550 7999999999999999 947 202213 1899999999999999
 32 47 61 72 76 72 60 46 34 26 21 23 33 48 62 73 79 76 66 51 37 26 18 162010 3Q2 4 0 761613 79999999999999991017 212244 1699999999999999
 23 38 54 67 75 75 66 53 40 31 25 24 29 42 57 69 77 78 70 57 42 30 21 162010 4Q2 431 761636 79999999999999991044 232312 1699999999999999
 19 29 45 60 70 74 70 60 47 36 30 27 29 38 51 65 74 77 73 62 48 34 25 192010 5Q2 5 1 741658 779999999999999911 8 272338 1899999999999999
 18 24 37 51 64 71 71 64 53 43 35 31 31 36 47 59 70 75 74 66 53 40 30 232010 6Q2 533 721722 75999999999999991131 30999999999999999999999
 20 23 31 44 56 65 69 67 59 49 41 36 35 37 44 54 64 71 73 68 58 46 36 282010 7Q2 6 7 691748 7399999999999999 0 4 201155 3599999999999999
 24 24 29 38 48 58 64 66 62 54 47 42 39 40 44 51 59 66 69 68 62 52 42 342010 8Q2 646 661817 6999999999999999 033 241222 3999999999999999
 30 28 29 34 42 50 57 62 62 58 52 47 45 44 45 49 54 60 64 65 63 56 48 412010 9Q2 735 621852 6599999999999999 1 9 281255 4499999999999999
 36 33 32 33 36 42 48 54 58 59 56 53 50 49 48 49 51 54 58 60 60 58 53 48201010Q2 841 591944 6099999999999999 2 8 3214 6 4899999999999999
 43 39 36 34 33 35 39 45 51 55 58 57 56 54 53 51 50 50 51 53 55 57 56 54201011Q21018 582121 5799999999999999 348 331632 4999999999999999
 51 47 43 38 34 31 31 35 41 48 55 59 61 60 58 55 51 47 45 45 48 51 55 57201012Q21213 612338 5899999999999999 525 311817 4599999999999999
 58 56 51 45 38 31 26 26 31 39 48 57 63 66 65 60 53 46 40 37 38 43 49 56201013Q213 8 66999999999999999999999 632 261914 3799999999999999
 61 64 61 55 45 35 26 21 22 28 39 51 62 69 71 67 59 49 39 31 29 32 39 49201014Q2 1 0 641346 7199999999999999 724 211958 2999999999999999
 59 67 70 65 55 43 31 22 17 19 29 42 57 69 76 75 66 53 41 30 22 21 27 38201015Q2 153 701422 7799999999999999 810 172039 2099999999999999
 52 64 73 74 67 54 40 27 18 15 21 33 49 64 76 81 75 61 46 32 20 13 15 25201016Q2 238 751456 8199999999999999 853 152120 1399999999999999
 40 56 69 78 76 65 50 36 24 17 16 25 41 58 73 83 83 72 54 37 23 12  8 13201017Q2 321 781531 8499999999999999 934 1522 0  899999999999999
 27 44 60 73 79 74 60 46 33 23 18 20 33 50 67 80 86 81 65 46 30 17  8  6201018Q2 4 2 7916 5 86999999999999991014 172240  599999999999999
 15 31 49 64 75 78 69 55 42 32 24 21 27 42 59 73 83 85 75 57 39 24 13  7201019Q2 443 781640 85999999999999991054 212321  699999999999999
  8 20 37 53 66 74 73 63 51 41 33 27 27 36 51 66 77 83 80 67 50 34 22 14201020Q2 525 751715 83999999999999991133 26999999999999999999999
 10 14 27 42 55 65 70 67 58 48 41 36 32 34 44 57 68 76 78 73 60 44 32 23201021Q2 6 9 711750 7899999999999999 0 2 101215 3299999999999999
 17 15 21 33 45 55 63 66 62 55 48 43 40 38 41 49 59 67 72 72 65 54 42 33201022Q2 657 661828 7299999999999999 045 1513 1 3899999999999999
 27 23 22 28 37 46 54 59 61 58 54 50 47 44 43 45 51 58 63 65 64 59 50 42201023Q2 754 611914 6699999999999999 134 2214 0 4399999999999999
 37 32 29 28 32 38 45 51 56 58 57 55 53 51 48 46 46 49 53 57 59 58 55 50201024Q2 914 582022 5999999999999999 239 281525 4599999999999999
 45 41 37 33 31 32 37 42 48 53 57 58 58 57 54 50 45 43 44 47 51 54 55 55201025Q21120 582215 5599999999999999 4 6 3117 8 4399999999999999
 52 49 45 40 35 31 31 34 40 47 53 58 61 62 59 55 48 42 38 38 42 46 51 55201026Q21238 62999999999999999999999 531 301825 3799999999999999
 57 56 53 47 40 33 28 28 32 39 47 55 62 65 64 60 52 43 35 31 32 38 45 52201027Q2 014 571320 6599999999999999 634 281917 3199999999999999
 58 61 60 54 46 38 30 25 26 32 41 50 59 66 68 65 57 46 36 28 25 28 36 46201028Q2 116 611353 6899999999999999 722 251958 2599999999999999
 55 62 65 62 53 43 34 26 23 26 34 45 56 65 70 69 62 50 38 28 21 20 27 38201029Q2 159 651423 7199999999999999 8 3 232035 1999999999999999
 49 60 67 67 61 50 39 30 23 22 28 39 51 62 70 73 67 55 42 30 20 15 18 28201030Q2 235 681450 7399999999999999 840 222110 1599999999999999
 42 55 65 70 67 57 45 34 26 22 24 33 46 59 69 74 72 61 47 33 22 14 13 19201031Q2 3 8 701515 7499999999999999 913 222142 1299999999999999
 33 48 61 70 71 64 52 40 31 25 24 29 40 54 66 74 75 67 53 38 25 16 11 132011 1Q2 339 721538 7599999999999999 944 232212 1199999999999999
 24 39 55 66 72 69 59 46 36 29 25 27 36 49 62 72 76 72 60 44 30 19 12 112011 2Q2 410 7216 1 76999999999999991012 252241 1199999999999999
 18 31 47 61 70 71 64 53 41 33 29 28 33 44 57 68 75 74 65 51 36 25 16 122011 3Q2 440 711626 75999999999999991039 2823 9 1299999999999999
 15 25 39 53 65 70 67 58 47 39 33 30 33 40 52 63 71 74 69 57 43 31 22 162011 4Q2 511 701652 749999999999999911 6 302338 1599999999999999
 15 21 32 45 58 66 68 63 53 44 38 34 34 38 47 57 66 71 70 62 50 37 27 212011 5Q2 546 681721 71999999999999991135 33999999999999999999999
 18 20 27 38 50 59 64 64 58 50 43 39 37 38 44 52 60 66 67 64 55 44 34 272011 6Q2 626 651752 6799999999999999 010 1812 8 3799999999999999
 23 22 25 32 42 51 58 61 60 54 48 43 41 40 42 47 54 59 62 62 58 50 41 342011 7Q2 714 611832 6399999999999999 048 221249 4099999999999999
 29 26 26 29 35 42 49 55 58 57 53 49 46 44 43 44 47 51 55 57 57 54 48 412011 8Q2 816 581930 5799999999999999 141 261359 4399999999999999
 36 33 30 28 30 34 40 46 52 56 57 54 51 48 46 44 43 44 46 49 52 54 53 492011 9Q2 934 5721 6 5499999999999999 3 6 281558 4399999999999999
 45 40 36 32 28 28 31 37 44 51 56 58 57 54 50 46 41 38 37 40 44 49 52 54201110Q211 2 5823 6 5499999999999999 441 281738 3799999999999999
 53 50 45 38 32 26 25 28 35 44 52 59 62 61 56 50 42 35 30 29 33 40 47 54201111Q21212 62999999999999999999999 553 251838 2999999999999999
 58 58 54 47 39 30 23 21 26 35 46 56 64 67 64 56 46 36 27 21 22 28 38 48201112Q2 035 5913 2 6799999999999999 648 211925 2199999999999999
 57 63 64 58 48 37 27 20 20 26 37 50 62 70 72 66 54 40 28 18 13 15 25 38201113Q2 134 641345 7299999999999999 736 1920 9 1399999999999999
 51 62 69 68 59 47 35 25 19 20 29 43 57 69 76 75 64 48 33 19 10  6 12 25201114Q2 221 691424 7799999999999999 822 192053  699999999999999
 40 55 67 73 69 57 44 33 24 19 23 34 50 64 75 80 75 60 41 25 13  4  3 12201115Q2 3 5 7315 1 8099999999999999 9 6 192136  299999999999999
 27 44 59 71 74 67 54 41 31 24 21 28 41 57 71 80 82 72 53 35 20  8  2  4201116Q2 347 741539 8299999999999999 950 212219  199999999999999
 15 32 49 63 72 72 63 50 39 31 25 25 34 48 63 75 82 79 65 46 29 17  7  3201117Q2 429 741615 82999999999999991033 2423 2  399999999999999
  7 21 38 53 65 71 68 58 47 39 32 28 30 40 54 67 77 80 73 58 41 27 16  9201118Q2 511 721652 80999999999999991117 272344  699999999999999
  7 14 28 43 55 65 68 63 54 45 39 34 31 35 45 58 68 74 74 66 51 37 26 18201119Q2 554 681730 759999999999999912 1 31999999999999999999999
 13 13 21 34 46 56 63 64 59 51 45 40 36 34 39 48 58 66 69 67 58 46 35 27201120Q2 640 641810 6999999999999999 027 121249 3499999999999999
 21 18 20 28 38 47 55 60 60 56 50 46 42 38 37 41 48 56 61 62 60 53 44 36201121Q2 732 611857 6299999999999999 113 181344 3799999999999999
 30 26 24 26 32 40 47 53 57 57 54 51 47 44 40 39 41 46 51 54 56 54 49 43201122Q2 834 581959 5699999999999999 2 7 241456 3999999999999999
 38 34 30 28 29 33 39 46 51 55 56 54 52 49 45 40 37 38 41 45 49 51 51 49201123Q2 951 562127 5299999999999999 317 281624 3799999999999999
 45 41 37 33 30 30 33 38 45 50 54 56 56 53 49 44 38 33 32 35 40 45 49 51201124Q21116 562318 5199999999999999 437 291741 3299999999999999
 50 48 44 39 34 30 29 32 38 45 51 56 58 58 54 48 40 33 27 27 31 38 44 50201125Q21222 58999999999999999999999 546 281837 2799999999999999
 53 54 51 46 39 33 28 27 31 38 46 53 58 61 59 53 44 35 26 21 22 28 37 46201126Q2 041 5413 8 6199999999999999 639 271921 2199999999999999
 53 57 57 53 45 37 30 26 27 32 41 49 57 62 63 59 49 38 27 19 16 19 28 39201127Q2 133 581343 6399999999999999 724 2620 0 1699999999999999
 49 57 61 60 52 43 34 28 25 28 35 45 54 62 66 64 56 43 31 20 13 13 19 30201128Q2 213 621414 6699999999999999 8 4 252037 1299999999999999
 43 54 62 64 60 50 40 32 26 26 30 40 51 60 67 68 62 50 36 23 14 10 12 21201129Q2 248 651441 6899999999999999 840 252112  999999999999999
 35 49 60 66 65 57 46 36 29 26 28 35 46 57 66 71 68 57 43 28 17 10  8 14201130Q2 320 6715 7 7199999999999999 914 262145  899999999999999
 26 41 55 65 68 63 53 42 34 28 27 31 41 53 64 71 72 64 50 35 22 13  8  92012 1Q2 351 681535 7299999999999999 947 272218  799999999999999
 18 33 48 61 68 67 59 48 38 32 28 29 36 47 59 69 73 69 58 43 29 18 10  82012 2Q2 422 6916 3 73999999999999991020 282251  899999999999999
 13 25 40 54 64 68 63 54 44 36 31 29 33 41 53 64 71 71 64 50 36 24 15 102012 3Q2 456 681634 72999999999999991054 292325 1099999999999999
 11 19 32 46 58 65 66 59 49 41 35 31 31 37 47 57 65 69 67 57 44 31 22 152012 4Q2 532 6717 8 69999999999999991130 30999999999999999999999
 12 16 25 37 50 59 64 62 55 46 39 34 32 34 40 50 58 64 65 61 51 39 29 212012 5Q2 613 641746 6699999999999999 0 1 1212 9 3299999999999999
 17 16 21 30 41 51 59 62 59 51 44 38 35 33 36 42 50 56 60 60 55 46 36 282012 6Q2 659 621832 6199999999999999 041 161255 3399999999999999
 23 20 20 24 33 42 51 57 59 56 50 43 39 36 34 36 41 47 52 55 56 51 44 372012 7Q2 753 591933 5699999999999999 129 191355 3499999999999999
 30 26 23 23 27 34 42 50 56 57 55 49 44 39 36 34 34 38 42 47 51 52 50 452012 8Q2 853 572052 5299999999999999 233 231519 3399999999999999
 39 34 30 26 25 27 33 41 49 55 57 55 50 45 39 34 30 29 32 37 43 48 51 512012 9Q2 959 572228 5199999999999999 353 251648 2999999999999999
 48 43 38 32 27 25 26 33 41 50 56 59 57 52 45 38 30 25 22 25 32 39 46 52201210Q211 8 59999999999999999999999 5 8 251756 2299999999999999
 54 52 48 41 34 27 24 26 33 42 52 59 62 60 54 45 34 25 18 15 19 28 37 47201211Q2 0 4 541212 6299999999999999 610 241851 1599999999999999
 55 59 57 51 43 34 27 23 26 35 45 55 63 66 64 55 42 29 18 11  9 15 26 38201212Q2 114 5913 7 6699999999999999 7 4 231942  999999999999999
 49 59 63 61 52 42 33 26 23 28 37 49 60 68 71 66 53 38 24 12  5  5 13 26201213Q2 2 7 641355 7199999999999999 755 232030  499999999999999
 40 53 64 67 62 52 41 32 26 24 30 41 54 65 73 74 66 50 33 19  8  1  3 13201214Q2 253 671439 7599999999999999 845 242118  199999999999999
 28 43 58 68 69 61 50 40 31 25 25 32 45 59 70 77 75 63 45 28 15  5  0  4201215Q2 337 691520 7799999999999999 935 2422 5  099999999999999
 16 32 48 62 70 68 58 47 38 31 25 26 36 50 63 73 78 72 57 40 24 13  4  1201216Q2 418 7016 0 78999999999999991022 252249  199999999999999
  8 22 38 53 65 69 65 54 44 37 30 25 29 40 54 66 74 75 67 51 35 22 12  5201217Q2 5 0 691639 769999999999999911 8 252332  499999999999999
  5 14 28 44 56 65 67 60 51 42 35 29 26 31 43 56 66 72 70 60 45 31 21 13201218Q2 541 671718 72999999999999991152 26999999999999999999999
  8 11 21 35 48 58 64 63 56 47 40 34 28 28 34 46 56 64 67 63 53 40 29 21201219Q2 623 651759 6799999999999999 012  81237 2799999999999999
 15 13 18 28 40 51 58 61 59 52 45 38 33 29 30 36 46 54 59 60 56 47 37 28201220Q2 7 6 621843 6199999999999999 052 131323 2999999999999999
 23 19 19 24 33 43 51 57 58 55 49 43 37 33 30 31 36 44 50 54 54 50 43 35201221Q2 751 581935 5599999999999999 133 181418 3099999999999999
 30 26 23 24 29 36 44 51 55 55 52 47 42 37 33 30 30 34 40 46 49 50 47 42201222Q2 839 562039 5099999999999999 222 231526 3099999999999999
 37 32 29 27 27 31 37 44 50 53 53 51 46 42 37 32 29 28 31 36 42 46 47 46201223Q2 933 532159 4799999999999999 326 271641 2899999999999999
 43 39 36 32 30 29 32 38 44 49 52 52 51 47 42 36 30 25 24 27 33 40 45 47201224Q21040 522342 4899999999999999 440 291746 2499999999999999
 48 46 43 38 34 30 29 32 38 44 49 52 53 52 48 41 33 26 21 20 24 31 39 45201225Q21156 53999999999999999999999 546 291839 2099999999999999
 50 51 50 45 40 34 30 29 33 39 45 51 54 56 54 47 39 29 21 16 16 22 31 40201226Q2 1 2 511255 5699999999999999 641 291925 1599999999999999
 48 54 55 52 46 39 33 29 29 34 40 48 54 58 59 54 45 34 23 15 12 14 22 33201227Q2 152 551337 5999999999999999 728 2920 7 1299999999999999
 44 53 58 58 53 45 37 31 29 30 35 44 52 59 63 61 53 41 28 17 10  9 13 23201228Q2 231 591412 6399999999999999 812 282047  899999999999999
 36 49 58 62 59 52 43 35 30 28 31 38 48 57 64 66 60 49 35 22 12  7  7 14201229Q2 3 5 621444 6699999999999999 853 282126  699999999999999
 27 42 55 63 64 58 49 39 32 28 28 33 42 53 63 68 67 57 43 29 17  8  4  8201230Q2 337 651517 6999999999999999 933 2722 3  499999999999999
 18 33 48 60 66 63 55 45 36 30 27 28 36 47 59 68 70 64 52 37 23 12  5  4201231Q2 410 661550 70999999999999991011 262240  499999999999999
