148149139118 90 64 45 38 42 56 75 96114127131124110 93 78 71 74 8410011620 1 1QF 037150135213199999999999999 7 5 371914 7199999999999999
130137136124105 83 63 51 49 56 70 86102116124124118106 92 81 75 77 85 9620 1 2QF 121138143612599999999999999 742 492015 7599999999999999
109119125123114 99 81 67 60 61 68 79 93106116122122117106 94 83 77 75 7920 1 3QF 217125153112399999999999999 825 592143 7599999999999999
 87 98108115115109 98 85 75 69 70 76 85 96108117124124119109 96 83 73 6820 1 4QF 333116163912599999999999999 922 692319 6899999999999999
 69 76 87 99108112110102 92 82 76 75 79 87 98110121129130124112 95 78 6420 1 5QF 5 71121742131999999999999991040 75999999999999999999999
 57 57 65 78 94108116116109 98 87 79 76 79 88101116129138138129112 89 6720 1 6QF 634117183413999999999999999 029 561159 7699999999999999
 51 42 44 55 73 94113124125117103 88 77 73 77 89106124140149147132108 7920 1 7QF 739126191914999999999999999 121 421259 7399999999999999
 53 35 27 32 49 73100122135135123103 84 72 69 76 9211413615316015313210020 1 8QF 82913720 216099999999999999 2 6 271347 6999999999999999
 65 36 18 14 24 47 78110135147143124 99 77 64 64 76 9812415016717115712820 1 9QF 914147204417199999999999999 248 131430 6399999999999999
 88 49 19  3  3 20 50 86122148157146120 90 67 56 61 7910613616317917815720 110QF 956157212718199999999999999 328  11511 5699999999999999
120 75 33  3 -9 -2 21 57 98136159161143111 79 57 51 61 8511614817418718020 111QF1036163221118899999999999999 4 9 -91551 5099999999999999
152109 60 19 -7-14 -1 28 68112147165160135100 67 49 48 64 9112415718119020 112QF1117166225619099999999999999 449-141632 4699999999999999
177143 96 48  9-11-11  7 41 82124155165153123 87 58 44 49 69 9813016018120 113QF1157165234118699999999999999 530-141714 4499999999999999
185167131 84 39  7 -7 -1 22 56 97134157160142110 76 52 44 53 7410213115820 114QF1238161999999999999999999999 611 -71757 4499999999999999
174174154118 75 37 12  5 16 40 73109139154151130 99 70 51 48 58 7710112720 115QF 029176131915599999999999999 651  51845 4799999999999999
149161158139107 71 41 24 23 36 59 88117139148141120 93 69 54 52 61 76 9620 116QF 12016214 314899999999999999 733 211940 5199999999999999
116134143141125100 72 51 40 43 56 76 99121137142134115 92 71 59 55 60 7120 117QF 218144145214299999999999999 817 402050 5599999999999999
 85102116126126117 99 79 64 57 60 71 87105122134138131115 95 76 62 56 5620 118QF 333127155013899999999999999 910 572228 5599999999999999
 61 72 85100112117114104 90 77 71 73 80 93107122133138133120100 80 63 5220 119QF 5 911717 1138999999999999991019 71999999999999999999999
 47 49 57 71 88104116118112100 88 80 78 83 93108123136142139126105 81 5920 120QF 647119181314399999999999999 013 471145 7899999999999999
 44 36 36 45 61 82104121127121108 92 80 76 80 92108126142150147132106 7820 121QF 8 0127191615199999999999999 128 3513 0 7699999999999999
 52 33 23 25 37 58 85111131137128109 89 75 70 76 9111113315115915413410320 122QF 85313720 915999999999999999 222 231355 7099999999999999
 69 40 20 13 18 35 62 94124142144129105 80 65 63 73 9311814216116715713020 123QF 935146205416799999999999999 3 5 131440 6299999999999999
 94 57 27  9  7 18 41 73108138151145123 93 68 55 58 74 9912715317017115420 124QF1012152213517399999999999999 342  61519 5499999999999999
121 81 42 15  3  7 25 54 90125149155139110 78 55 48 57 8010913916317516920 125QF1045155221117599999999999999 415  21555 4899999999999999
144106 64 28  7  2 14 39 72108139155150126 94 63 46 46 63 9012114916917420 126QF1116155224417499999999999999 445  21629 4399999999999999
159127 87 47 18  5 10 29 58 92125147152138109 76 51 42 50 7210113215717020 127QF1145153231617099999999999999 513  417 2 4299999999999999
165143107 68 34 14 11 24 48 79111136148143121 91 62 45 44 58 8311213915820 128QF1211149234716399999999999999 539 101734 4299999999999999
163150123 87 52 27 18 24 43 70 99125141142129104 76 54 45 50 68 9311914120 129QF1236144999999999999999999999 6 4 1818 8 4499999999999999
153150132103 71 44 29 29 42 64 90114132138132114 90 67 52 49 58 76 9812020 130QF 01915313 013899999999999999 629 271844 4999999999999999
136141133114 87 62 44 38 45 62 83105122132132121103 82 65 55 56 65 81 9920 131QF 054141132713399999999999999 655 381926 5499999999999999
115126127117100 79 61 51 52 62 79 97113124129124113 97 80 66 60 61 68 8020 2 1QF 13612814 012999999999999999 724 502022 5999999999999999
 93106113114106 93 78 66 62 67 77 90104115123124120110 96 82 70 63 62 6520 2 2QF 230115144612499999999999999 759 622144 6299999999999999
 73 84 94102104101 93 84 77 75 78 86 95105114120123120112100 86 72 62 5720 2 3QF 35410416 012399999999999999 851 752331 5799999999999999
 57 62 72 83 94101103100 94 88 84 84 88 94102112120126126119106 89 71 5620 2 4QF 5531031731126999999999999991027 84999999999999999999999
 47 44 49 60 76 92106113112105 96 87 83 83 89 99112125134136129112 89 6520 2 5QF 725113184513799999999999999 053 441225 8299999999999999
 45 32 29 36 52 74 97116126125113 98 84 75 75 83 98117135148150139116 8520 2 6QF 821127194315199999999999999 149 281332 7499999999999999
 54 29 14 13 25 49 79109132141135116 93 73 63 65 7810012514816416514811620 2 7QF 9 5141203416699999999999999 235 121421 6399999999999999
 77 39 11 -2  1 20 52 89125149154139111 81 59 50 57 7610513616418017615220 2 8QF 944155212118199999999999999 317 -315 3 5099999999999999
111 64 22 -6-15 -4 23 62106143164161136100 65 43 38 51 7811214817819218220 2 9QF102216522 719299999999999999 357-151544 3899999999999999
150101 50  7-17-19 -1 34 79125160172159125 84 48 30 31 50 8212115918819620 210QF1059172225219799999999999999 436-211625 2899999999999999
180140 88 36 -2-19-13 12 52 99142170172149109 66 34 22 29 53 8812716418920 211QF1135175233619399999999999999 514-2017 6 2299999999999999
191169126 74 27 -3-11  3 33 74119155172164134 92 52 27 20 33 59 9313016220 212QF1211173999999999999999999999 551-111748 2099999999999999
180177151109 63 26  7  8 27 58 97134160166150117 78 45 26 25 40 65 9512720 213QF 021182124716699999999999999 626  51832 2499999999999999
152163156131 95 59 33 24 32 53 82114141156154135104 70 45 32 34 48 68 9220 214QF 1 7163132215899999999999999 7 0 241920 3199999999999999
116134141134114 87 63 48 47 58 77100123141147141122 96 70 51 42 44 53 6720 215QF 15914114 014799999999999999 735 452018 4299999999999999
 84101114119115103 87 73 66 68 78 93109124134137131116 96 76 61 53 51 5420 216QF 3 6119144813799999999999999 814 662146 5199999999999999
 62 72 84 95103105102 94 86 83 84 90 99109119126129127117102 86 71 59 5320 217QF 45510516 312999999999999999 913 83999999999999999999999
 50 52 58 69 82 95105108105 99 94 91 91 96103112121128129124112 95 77 6020 218QF 658108174813099999999999999 0 7 501119 9099999999999999
 48 41 40 46 60 78 98113119116107 96 87 84 87 95107121132138134120100 7620 219QF 8 812019 813899999999999999 136 4013 1 8499999999999999
 54 38 29 30 40 59 84109127131123107 89 76 72 78 90108126142149143125 9820 220QF 85013120 414999999999999999 226 291355 7299999999999999
 69 43 26 20 25 42 68 98125140139122 98 75 61 61 71 9111413715415914812220 221QF 924142204815999999999999999 3 1 201434 5999999999999999
 89 55 29 15 14 27 51 84117142150138113 82 58 48 53 71 9712515116516414520 222QF 954150212616799999999999999 331 1315 8 4899999999999999
112 73 39 16  9 17 38 69104136154151129 96 63 42 39 52 7710813916317216220 223QF1022155215917299999999999999 357  91541 3899999999999999
134 94 54 24  8 10 27 56 91126151158143112 75 46 32 37 58 8912315317117120 224QF1048158223017499999999999999 422  71613 3199999999999999
151115 74 37 14  9 21 46 79114144158152127 91 56 33 28 42 6910313716217220 225QF111315823 017299999999999999 446  91644 2799999999999999
162133 94 54 25 13 19 39 69103134154155138106 70 41 27 32 52 8211614616420 226QF1135157232916799999999999999 5 9 131714 2699999999999999
164145111 73 40 22 21 37 63 94125147154144119 85 54 33 28 40 65 9512614920 227QF1155154999999999999999999999 532 191745 2899999999999999
158149124 90 57 35 28 37 59 87116139150146128100 69 44 32 36 52 7610412920 228QF 0 0158121615199999999999999 554 281817 3299999999999999
145145130104 75 51 39 42 58 82107129143145133112 85 60 43 38 46 62 8410720 229QF 032147123714699999999999999 616 381852 3899999999999999
125134129113 90 68 53 50 60 79100120134140135120100 77 58 47 46 55 69 8620 3 1QF 1 813413 214099999999999999 641 501934 4599999999999999
103115119113100 84 70 63 66 78 95111124132132125112 94 77 62 54 54 60 6920 3 2QF 153119133413399999999999999 710 632032 5399999999999999
 82 94103106103 96 86 79 77 81 91102113121125125120110 97 82 69 60 57 5820 3 3QF 3 3106142712599999999999999 747 772216 5799999999999999
 63 71 81 90 98101100 96 92 90 91 96101107113119122121116106 91 76 62 5320 3 4QF 517101162512299999999999999 9 3 90999999999999999999999
 48 50 57 69 83 97107112110104 97 92 90 92 98106116126131130119101 79 5820 3 5QF 712112181913299999999999999 018 4812 5 9099999999999999
 42 33 34 44 61 83104121128124112 97 84 78 79 87102120136147147133108 7720 3 6QF 8 6128192914999999999999999 127 321322 7799999999999999
 48 26 16 19 35 60 91120140144133111 87 68 60 64 7910212815216716514410920 3 7QF 846145202316899999999999999 216 1514 9 6099999999999999
 69 32  8  0  9 33 68107140159156134101 69 47 42 52 7510714117118517814820 3 8QF 922160211118699999999999999 257  01451 4199999999999999
104 55 16 -7 -9  8 41 84128162174160126 84 48 27 27 44 7511415518719818320 3 9QF 957174215719899999999999999 336-101531 2499999999999999
145 92 41  3-14 -7 18 59107151179180154110 63 27 12 18 42 7912416619620120 310QF1032183224120299999999999999 413-141612 1199999999999999
178133 78 29 -2-10  5 38 83131170187175139 90 43 12  4 16 46 8613117219520 311QF11 6187232519899999999999999 449-101653  499999999999999
193164117 65 24  3  5 27 64108151179184162120 71 30  7  5 22 53 9313416820 312QF1140185999999999999999999999 524  11734  399999999999999
183175144100 57 28 18 29 55 91130162178171143101 58 25 10 14 33 62 9713120 313QF 0 9184121217999999999999999 557 181816  999999999999999
155163151123 88 57 40 41 56 83114143163167153124 87 53 29 22 28 45 69 9520 314QF 054163124416899999999999999 628 3819 1 2299999999999999
120136139128107 83 65 58 65 82103126145154151136111 82 57 41 37 43 54 7020 315QF 144139131715499999999999999 658 581953 3799999999999999
 88104114117112100 86 78 78 86 99114127137140136123105 85 67 56 52 53 5920 316QF 250117135514099999999999999 730 772113 5299999999999999
 67 77 87 97103104101 96 93 94 98105113120125127126119108 94 80 69 62 5720 317QF 44610515 812799999999999999 820 932349 5699999999999999
 56 59 65 75 87 99107110108104101 99100103108114120124123117106 91 77 6420 318QF 7 01101727124999999999999991115 99999999999999999999999
 54 49 49 56 70 88106118122118108 98 90 87 90 97108120129133128115 96 7620 319QF 757122185613399999999999999 124 481259 8799999999999999
 58 45 39 42 54 74 98119132132121103 86 75 72 79 92109127141145137118 9320 320QF 830133195114599999999999999 2 9 391344 7299999999999999
 67 46 34 33 42 60 87115136144136115 90 68 58 60 73 9411714015415414011420 321QF 858144203315699999999999999 239 321419 5799999999999999
 83 54 34 26 32 48 75106135151149131101 70 50 44 54 7510213115416415813520 322QF 92515321 816599999999999999 3 4 261451 4499999999999999
102 67 39 24 25 38 63 96128152159146116 80 50 34 37 54 8311614616617015420 323QF 950159214017199999999999999 328 231522 3399999999999999
122 84 49 27 21 31 54 85120149163158132 95 58 33 25 36 62 9613116017316720 324QF1014164221117499999999999999 351 211553 2599999999999999
141104 65 36 23 27 46 76110142163165146112 72 39 21 24 43 7511214616917220 325QF1036167224117399999999999999 414 221623 2099999999999999
155122 83 49 29 27 41 68101134159167156127 88 51 26 18 29 55 9012615617020 326QF1056168231117099999999999999 436 251653 1899999999999999
163138102 65 40 31 40 62 93125152166162139105 67 36 20 22 40 6910413715820 327QF1116167234216399999999999999 458 311723 1999999999999999
162147118 83 54 39 42 59 86116144161163148119 84 52 30 23 32 54 8311414020 328QF1137164999999999999999999999 521 381754 2399999999999999
153148128100 71 52 48 59 81108134152159151131101 70 45 31 31 45 66 9311820 329QF 015153115915999999999999999 545 481827 2999999999999999
135140132112 88 68 59 63 79101123142151150137115 89 64 46 38 43 56 75 9520 330QF 051141122315299999999999999 610 5919 7 3899999999999999
114125126117102 85 73 72 80 96114130140143138125106 85 66 53 48 52 62 7620 331QF 136127125314399999999999999 639 7120 0 4899999999999999
 90104112113109100 90 84 86 94106117126132133129120106 90 74 62 56 56 6120 4 1QF 244114134113399999999999999 718 842131 5599999999999999
 69 80 91101107109106101 97 97100105111117122125126124115102 85 70 59 5220 4 2QF 451109155112699999999999999 836 972335 5199999999999999
 52 57 68 82 97110118119115107100 96 95 97104113123132136130116 96 74 5420 4 3QF 6401201758136999999999999991148 94999999999999999999999
 42 38 44 58 78101122134135125110 93 81 77 80 92108128145153149130102 7120 4 4QF 734136191115399999999999999 053 3813 3 7799999999999999
 44 28 25 35 55 84115140153148129102 77 60 56 64 8310913816217316513910120 4 5QF 81415320 717399999999999999 144 241350 5599999999999999
 62 31 15 15 32 61 98135162169155124 86 54 37 36 51 7911415117918917614120 4 6QF 850170205618999999999999999 227 131432 3499999999999999
 95 50 19  6 14 39 76120159181179153110 65 31 16 21 44 8012316419319917820 4 7QF 925184214320099999999999999 3 6  61513 1699999999999999
135 84 39 12  7 23 55 99144180193179141 90 43 12  2 14 43 8513217419919820 4 8QF10 0193222820299999999999999 343  61555  299999999999999
170123 72 33 13 17 41 78124166193195169123 70 25  0 -2 15 48 9213817719520 4 9QF1034198231219699999999999999 419 121637 -499999999999999
187155109 64 33 24 36 65104146180196186152103 54 16 -1  2 23 57 9914017120 410QF11 8196235718299999999999999 454 241719 -299999999999999
182169136 96 61 42 42 61 91127161183187169132 87 45 17  7 15 36 6710313620 411QF1140188999999999999999999999 527 4018 2  799999999999999
158162147119 88 65 57 65 85113141165176171149115 77 45 26 22 31 50 7510220 412QF 043162121217699999999999999 559 571846 2199999999999999
126139140128108 87 75 75 86104126145158161152132104 75 53 41 39 47 61 7820 413QF 134142124516299999999999999 631 731936 3999999999999999
 97112121123116104 93 88 91101115128139145145136121101 81 65 57 55 59 6620 414QF 239123132414699999999999999 7 6 882047 5599999999999999
 76 88 99108113112108102100102107114121127131131127119106 91 79 70 65 6320 415QF 421114143813299999999999999 8 41002251 6399999999999999
 66 71 80 91103113117116112107104103105109114120125127123114102 88 76 6720 416QF 6151171653127999999999999991051103999999999999999999999
 61 61 66 76 91108121127125117106 96 91 90 95104116126133132123109 91 7520 417QF 715127182413399999999999999 034 611231 9099999999999999
 62 55 56 64 79 99119134138131115 97 82 74 76 86101118134143141129110 8720 418QF 751138192214399999999999999 124 551317 7499999999999999
 67 54 49 55 69 90114136147145129105 81 64 59 66 8310512814615314813010420 419QF 82014820 515399999999999999 157 491353 5999999999999999
 77 56 46 47 59 80107133152157144119 88 61 47 48 62 8611414015816114812320 420QF 846157204216299999999999999 223 451426 4699999999999999
 92 64 47 42 51 71 98128153164158135101 67 43 34 43 65 9512815416816314220 421QF 911165211616899999999999999 248 421459 3499999999999999
111 78 52 41 45 63 89121150168169151118 79 46 28 28 44 7410914316617215920 422QF 934171214917299999999999999 313 411530 2699999999999999
130 95 63 45 43 56 81112143167175164135 96 57 30 20 28 52 8712415617316920 423QF 956175222117499999999999999 338 4216 2 2099999999999999
147114 79 53 44 52 73103135163177173151114 73 39 20 19 35 6510213816417220 424QF1019178225317299999999999999 4 2 441633 1799999999999999
160132 97 67 50 51 67 94125155174178163132 92 55 28 18 25 47 7911614716520 425QF1042179232716799999999999999 427 4817 5 1799999999999999
164145115 83 61 54 64 86115144167176169146112 74 43 24 22 35 61 9312515020 426QF11 6176999999999999999999999 453 541738 2199999999999999
159151130101 76 63 65 81106132155169170156129 96 63 39 28 32 48 7310112820 427QF 0 3159113217199999999999999 520 621814 2899999999999999
145148137116 93 76 71 80 98121142158164158141116 86 60 42 37 43 59 8010320 428QF 04414812 216499999999999999 550 711856 3799999999999999
123135135126109 93 83 84 95111128143152153146131109 85 64 50 46 52 65 8120 429QF 133137124015499999999999999 626 821952 4699999999999999
 99115124126121110 99 93 95104115127136142143138128111 92 73 60 54 56 6420 430QF 244127134414399999999999999 715 932114 5499999999999999
 77 92107118124123117109103101104109116124131136138133121103 83 67 57 5420 5 1QF 423125154813899999999999999 8491012252 5499999999999999
 58 69 85103119130133128118107 98 94 95101110123135144144134115 92 69 5420 5 2QF 5511331734145999999999999991119 94999999999999999999999
 47 51 63 83106128143147139122103 86 76 76 84 99119140156160149126 96 6720 5 3QF 649147184716099999999999999 0 8 471234 7599999999999999
 47 39 45 62 88117144161162146119 90 66 54 55 68 91120149170175161131 9420 5 4QF 733163194617599999999999999 1 3 391324 5399999999999999
 61 39 34 45 68100135164178172146109 71 44 32 38 57 8812516018318616713120 5 5QF 812179203918899999999999999 149 341410 3299999999999999
 89 54 34 34 51 81119156184192175139 93 50 23 15 26 52 8913217019219116620 5 6QF 850192212819599999999999999 231 321454 1599999999999999
125 82 49 35 41 64 99140177198197170125 74 32  8  5 21 52 9413917619518920 5 7QF 927201221519699999999999999 310 341538  499999999999999
159116 75 48 41 54 82120160191205193158108 58 20  2  4 24 5810114417719020 5 8QF10 320523 119099999999999999 349 411623  099999999999999
178146106 71 52 53 72103140174198201181142 92 47 16  4 11 33 6710814617220 5 9QF1039202234717999999999999999 426 5017 7  499999999999999
179163132 97 71 61 69 91122154181194189164125 80 42 19 13 23 46 7811214320 510QF1115195999999999999999999999 5 2 611751 1399999999999999
162163147120 93 76 74 86109135161178183172147111 74 45 29 28 40 60 8611320 511QF 034164115018399999999999999 537 731835 2799999999999999
136148146132112 93 84 88101121141159168168155132103 74 53 44 45 55 72 9120 512QF 123149122717099999999999999 614 841922 4399999999999999
111127135134123109 98 94 99110125139150155152141123100 79 64 58 59 67 7820 513QF 221136131115599999999999999 656 942018 5899999999999999
 92107119126127121112105102105112121130138142140133120103 87 75 69 69 7320 514QF 334128141914299999999999999 7591022135 6899999999999999
 81 91104115124128125118111105104106111119126132135131122109 95 83 75 7320 515QF 5 0128155813599999999999999 95510423 5 7399999999999999
 75 81 91104118129134131123112102 95 94 99108118129135135128115100 86 7620 516QF 6 91341729136999999999999991139 94999999999999999999999
 72 74 81 94110127139143137124107 91 81 80 88101116131140141133118100 8420 517QF 655143183714299999999999999 012 721237 8099999999999999
 73 69 73 85102122140151151139118 95 76 66 68 80 99120138149148137118 9620 518QF 730152192815099999999999999 056 691320 6699999999999999
 78 68 67 77 94115138155161154134106 78 59 52 60 7810312814815815313711320 519QF 759161201115899999999999999 131 661358 5299999999999999
 88 71 64 70 85107133155168167150121 88 60 44 43 56 8111114015916515413120 520QF 826170205016599999999999999 2 3 641433 4199999999999999
103 79 65 65 77 98125152171177166140104 68 43 32 38 59 9012315216816715020 521QF 852177212717099999999999999 232 6315 8 3299999999999999
122 92 71 63 70 89116145170183179158123 84 50 30 26 40 6710213716317416520 522QF 91818322 317499999999999999 3 1 631542 2699999999999999
141109 82 66 66 80105135163183187173143104 65 36 22 26 46 7811514917017320 523QF 945188223917499999999999999 331 641616 2299999999999999
157129 98 74 66 73 94122152177189184162126 86 50 27 21 32 56 9112715617120 524QF1015189231717299999999999999 4 1 661651 2199999999999999
167146116 88 72 71 85110138165183188175147110 71 41 25 25 41 6810213515820 525QF1046188235716799999999999999 432 701728 2399999999999999
167157134106 84 75 81 99124150171183180163133 97 63 39 29 34 52 7911013720 526QF1121184999999999999999999999 5 5 7518 9 2899999999999999
155158146124101 85 82 92111134155170176170151123 90 61 42 36 44 62 8611320 527QF 04215912 117699999999999999 542 821855 3699999999999999
135149150138119101 90 91102119137152163167160143118 90 65 49 45 53 69 9020 528QF 133151125216799999999999999 626 891949 4599999999999999
112131143144135119105 97 98106118131144153157154141119 95 72 58 53 59 7220 529QF 23514514 515799999999999999 724 962055 5399999999999999
 90110129141144137124111101 99102110120132143151152143126103 81 65 59 6220 530QF 347144153715299999999999999 854 992210 5999999999999999
 73 90111130144149144131114100 92 90 95105119135148155150135112 88 70 6120 531QF 45814917 7155999999999999991043 902320 6099999999999999
 63 74 92115137154160153136114 93 79 74 78 90109130150162160144120 93 7120 6 1QF 55816018231639999999999999912 2 74999999999999999999999
 61 63 76 98124150168172161138107 80 61 55 61 77101130155170170152124 9420 6 2QF 648173192817299999999999999 020 6013 0 5599999999999999
 70 61 65 82108138165183184166134 96 63 43 37 47 68 9813216217917715712520 6 3QF 733186202518199999999999999 111 601351 3799999999999999
 92 69 61 70 91121154181196191166126 83 47 27 25 37 63 9913716918518115620 6 4QF 816197211718699999999999999 157 611440 2499999999999999
121 88 67 64 77103136169195204192159114 69 34 17 18 35 6410314317418817920 6 5QF 85820422 618899999999999999 241 631527 1599999999999999
151115 84 68 70 88117151182203206187149102 57 26 13 18 38 7011014917718620 6 6QF 938208225318699999999999999 323 661613 1399999999999999
172142107 81 71 78100130163190205201176136 90 49 24 16 24 47 8011815317520 6 7QF1018206233817999999999999999 4 4 711658 1699999999999999
178161131100 80 77 89113142171193200190162122 80 46 27 24 36 60 9212515420 6 8QF1058200999999999999999999999 443 761740 2399999999999999
169167148121 96 83 85100124151174188190176147110 74 48 35 37 52 7510313020 6 9QF 021171113619199999999999999 521 821821 3499999999999999
152160154136113 95 88 94111132154171179176160133101 73 54 47 53 67 8811120 610QF 1 5161121618099999999999999 6 0 8819 0 4799999999999999
132147151143127109 97 95102117134151163167162146123 97 75 62 60 67 81 9820 611QF 150151125916799999999999999 644 941942 6099999999999999
116132142144136123110101100106118131144153155150136117 97 81 72 72 79 9020 612QF 240144135215599999999999999 7381002030 7199999999999999
104119131139140135124113105102105113123134142146142131116100 87 81 81 8720 613QF 33914115 014699999999999999 8551022129 8099999999999999
 96108121133141142137127115104 99 98104113125135140139131119105 93 87 8620 614QF 4441421621141999999999999991031 982238 8699999999999999
 91100112126138146148141129114 99 90 88 93104118131140141135123109 97 8920 615QF 5421481741141999999999999991147 882341 8899999999999999
 88 93104118134147155155145128107 89 78 76 83 98116132144146140127111 9720 616QF 6271561847146999999999999991243 75999999999999999999999
 89 88 95109127145159165160144121 96 75 64 65 76 9611813815115314412810920 617QF 7 5165194115499999999999999 033 871328 6399999999999999
 94 86 89100118139158171173162139109 81 61 52 57 73 9812514716015914612520 618QF 739174202716199999999999999 116 8614 9 5299999999999999
104 89 84 91107130153172182177158128 94 65 47 42 53 7510513515816816314420 619QF 81218221 916899999999999999 154 841447 4299999999999999
119 97 84 84 96117144168185189177150114 78 50 35 37 53 8111514716817416220 620QF 846190214917499999999999999 230 821525 3499999999999999
138111 89 81 86104130158182195192172138 98 62 37 28 35 58 9012715817617620 621QF 921196222917899999999999999 3 6 8116 3 2899999999999999
158129101 84 80 92115143171192200190163125 83 49 29 25 39 6610113816617920 622QF 95820023 917999999999999999 342 801642 2599999999999999
172149119 94 81 83100126155181197200184153112 71 41 26 28 46 7611214717120 623QF1038201235117899999999999999 419 801722 2599999999999999
178165140110 89 81 89109135162185197195175141101 64 38 28 35 56 8712215220 624QF1121199999999999999999999999 458 8118 4 2899999999999999
171173157131104 87 85 96116141165184192187165132 94 61 40 36 46 68 9712920 625QF 03417412 819399999999999999 540 841848 3599999999999999
155169166149124102 89 89101120141161177184177156125 92 64 48 47 58 8010620 626QF 12016913 218499999999999999 628 881935 4699999999999999
134155165160144122102 92 93102118135153167173168150123 94 71 59 59 70 9020 627QF 21116514 417399999999999999 725 912028 5799999999999999
114137155163158143122104 93 92 98110125141156164161148125101 81 70 71 8120 628QF 3 6163151816499999999999999 839 922127 6999999999999999
 98119141157165160145125105 92 87 89 98111128145156158149131109 91 80 8020 629QF 4 71651642159999999999999991010 872232 7999999999999999
 89105125146162170165150127104 87 77 76 84 98117137153160154139118 98 8720 630QF 5 817018 5160999999999999991135 752337 8599999999999999
 86 94110131153170178173155128100 78 65 62 69 8610813315416416214612410320 7 1QF 6 61781918165999999999999991244 62999999999999999999999
 90 88 98116139162181188180158126 93 67 51 49 58 7710413315817116915112620 7 2QF 7 0188202017299999999999999 038 881343 4899999999999999
103 90 89101122147173191197185158121 84 55 40 38 50 7410513816617917315220 7 3QF 751197211317999999999999999 133 881435 3799999999999999
124100 87 89104129157183200203186154113 74 45 31 33 49 7611114617418417420 7 4QF 83820422 018499999999999999 222 861523 3099999999999999
148118 94 84 90109137166192207205183146102 63 37 27 33 53 8412115618018520 7 5QF 923208224318699999999999999 3 7 8416 7 2799999999999999
169140109 88 82 93117146175199209201174134 91 55 33 29 39 63 9613316518320 7 6QF10 6209232318499999999999999 348 821647 2899999999999999
180159128100 83 84100126155182201206192161120 80 50 35 36 52 7811114417020 7 7QF1046206999999999999999999999 428 811724 3399999999999999
180170146116 92 83 89108135162185199197178145106 72 49 41 49 68 9512515320 7 8QF 0 0180112420099999999999999 5 6 821758 4199999999999999
170172158133107 89 86 97117142166184191183161129 95 68 53 53 66 8611213720 7 9QF 03617312 019199999999999999 543 851829 5299999999999999
157166162145122101 90 91104124146165178179168145116 88 69 63 68 8310312520 710QF 110167123718099999999999999 622 8919 1 6399999999999999
144157160152135116100 93 97110127145160168166153132108 87 76 75 84 9811620 711QF 144161131916899999999999999 7 7 931934 7499999999999999
134148155154145130114102 97101111124139151156153142124106 92 85 88 9711020 712QF 22315614 915699999999999999 8 3 972012 8599999999999999
125139149154151142129115104 99100107118130141146144136123109 99 95 9810620 713QF 310154151514799999999999999 919 9921 2 9599999999999999
117130142150154152144131117104 96 95 9910912113314014113612611510710310520 714QF 4 91541639141999999999999991047 94221010399999999999999
111121133145154158156147133116100 90 86 8910011412813914314013212211210720 715QF 51215818 71439999999999999912 2 86232810699999999999999
107113123136150161165162151132111 92 79 74 79 9211012914315014813912611420 716QF 6 81651917150999999999999991259 74999999999999999999999
107106113126142158170174168152128102 80 66 63 71 8911113415115915614312620 717QF 656174201115999999999999999 0341061347 6399999999999999
111103103113130150169181183173150120 90 66 53 53 66 8911714416316916114320 718QF 740184205616999999999999999 1251021430 5199999999999999
121104 97101115137161181193191174144108 75 51 41 46 65 9412715617517716320 719QF 823194213717899999999999999 2 9 971511 4199999999999999
138113 96 91100120146173194204197172135 95 60 38 32 43 6810213917018518120 720QF 9 7204221718699999999999999 250 911550 3299999999999999
159129102 87 87101126156185205211198167124 81 46 28 28 45 7611515318119120 721QF 950211225619199999999999999 330 851630 2699999999999999
179151118 92 80 86105134165194213214195158112 68 37 24 31 54 8812916618920 722QF1035216233519399999999999999 410 801710 2499999999999999
191172140106 83 77 87110140172199214211186146100 60 34 28 40 6710414317620 723QF1120215999999999999999999999 451 771749 2899999999999999
192186162128 97 78 77 91115144174198209202175135 92 57 39 39 56 8412015520 724QF 01519212 721099999999999999 535 751829 3799999999999999
181189177151118 91 77 80 95117144171191198188162126 89 62 51 56 7510213420 725QF 055189125619999999999999999 621 761910 5199999999999999
163181183168142113 90 80 83 97116139162178184174151121 92 73 67 75 9311820 726QF 137184135218499999999999999 714 791953 6799999999999999
144166178176161137111 92 83 85 95111129148163168162145122101 87 85 9310920 727QF 223179145816899999999999999 817 832042 8599999999999999
129149166175172158137114 96 86 85 9010111613314715515414412811210210010620 728QF 316175162415699999999999999 940 842143 9999999999999999
118134152166174172160141119 99 86 81 82 8910211913614915314913712311310920 729QF 42117418 0153999999999999991119 8023 310999999999999999
112122136152167176176166147123100 83 73 71 77 9010913114915915714613111720 730QF 5331781922159999999999999991245 71999999999999999999999
110112121136154170182184174152125 97 76 63 60 67 8310613315516816615213320 731QF 641185202216999999999999999 0221101348 5999999999999999
115106107118136157177191193180155122 91 66 52 50 61 8211014116617817215220 8 1QF 739194211017899999999999999 1241051438 5099999999999999
128107 98101116138163186200200183152115 80 55 43 46 61 8712115417818517220 8 2QF 830202215018599999999999999 214 971519 4399999999999999
146117 96 89 98118144172196208203180144103 68 46 39 47 6910013616818718620 8 3QF 915209222618999999999999999 256 891556 3999999999999999
166134104 85 84 98123153182204212200171130 89 57 41 41 56 8211715218019120 8 4QF 95521223 019199999999999999 335 821629 3999999999999999
180153119 91 78 84104132163191208209190155114 76 50 42 50 7110113616718620 8 5QF1032211233018999999999999999 411 781658 4299999999999999
186167136104 81 76 89113143172196207199174136 97 66 50 51 66 9112215317720 8 6QF11 6207235918599999999999999 447 761726 4899999999999999
185176151119 92 77 80 97123152178196198183154118 85 63 57 66 8611314116520 8 7QF1139199999999999999999999999 521 761752 5799999999999999
179177161134106 86 79 87107132158179189184165135104 79 67 70 8510713215520 8 8QF 025180121218999999999999999 556 791818 6799999999999999
171175166146122 99 85 84 95114137158173177168147121 97 81 78 8710412514620 8 9QF 049175124717799999999999999 634 831844 7899999999999999
162170167155136114 97 89 91102118137153163163152134114 97 90 9310412013820 810QF 115170132816499999999999999 718 891912 8999999999999999
153163166160147130113100 94 9610411713214415115014112811410410210711813120 811QF 147166142215299999999999999 813 94194710199999999999999
144155161161155144130115104 97 9710211112313414114213712912011411311812520 812QF 232162154114299999999999999 934 97203711399999999999999
135144153158159155146133119106 97 93 9510211312513414014013512912312112220 813QF 3411601732140999999999999991113 93221012199999999999999
126133142152159163160152138121104 91 84 84 9110412013414414814513812912320 814QF 5 916319 2148999999999999991232 83999999999999999999999
120122129141153164171169159141119 97 81 71 72 82 9912114115516015514312920 815QF 622171195916099999999999999 0 51201328 7099999999999999
118113115126142159174183181166142113 86 66 57 60 7610012715316917216114220 816QF 719183204217299999999999999 1101131413 5699999999999999
122107102108124146169188197192171138102 70 49 43 53 7510614016918418116220 817QF 8 9197212018599999999999999 1571021453 4399999999999999
135109 93 92103126154182203211200171130 88 54 35 34 51 8111915718519518420 818QF 856211215719599999999999999 238 911532 3299999999999999
156122 93 80 83101130163195217221203165118 72 40 26 32 56 9313617520020120 819QF 942222223420499999999999999 318 791610 2699999999999999
180143105 78 68 78102136173206226225199155104 60 32 25 39 6911115519120820 820QF1026229231020899999999999999 359 681648 2599999999999999
199169127 89 66 62 77106142180212228220188142 92 53 33 34 55 8913117320120 821QF1111228234620999999999999999 440 611725 3199999999999999
208190154111 77 59 62 80110146182210220207173128 85 54 43 52 7711215118520 822QF1157220999999999999999999999 522 5818 1 4399999999999999
204200176138100 71 60 66 85114146178199204189157119 84 64 62 7610113316520 823QF 022205124420599999999999999 6 7 591838 6199999999999999
189198188162127 94 72 65 73 90114141166182184170144115 92 81 84 9912214720 824QF 059198133618599999999999999 656 651915 8099999999999999
171186188176151122 96 79 74 80 9311113115016216415513811910510010611813620 825QF 138189144216499999999999999 754 74195610099999999999999
154170178178167147124103 89 83 85 9210311713214414914813912812011712012820 826QF 226179161715099999999999999 915 83205611799999999999999
140152163171171164150131113 98 89 84 85 9210311713214414914714013212712520 827QF 3371721811149999999999999991118 84224612599999999999999
129136146157166171169158141121103 88 79 76 80 9210912914715715714913812720 828QF 5131711931158999999999999991254 76999999999999999999999
121121128139153167176177167149125102 82 70 66 72 8711013615716816615313520 829QF 635178201916999999999999999 0281201352 6699999999999999
119110110120136155174186187175152122 94 71 59 59 70 9111914917117917014920 830QF 736189205717999999999999999 1261091433 5899999999999999
124104 96100116138162184197195177147113 81 60 52 57 7410213516618518516620 831QF 823198213018799999999999999 2 8 9615 5 5299999999999999
137108 88 84 95117145173196206198172136 98 67 51 50 62 8712015518219318220 9 1QF 9 420622 019399999999999999 245 841534 4899999999999999
155120 90 75 78 97124156186206209192160119 82 56 48 55 7610614117319319220 9 2QF 940210222819599999999999999 319 7416 1 4899999999999999
171136100 75 68 79104136169196210204179141101 68 51 53 69 9512916218719520 9 3QF1014210225419599999999999999 352 681626 5099999999999999
183153116 83 66 67 85115148180202207192160121 85 61 55 66 8911915117819320 9 4QF1045207231719399999999999999 425 641650 5599999999999999
188166132 97 71 63 73 96127160187201196174139103 75 62 67 8511214216918720 9 5QF1116201233819099999999999999 457 631713 6299999999999999
189174146113 84 67 67 82108138167187192179153121 91 74 72 8510713416017920 9 6QF1147192235818699999999999999 529 651736 7199999999999999
186178157128 99 77 69 75 93118145168180177161135108 88 81 8810512815217020 9 7QF1220181999999999999999999999 6 3 6918 0 8199999999999999
180178164141115 92 78 76 85103125146162168161144123104 93 9410612414316120 9 8QF 019181125716899999999999999 640 761825 9299999999999999
172174167151131109 93 84 85 9410812514115115314713411910810410912213715120 9 9QF 044175134315499999999999999 724 83185310499999999999999
162167165157143127110 98 91 92 9710711913113914213813112311711712213114120 910QF 117167145514299999999999999 826 91193211699999999999999
150157160158153143130116104 96 93 9510010912012913613813613212812712913320 911QF 21216017 3138999999999999991013 93205012799999999999999
138143149154157155149138123109 96 88 85 89 9811112513714514714413713112720 912QF 4121571848147999999999999991159 85235212699999999999999
126129135144154162165161148129108 90 77 72 76 8910712814715916015314012720 913QF 55716519411619999999999999913 3 72999999999999999999999
117113117128143160174180175157131102 77 61 57 65 8511113916317517215713520 914QF 7 3180201917699999999999999 1 11131349 5799999999999999
114100 97106124147172191197188162126 90 60 45 45 60 8812215718219017915320 915QF 756197205419099999999999999 144 971429 4399999999999999
121 95 81 82 98124156187208213196161117 74 44 33 40 64 9914117820020017720 916QF 843214212920399999999999999 223 7915 6 3299999999999999
140101 73 62 71 94128167202223223198154103 60 33 28 44 7611816319821320120 917QF 92922622 421399999999999999 3 3 621543 2799999999999999
167122 80 54 49 64 95134177213231224191142 90 50 30 34 58 9514118421321720 918QF1014232223821999999999999999 343 481620 2999999999999999
193150101 61 41 43 64 98141184217230215178128 80 48 38 50 7912016420021820 919QF1058230231321999999999999999 424 391656 3899999999999999
211178131 84 50 36 44 68104145185212218199161116 77 56 55 7310514318020720 920QF1144219234721499999999999999 5 7 361730 5399999999999999
213196160115 74 47 41 52 76109145178198198178145109 82 71 78 9912816018820 921QF1231200999999999999999999999 551 4018 5 7199999999999999
203200179144105 72 54 52 63 84111139164177175159134110 94 9210212214516820 922QF 021204132317899999999999999 638 511839 9199999999999999
185191184163134103 79 67 66 74 8910812814615515614613111711011212113515120 923QF 058191143115799999999999999 734 65191710999999999999999
165175176169154132110 92 81 79 82 9010111412813814414213612812512613113820 924QF 143177161514499999999999999 856 79201712499999999999999
147155161164161152137121105 94 87 84 85 9110211613014114614514013413012920 925QF 3 11641814146999999999999991111 83225412999999999999999
131136143151158161158147132115100 87 79 77 82 9411213214815615514613512420 926QF 5 21611921156999999999999991247 77999999999999999999999
118118123133146159167167157140118 98 81 71 70 78 9511814216116716114512620 927QF 62816920 016799999999999999 0341171338 6999999999999999
110102103113130149167178177163141114 89 71 63 66 8010413215917517516013620 928QF 725179203117799999999999999 1201011411 6399999999999999
110 92 86 93110133158179188183163134102 76 61 59 70 9112015117618517615120 929QF 8 918921 018599999999999999 156 861438 5899999999999999
118 90 74 74 89113143171191196183155120 86 64 55 62 8010814117118918816720 930QF 847196212719199999999999999 228 7215 3 5599999999999999
133 97 71 61 70 92123156184199196175140102 72 56 57 72 981301631871951812010 1QF 921200215219599999999999999 3 0 611527 5599999999999999
150111 76 56 55 72101136170194202189160121 86 62 56 67 901211541821961902010 2QF 953202221419699999999999999 332 531550 5699999999999999
165128 88 59 48 57 81114150181199196175140103 73 60 65 841121451741931942010 3QF1024200223519699999999999999 4 3 481614 6099999999999999
177144105 70 50 48 64 93128163187195184156121 88 69 67 801051361651871942010 4QF1055195225519499999999999999 434 471637 6599999999999999
184157121 85 59 48 55 76107141170186185166137105 81 73 801011281561791902010 5QF1126188231519199999999999999 5 6 4817 1 7399999999999999
186167137102 73 55 53 66 89119148170178169148121 96 83 84 981211461691832010 6QF1159178233718599999999999999 538 521725 8199999999999999
184172149119 90 69 59 63 78101126149163164153133112 96 91 991171381581722010 7QF1236165999999999999999999999 612 591750 9199999999999999
178172157134109 86 72 68 74 881071271431511501401251111031041151311471602010 8QF 0 0178132115299999999999999 652 68181910299999999999999
167167159145126107 90 79 77 82 931061211321391391331251171141171261371472010 9QF 030168143014099999999999999 746 77185711499999999999999
154157156151141127112 97 88 83 85 90 99111122130135135132127125125129133201010QF 117157163113699999999999999 916 83201312499999999999999
138143147149149145135121106 93 84 80 81 89101115129140145143137131125122201011QF 3281501814145999999999999991113 79233412199999999999999
121125131140150156156148132112 92 77 68 69 78 95116137152159155143128114201012QF 53215719 7159999999999999991226 68999999999999999999999
105104110123140157170173162140112 85 64 55 58 72 96125152170174163141116201013QF 643173194517599999999999999 0421031315 5499999999999999
 95 84 85 97118145170188190174144107 73 50 43 52 74106142172189186164130201014QF 738191202119099999999999999 125 831356 4399999999999999
 96 71 61 68 88119154186205204181142 97 60 39 37 53 84124164194204190156201015QF 827207205520499999999999999 2 4 611435 3599999999999999
112 72 47 42 56 84123165200217211180133 85 49 34 40 64102146186211211185201016QF 914218213021599999999999999 245 411512 3399999999999999
140 90 49 28 29 50 85129174209222209171122 75 45 38 52 83125169205220209201017QF10 022222 522099999999999999 326 261550 3799999999999999
172121 69 32 18 25 50 89135179210217198158110 70 49 50 71106148187214219201018QF1046218224022099999999999999 4 9 171626 4799999999999999
197154102 55 25 17 29 56 95139178203204181143102 72 61 70 94129166197213201019QF1133206231521499999999999999 453 1617 2 6199999999999999
207179136 88 49 27 24 39 66101139170187184162130 99 80 78 92116146175196201020QF1221188235120299999999999999 538 231737 7799999999999999
202190161122 82 52 38 39 52 76104133157168164147123103 93 97111132155174201021QF1314168999999999999999999999 625 361813 9399999999999999
185185171146114 84 63 53 55 66 83103124140149147137123111108113124139153201022QF 028187142115099999999999999 719 53185410799999999999999
164169167156138115 93 77 70 69 75 85 98113126136139135128121119121127135201023QF 114170155413999999999999999 832 69195811999999999999999
143149154154148137121104 91 82 78 78 83 92104118131139140136129124121120201024QF 2341541738140999999999999991027 78223612099999999999999
123128135143148148142130115100 88 80 76 79 87101119136146148143132120111201025QF 43414918441499999999999999912 6 76999999999999999999999
106108115126138149154149137120102 86 76 72 76 88106128147157156145126108201026QF 6 2154192415899999999999999 0141061259 7299999999999999
 94 90 94106123142156162157141120 97 79 69 68 77 95118143161168159139113201027QF 7 1162195516899999999999999 1 0 901333 6799999999999999
 90 76 75 85104128150166170160139112 87 70 64 69 85109136160174173154125201028QF 746170202317699999999999999 135 7414 0 6499999999999999
 93 70 60 65 83109138162176174157130100 75 62 63 77 99128156176182169141201029QF 825177204918299999999999999 2 8 601425 6199999999999999
105 72 52 49 62 87119150174182173149116 86 66 60 69 90119149174187181157201030QF 9 0182211318799999999999999 240 481451 6099999999999999
121 82 53 39 45 66 97132163182183166135101 74 61 65 82109140169187189172201031QF 933185213619199999999999999 312 391516 6199999999999999
138 98 61 38 34 47 75110146174185177152118 87 67 63 761001311611841921822011 1QF10 5185215819299999999999999 344 331542 6399999999999999
154116 76 45 31 35 56 88125158179182165136103 77 66 72 921211511771901882011 2QF1038183222119299999999999999 416 3016 8 6699999999999999
167133 94 59 36 31 43 68102137165177171150119 91 74 73 871111401661841882011 3QF1111178224418999999999999999 448 311634 7199999999999999
176149113 77 49 35 38 54 82114144164169157134107 86 78 851041291541741832011 4QF1146169231018399999999999999 521 3417 1 7899999999999999
178159130 97 67 47 40 48 67 93121145158157143121100 87 87 991191411601722011 5QF1225159233817599999999999999 556 401730 8599999999999999
174164144116 88 64 51 50 59 77100122140148144132115101 94 991121291461582011 6QF1312148999999999999999999999 636 4918 4 9499999999999999
164162151133110 87 68 59 59 68 821001181311381361271161071041091201311422011 7QF 013164141713899999999999999 728 58184910499999999999999
149153151143129111 92 76 67 65 71 81 961111241321341301221151121131181242011 8QF 1 9153154813599999999999999 841 65201111199999999999999
131137142144142133119101 84 72 66 68 76 891051211341401391311211131081072011 9QF 3 51441717141999999999999991016 66224710699999999999999
109116125135145149144130110 89 72 62 61 69 85105126144153151139122105 93201110QF 4591491818153999999999999991135 61999999999999999999999
 88 90100116134151161158142117 90 67 55 54 65 85112139160168161141115 89201111QF 61716119 316899999999999999 010 881232 5399999999999999
 71 65 71 87111138162175171151120 86 60 47 50 66 93126157178182167136100201112QF 718176194318399999999999999 1 0 651319 4699999999999999
 67 47 43 55 78111146175188182156118 79 52 43 51 74107145177195192166125201113QF 811189202119799999999999999 144 4314 2 4399999999999999
 80 44 25 26 43 74114154185198186154111 72 48 44 58 88126165196207194158201114QF 9 2198205920799999999999999 228 231442 4399999999999999
108 60 24  9 15 38 74119161192201184147103 67 48 51 72105145183208211188201115QF 950201213721299999999999999 313  91523 4799999999999999
144 91 43 12  2 12 39 79124166192196175136 95 65 54 63 88124162195211205201116QF1038198221521299999999999999 358  216 2 5499999999999999
175128 76 33  7  3 17 46 85128165186184161125 90 68 64 79106140173198205201117QF1125188225320699999999999999 444  21640 6399999999999999
192158112 66 30 12 12 28 56 92130160174169146115 88 74 77 95121150176192201118QF1213175233219499999999999999 530  91719 7499999999999999
192175142101 62 35 23 26 42 67 98128150159152133109 90 84 91108130153170201119QF13 3159999999999999999999999 616 221758 8499999999999999
179175157128 95 65 45 38 42 56 77100123139145139124108 96 94102116132147201120QF 01317914 014599999999999999 7 4 381842 9499999999999999
158163158143120 94 72 58 53 57 68 83100117129135132122111103102107115126201121QF 1 016315 713599999999999999 759 53194210299999999999999
136144147144134117 98 81 70 66 68 75 85 98112124131131125116108104104108201122QF 2 5147162813299999999999999 9 8 66212710399999999999999
115122130136136130118103 89 79 74 73 77 86 98112125134135130119108 99 94201123QF 3361371740136999999999999991035 732320 9499999999999999
 95101110121130135132123109 95 83 76 74 78 87101118133142142133118101 87201124QF 5 91351832143999999999999991148 74999999999999999999999
 80 81 89102118131138137127112 95 82 73 73 79 92109128144152148132111 88201125QF 621139191015299999999999999 023 801236 7299999999999999
 71 64 68 81100120137145142130111 91 77 70 72 83101122143157159148125 97201126QF 716145194116099999999999999 1 7 641313 7099999999999999
 71 54 51 60 79104128146152146129106 84 70 67 75 92115139158167162142111201127QF 8 115220 916899999999999999 145 501346 6799999999999999
 78 52 39 41 57 83112139155158146123 97 76 66 68 83105132156171173158129201128QF 840159203617499999999999999 221 381417 6599999999999999
 92 58 36 28 38 60 92124150163159140113 86 68 64 74 95122149170179171146201129QF 91716421 217999999999999999 256 281447 6499999999999999
110 72 40 23 23 40 69104137160166155130100 76 64 67 84110139165180180162201130QF 952167212918299999999999999 330 211517 6499999999999999
130 90 53 27 17 24 47 81117148165164146117 88 69 65 75 981271551761841742012 1QF1027167215818499999999999999 4 3 171547 6499999999999999
148111 71 38 19 17 31 59 94129155165157134104 79 67 70 871131421661811802012 2QF11 3165222818299999999999999 437 151617 6699999999999999
163131 93 56 29 17 22 41 71106137157160146120 93 74 69 791001271521711782012 3QF114016123 117899999999999999 512 171649 6999999999999999
171148115 78 46 26 21 31 53 83114140153151134110 87 75 76 901121361561692012 4QF1220154233817199999999999999 549 211723 7499999999999999
170159135103 70 43 29 29 42 64 91118138147141124103 86 79 851001191381532012 5QF13 6147999999999999999999999 630 2718 2 7999999999999999
161159147124 95 67 46 36 38 52 72 96118134140134119102 89 85 911041191332012 6QF 022161135914099999999999999 717 351852 8599999999999999
144150149138119 94 70 52 44 47 59 76 97116130136132120105 94 89 921001102012 7QF 12215115 313699999999999999 813 4420 5 8999999999999999
122132139141135120 99 77 60 52 53 62 78 97116131138135124109 96 87 85 892012 8QF 246142161413899999999999999 922 512151 8599999999999999
 96107120131138137126107 85 67 57 56 64 79 98119136145143131113 93 79 712012 9QF 4221391720146999999999999991036 552327 7099999999999999
 71 79 92109127140144135116 93 72 59 56 64 81103127147157153137112 85 64201210QF 5481441815157999999999999991143 56999999999999999999999
 52 52 61 79102127146153145125 98 73 58 56 66 86112139161170163139106 72201211QF 65915319 417099999999999999 034 511241 5599999999999999
 46 32 33 46 69 99130154163154130 99 72 56 56 69 94124154176182168137 96201212QF 8 1163194918299999999999999 128 311332 5499999999999999
 56 28 14 17 35 64100136163171159131 97 68 55 58 76104138169189190169131201213QF 856171203419299999999999999 218 141419 5499999999999999
 84 41 12  1  8 29 63104143169176159127 91 64 54 62 84116151181197192164201214QF 946176211719899999999999999 3 7  115 3 5499999999999999
120 71 28  2 -6  5 31 68111149173174153119 84 61 56 69 95129162189199187201215QF103317722 019999999999999999 354 -61546 5599999999999999
155108 59 20 -2 -5  9 38 76118153172167143108 77 60 60 78106139169190194201216QF1119173224219599999999999999 440 -61627 5899999999999999
177141 95 50 17  0  2 20 50 87125154165155130 98 72 62 68 88116145170185201217QF12 2165232318699999999999999 523 -117 7 6299999999999999
182162126 83 45 19  9 16 36 64 97128150154141116 90 71 67 77 97122147166201218QF1245155999999999999999999999 6 4  91747 6699999999999999
174167144111 74 44 26 23 33 53 78105129142142128106 85 73 74 85104124143201219QF 0 4174132814499999999999999 643 231828 7299999999999999
156159149128 99 70 48 38 39 51 68 89110127134131118101 85 78 80 90105120201220QF 045159141213599999999999999 720 371916 7899999999999999
134143143133115 92 70 55 51 55 66 80 96112123128124114100 88 82 83 90100201221QF 13214415 412899999999999999 8 0 512020 8299999999999999
112123129129121107 90 74 65 63 67 76 88100113122125123114102 90 83 81 84201222QF 23013016 512599999999999999 848 622154 8199999999999999
 91101111118120115105 93 81 73 71 75 82 92103114123128125117104 90 79 73201223QF 349120171112899999999999999 951 712326 7299999999999999
 73 80 90102111116115108 98 87 79 76 78 84 94107119129134130119103 85 70201224QF 52011718 71349999999999999911 8 76999999999999999999999
 61 61 68 82 97110119120114103 91 81 77 78 86 98113127138141135119 97 74201225QF 640120185114199999999999999 032 601215 7699999999999999
 56 47 49 60 78 98115126127120106 91 79 74 77 88104122139148148136114 86201226QF 740128192915099999999999999 122 4713 6 7499999999999999
 60 41 34 40 56 79104124135134122104 86 74 71 78 93114135151158152132103201227QF 82613620 415899999999999999 2 4 341348 7199999999999999
 71 44 27 24 35 57 86114135144138121 98 79 68 69 81102126148162164151123201228QF 9 6144203816599999999999999 243 231426 6799999999999999
 88 54 28 15 18 35 64 97126146150137114 89 70 63 70 88113139161171166145201229QF 944150211217299999999999999 320 1415 1 6399999999999999
110 71 37 14  7 17 41 74110139154151131103 78 62 61 74 97126153171176163201230QF1020155214717699999999999999 355  71535 5999999999999999
134 94 54 22  5  5 21 51 87123148157146121 91 68 57 63 82109138163177175201231QF1056157222417899999999999999 431  316 8 5799999999999999
