148113 79 53 43 49 7110414017119119718816914512310710311112815016917917620 1 1QG1051197221817999999999999999 4 8 42165010399999999999999
160135107 81 64 60 70 9212015017418718817816013911910710411112514215716520 1 2QG1134189231516599999999999999 448 60174810399999999999999
162150131109 91 79 79 89108132155173182181171154134116103 9810311513114520 1 3QG1224183999999999999999999999 534 781858 9899999999999999
153154147134118104 95 95103118137157172180179169151130110 94 87 9010111820 1 4QG 036155132318099999999999999 635 942012 8799999999999999
134147154152144131118108105110122139157172181180169149124 99 80 71 74 8720 1 5QG 219154142518199999999999999 7541052116 7099999999999999
108130150162165158145129116110112123140159176186184169144112 82 60 50 5620 1 6QG 346165152118699999999999999 91610922 7 5099999999999999
 76104134160177180172155135118108110122143166185194188167134 95 60 36 2920 1 7QG 44718116 91949999999999999910221072251 2999999999999999
 42 70107146177194196183160134113103107124150177197203192162120 74 35 1220 1 8QG 53519716522049999999999999911131032332  999999999999999
 11 33 71118162196211208188158128106 98107130161191210212192152101 50 1020 1 9QG 6182121734214999999999999991158 98999999999999999999999
 -8 -1 31 79133181214224214186151118 97 94109139175206222217187139 81 2720 110QG 659225181622399999999999999 013 -91239 9399999999999999
-11-22 -5 36 92151199228231213178139106 89 93115150189219230216178123 6120 111QG 739233185823099999999999999 054-221320 8899999999999999
  8-23-26  0 49110169214235231205166126 96 84 9512316220022723221016610720 112QG 819237194123399999999999999 136-2914 1 8499999999999999
 46 -2-26-20 13 67129185223236223192151112 87 82 9813017020722822619915220 113QG 859236202623199999999999999 218-281444 8199999999999999
 94 38 -3-18 -5 34 88147197226230211176136101 81 8210113417320622221518520 114QG 939231211322299999999999999 3 2-181529 7999999999999999
139 86 38  7  0 18 58110163203222219196161123 93 78 8110213416919720819920 115QG102022422 420899999999999999 346 -11618 7799999999999999
171131 86 48 25 25 46 84130173203214205181147113 87 75 80 9912815818219120 116QG11 221423 319199999999999999 432 221713 7599999999999999
183161129 95 66 50 53 73106144177199204192169138107 83 72 75 9111514216320 117QG1147204999999999999999999999 521 491817 7199999999999999
174171157135110 88 77 80 96121151176192194183161133103 79 66 66 78 9912420 118QG 019174124019599999999999999 619 761931 6499999999999999
146161166161147129111101100110129152173186189179159131101 74 57 53 61 8120 119QG 159166134318999999999999999 733 992050 5299999999999999
107134156169171163148130117112116130149169184188180160130 97 66 44 37 4420 120QG 342172145318899999999999999 9 21122159 3799999999999999
 66 97130159179185179162142124113115127147169186193185162128 89 53 28 2020 121QG 45918515581939999999999999910241132256 2099999999999999
 31 57 95135170193199190169144121108109124148174194200189161121 76 37 1220 122QG 55419916532009999999999999911251072343  699999999999999
  7 24 58103148186207209194167136111 99104124154183204207191156109 60 2020 123QG 6382111741208999999999999991212 99999999999999999999999
 -1  1 26 68119167202217212189156122 99 92104131165196214211186143 91 4220 124QG 714218182321599999999999999 024 -31251 9299999999999999
  6 -8  4 38 87140186214221206175138106 88 89109142179208219208174125 7120 125QG 74722119 021999999999999999 1 2 -81325 8699999999999999
 25 -3 -6 17 59112164202221216191155118 91 81 9212015719321621819715510320 126QG 817221193622099999999999999 136 -81357 8199999999999999
 52 14 -3  7 39 87139184213218202171133100 80 8110113417220321720917913320 127QG 84421920 921899999999999999 2 8 -31428 7899999999999999
 82 38 11  8 28 67116164199215208183148112 85 76 8611214718220621019315720 128QG 911215204221199999999999999 238  61459 7699999999999999
112 67 33 19 27 56 98143183206208192161126 95 77 77 9412315718620119617320 129QG 937210211720299999999999999 3 8 181532 7599999999999999
136 95 59 38 35 52 85126165193204196173141109 85 75 8110113016018218917920 130QG10 4204215418999999999999999 337 3416 7 7599999999999999
154120 87 62 51 58 80112147177194195180155125 98 80 76 8510613215717217420 131QG1032196223717599999999999999 4 8 511648 7699999999999999
162140113 89 73 71 82104132160180188182165141115 92 79 77 8710512814715920 2 1QG11 5188233416099999999999999 441 701739 7699999999999999
159150134115 99 90 92103122143163176179171155134110 90 78 75 83 9811713520 2 2QG1146179999999999999999999999 523 901844 7599999999999999
147151147138126115109110117130146160169171165152132109 88 74 68 72 8510420 2 3QG 1 1151124617299999999999999 62410820 4 6899999999999999
123140150154150142132124121123131142155165170166154134109 83 64 54 56 6920 2 4QG 25715414 817099999999999999 8 61212120 5399999999999999
 91117141159168167159146132123120125137152166175174161137105 73 47 33 3620 2 5QG 425169152517699999999999999 9521202222 3299999999999999
 53 83118151175187185172152132116111117133154175188187170138 98 57 25 1020 2 6QG 52218816271909999999999999910591112313 1099999999999999
 16 42 82126167195207200179150123104 99110134164190205201177136 85 36  120 2 7QG 6 62071719206999999999999991147 992359-1199999999999999
-11  2 38 89142188216222207176139107 88 88108140178209223213179128 68 1420 2 8QG 64622318 7223999999999999991229 86999999999999999999999
-20-26 -3 44104163209233230205165122 87 73 81109151194226236219176115 5020 2 9QG 724235185323699999999999999 042-2713 9 7299999999999999
 -3-32-29  4 60125185227242229193146100 69 61 7811516320823824221616610120 210QG 8 1242193824499999999999999 125-351348 6099999999999999
 36-12-32-19 23 83149205238241217174123 79 54 54 7912217321724123820615220 211QG 836244202324499999999999999 2 6-321429 5199999999999999
 88 30 -9-18  3 50112173219239231198150100 62 45 53 8412917821723422419020 212QG 91124021 823599999999999999 247-191510 4499999999999999
138 81 33  6  7 35 83139191224231212174127 82 51 42 56 8913217620821820520 213QG 945232215621899999999999999 328  31553 4299999999999999
172128 82 47 32 40 70114161199219215190152109 71 48 45 61 9113016619019720 214QG1020220225019799999999999999 4 8 311640 4499999999999999
185159125 92 69 63 75102137173198206195170136 99 69 52 50 64 9012115016920 215QG1056206235717599999999999999 450 631735 4999999999999999
175168152130109 96 94104125150173188190179157128 98 73 58 55 64 8310713020 216QG1138191999999999999999999999 539 931844 5499999999999999
149159160154143130121118123135151166175176168152129104 80 63 55 58 71 9020 217QG 141161123917799999999999999 6501182014 5599999999999999
113135152162164159149139131129133143154164170167156137112 86 63 49 47 5620 218QG 346165141417099999999999999 8501292143 4699999999999999
 76103131156173179175162146132123123131145160172175166146117 85 57 38 3320 219QG 5 517915461759999999999999910321222247 3399999999999999
 44 69103138169188193185166142121109110122143165182187176151116 77 43 2320 220QG 55219416501879999999999999911281082335 2099999999999999
 22 39 72113154187204203186158128104 94100121150178196199182149106 61 2720 221QG 62720517382009999999999999912 6 94999999999999999999999
 11 17 44 85133176205214203176140107 86 83 99128164195211206180138 88 4220 222QG 656214181721299999999999999 014 101239 8299999999999999
 12  5 22 59108158198218215192156116 85 71 79106144182211220204168119 6720 223QG 723219185222099999999999999 047  413 8 7199999999999999
 25  5 10 39 84137184214222206172129 91 67 65 84120163200222220193148 9520 224QG 748222192522499999999999999 118  31335 6399999999999999
 47 15  8 26 65116167205222215186144101 69 56 67 9713818121322421017412520 225QG 811223195622499999999999999 147  714 3 5699999999999999
 74 34 15 22 52 97148192217219197159115 77 54 54 7611315719521821719215120 226QG 834221202722099999999999999 214 151430 5199999999999999
102 59 32 27 46 84130175207218205173131 89 59 49 60 8913017120221320117020 227QG 856218205921399999999999999 241 261459 4999999999999999
129 86 54 40 49 76116159194212208184147105 71 51 51 7010414317819920018220 228QG 919213213320299999999999999 3 7 401530 4899999999999999
150113 80 60 59 75106143178200205190160123 87 61 51 58 8211514917618818320 229QG 943205221118999999999999999 335 5716 4 5199999999999999
163135106 84 75 82102131161185196190170140107 78 59 56 67 9012014816717420 3 1QG10 9196225817499999999999999 4 4 751644 5599999999999999
167151130110 97 96105124147168182184174153127100 77 63 62 73 9211613915420 3 2QG1040185999999999999999999999 438 951736 6199999999999999
160157147134122115116124137152165172171162145124101 81 68 65 71 8510512520 3 3QG 0 8160112317399999999999999 5271151853 6499999999999999
142152156154148140133131132138146155161163159148131109 87 70 59 59 70 8820 3 4QG 2 7156124916399999999999999 7 81312031 5899999999999999
111134153166170166157146136130129135144155164167160144119 90 64 45 40 4920 3 5QG 4 1170144916799999999999999 9351292152 4099999999999999
 72102135164183190184169149130116113121138158175184179159126 87 50 25 1720 3 6QG 5 219016101849999999999999910471132252 1799999999999999
 30 61102146183205210197172140113 96 95110138169195207199171128 77 31  220 3 7QG 54521017 8207999999999999991132 932341 -499999999999999
 -2 19 60113165206227224200162121 88 73 79106145186218229216177122 62 1220 3 8QG 6222281758229999999999999991212 72999999999999999999999
-15-13 19 71133190229242227190141 94 61 52 69107157205239246223175112 4720 3 9QG 657242184524799999999999999 025-181250 5299999999999999
 -2-22 -9 32 93159214246246218170113 64 37 38 66114171222252252221166 9920 310QG 731250193025699999999999999 1 7-221328 3499999999999999
 37 -5-15  8 58122186233252238198142 83 39 21 32 7012518423125524721015320 311QG 8 4252201525699999999999999 148-1514 7 2199999999999999
 89 35  5  7 38 90152208242245219171112 58 23 15 35 7813419023124523119220 312QG 83724721 024599999999999999 227  21446 1499999999999999
139 85 44 27 38 73124178220238227193142 87 42 17 19 44 8814118821922620920 313QG 9 8238214622799999999999999 3 6 271527 1599999999999999
174131 90 63 57 74108152193219223203166119 72 38 23 30 57 9714117820020220 314QG 939224223820499999999999999 344 561610 2399999999999999
188161129102 87 89107135168195207201179144105 69 45 36 45 6810013416117720 315QG1011208234318199999999999999 424 861659 3699999999999999
180171155136120113117130150171185189180160133104 77 59 52 58 74 9612114320 316QG1048189999999999999999999999 51111318 3 5299999999999999
158165164158149140134134140151161169171165152133112 91 74 65 64 72 8710720 317QG 127165114317199999999999999 6271341935 6399999999999999
127146160167168163155146139137140146153158160155143126106 85 70 62 64 7620 318QG 338169134416099999999999999 8571372119 6199999999999999
 96120145166178182175162146131123123130143156165166158140115 88 65 53 5320 319QG 44918215381679999999999999910311222229 5199999999999999
 67 92124155180193193180158134114104107122143164179182171147115 81 54 4120 320QG 52819516431839999999999999911161042316 4099999999999999
 45 66 99138173197206197174143113 92 87 99123153180197196178145104 66 3920 321QG 5582061728199999999999999991148 872353 3199999999999999
 31 44 75117160195213211190156118 88 73 77100134171200212203175133 87 4920 322QG 62421418 5212999999999999991216 72999999999999999999999
 28 30 55 95142185214220205172130 90 64 60 77111153192217221201162114 6820 323QG 648221183922299999999999999 024 261243 5999999999999999
 35 26 40 76123171208225217188145 99 63 48 56 86129175212228220189143 9320 324QG 711225191022899999999999999 053 2613 9 4799999999999999
 52 31 34 61105154198223225202161112 69 43 41 6310315119622522920916912120 325QG 733227194123199999999999999 121 291335 3899999999999999
 75 44 37 54 90137183217227212176128 80 45 32 44 7712417321122822119114720 326QG 755227201222999999999999999 148 3614 1 3299999999999999
101 65 47 54 81122167205224219190146 97 55 31 32 55 9614418921722320517020 327QG 817225204322399999999999999 214 471429 2899999999999999
128 89 65 61 78111152190215219200162116 71 40 29 41 7211516119621420918520 328QG 839220211721499999999999999 241 601458 2999999999999999
151115 87 75 81105138174201213203175135 92 56 36 36 55 8913016919520219220 329QG 9 3213215420399999999999999 3 8 741531 3399999999999999
168138111 94 92105129158185201200183152115 79 52 41 47 6910213716818518820 330QG 928203223918999999999999999 338 9116 8 4199999999999999
176157135117108112126146168185191183164136105 77 57 51 59 7910613515817220 331QG 958191234417599999999999999 4131081657 5199999999999999
175168155141130126129139152166175177169153131107 84 68 61 65 7910012414520 4 1QG1040177999999999999999999999 5 512618 8 6199999999999999
160168169163155146140138141147155162165162153138119 97 78 65 62 69 8610920 4 2QG 13416912 516599999999999999 6551381949 6199999999999999
133155171179179171159146136130132139149160167166156136110 83 61 50 52 6820 4 3QG 326180142516799999999999999 9191302120 4999999999999999
 96129160185197197184164140121110111123143165182188178154120 82 50 32 3420 4 4QG 42819915541889999999999999910251092225 3199999999999999
 55 91134175205218212189156122 95 83 90113145179205213201168123 74 35 1620 4 5QG 51121816552139999999999999911 8 832317 1599999999999999
 21 51 97150197227234217182136 93 64 57 73109155199229236217175119 64 2220 4 6QG 5482351746237999999999999991147 56999999999999999999999
  6 20 59115173220245241211162107 60 34 36 65113169219249251224173111 5420 4 7QG 622247183425499999999999999 0 2  61226 3199999999999999
 16  9 32 79140199240254237193134 74 29 11 25 6512218423526125522116510320 4 8QG 656254192026299999999999999 045  813 4 1199999999999999
 50 21 24 55108168221251251220166102 44  7  0 24 7213519624226024820915420 4 9QG 72925520 526099999999999999 125 181343 -299999999999999
 98 55 37 49 86138193235250236194136 73 23 -3  1 33 8514620223924923219320 410QG 8 1250205124999999999999999 2 5 371422 -599999999999999
144 98 68 62 80117165209236237212166109 54 15  1 13 48 9815320022723021120 411QG 833240213823199999999999999 245 6115 2  099999999999999
178139105 87 89110144182213226216185140 91 48 21 15 31 6511015519020820820 412QG 9 5226222921099999999999999 324 861545 1499999999999999
192167139118109115134160187205207192162124 85 54 36 35 51 8011514917518820 413QG 938209233219099999999999999 4 61091632 3399999999999999
189179163146133128133147164181189186171148119 91 68 56 56 67 8811414016020 414QG1016189999999999999999999999 4581281730 5499999999999999
172177174166155146141141148157166170168159144124104 86 74 71 76 9010912920 415QG 1 4177111417199999999999999 6231401854 7199999999999999
149165174177173164154144138138142148155159157150137120102 87 77 77 8510220 416QG 253177131715999999999999999 8361372034 7699999999999999
123146167181186182169153136125120124135148160166163152133111 90 75 71 7920 417QG 4 218615151669999999999999910 01202150 7199999999999999
 98125153178193196186166142119105102111129151170180179164140111 85 67 6520 418QG 44419616221819999999999999910441012241 6499999999999999
 77102135168194206201182153121 96 84 87106133163187197191169138103 74 5920 419QG 51520617 8197999999999999991116 832320 5899999999999999
 62 82115154188210214199168130 95 71 67 81110147182205210196166127 89 6220 420QG 5412151746211999999999999991145 662353 5499999999999999
 54 67 97137178209222213185144101 67 51 58 84124167203221217193155112 7520 421QG 6 62221820222999999999999991212 51999999999999999999999
 56 58 81119163201224224201160113 69 42 39 59 97145190221230215182138 9620 422QG 630227185323099999999999999 024 541239 3799999999999999
 66 58 71104147189220230215178129 79 42 27 37 7011716820923223020516512120 423QG 653230192523499999999999999 053 5713 6 2699999999999999
 84 65 68 92131174211229224195148 96 50 23 22 45 8814018922323422118914720 424QG 717230195723499999999999999 121 641334 1999999999999999
107 80 73 87118158197223228208168117 67 30 16 28 6110916120422722820617120 425QG 741229203023099999999999999 150 7214 3 1699999999999999
132100 84 87109143180211224215185139 90 47 21 20 41 8113017621022321519020 426QG 8 622421 522399999999999999 219 831434 1799999999999999
156123101 95106132164195214215196160115 71 38 23 31 59 9914418420821220020 427QG 833217214521399999999999999 250 9515 9 2399999999999999
175147122109110125150177199208200175139 99 63 39 33 46 7411215118219920020 428QG 9 3208223320199999999999999 3241081549 3399999999999999
187167145128121126140160179193195183159128 94 66 48 46 59 8411614917418820 429QG 939196233819099999999999999 4 71211640 4599999999999999
190181167151139133136146159173181181171152127101 77 61 57 66 8511214116520 430QG1030182999999999999999999999 5111331749 5799999999999999
180186184174161149140137140148159168172168157138115 91 72 63 65 7910313120 5 1QG 11018712 417299999999999999 6591371919 6299999999999999
158180192194186171153137126124130142157170176172157133105 79 62 58 69 9420 5 2QG 24019414 717699999999999999 8461232045 5899999999999999
126160188205207196174147121104 99108128153177192193179151115 81 57 49 6120 5 3QG 342208153519499999999999999 950 992153 4999999999999999
 90129170203221220201168130 96 75 72 88119157191213216198164120 78 50 4320 5 4QG 4272231639217999999999999991038 712248 4299999999999999
 59 95141187222237227197152103 64 44 48 75118167209234235212170120 74 4620 5 5QG 5 72371733238999999999999991120 422336 4199999999999999
 43 66109160208239246225182126 71 32 17 31 70123180227251247218170116 7220 5 6QG 54424718222539999999999999912 0 17999999999999999999999
 48 53 82130183227251245212159 97 41  6  1 25 7313419423925924921516511320 5 7QG 620252191025999999999999999 021 471241 -199999999999999
 74 58 70105153204240252235192132 68 17 -9 -4 29 8314620424425724220615820 5 8QG 655253195725799999999999999 1 4 581321-1199999999999999
112 81 74 92129175218244244216167106 47  5-10  3 42 9715820924124722819320 5 9QG 730248204324899999999999999 146 7414 2-1099999999999999
151114 93 94115151191225239228193142 86 37  6  0 19 6011216620823023121220 510QG 8 4239213023399999999999999 228 911443 -199999999999999
181146119107113135167199221225207170124 76 37 17 18 40 7912516920121621320 511QG 840226222021799999999999999 3101071526 1599999999999999
196171146127121129148174197209206185152113 75 47 35 40 62 9513316719120120 512QG 918210231620199999999999999 3561211612 3499999999999999
198185166148135132139153172187193187169142111 83 63 55 61 7910613516218120 513QG10 1193999999999999999999999 45013217 4 5599999999999999
189189180166152141137140150162172177172159140118 96 81 74 77 9111113515720 514QG 02419011 117799999999999999 6 31371810 7499999999999999
174184186180169155142134133139148158164165159146129111 95 86 86 9611213420 515QG 143186123616599999999999999 7381331930 8599999999999999
155174186189184170153136124119123134147159166165157141122105 92 89 9611220 516QG 251189142616799999999999999 9 11192049 8999999999999999
135160181194196186168144122106102108123144163175178169151129107 92 88 9620 517QG 341196154317899999999999999 9551022150 8799999999999999
115142170192204201184158127101 85 84 97121149174189191179156129104 88 8620 518QG 4192041638192999999999999991035 832237 8599999999999999
 99124155185206212201174139103 76 65 71 94127162190205202184155123 97 8420 519QG 45121217212069999999999999911 8 642317 8399999999999999
 88107138173202218214192156113 75 52 49 67100141181208218208182148114 9020 520QG 5202191759218999999999999991138 482352 8399999999999999
 83 95122158193218224209175129 83 48 33 42 7111416120122322520717413710420 521QG 54822518352279999999999999912 8 33999999999999999999999
 87 89109142180212228222194150 99 54 26 23 44 8413418221823322519916212520 522QG 61522919 923399999999999999 025 851239 2199999999999999
 98 89100127163200225230211173122 70 31 14 22 5410215520122923521918714920 523QG 643231194423599999999999999 057 891310 1399999999999999
116 97 97115147184215230223194147 94 47 17 11 30 7012217421323323020717320 524QG 712230202123499999999999999 130 951343 1099999999999999
138112101109133166199222227209172123 73 32 12 17 45 8914018721923022019420 525QG 743228205923099999999999999 2 31011419 1199999999999999
162132113110124149180207222217192152104 59 28 17 29 6110615419421822220820 526QG 816222214222299999999999999 2401091458 1799999999999999
183155131118121136160187207214203176136 93 56 32 27 43 7611816119421221220 527QG 854214223221499999999999999 3211181542 2799999999999999
199177153134125129143164186201203190164129 92 61 42 41 57 8712516219020520 528QG 939204233120799999999999999 4121251634 3999999999999999
206194175154138130132143160177190191181160131 99 72 55 53 67 9312716018720 529QG1040192999999999999999999999 5181291737 5299999999999999
201204194177157139128126133147164178184179164141113 87 69 63 73 9612615920 530QG 04020412 618499999999999999 6421251851 6399999999999999
186203207199181157134117110115129149169182185177157130101 80 70 76 9612720 531QG 150207134718699999999999999 8 611020 8 7099999999999999
160190209214204182152121 98 88 92110136165187198194175146114 87 74 77 9820 6 1QG 250215151419899999999999999 912 872118 7399999999999999
130167199220223208178139101 72 61 68 93129167198214212192159122 92 76 8020 6 2QG 34022416232159999999999999910 6 612218 7599999999999999
103139179212231229206167119 75 44 35 49 82128174211230227204167127 94 7920 6 3QG 4252331722232999999999999991054 352312 7999999999999999
 86112151193226240231199150 96 48 19 15 37 80133185225243237210170128 9620 6 4QG 5 72401815244999999999999991138 13999999999999999999999
 85 95125167208237244226185130 72 25  1  5 35 8414319723525023920916712620 6 5QG 54724519 425099999999999999 0 1 851222 -199999999999999
 99 92108141182221243242215167108 51  9 -7  4 41 9515520724024923420216120 6 6QG 627246195124999999999999999 047 9213 5 -799999999999999
124103102122156196229243233199148 89 37  3 -5 14 5611016721324024222419120 6 7QG 7 7243203624499999999999999 1321001347 -599999999999999
154123108113136170205231237219181129 75 31  7  7 32 7512717821523323021020 6 8QG 746237212023599999999999999 2151081429  499999999999999
179147123115124148179208226224202162115 68 34 18 26 53 9514218521322321620 6 9QG 82522822 322399999999999999 2581151510 1899999999999999
195168142125122133156183206216208184147105 68 43 36 48 7611415418820821220 610QG 9 6216224721399999999999999 3421211552 3699999999999999
203183159139127127139159181198202192168137103 74 57 56 70 9612916218820220 611QG 949202233420499999999999999 4291251636 5499999999999999
202192174154137128129139156173186188178158133107 85 74 75 8911214016618620 612QG1041188999999999999999999999 5251271725 7399999999999999
196196186170151135126125134147162173176170155136115 98 89 9110312214616820 613QG 026197114917699999999999999 6321241822 8999999999999999
18619419318316714813011911712313615116317016815914412611110210211112915020 614QG 124195131917099999999999999 746116193010199999999999999
17118719619418316414112110710310912414215917117416815413712111010811613220 615QG 221196145017499999999999999 852103204210899999999999999
154176193201197181157129105 89 86 9611514016317918517916514512611311011920 616QG 31120116 018599999999999999 944 86214511099999999999999
137161184201207198176145112 84 69 70 8611314517419319819017114812611211120 617QG 3542071654198999999999999991027 68223711099999999999999
122144171196211211195165126 89 61 50 58 8311915718920821019717314512211020 618QG 43221317382119999999999999911 4 50232110999999999999999
112129155185209219212187147103 64 39 35 53 8813117420622221819816913911620 619QG 5 72201818223999999999999991140 34999999999999999999999
108116139169200221225208173126 77 40 22 27 56 9914919322223122019416113120 620QG 542226185623199999999999999 0 01081215 2199999999999999
112109124152185214230225198154102 54 21 11 27 6511516721023323521718615120 621QG 617231193423799999999999999 0381081252 1199999999999999
123109114135167200226234220184134 80 34  9  9 34 7913318522223923320917520 622QG 653234201323999999999999999 1151091330  699999999999999
141118111121147180212232232210168115 62 23  5 14 47 9615019822923822619920 623QG 730235205423899999999999999 1531101410  599999999999999
164134115114130158191219233225197152100 52 19 10 26 6311316520723123321720 624QG 811233213623599999999999999 2341121452 1099999999999999
188155128115118136165195219227215184139 91 49 24 21 42 8012817621222922620 625QG 854227222123099999999999999 3191141537 2099999999999999
207178148125115120139166194213218203173133 90 55 36 38 60 9714118321322420 626QG 94421823 922599999999999999 4 91151626 3499999999999999
219199171143122113118136161186203206194168133 97 68 53 56 7811215118721120 627QG1043207999999999999999999999 5 71131719 5299999999999999
220212193166138117107111126149173191197189169141110 85 72 75 9312315818920 628QG 0 1220115619799999999999999 6131071820 7199999999999999
210217209189161132109 96 97111134159180191190177154128104 91 9110613216320 629QG 057217132619299999999999999 725 951929 8999999999999999
191211217208187156124 96 80 79 9211614517219119719017114612110510311413720 630QG 155217145719799999999999999 835 78204210299999999999999
166194214220210185150112 80 61 58 7310113717119720820518716113411510911920 7 1QG 253220161520999999999999999 938 57215310999999999999999
141171199219224211182141 98 61 40 39 58 9213417620722221920017114111911220 7 2QG 3472251719223999999999999991034 37225611299999999999999
122145177207227229212176130 81 42 22 24 49 9013918521923422920617414111920 7 3QG 4382311814234999999999999991124 20235011299999999999999
113125151185216234233209168116 64 26  9 17 48 9614919723024223220517013720 7 4QG 52623619 2242999999999999991211  8999999999999999999999
116113129159195225240232202155100 49 14  3 19 5610816421023824422919816120 7 5QG 611240194524599999999999999 0381121254  399999999999999
129112115136169205233242227191140 84 37  9  6 29 7212618022124123921818420 7 6QG 654242202424399999999999999 1221111335  499999999999999
149121111120145180214236238216175123 71 31 12 18 48 9414719522723922920320 7 7QG 73424021 123999999999999999 2 21111415 1199999999999999
169136115112127155190219234228200157108 62 32 23 38 7211816720622923021420 7 8QG 813235213523299999999999999 2401111452 2399999999999999
185153126112116135164196219226213182140 96 60 40 41 62 9814218321322521820 7 9QG 85222622 822599999999999999 3181121527 3899999999999999
197169140119112121142170196213213196165127 91 65 55 63 8812316219421421720 710QG 931215224121799999999999999 35711216 3 5599999999999999
205182155131116113124145170191202198180152121 93 76 74 8711214417519921020 711QG1014202231721199999999999999 4401121639 7399999999999999
207193170146125113113125144165182189184168146122102 92 9410813115818219920 712QG11 6189235920599999999999999 5301121721 9199999999999999
20519918316213912111011012013715617017717516414813011610911212514416518420 713QG1214178999999999999999999999 630109181210999999999999999
19620019317815713411510410311112714516117117316815614213012412513415016720 714QG 050200134617399999999999999 738102192112499999999999999
184195198191175153128107 93 91 9911513715717217917816815514213413213815120 715QG 150198151818099999999999999 845 90204313299999999999999
168184196200192174148119 94 78 75 8610713316018019119118116514913713313820 716QG 250200162819299999999999999 943 75215813399999999999999
151170189202205195172139105 76 59 59 7510313717019520620419117014913412920 717QG 3442061720207999999999999991032 57225612999999999999999
136153176198212212196166126 86 55 40 45 6910614818621222121419516814412820 718QG 43221418 4221999999999999991115 39234212499999999999999
125136159186210223219195156109 65 34 23 36 7011516420422823321919216113420 719QG 5162241844234999999999999991156 23999999999999999999999
119121139168200225234223190142 89 43 15 12 35 7713018222224223921818414920 720QG 558234192324399999999999999 0231181237 1099999999999999
123112121146180214238242222181126 70 25  3  9 41 9114920123725023921017120 721QG 64024320 125099999999999999 1 21121318  299999999999999
135112108123154192227247244216168110 54 14  0 15 5411016921824725123219720 722QG 723249203925399999999999999 1421071359  099999999999999
156122103106128163203235250240206154 96 44 12  7 29 7413118823125124521920 723QG 8 7250211725299999999999999 2231021441  599999999999999
181141110 97105132169208237245230193142 88 44 21 23 52 9815320323724723420 724QG 852246215524799999999999999 3 6 971523 1899999999999999
204165127101 93106134171207231235217181135 89 53 39 48 7812317221323723920 725QG 941236223424199999999999999 352 9316 7 3899999999999999
220188150116 95 91105132167199218220204173134 97 71 63 7510414418521723120 726QG1036222231623299999999999999 442 901654 6399999999999999
227206175140109 90 88101126157185202205194171142114 95 9010212715919121420 727QG1142206999999999999999999999 540 871746 9099999999999999
223216196166133105 87 83 9311414216818719419017615513411911512314216719120 728QG 0 322313 819499999999999999 646 82185111499999999999999
209216209190163131102 82 74 81 9912515217519019418717215513913213514816720 729QG 1 0216145119499999999999999 8 2 74201413299999999999999
188204212207190163130 99 74 63 66 8311014217119320420218917115214013814620 730QG 2 8212162020599999999999999 917 62214313799999999999999
163184203213211194165129 92 63 48 50 6910113917620321821620217915613913320 731QG 3202141725219999999999999991023 47225413399999999999999
141160184207220218199166124 82 49 33 38 6210114618721823122620717815013020 8 1QG 4232211814232999999999999991117 33234812599999999999999
125136160190216230225202162114 68 35 22 33 6411016020323224022920216813720 8 2QG 51723018542419999999999999912 3 22999999999999999999999
119119136166200227239229199152100 53 23 17 37 7612717922024324322318915220 8 3QG 6 4239193024699999999999999 0311161244 1799999999999999
122109116141176212238244226188137 83 40 18 22 51 9715020023524723620817020 8 4QG 64524520 224799999999999999 1 91091321 1799999999999999
133109104120151190225245242216171118 68 33 22 37 7312317621924224322218720 8 5QG 723246203024599999999999999 1431031355 2299999999999999
148115100105129164203233244232198151100 57 34 36 6010215219923124223020120 8 6QG 759244205824299999999999999 216 991427 3299999999999999
164127103 97111140177213235236215177131 87 56 45 58 8913317921623523321220 8 7QG 834238212323799999999999999 248 961457 4599999999999999
178142111 96 99119151187216229221195157116 82 63 64 8512016119922423121820 8 8QG 9 9229215023199999999999999 320 951526 6199999999999999
191157125102 94104128159190211216203176143110 87 79 8911314718221022321920 8 9QG 946217221722499999999999999 355 941556 7999999999999999
201172141114 98 9711013416218720120118716313611310010011413816719321121520 810QG1029203224821699999999999999 435 951629 9899999999999999
206185158131109 98 9911313415817818818717615813912411812213515517719620520 811QG1123189232520699999999999999 522 9717 811899999999999999
205193174150126108 9810011112914916717717817316215014013613914916317919120 812QG1243179999999999999999999999 622 9818 313699999999999999
198196186169148126107 96 9510311913815717017817817316415615014915416317520 813QG 018198143417999999999999999 738 94193814999999999999999
185192193186171149125103 88 83 9010612815217218619118817916815715115115720 814QG 13719416 719199999999999999 856 83213015099999999999999
169182193198192177151122 94 74 66 74 9412315518220120820419017215514414220 815QG 3 019817 52089999999999999910 1 66224114299999999999999
150166186202209203183151113 78 54 47 59 8712516619922022521519316814513220 816QG 4 52091748226999999999999991053 47232813099999999999999
132146169196217225215187145 99 57 32 29 49 8713618322024023821918815512820 817QG 4582251826241999999999999991138 27999999999999999999999
117123146178212235241224186134 80 36 13 18 48 9715420624125424421417413620 818QG 54624119 225499999999999999 0 81171220 1299999999999999
110104119151192229253253227179120 61 18  2 17 5711517622825826224020015320 819QG 630256193726499999999999999 04610313 1  299999999999999
114 92 94119160206245265257223168104 47 10  3 28 7713920124726725922617920 820QG 715266201226899999999999999 125 901342  299999999999999
130 93 78 89122169218255269254213154 92 41 14 18 5010416622225826624620520 821QG 759269204626799999999999999 2 4 781422 1199999999999999
155108 77 71 89128177224256262242199143 87 46 30 43 8013419123726025522720 822QG 845263212026199999999999999 244 7015 3 3099999999999999
182132 90 68 69 92133180222247248225185136 92 62 57 7511316220924225223720 823QG 932251215425299999999999999 327 651544 5699999999999999
204160115 81 65 71 96135177212230229208175138105 87 8810814218221623623620 824QG1024232223023999999999999999 413 651626 8599999999999999
217184145107 80 69 76 9913216719521020919617314712611511913616219121422420 825QG1128211231122499999999999999 5 5 69171411599999999999999
219201172138107 84 75 80 9712315117519119619117916314914114315317018920420 826QG1259196999999999999999999999 610 75182014199999999999999
210206191169141114 92 79 79 9010913415817819019519118116915915515816717920 827QG 0 6210145919599999999999999 733 7820 615599999999999999
192200200191174149122 97 79 72 78 9512014817519520620619618116615415115620 828QG 133201162920799999999999999 9 4 72215515199999999999999
168183197203199184159128 97 73 61 65 8311314818220722021920518316014313720 829QG 3112031723221999999999999991016 61225913799999999999999
143160182202214212195164127 89 61 48 55 7911715919822423322620317314512620 830QG 42221518 22349999999999999911 9 48234312299999999999999
123135160189215228223200162117 75 47 39 53 8613117821723924122319115512420 831QG 5152281834243999999999999991152 38999999999999999999999
109113135168203230240228197151101 59 36 37 6110415420223624823820917013120 9 1QG 55824019 324899999999999999 0181081228 3399999999999999
104 97112143183221244246225184133 82 46 33 46 8113018222524824822518714320 9 2QG 635248192825199999999999999 049 9713 0 3399999999999999
107 89 93119158201236252243212164112 67 41 41 6610916120924225123620215820 9 3QG 7 9252195325199999999999999 118 881330 3899999999999999
116 88 81 98132176218246251231192142 94 59 47 60 9514219123024924321517420 9 4QG 742252201625099999999999999 146 811358 4799999999999999
129 94 77 82109149193229247241212169122 83 62 63 8712717321524124422518920 9 5QG 814248203824699999999999999 215 761425 5999999999999999
145105 79 74 90124166206233239223190149110 82 75 8811815819922924023020120 9 6QG 84724021 124099999999999999 244 731452 7499999999999999
162121 89 74 79103138178210227225204171136107 92 9511514718321423122920920 9 7QG 921229212523399999999999999 314 731519 9199999999999999
177139104 82 76 8911514918320721520718615813211410911914117019821722321220 9 8QG 959215215022399999999999999 348 76154810999999999999999
188157124 98 83 84 9912415318019720019217515513712813014216118220121120920 9 9QG1046201222021199999999999999 428 82162212799999999999999
195172145119 99 89 9110512615017118418818317316015014614815717018419519920 910QG115418823 019999999999999999 519 8917 914699999999999999
195183165143122105 95 9510412013915817318118318017316616216016316917718420 911QG1351183999999999999999999999 632 94184716099999999999999
188187180168150129110 96 90 9310612614816818419319519018117116215815916520 912QG 020188154319599999999999999 8 7 90211815899999999999999
175184189189179161136110 89 76 76 9011414317319721021320418817015314414420 913QG 224190164121399999999999999 929 74222814399999999999999
154171188202205195172139104 73 56 56 7510814818721623122921218615713412420 914QG 3472061722232999999999999991028 54231112499999999999999
129148175202222226212180136 90 53 35 40 6811316320923925023820917113511020 915QG 4452271757250999999999999991116 34234810399999999999999
103117148186222245247224181126 72 33 19 33 7312818623326026123719514710620 916QG 5342491831264999999999999991159 19999999999999999999999
 84 86112154202244266261228175112 56 20 14 40 8915121225627326122317111720 917QG 62026719 427399999999999999 024 821240 1299999999999999
 77 62 75113165219261278265224164 99 46 18 23 5911518023627127524820014120 918QG 7 4279193727799999999999999 1 2 621321 1699999999999999
 87 53 49 72119177232270280259213152 91 47 31 46 8814620725427526422617120 919QG 749281201027599999999999999 140 4714 0 3199999999999999
111 63 39 44 76128186238269271245199143 92 60 55 7712117622726026624319920 920QG 835274204226799999999999999 219 381440 5399999999999999
143 89 50 36 49 85136190234256253227186140102 82 8611215219823625424721820 921QG 922258211425599999999999999 3 0 361520 8199999999999999
173122 77 49 43 60 9514118622123623120917714411911011814217520823223822420 922QG1014237214823999999999999999 344 4216 211099999999999999
194154112 78 58 56 7310314017520221321119717715614113714416218520621921820 923QG1119214222722099999999999999 434 55165113699999999999999
203178146114 88 73 71 8310513216018119419819418317116115716016918119420120 924QG1256198232320199999999999999 537 7018 715799999999999999
199190172150126104 88 82 8710012114416618319519819518617616616216316817720 925QG15 0198999999999999999999999 7 5 82202116199999999999999
184189187178162141119 99 86 83 9110913315918420121020719618016315114715120 926QG 114189161721099999999999999 846 8322 014799999999999999
162176188194191177154127101 82 74 8110113116419421522221519717214913212820 927QG 31019417 12229999999999999910 1 74225012899999999999999
136155177198209206189161126 94 71 65 7610314017921123023121518715412611120 928QG 4202091734233999999999999991052 64232510999999999999999
112129158189214225218194157116 80 60 59 7911515920123024123120416612910220 929QG 5 822518 1241999999999999991131 572355 9399999999999999
 93105133170206231237222189144100 66 53 63 9313718522424524322018213810120 930QG 54723818262479999999999999912 4 53999999999999999999999
 81 83107146189226245242216174126 83 57 56 771171662112422502341981521072010 1QG 622247185025099999999999999 023 791234 5399999999999999
 76 68 84119165210242252237202154107 71 58 691021471952342512442131681192010 2QG 654252191225299999999999999 050 6813 2 5899999999999999
 79 60 65 94138187228251249224182134 93 69 69 921321792212462482261841342010 3QG 725254193425199999999999999 116 591330 6699999999999999
 89 59 53 72111159206240251238204160117 87 77 891211632052372472341991522010 4QG 757251195724799999999999999 143 521356 7799999999999999
104 67 50 58 87131179219242242220183143109 91 941151501892232412362111702010 5QG 828245201924299999999999999 211 501423 9099999999999999
123 82 56 52 701051501932242352262001661331101041161411752072292332171852010 6QG 9 2235204223499999999999999 240 51145010499999999999999
143102 70 56 62 861231631982192222081831551321201231381631912132232171942010 7QG 93822321 722399999999999999 312 56151911999999999999999
161124 91 70 64 761011351691952082061931731541391351421571771962092101982010 8QG1022209213521199999999999999 349 64155313599999999999999
175146117 92 77 76 881101381651851951941861731611521511561671801911971942010 9QG1125196221319799999999999999 435 75164315199999999999999
183165143120100 88 86 94110132155173185190188182173166162162166172178183201010QG1311190233118499999999999999 543 85183216299999999999999
183177166150131112 96 88 90101120142165183195199196187175164156153156164201011QG15 3199999999999999999999999 721 8821 015399999999999999
173180183179166146121 98 82 77 86106134164191209216211196175154138132137201012QG 15718316 321699999999999999 853 7722 413299999999999999
151170189200200186159126 93 69 60 70 96133173208229234221195162132112107201013QG 329202164523499999999999999 959 60224510799999999999999
120145177206224224204168124 81 52 44 60 96144192230250246221181137101 81201014QG 4302261720251999999999999991050 442322 8099999999999999
 84108147191229248244216170116 68 39 36 62108164216253264248209157105 67201015QG 5202501754264999999999999991135 342359 5399999999999999
 53 67104156210251269258221165106 58 34 40 75129189241269268238186124 70201016QG 6 82691828273999999999999991217 32999999999999999999999
 36 33 59108169227267280261216157 98 55 40 57 99157215259275260216155 91201017QG 65428019 127599999999999999 037 301258 4099999999999999
 40 16 23 60117182239274279254206149 96 63 58 83128184235267269241189125201018QG 739281193427299999999999999 116 151339 5799999999999999
 64 22  8 26 69129191242270268240194143101 80 84112157206245263252215160201019QG 82627220 826399999999999999 156  81419 7899999999999999
100 48 17 13 37 82139195237255249222183143113102112140179217243248228189201020QG 914256204124999999999999999 237 1115 110299999999999999
138 86 46 25 29 54 96145191223235228207177149130125137160190216230226204201021QG10 7235211723199999999999999 321 24154612599999999999999
168125 85 55 43 49 72107146181205214210196177158146145153170189205211204201022QG1110215215821199999999999999 410 42164014499999999999999
184156124 94 73 64 69 86112141168188198200193182169160156158167178188191201023QG1239200225819199999999999999 510 6418 515699999999999999
187174155133111 93 83 83 93111133156176191198197190178165156152154161169201024QG1424199999999999999999999999 631 8220 915299999999999999
176178174164148128110 95 89 93106126150174193204205196180162146136135143201025QG 055178153520699999999999999 8 9 89213513599999999999999
155169180183178163142118 99 88 88101124153181203214212197173147126115117201026QG 254184161921599999999999999 927 86222311499999999999999
130151173191198192174147118 94 82 84102130165196217223213189156125102 94201027QG 4 41981652224999999999999991021 812257 9499999999999999
103126156186207213202178144110 85 76 85110145184214230227205170131 97 78201028QG 45221317202319999999999999911 1 762327 7699999999999999
 79 99133171204223224205172133 98 77 75 93126167206231237221187143100 70201029QG 5312261745237999999999999991136 732355 6099999999999999
 60 74105148191223236227200160119 87 74 82110150192226241233203159110 70201030QG 6 623618102419999999999999912 7 74999999999999999999999
 49 52 78121169212238242223187144105 81 79 98134177216240241218176125 77201031QG 639243183324399999999999999 022 471236 7799999999999999
 45 37 54 92142192230246238210169127 96 83 92121160201232243230194144 922011 1QG 711246185724399999999999999 049 3613 4 8399999999999999
 51 31 37 66113165211240245227193152116 94 931121461852202392362091641122011 2QG 742246192124199999999999999 116 301332 9199999999999999
 65 34 28 46 851351852232412352111741381111011101351692042292352191831352011 3QG 815242194623699999999999999 145 2714 110199999999999999
 86 48 30 35 631061551992272342201931601301131131291561872142282221961562011 4QG 849234201222899999999999999 216 29143111199999999999999
111 69 42 35 50 821251692042222212041781511311231291471721972142172031742011 5QG 926224204121899999999999999 249 3515 412399999999999999
136 96 64 46 47 66 991381752012122081921711501371351431591791972062021852011 6QG1011212211420699999999999999 327 44154313499999999999999
157124 92 68 57 61 801091421721932011981861711561471451511631761881921872011 7QG1110201215919299999999999999 413 57164214599999999999999
172150124 98 79 69 72 871111391651841941951881771651551491501561651741792011 8QG1235196232117999999999999999 516 69182414999999999999999
178169154134111 92 79 77 861051311571801952011971871711561431371391471592011 9QG14 7201999999999999999999999 641 76201813799999999999999
170177177168150127103 83 75 79 97124155183204213209194171146125114115127201110QG 130178151221399999999999999 810 75212611399999999999999
147169187195189170141109 82 68 70 89122160195219228219194160125 97 85 90201111QG 3 6195155922899999999999999 922 672213 8499999999999999
111143177204217211188151111 77 60 64 89128173212237240221185138 94 64 54201112QG 4122171639242999999999999991019 592254 5499999999999999
 68101146191225239230200155108 71 55 65 96143192232252246214165109 60 31201113QG 5 724017162539999999999999911 8 552335 2699999999999999
 28 53 99154207244257242205155104 69 58 74112163213249260241198138 76 28201114QG 5572571752260999999999999991154 58999999999999999999999
  5 12 48104167223258266245203150102 72 68 91133185231259258228174109 47201115QG 645267182926299999999999999 015  41238 6699999999999999
  4-10  8 52114179233263265239196145103 81 84112156204242259247207149 84201116QG 73326719 525999999999999999 056-101321 7999999999999999
 27 -7-11 15 64126188236259255227186142108 94104133175216244250228184125201117QG 820260194225199999999999999 138-1314 5 9499999999999999
 66 19 -5  0 30 80138193231247239213176141116110123151187219237233206162201118QG 9 9247202023899999999999999 221 -6144911099999999999999
109 59 23  9 19 50 96147191221230221199169143126125138162190213222212185201119QG 959230205922299999999999999 3 5  9153612399999999999999
145102 63 37 29 41 70110151186208214206188166147135135146164185200203192201120QG1054214214420399999999999999 352 29163113399999999999999
168137103 74 56 52 63 87119151178195201196183166151141139145158172182184201121QG1159201224318599999999999999 444 51174213899999999999999
176159137112 90 76 72 81 99123149172187194192182168152140135137145156166201122QG1315194999999999999999999999 547 72191413599999999999999
171168159143125106 93 87 91105125147169185194193184168149133123121128140201123QG 013171142519599999999999999 7 5 87203912199999999999999
154164169166155138120104 95 96107126149172190199197184162138117105103112201124QG 2 5169151820099999999999999 825 94213810299999999999999
129150167177177167149127108 96 96108129156181200206199179150120 95 83 86201125QG 330178155820699999999999999 931 952220 8299999999999999
102127155178190190176154128106 94 96112138168195211211195166129 95 71 63201126QG 4271921632213999999999999991022 932254 6399999999999999
 74 99133168193205200181152123100 91 99121152184209219210184145102 67 48201127QG 51220517 22199999999999999911 3 912326 4699999999999999
 49 71107148186210217205178145114 95 92107135170202221222201163117 72 41201128QG 5502171731224999999999999991139 912356 3199999999999999
 31 44 77122168205224223202170134106 92 98120154190217228216183137 86 44201129QG 6252261759228999999999999991213 92999999999999999999999
 22 23 49 92142189221232221193157122100 95109138174207227226202159107 57201130QG 659232182722999999999999999 026 191244 9499999999999999
 23 11 26 62112164207231232212179143113 99103125157193220229216181132 792012 1QG 732234185622999999999999999 056 111316 9899999999999999
 35 11 11 37 811341832192332241991641311091031161421752062242231991571062012 2QG 8 7233192622699999999999999 128  8134810399999999999999
 57 22  8 20 541021531972232282131841511241101121301581882122212101791352012 3QG 842229195722199999999999999 2 1  8142210999999999999999
 86 44 18 15 35 731211682032212181991711431221151221421691942112121941602012 4QG 921222203221499999999999999 238 13145911599999999999999
117 74 40 23 27 52 901351752042142071881631401251211311501731932031981782012 5QG10 5214211220399999999999999 318 22154412199999999999999
146107 71 45 34 42 671031431772002061991821601401281261341491681841911852012 6QG105720722 419199999999999999 4 4 34164212599999999999999
167139107 77 55 48 56 781111461761952011951801601411281231281401561711792012 7QG1158201231817999999999999999 459 48175912399999999999999
176164142116 89 69 61 66 851141461741932011971821621401221131131231391572012 8QG13 7201999999999999999999999 6 7 61192611299999999999999
170175169154131105 84 72 73 88114145175196206202185160132108 93 911011212012 9QG 059175141220699999999999999 724 712040 9099999999999999
146167181183171149122 96 79 76 89115148180204214208186153117 85 66 64 78201210QG 23818415 721499999999999999 840 762138 6399999999999999
106140172194201191167135104 83 78 91119155190215223212182140 95 57 37 37201211QG 355201155522399999999999999 947 782228 3499999999999999
 59 96140181210219208181144108 85 80 95126166203227231212172121 69 29  9201212QG 4572191640232999999999999991045 792315  999999999999999
 16 46 93147194226235221188147109 86 83102137179216237234206158 99 43  3201213QG 5522351723239999999999999991137 82999999999999999999999
-11  4 43 98157208238244225189146108 88 89112151193228242231195139 77 22201214QG 64324518 524399999999999999 0 0-111225 8599999999999999
-14-21  2 48108169218244245222184141106 91 98125164205234242222179120 58201215QG 731248184724299999999999999 044-221311 9099999999999999
  7-21-19 10 61122180224244238212174134105 96108137176213235234208161102201216QG 817245192823899999999999999 127-241356 9699999999999999
 45  2-17 -8 27 78137189224236226198162128106103118148184215229221190143201217QG 9 123620 922999999999999999 210-17143910299999999999999
 89 40  7 -3 12 49 98150194220224210183150123108110127156187210216203171201218QG 944225205021799999999999999 253 -3152310699999999999999
127 81 42 19 17 37 72117161194211210194169141120110115133158183199200184201219QG1026213213420299999999999999 335 1516 911099999999999999
154117 80 51 37 41 62 95133167192201197181158135119112118133154173184182201220QG11 9202222218599999999999999 417 3617 111299999999999999
167142113 85 65 58 65 84113143170187192186171151132117111116128145160168201221QG1156192232316999999999999999 5 1 5818 411199999999999999
167156138116 96 82 78 85101125149170183186180166147128113106108117132146201222QG1250186999999999999999999999 552 77191710599999999999999
155158153141125109 98 94 99112131152169181184178163143122104 94 94103118201223QG 049158135018499999999999999 657 942030 9399999999999999
135149157157150137123111105107117134153171183186178160136111 90 78 78 89201224QG 231158144718699999999999999 8151042130 7699999999999999
108130151164168162149133118109109119136157176188190178155124 94 70 59 62201225QG 354168153619199999999999999 9291082217 5899999999999999
 79105134160177181174157137119108109120140164185196193174144107 72 48 40201226QG 45118216181979999999999999910281072256 4099999999999999
 50 75110146176192194182160135115105108124149175196203193166127 84 48 27201227QG 53619516562039999999999999911151042332 2499999999999999
 26 45 80123163193206202183155128108101110132161189207207188151105 59 24201228QG 6152071731209999999999999991155101999999999999999999999
 10 19 49 93141183209216204178146118101101117145177203215206177131 80 34201229QG 65021618 621599999999999999 0 7 101231 9999999999999999
  5  1 20 60111162201221219199167133107 97104127160192214218199160109 56201230QG 725222184121999999999999999 042 -113 5 9799999999999999
 14 -7 -1 29 77131180213225215188153121101 98113141175205221215187141 86201231QG 8 0225191522299999999999999 117 -81339 9799999999999999
