123 94 64 41 28 29 44 68 98125144152147133114 95 81 76 81 9411112913914020 1 1QJ11 7152223314199999999999999 425 2717 1 7699999999999999
130110 87 64 47 41 46 61 83108129143146140127109 93 81 77 81 9210612012820 1 2QJ1151146232912999999999999999 5 3 4118 1 7799999999999999
128119104 85 69 58 55 61 75 95115131141143136123106 90 79 73 75 84 9710920 1 3QJ1241143999999999999999999999 548 551912 7399999999999999
117119114104 91 78 70 68 73 85101118132140142135122104 87 73 65 65 73 8620 1 4QJ 047119134014299999999999999 647 682028 6499999999999999
 99111117117111100 89 81 77 80 89103119133142144136121101 80 62 52 52 6020 1 5QJ 228118144014499999999999999 8 5 772133 5199999999999999
 76 94111122126121111 99 88 82 82 91105122137147148138119 93 68 47 35 3620 1 6QJ 356126153514999999999999999 925 812225 3499999999999999
 49 71 95118133138133120105 90 81 82 91107127145155154139113 82 51 28 1820 1 7QJ 4591381623156999999999999991030 802310 1799999999999999
 23 42 71103130147151143125105 88 78 80 92113137156165158137104 66 31  820 1 8QJ 54815117 6165999999999999991122 772351  199999999999999
  1 13 40 77115145161161148125101 82 74 79 96122149168173161131 91 48 1120 1 9QJ 63116317491739999999999999912 7 74999999999999999999999
 -9-10  9 45 88129159172167147120 93 75 70 80103133161179179159122 76 3020 110QJ 712172183018199999999999999 032-131249 7099999999999999
 -6-22-16 12 54102144171178167142111 84 69 69 84112145173186180154111 6120 111QJ 753179191318799999999999999 114-221330 6799999999999999
 14-17-27-14 20 67117156178179162132100 75 64 69 89121154180189177145 9820 112QJ 833181195618999999999999999 155-271412 6499999999999999
 48  5-21-24 -4 34 83131166181175153121 90 68 61 71 9412716018218616913320 113QJ 913181204118799999999999999 238-261455 6199999999999999
 87 39  2-17-13 11 52100143170178167141109 80 63 60 72 9813016017717615720 114QJ 953178212817999999999999999 321-181541 5999999999999999
121 78 36  7 -5  4 32 72115151171172157130 99 73 59 59 73 9812715316616320 115QJ1034174221916799999999999999 4 4 -51631 5799999999999999
143112 74 41 19 14 26 53 90127155168164146120 92 69 57 57 71 9311914015120 116QJ1116168231715299999999999999 448 131727 5699999999999999
148132106 77 52 37 35 48 73104134155162156138113 87 66 55 54 65 8410612520 117QJ12 2162999999999999999999999 536 341833 5399999999999999
135136125107 86 68 57 57 68 88113136152157150133110 86 65 51 48 55 70 9020 118QJ 031137125615799999999999999 631 551949 4899999999999999
109122128125114 99 85 75 74 81 96116135148153148133110 85 62 45 38 42 5520 119QJ 2 8128135915399999999999999 741 7321 9 3899999999999999
 75 97116128131125114100 89 84 87 98115133147153149134111 83 56 36 26 2820 120QJ 35013115 815399999999999999 9 8 842220 2599999999999999
 42 65 91116134141137126110 95 87 87 96113132149157153137110 78 47 24 1220 121QJ 5101411613157999999999999991029 852317 1299999999999999
 16 33 61 94124144152147132112 94 83 83 93113135154163158138106 69 35 1020 122QJ 6 615217 8163999999999999991132 81999999999999999999999
  1  8 32 66103136156162152132107 87 76 78 93117143162169160134 97 56 2120 123QJ 650162175616999999999999999 0 4  11221 7599999999999999
 -2 -6  8 38 78118150166166149124 97 77 70 77 97125153171173157125 83 4120 124QJ 728168183817499999999999999 045 -713 1 7099999999999999
  8 -9 -6 16 52 95135162171162140110 84 68 66 80105136163177172149111 6620 125QJ 8 1171191617799999999999999 122-111336 6599999999999999
 26 -2-10  1 31 72115150169169153125 95 71 61 67 87117148171177164134 9320 126QJ 831171195117799999999999999 155-1014 8 6199999999999999
 49 14 -4 -3 17 52 95134161170161137107 79 62 59 72 9712915717317115111620 127QJ 859170202417599999999999999 227 -61440 5899999999999999
 74 35  9  1 11 39 77117149166165147120 90 67 57 61 8010813816116915913320 128QJ 925167205716999999999999999 256  11511 5699999999999999
 97 59 28 12 13 32 64101135158164154131103 76 59 56 66 8911714315815914320 129QJ 952164213116199999999999999 324 101544 5599999999999999
115 81 49 28 22 32 56 88121147160157140116 89 67 56 58 72 9512014115014420 130QJ101916022 715099999999999999 353 221621 5699999999999999
126 99 71 48 36 38 53 78108134151155146127103 80 63 57 62 77 9811913313720 131QJ1048155225013799999999999999 422 3517 3 5799999999999999
129112 90 69 55 50 57 74 97120139149147136117 95 75 62 58 63 77 9511112220 2 1QJ1121150234512599999999999999 453 501755 5899999999999999
125118105 90 76 67 67 75 90108126139144140128111 91 73 61 57 61 72 8610120 2 2QJ12 3144999999999999999999999 532 6619 2 5799999999999999
112116114107 97 87 82 82 88 98112125135138135125109 91 73 59 52 53 61 7520 2 3QJ 11011613 313899999999999999 630 812023 5199999999999999
 91104114117115109101 95 92 94100110122132137136128112 91 70 52 41 39 4720 2 4QJ 3 5117142213899999999999999 8 9 922140 3999999999999999
 63 83103119128129123113103 95 93 97106119133142143134116 91 64 40 25 2320 2 5QJ 437129153914499999999999999 954 932241 2299999999999999
 33 54 82109131143144135120104 91 86 90103121139152154143119 87 52 23  620 2 6QJ 53514516411559999999999999911 4 862332  499999999999999
  6 22 51 86121147159156142120 98 82 77 84102127151166167151119 79 37  520 2 7QJ 6201601734168999999999999991155 77999999999999999999999
-11 -7 16 54 97137163172164141113 86 69 67 80106137165181178155115 67 2120 2 8QJ 659172182218299999999999999 018-121239 6699999999999999
-12-24-13 19 65114154178181164134 99 71 57 60 80112149179192184153106 5320 2 9QJ 73718219 719399999999999999 1 2-241320 5699999999999999
  6-23-29-10 30 82132170188182156120 83 56 46 55 82121160189198183146 9420 210QJ 814188195219899999999999999 144-3014 1 4699999999999999
 41 -2-25-23  4 49103151182190175143102 66 43 39 55 8712816719219517413420 211QJ 850190203719799999999999999 225-271442 3899999999999999
 82 33 -3-17 -7 26 73124165187185162125 85 52 34 36 56 9213216718618416020 212QJ 925189212318899999999999999 3 5-171525 3399999999999999
120 73 32  6  1 17 53 98142173184173145108 70 43 31 37 60 9413116017316720 213QJ10 0184221117399999999999999 344  016 9 3199999999999999
143108 70 39 23 25 46 80119153173175158129 94 61 39 32 41 63 9312414615520 214QJ103417623 315599999999999999 423 221657 3299999999999999
148129101 74 53 46 52 73102132156166162143116 85 59 42 37 44 63 8711112820 215QJ1111167999999999999999999999 5 2 461753 3799999999999999
136132119102 84 72 69 77 93114136151155149132109 84 62 47 41 45 58 76 9520 216QJ 0 9136115515599999999999999 547 6919 5 4199999999999999
111121123118109 99 91 89 93103117131141145140128110 88 68 52 43 42 49 6320 217QJ 148123125714599999999999999 653 892036 4199999999999999
 81 98113122125121114106101 99103111122132138138130115 95 73 53 39 34 3820 218QJ 354125142913999999999999999 847 9922 4 3499999999999999
 51 71 94115129136134126114103 96 95102114127138142137123100 74 49 31 2320 219QJ 51613716 0142999999999999991033 9523 8 2399999999999999
 27 44 69 98124142149144130112 96 85 85 94110129145151146128100 68 39 1920 220QJ 6 414917 5151999999999999991135 842355 1299999999999999
 12 21 44 76111139156158147126102 82 73 76 90113138156161152128 93 56 2520 221QJ 6391591753162999999999999991217 72999999999999999999999
  7  6 23 53 92128155166161141113 86 68 62 72 95124151168168151119 79 4020 222QJ 7 9167183217099999999999999 034  41251 6299999999999999
 12  0  8 33 71113147168170154126 94 68 55 58 76105138165176169143104 6120 223QJ 73717119 717699999999999999 1 7  01321 5499999999999999
 25  3  1 19 52 95135163174165140106 74 53 47 59 86120153175178161127 8520 224QJ 8 2174193917999999999999999 137  01349 4799999999999999
 44 14  2 11 38 78120155173171151119 84 56 42 46 6710013616517817114610820 225QJ 825175201017899999999999999 2 4  21417 4299999999999999
 66 31 11 11 30 64105143168174160132 96 64 42 38 51 7911414817017415812720 226QJ 848174204117599999999999999 231  81445 3799999999999999
 88 51 25 17 28 55 92130159172166143110 75 48 36 40 60 9212615416716214020 227QJ 910173211316899999999999999 256 171514 3599999999999999
107 72 44 29 32 51 81117148167168152123 89 59 39 35 47 7210313315315814620 228QJ 933169214615899999999999999 321 281545 3599999999999999
122 92 64 45 41 52 75105136157164156134104 74 50 38 40 56 8111013414614520 229QJ 957164222314799999999999999 347 411620 3799999999999999
130108 84 64 55 59 74 97123145157155141118 90 65 47 41 47 63 8611012713520 3 1QJ1024158231013599999999999999 414 5517 1 4199999999999999
131119101 84 73 71 77 92112131145149143128107 83 63 50 46 52 66 8410311720 3 2QJ1055149999999999999999999999 446 701754 4699999999999999
123121114103 93 87 87 93104118130138139133121103 84 67 54 49 51 61 76 9220 3 3QJ 017123114014099999999999999 530 861912 4999999999999999
106115119118113107102100102107115123130132130122108 91 72 57 46 43 49 6220 3 4QJ 21511913 413399999999999999 7 41002050 4399999999999999
 79 98114125129128122113106101101106114124132135132119100 77 54 37 29 3320 3 5QJ 41313015 113599999999999999 9321002211 2999999999999999
 47 70 96121138146143133118102 92 89 94107124140149147133108 76 45 21 1120 3 6QJ 5151461623150999999999999991052 892310 1199999999999999
 16 37 68103135156163155137112 90 76 73 84104130154167165145112 71 32  420 3 7QJ 5581631722168999999999999991142 732359 -699999999999999
 -6  5 33 74118154174176160131 98 71 57 59 77107142171185179152109 60 1720 3 8QJ 6351781812186999999999999991223 56999999999999999999999
-10-15  3 41 90138173189181155116 78 50 39 48 75115156187199186151101 4920 3 9QJ 710189185919999999999999999 043-1613 3 3999999999999999
  6-17-15 12 58111159189195177141 96 55 30 25 42 78124168198204185144 9120 310QJ 744196194520599999999999999 125-191343 2499999999999999
 39  1-14 -3 32 82135177198193164120 73 35 15 18 43 8413317520019917513120 311QJ 818199202920399999999999999 2 5-141423 1399999999999999
 80 35  6  1 20 59109156188197181144 98 53 20  8 18 48 9213817519218615920 312QJ 850197211419399999999999999 243  015 3  899999999999999
118 74 38 20 24 48 88133170190187162123 78 39 14  9 24 56 9713816617616720 313QJ 92219122 117699999999999999 320 191545  999999999999999
141107 73 49 42 51 77113148174181170142104 65 34 17 17 34 64 9913115115720 314QJ 954182225115799999999999999 356 421629 1599999999999999
148127102 80 66 65 78101129153167167151124 92 61 38 27 29 44 68 9511913320 315QJ1027169235513899999999999999 433 641719 2699999999999999
138132120104 91 85 87 98115133148154150135113 89 65 48 39 40 50 67 8610420 316QJ11 5154999999999999999999999 516 851824 3999999999999999
117124125120113106102102107117127135139136126111 94 76 60 50 47 51 61 7620 317QJ 13512512 213999999999999999 6251011957 4799999999999999
 92107119126128125118112107106109115121127129126118104 87 70 55 47 45 5220 318QJ 347128135812999999999999999 8481062139 4599999999999999
 66 85105123135139135126113103 96 95101111122131134128115 95 73 53 40 3720 319QJ 5 01391551134999999999999991035 952249 3699999999999999
 44 62 87113135148150141124106 90 81 81 92108126140146139122 96 68 44 3020 320QJ 5401501658146999999999999991126 802335 2899999999999999
 29 42 66 98128150160155138114 90 72 66 72 90114138154157146121 89 57 3220 321QJ 61116017431589999999999999912 1 66999999999999999999999
 21 26 47 80116146165167153127 96 70 56 55 70 97127153167164145113 75 4220 322QJ 637168182016899999999999999 011 211230 5499999999999999
 22 18 32 62100137164174165140107 74 51 43 52 77111144168175164136 97 5920 323QJ 7 2174185317599999999999999 042 171258 4399999999999999
 30 17 23 48 84125158176174153120 82 52 35 37 57 90128160178176155120 8020 324QJ 724177192418099999999999999 111 171324 3499999999999999
 45 24 21 38 71111149173179165134 94 58 33 27 39 6810714517218116914010120 325QJ 746180195518199999999999999 137 201350 2699999999999999
 63 36 26 34 60 98137167180173147109 69 37 22 26 48 8412515917717515512220 326QJ 8 8180202517999999999999999 2 2 261418 2199999999999999
 84 53 36 36 55 87124158177177158124 83 47 24 19 33 6210113916517416313820 327QJ 830179205717499999999999999 228 341446 1899999999999999
104 72 50 44 54 79112145169176165137100 62 33 19 24 45 7811514616416414820 328QJ 853176213016699999999999999 253 431516 1999999999999999
121 91 68 56 58 75102132158170167147115 80 48 27 22 34 58 9112314715615020 329QJ 91717122 615699999999999999 319 551548 2299999999999999
133109 86 71 68 77 96120144160163152128 98 67 43 30 31 45 69 9812414014520 330QJ 942164225114599999999999999 346 671626 2899999999999999
138122104 89 81 83 94111130146154151137114 88 64 45 37 40 53 74 9711713020 331QJ1013154235513499999999999999 419 811714 3799999999999999
134129120108 99 95 97106118130140143139127109 89 69 53 45 46 55 71 8910720 4 1QJ1056143999999999999999999999 5 7 951826 4599999999999999
120127129125119112107106109115122129133132126114 98 79 63 50 45 49 60 7720 4 2QJ 143129122013399999999999999 64810620 7 4599999999999999
 97115129137137132123114106102103109118127134134127112 92 69 50 38 36 4620 4 3QJ 337138143613599999999999999 9161022137 3599999999999999
 66 91117139151153145129111 95 86 86 95110129144151146128101 70 43 25 2220 4 4QJ 44015416 6151999999999999991032 852242 2199999999999999
 34 60 94128155169167151126 98 76 64 67 83109137160171164141106 66 32 1220 4 5QJ 52317017 8171999999999999991120 642334  999999999999999
 11 29 64106146174184174148112 77 51 42 51 76113151179189178148104 58 2220 4 6QJ 6 018418 01899999999999999912 1 42999999999999999999999
  4  8 35 77125167191193173135 91 51 27 23 40 76122165194201184147 98 5120 4 7QJ 635195184820299999999999999 019  31241 2299999999999999
 17  4 16 50 98148186202193161115 66 27  7 10 37 81132176202204181140 9020 4 8QJ 7 9203193420799999999999999 1 1  41321  599999999999999
 46 19 15 34 74123169198204183142 91 42  8 -5  7 41 8914118220219817112920 4 9QJ 742205202020399999999999999 141 1314 1 -599999999999999
 84 47 29 33 59100146183201195165119 68 25 -2 -6 12 50 9814618019318415620 410QJ 81420221 519399999999999999 219 281441 -899999999999999
118 81 55 46 57 85124162188194178144 98 52 16 -2  1 24 6110614517117816720 411QJ 847195215217899999999999999 257 461522 -399999999999999
142111 84 67 66 81108140168183180158123 82 45 18  8 15 38 7210913915716020 412QJ 919184224316199999999999999 334 6516 5  899999999999999
150131109 91 83 86100123147164170161139108 75 47 28 23 32 52 7910712914220 413QJ 953170234514599999999999999 414 821652 2399999999999999
145138126112101 97101112127143152153143125101 77 56 43 40 46 61 8010111820 414QJ1033154999999999999999999999 5 1 971751 3999999999999999
130135133127119112108108114123131137137131119103 85 69 58 53 55 63 77 9420 415QJ 115135113213899999999999999 6201071914 5299999999999999
110124133136134127119111107107111117123127127122111 97 82 68 59 56 61 7220 416QJ 3 3136133012799999999999999 8331062053 5699999999999999
 89108125138144142133120107 97 93 96104114125131131123108 90 72 59 53 5620 417QJ 41314415271329999999999999910 7 9322 8 5399999999999999
 69 90113134149154147133113 95 82 78 83 97114131141142133114 91 69 53 4720 418QJ 4551541636143999999999999991056 782259 4799999999999999
 53 71 98126149161161147124 98 77 64 64 76 98122143155153138113 85 60 4520 419QJ 5271631723155999999999999991131 632337 4299999999999999
 43 56 81113143164170161138107 78 57 49 56 77107137158166158136106 75 5120 420QJ 55517018 11669999999999999912 1 49999999999999999999999
 40 46 67 98133161176173152120 85 55 38 39 56 87122153172173157128 94 6320 421QJ 620177183517599999999999999 010 401228 3699999999999999
 44 41 56 85121154176181166135 96 59 34 26 37 64102140168180173149115 8020 422QJ 64318119 718099999999999999 039 401256 2699999999999999
 54 43 50 73108144172184177150111 70 36 19 21 43 7912015717918216613610020 423QJ 7 7185193918399999999999999 1 7 431323 1799999999999999
 70 51 50 66 96132164183183163128 85 46 19 12 25 55 9613816918217615312120 424QJ 730186201118399999999999999 135 481352 1299999999999999
 88 64 55 63 86119152177185173144103 61 28 11 13 36 7211415117417916513820 425QJ 755185204417999999999999999 2 2 551422  999999999999999
107 80 65 65 81107139167181178157122 81 43 18 11 22 51 8912815817216915120 426QJ 820182211917399999999999999 230 631453 1199999999999999
125 99 79 73 80 99126153172177165138101 64 34 17 18 36 6610213515816515820 427QJ 847177215816599999999999999 259 731527 1699999999999999
139116 96 84 84 95115138158169166149121 87 56 33 24 29 49 7710913615215520 428QJ 917170224515699999999999999 332 8316 7 2399999999999999
147132114100 94 96107124142156160153135110 82 56 39 33 40 58 8310913114420 429QJ 954160235014799999999999999 412 931657 3399999999999999
147142131118108103105113125138147149143129108 85 64 49 43 47 61 8110312420 430QJ1046149999999999999999999999 51210318 6 4399999999999999
138144143136126117110107110117127135140139131116 96 76 59 49 48 57 74 9620 5 1QJ 121145121814099999999999999 6561071935 4799999999999999
119137149152147135122109100 98102112125136143141130111 89 66 50 44 50 6720 5 2QJ 252152141914399999999999999 850 9821 1 4499999999999999
 92119143159164157141119 99 84 78 84 98119139154157148126 98 69 47 38 4320 5 3QJ 35416415471579999999999999910 1 7822 9 3899999999999999
 63 94127157175177164139108 80 61 55 65 88118148169175164138103 68 43 3320 5 4QJ 4401781651175999999999999991051 5523 3 3399999999999999
 41 66103142174190186164129 89 56 36 34 51 83123160184190175144103 66 4020 5 5QJ 5191911746191999999999999991136 322351 3399999999999999
 33 46 78119161190200188156111 66 30 13 18 43 85132172197199179143101 6320 5 6QJ 5572001836201999999999999991218 12999999999999999999999
 41 39 59 95139179203204181140 89 42  9 -2 10 43 91141181202200177138 9720 5 7QJ 633206192420499999999999999 035 371259 -299999999999999
 64 48 52 77116158192207199167120 68 23 -4 -8 11 5010014918520119416813120 5 8QJ 7 8208201120299999999999999 117 471341-1099999999999999
 94 68 59 69 97135173199204186148 99 50 12 -8 -5 20 6111015418419318315720 5 9QJ 744205205819399999999999999 158 591422 -999999999999999
124 94 75 73 88116150180196193169129 83 40 10 -2  7 34 7411815517718116920 510QJ 819197214518299999999999999 238 7215 4 -299999999999999
146118 96 85 88104130158180187177150113 72 38 16 11 24 51 8612315116716820 511QJ 855187223416999999999999999 319 841546 1199999999999999
156137116101 95100115137158172173159134102 69 43 28 28 41 65 9512414515620 512QJ 934174232915899999999999999 4 2 951632 2699999999999999
156147132117107103108120136151159157144123 98 73 54 44 45 57 7610012213920 513QJ1018160999999999999999999999 4541031723 4399999999999999
148149143132120112108110118129140145143134119100 81 66 58 59 67 8210112020 514QJ 036150111814599999999999999 6 61081828 5799999999999999
135145148144135124113107106110118127133135131121107 92 78 69 67 72 8410120 515QJ 154148125013599999999999999 7431061947 6799999999999999
119136147152148138124110100 95 98105116127134135129117101 86 75 70 73 8520 516QJ 3 3152143713599999999999999 910 9521 5 7099999999999999
102123142154158152138119101 87 81 84 96112128140143138125107 89 75 69 7320 517QJ 35415815561439999999999999910 8 8122 6 6999999999999999
 87108132152164165153133108 85 70 66 74 91114136150154147130108 87 72 6720 518QJ 4321661651154999999999999991050 662252 6799999999999999
 75 94119145165173167148120 90 65 52 54 69 94123148163164152130104 81 6820 519QJ 5 51731735165999999999999991124 512331 6699999999999999
 68 81106135161177178163135100 68 45 38 47 71104138163174170151124 97 7620 520QJ 5341801813175999999999999991156 38999999999999999999999
 67 73 93122153176185177152116 77 45 28 29 48 81119154176181170146116 8920 521QJ 6 2185184818299999999999999 0 5 671227 2699999999999999
 72 70 83109141170187187168134 92 53 26 17 28 56 9613616818518316513610620 522QJ 629189192318699999999999999 038 691258 1799999999999999
 83 72 78 98128159183192181153112 69 33 14 14 34 7011215217918817815512520 523QJ 657192195818899999999999999 1 9 721329 1199999999999999
 98 80 78 90115146174190189169134 91 50 20  9 18 46 8612816418318517014420 524QJ 727192203418699999999999999 141 7714 3  999999999999999
116 93 83 87104131160182190181154115 72 36 15 12 28 6010114117018217815920 525QJ 758190211318399999999999999 214 821439 1099999999999999
134109 93 89 98118144169184185168137 99 60 31 16 20 41 7511314817017716920 526QJ 831186215517799999999999999 249 891517 1699999999999999
150127108 96 97108128151171180175155124 89 56 32 24 32 54 8612115016717020 527QJ 9 9180224417199999999999999 328 9516 1 2499999999999999
161144125109102104115133152167172164145117 86 58 39 34 43 64 9312414916320 528QJ 955172234316699999999999999 4171011652 3499999999999999
165158143126113106107116130146158162156140117 90 66 50 45 52 71 9612414720 529QJ1055162999999999999999999999 5221051754 4599999999999999
161164159146129115105103109120135148155153142123100 77 61 54 58 74 9712320 530QJ 052164122015599999999999999 64710319 7 5499999999999999
147163168164150132113 99 92 95105121138151156150135113 90 70 60 61 75 9820 531QJ 2 2168135915699999999999999 815 922023 5999999999999999
125151169176171154130105 85 75 76 88109132152163162149126100 77 64 63 7720 6 1QJ 3 3176152616599999999999999 925 742132 6299999999999999
101132160180186176154123 91 66 53 55 72 99131158175176162137107 81 66 6620 6 2QJ 3541861635177999999999999991022 522232 6499999999999999
 81108142172191194179149110 73 44 32 38 61 96134167186188172144111 84 6920 6 3QJ 4391951735189999999999999991111 322325 6799999999999999
 70 88119155185201198176138 93 52 24 15 26 56 97141177196195176145111 8520 6 4QJ 5212031828198999999999999991158 15999999999999999999999
 72 77 99133169197208198168124 75 34  9  4 22 5810415018420119717514311020 6 5QJ 6 2208191820299999999999999 013 721242  399999999999999
 86 78 87112147181204208191155107 59 21  1  2 26 6611415818920119316913720 6 6QJ 64220920 520199999999999999 059 781325 -199999999999999
107 88 85 98125159189206203180140 92 47 14  1  9 36 7812516519019618416020 6 7QJ 722207205019699999999999999 142 8414 8  099999999999999
130105 91 93109137168192202193165124 79 40 15  8 22 52 9313516818718817320 6 8QJ 8 1202213318999999999999999 224 901449  899999999999999
149124104 96101119145172190193179150111 71 39 22 22 39 6910714316918117720 6 9QJ 841194221618199999999999999 3 6 961530 1999999999999999
162140119104100108126150171183181164136101 68 44 34 38 57 8611914816717320 610QJ 92218423 017399999999999999 3491001611 3399999999999999
168153133116105104113130149165173167151125 96 71 53 48 56 7410012815016420 611QJ10 6173234716799999999999999 4361041654 4899999999999999
167160146130115107106114128144156161155140120 97 77 65 63 72 8811113315120 612QJ1057161999999999999999999999 5321051741 6399999999999999
161163156143128115106105111122135146150146136120102 87 77 76 84 9811713620 613QJ 04116312 415099999999999999 6411051838 7699999999999999
152161162155143127112102 99103113125136143143137124110 97 88 86 9210412120 614QJ 139163133114499999999999999 757 991946 8699999999999999
139154163164157142124106 93 88 92102117132142146143132119105 95 91 9610820 615QJ 23716515 114699999999999999 9 6 882057 9199999999999999
125144160169168158139116 95 80 75 80 94113133148154152141125109 97 93 9820 616QJ 32717016121559999999999999910 0 752159 9399999999999999
112131152168176172156131104 79 64 61 70 90116140158165161147128110 97 9320 617QJ 4 917617 7165999999999999991044 602249 9399999999999999
101118140162178182172149118 86 61 47 49 66 93124152171176167149127107 9520 618QJ 4471821751176999999999999991123 462333 9399999999999999
 94106127152175187185168138101 67 42 34 43 6710213816718318316914712210220 619QJ 5231891831185999999999999991159 34999999999999999999999
 93 97114139166187194185159122 81 47 27 25 42 7511515318019118616714011520 620QJ 55719419 919199999999999999 012 931235 2399999999999999
 98 93103125153180196197179146104 62 31 17 23 48 8713016719019518316013220 621QJ 632199194719699999999999999 049 931312 1699999999999999
108 95 96112137167191202195170131 86 46 20 13 27 5910114417819519417715120 622QJ 7 8202202619799999999999999 125 941350 1399999999999999
124103 95102121149178198203189158116 72 36 15 16 36 7211515618519618916920 623QJ 74620321 619699999999999999 2 3 951429 1399999999999999
142117101 98108131159185200199180146103 62 31 18 24 49 8612916518819318220 624QJ 826202214819499999999999999 243 971511 1799999999999999
160134112100101114137164187197192169135 95 58 33 25 36 6310013917118818920 625QJ 910197223319099999999999999 327 991555 2599999999999999
175153129109100103117139164183190182160128 92 61 41 38 51 7811314717318620 626QJ 959190232118799999999999999 4161001643 3799999999999999
184170148125107 99102115136158174180173154126 95 69 54 53 66 9112215317420 627QJ1058180999999999999999999999 515 991735 5199999999999999
184181166145122105 96 97108127147164171167152129104 82 69 68 7910212915620 628QJ 014184121017199999999999999 623 951835 6699999999999999
175184180165143120100 88 87 96113134153164165156138116 96 83 81 9010913420 629QJ 111184133816699999999999999 738 861942 8099999999999999
159178186182166142116 92 77 73 80 98121144161168164150130110 95 91 9711520 630QJ 21018615 816899999999999999 851 732055 9199999999999999
138163182190185167140109 81 62 56 64 84112140163176175162142120103 9610220 7 1QJ 3 8190162617799999999999999 956 5622 5 9699999999999999
118143168188196189168136100 68 46 40 50 74108142170185185172150125107 9920 7 2QJ 4 31961731187999999999999991053 4023 6 9999999999999999
104122148175195202192166128 88 53 31 27 41 7110914817919419317715212610620 7 3QJ 4542021826196999999999999991144 26999999999999999999999
 99106127155183203206191160118 75 40 20 20 39 7411715818820119717714912220 7 4QJ 542207191420299999999999999 0 0 991231 1799999999999999
103 99110133164192208207187151106 62 29 14 19 44 8412916919520419417114120 7 5QJ 627210195720499999999999999 048 981315 1399999999999999
115100100115142173199211205179139 93 52 24 15 26 57 9814317919920118616020 7 6QJ 710211203620399999999999999 131 981356 1599999999999999
131108 98103122151181203209197167125 81 44 24 22 40 7411615618619919417520 7 7QJ 750210211319999999999999999 211 981434 2099999999999999
147121103 98108130159186203203184152111 71 42 30 36 59 9413416818919418320 7 8QJ 829205214719499999999999999 249 981510 3099999999999999
161135112100100114138165188198191169136 99 66 46 42 54 8011514917618818620 7 9QJ 9 7198222118999999999999999 327 981545 4199999999999999
171148124106 99104120143167184188177154123 92 67 55 58 7510113216017918420 710QJ 946188225418499999999999999 4 6 991619 5599999999999999
177160138117104100107124145164176175163141115 91 74 69 76 9411914516717820 711QJ1028177233118099999999999999 4491001654 6999999999999999
179168151131113102101108123141157165163152134113 96 85 85 9411113215316820 712QJ1119165999999999999999999999 5401001735 8499999999999999
175173162145127111101 99106119134147154154146133118105 99 9910712213915620 713QJ 014176122615599999999999999 642 991825 9899999999999999
168173170159143124108 97 94 9911012513814815114713812711711011011612814220 714QJ 1 7173135615199999999999999 753 94193410999999999999999
157168173169158141121103 90 85 8910011713314715415414813712711911612012920 715QJ 2 8173152915599999999999999 9 3 85205711699999999999999
143158170175172159139116 94 78 72 77 9211213415216316515814613312211711920 716QJ 3 817516411659999999999999910 2 72221011699999999999999
130145162176181176159134106 80 63 58 67 8711414116317517616715113312011420 717QJ 4 21811733177999999999999991051 5823 611499999999999999
118131150170185189180157126 92 64 46 45 60 8712115317718818517115012911420 718QJ 4491891816188999999999999991135 44235211099999999999999
110117135159181196196181152114 76 46 32 36 58 9313216819119818916914412120 719QJ 5331981856198999999999999991216 31999999999999999999999
107107119143170194206202179143 99 59 30 21 33 6210414718220220418916313420 720QJ 615207193520599999999999999 0331051257 2199999999999999
112101106124153183206215203174131 84 43 19 17 36 7211816319520920418315220 721QJ 656215201321099999999999999 1121011337 1599999999999999
123103 97107131163194215218200164117 70 33 15 20 46 8713517720521219917320 722QJ 739219205021299999999999999 152 971418 1499999999999999
140112 95 95110138172202219216193153105 61 30 19 30 6110515218920920919020 723QJ 822220212921299999999999999 233 931459 1999999999999999
160128102 90 94113143177204216208182142 97 58 34 30 47 8112416719720920220 724QJ 9 721622 720999999999999999 316 901541 2999999999999999
179148117 95 87 94115145177200207197170133 94 63 46 48 6810214217719920420 725QJ 955207224720599999999999999 4 2 871623 4599999999999999
193168138109 91 85 93114142170189194184160129 98 74 64 70 9012115518319820 726QJ1049194232920099999999999999 454 8517 8 6499999999999999
198183159130105 88 83 91110135159175180173155131108 91 85 9110913516218320 727QJ1154180999999999999999999999 552 831759 8599999999999999
193191176153127103 86 80 8610112214416116916715613912210910410912214316420 728QJ 017194131916999999999999999 7 2 8019 210499999999999999
181189186173152126102 84 75 77 8910813014916216716315213812511811912814420 729QJ 11618915 016799999999999999 821 74202411799999999999999
162177186186174154128102 80 67 65 75 9411914416317317416515013512512112720 730QJ 226187163117599999999999999 938 64215212199999999999999
141159176188189179158129 98 72 55 52 63 8511514517018418517515713812411820 731QJ 3381901736186999999999999991044 5223 311899999999999999
123138158179193196184160126 91 61 43 41 55 8311915418119519417915713411720 8 1QJ 4411971825196999999999999991138 40235711199999999999999
111118137162186202203188158119 80 49 33 35 55 8912916719320419717714912420 8 2QJ 53520419 6204999999999999991224 31999999999999999999999
107105117141170196210207186151108 67 38 27 36 6310214518220320719316613620 8 3QJ 621211194120899999999999999 04110413 4 2799999999999999
111 99102120149181205215206179138 93 55 32 28 45 7812116319420820318215120 8 4QJ 7 2215201320999999999999999 119 981340 2799999999999999
121100 94104128160191212215198165121 79 47 32 38 6210014318020320719316620 8 5QJ 739216204220899999999999999 153 941414 3199999999999999
134107 92 93110138172200213208184147105 68 44 40 54 8512416419320519917720 8 6QJ 814214211020599999999999999 226 901444 3999999999999999
147117 95 88 97119149181202208195166129 91 63 50 55 7611014818019920018620 8 7QJ 848208213620299999999999999 258 881513 4999999999999999
160130104 89 89103128158184198196178148114 84 65 62 7510113416618919819020 8 8QJ 92220022 219899999999999999 331 871541 6299999999999999
170143116 96 87 93110136162182189181161134106 85 76 80 9812415317719119120 8 9QJ 959189223019399999999999999 4 6 871610 7599999999999999
178156130107 92 89 97116139160174176166148126105 93 9110011814116418018620 810QJ104017723 118699999999999999 447 891641 9099999999999999
181166145122103 93 9210111713615316316315514112511210610811713315116717720 811QJ1133164234017999999999999999 535 91171810599999999999999
179172157138119103 94 9310011312914315215515114213212412012212914115416520 812QJ1251155999999999999999999999 638 92181212099999999999999
172172166154137120104 93 90 9410511913414615315415014413713213113414115120 813QJ 036173144415499999999999999 757 90194913199999999999999
161168170167156140121102 88 81 83 9311012814515816416215614713813213213720 814QJ 157170161916499999999999999 917 81213813199999999999999
146158168174173162144120 96 77 67 69 8210312815216917717516515113712712520 815QJ 3191751717178999999999999991021 66224812499999999999999
130143160175184183169145115 85 61 51 55 7410313516518519118516914812911720 816QJ 42318518 0191999999999999991113 50233711599999999999999
116126145168188198194175143105 69 43 35 45 7210914918220020318916513811620 817QJ 5151991838204999999999999991158 35999999999999999999999
105108124151180203213204177136 91 52 27 24 42 7712216619921320818615512320 818QJ 6 2213191321499999999999999 0181041240 2399999999999999
101 93103127161195218224208173125 76 37 17 21 47 9114118521422020617613920 819QJ 646225194922199999999999999 057 931320 1699999999999999
106 86 84101133172208229229206164112 63 28 16 28 6211016120222322019716020 820QJ 730232202322499999999999999 136 8314 0 1699999999999999
120 89 74 79103140182216232226197151100 56 29 25 44 8413318121422421218220 821QJ 814233205822599999999999999 216 741440 2399999999999999
141103 76 67 78106146187217227215184139 93 57 39 43 6810915619521821919920 822QJ 858227213222199999999999999 257 671519 3899999999999999
164124 89 68 65 80110149185209214200169130 92 66 57 68 9513317320221420720 823QJ 94521522 621599999999999999 340 641558 5799999999999999
183148111 82 66 67 83113147177195197183158127100 83 81 9412015218220120520 824QJ1037198224320599999999999999 427 641638 8099999999999999
193168136104 81 69 71 8611113916317717917015213111310310411713716118219320 825QJ1139180232619599999999999999 521 68172410299999999999999
192180158131105 85 74 75 8610512714716016516215314112912312313114516117520 826QJ13 8165999999999999999999999 627 73182712299999999999999
183182172155133111 92 79 76 81 9411213114815916316115414513713313514315420 827QJ 02418315 816399999999999999 754 76201113399999999999999
165173176171159140118 97 80 71 72 8210012214316117117316615514313313013420 828QJ 154176164017399999999999999 927 7022 013099999999999999
143157169178177168149124 98 76 63 61 71 9312014817118318417415713912511920 829QJ 3301791734185999999999999991039 6023 811999999999999999
122135154173185187177154124 92 66 51 51 66 9412816018419519117415112711120 830QJ 4401881813195999999999999991131 49235310699999999999999
106114133158182197197182153117 81 54 42 47 6910414317719820319016613611120 831QJ 5321991846203999999999999991212 41999999999999999999999
 96 97112138169195207203180145103 67 43 38 51 8212216319320720218114911720 9 1QJ 614208191420899999999999999 029 951247 3799999999999999
 94 85 94117150183207214201170129 87 54 38 42 6510214518320520919316312820 9 2QJ 651214194121099999999999999 1 1 851319 3799999999999999
 98 80 80 98128165197214212191154111 72 47 41 55 8612816819821020217614120 9 3QJ 72421620 521099999999999999 130 781347 4199999999999999
106 81 73 82108143179206215203174134 93 62 48 53 7611315418820720618715420 9 4QJ 756215202820999999999999999 159 731414 4799999999999999
118 87 71 71 90121158190208207188154115 82 61 58 7310214017520020619416720 9 5QJ 827210205020799999999999999 227 691440 5799999999999999
131 98 74 67 76101134169194203193169135102 78 68 75 9712916319020219717620 9 6QJ 859203211320399999999999999 256 6715 5 6899999999999999
145111 84 68 69 85113145174190191176151122 97 82 82 9612115017719419618220 9 7QJ 932193213719799999999999999 327 671530 8099999999999999
157127 98 77 69 76 95122150172181176160138115 99 9410011714016418218918320 9 8QJ10 918122 318999999999999999 4 2 691557 9499999999999999
166141114 91 77 75 8410312614916416816214913211810910911813315216817917920 9 9QJ1055168223318099999999999999 442 74162810899999999999999
170153131109 92 82 81 9010512414115315615314513512712312513214215516517020 910QJ12 1156231617099999999999999 533 81171212399999999999999
168160146129111 97 87 85 9010111613014214915214914513913613513714214915620 911QJ1358152999999999999999999999 650 85184813599999999999999
161161157148134118102 89 82 82 9010412013615015816115815214413713413514020 912QJ 039162155616199999999999999 829 81211913499999999999999
147156162163158144126104 85 72 68 75 9211413815917217617115914413112312220 913QJ 243164165417699999999999999 950 68223412199999999999999
129143158171177172156130101 74 56 51 62 8511614817418919017815813511610620 914QJ 4 41771734191999999999999991048 51232010599999999999999
108122144168188195187164129 91 58 38 36 53 86126165193205199178148118 9620 915QJ 5 119518 9205999999999999991135 352359 8899999999999999
 88 97119151183206212198166122 77 41 24 29 54 96144185211216200168129 9520 916QJ 5492131843217999999999999991218 23999999999999999999999
 75 72 89122163200223225203162111 63 30 18 31 6611516620522421819115010620 917QJ 634227191622599999999999999 037 711258 1899999999999999
 72 56 62 88129175214233228199153100 54 26 23 45 8713918822022821117412720 918QJ 718234194922999999999999999 115 551338 2199999999999999
 83 52 43 57 91138185221234223189141 91 52 33 39 6811316320522622319615320 919QJ 8 3234202222899999999999999 154 431416 3299999999999999
104 63 40 38 59 97145189219226209174130 87 59 50 63 9513918221322320917620 920QJ 848226205422399999999999999 234 361454 5099999999999999
131 86 52 36 41 65104148186208210192160123 91 73 73 9012115919221121019020 921QJ 935211212721399999999999999 316 351532 7199999999999999
155114 76 50 40 49 74109146176191190174150123102 93 9711414117019220119320 922QJ102619322 220199999999999999 4 1 401611 9299999999999999
171140105 75 56 51 60 8110913816017217216214612911711211813215117018318520 923QJ1129173224218699999999999999 452 51165711299999999999999
176157132105 83 68 63 69 8410512614415515915614913913212813013814916016820 924QJ13 4159234217099999999999999 556 6318 812899999999999999
170164151133114 95 81 73 74 82 9611313014515515915715114313613313413914620 925QJ1510159999999999999999999999 728 72202013299999999999999
154159159154142126107 90 77 72 75 8610312414416016816816014813512512112420 926QJ 135160162816999999999999999 910 7222 612199999999999999
132144156163163154137115 92 74 64 66 7810012715217117917616314312411010520 927QJ 3281641712180999999999999991023 6423 010599999999999999
110124143162174175164142114 86 65 55 59 78106138167185189178156130106 9220 928QJ 4371761745189999999999999991113 552338 8999999999999999
 90102124151174186185168140106 75 54 49 60 86121156183196191171141110 8620 929QJ 5241881814196999999999999991151 48999999999999999999999
 76 82102133164188197189165130 92 62 47 49 69102142176197200184154119 8720 930QJ 6 3197183920199999999999999 0 9 761223 4599999999999999
 68 66 81111147180200202185153114 77 53 46 58 87126165193204195168131 942010 1QJ 63620419 320499999999999999 037 651252 4599999999999999
 66 55 64 89126165194207199174136 96 65 50 53 761111511852042021801451052010 2QJ 7 8207192520599999999999999 1 4 551318 4999999999999999
 70 51 51 69103144180203205189156117 82 60 56 70 991381741992041901581182010 3QJ 739207194720599999999999999 131 481344 5599999999999999
 80 52 43 54 81120160190203196172137102 75 63 69 921251611902021951701332010 4QJ 8 920420 920399999999999999 158 4314 9 6399999999999999
 93 60 43 44 63 97136171193196182154121 92 75 74 891161491781961961791472010 5QJ 840197203119999999999999999 226 411434 7299999999999999
109 74 50 42 52 77112148176188184165137110 90 83 901101371651861921831592010 6QJ 913189205519299999999999999 256 4215 0 8399999999999999
126 91 63 48 48 64 92124154173178168149126107 96 961081281521721831811652010 7QJ 949178212018499999999999999 328 461527 9599999999999999
140109 81 61 53 59 771021301521651651551391231111071111231401581701741662010 8QJ1032166214917499999999999999 4 4 53155810799999999999999
149126102 80 66 62 69 851061281451531541471371271211191241321441551611612010 9QJ1132155222916299999999999999 451 62164411999999999999999
154140122103 86 75 70 74 86102119134144149148143137132129129133138145150201010QJ1319149235015199999999999999 6 0 70182612999999999999999
151148140127112 96 82 74 72 79 92108126141152156155149140132126123126132201011QJ1516156999999999999999999999 741 72205912399999999999999
140147151149140125105 85 70 63 66 79 99123146163170168158142125112106109201012QJ 213151161617199999999999999 913 63221110699999999999999
120136152164166157137110 82 60 49 52 69 97130159180186178159133108 91 85201013QJ 3441661657186999999999999991017 482256 8599999999999999
 93112138164182186173146110 74 47 35 43 67104144178198198181151115 84 66201014QJ 44418617332009999999999999911 7 352335 6299999999999999
 64 80110147181201203184148104 63 35 28 42 75120165198212203174133 90 57201015QJ 53420518 7212999999999999991152 27999999999999999999999
 41 47 74114160197217214187144 96 54 30 29 51 92141186214219198158109 63201016QJ 621218184022099999999999999 014 411233 2699999999999999
 32 23 38 74123172209225215183136 88 50 33 40 70115164204222215184136 83201017QJ 7 7225191422399999999999999 053 231313 3399999999999999
 39 14 13 36 79132181214224208173127 83 54 45 60 94139183213221203163112201018QJ 753224194722199999999999999 132 111352 4599999999999999
 61 23  6 13 42 88139183210213195160119 85 65 64 83118159194213210184141201019QJ 839215202121599999999999999 213  61431 6299999999999999
 92 48 18  9 21 53 97142179198197178148116 91 80 85106137171195204192163201020QJ 927200205520499999999999999 255  81511 8099999999999999
122 80 44 23 19 35 65103141169182179163140117101 97104123148172187187172201021QJ1019182213218999999999999999 340 181553 9799999999999999
145111 76 50 35 35 50 75105134155165163153138123113111118132149164172169201022QJ1122165221517299999999999999 429 33164411199999999999999
155134107 82 62 51 52 62 80103125142152154150141131124120123130140150155201023QJ1249154231715599999999999999 530 5018 512099999999999999
153145130112 93 77 67 64 69 81 98116132145152152147138129122118120126133201024QJ1434153999999999999999999999 653 64201011899999999999999
140144142135122106 90 77 70 69 77 92111130147157160154142127114106104110201025QJ 113144154616099999999999999 831 69214310499999999999999
120133143147144134117 98 80 69 66 73 89112136156167167156138117 99 89 88201026QJ 3 9147163116899999999999999 947 652234 8799999999999999
 97114133149158156143122 98 76 63 61 72 93121148169177171152126100 80 71201027QJ 41815817 5177999999999999991040 602311 7199999999999999
 75 92116142161170164146119 91 68 57 60 77105137165181182167139107 78 60201028QJ 5 71701733184999999999999991119 562342 5699999999999999
 57 69 95126156175179167142110 80 60 54 64 89123156180189179154119 83 55201029QJ 5451791759189999999999999991152 54999999999999999999999
 43 49 72106142171186183163132 98 70 56 58 77108144175191189168133 93 58201030QJ 620187182319399999999999999 010 431222 5499999999999999
 36 34 50 82122159184191179152118 85 63 57 69 96131165188194179148107 66201031QJ 652191184719499999999999999 038 321250 5799999999999999
 36 24 32 59 98140174191189169138103 76 62 66 86118153181194188162123 802011 1QJ 724193191019599999999999999 1 5 241317 6299999999999999
 43 22 21 40 74117156183191181155122 92 72 68 81107140170190191173139 972011 2QJ 755191193519399999999999999 133 191344 6899999999999999
 57 28 17 26 53 92134167185184167139109 86 75 80 991271571801891801531162011 3QJ 82718720 018999999999999999 2 3 171411 7599999999999999
 75 41 21 20 38 70109146171180173152125101 86 84 951161431671821801631332011 4QJ 9 1180202618399999999999999 234 181440 8399999999999999
 95 60 34 24 30 52 85121151169171159139117100 92 951091301521691751671452011 5QJ 938172205517599999999999999 3 7 241511 9299999999999999
115 82 54 36 32 43 66 971271501611601481311151041011071201371541641641522011 6QJ1022162212916599999999999999 344 31154910199999999999999
131104 77 55 43 43 54 751011261441521511431301191111101141241361471531512011 7QJ1121153221615499999999999999 431 41164410999999999999999
141124102 81 63 52 52 61 78 991201371471491441361261181141141191271361422011 8QJ1246149233914399999999999999 534 51182211399999999999999
143137126109 90 73 61 56 61 74 931141331471531521441321201101051061121222011 9QJ1419153999999999999999999999 7 0 56202210599999999999999
133140142136122103 83 65 56 56 67 87111135154164163152134114 97 87 86 95201110QJ 144142152416599999999999999 828 552135 8599999999999999
111129146154152138115 89 65 51 49 61 84115145167178173155128 99 76 63 64201111QJ 318155161117899999999999999 939 482226 6299999999999999
 79104132157171170153124 91 62 44 43 59 89125160184190178150113 77 49 37201112QJ 4251721651190999999999999991035 4223 9 3799999999999999
 44 67102141172188185163128 89 57 40 43 64100142178198198176138 92 50 22201113QJ 5201891729201999999999999991123 392351 1499999999999999
 15 29 62107152186201194166127 86 55 41 49 77118161194208198166119 67 25201114QJ 61120118 52089999999999999912 8 41999999999999999999999
  1 -1 22 63114162195207195164122 83 56 48 62 94137178205210190149 97 45201115QJ 659207184221199999999999999 033 -31251 4899999999999999
  5-13 -6 23 70123169199205189156117 82 61 60 79113154189207203175130 77201116QJ 747206191920999999999999999 115-141333 5899999999999999
 28 -5-16 -3 31 80130172195197178147112 84 70 75 96130166193202190157111201117QJ 834199195620299999999999999 157-161415 7099999999999999
 62 20 -5 -9  9 44 90135169186184165137109 88 81 89111141170188190172139201118QJ 922187203519299999999999999 240-101457 8199999999999999
 96 54 21  3  5 25 58 98136163174169153130108 94 92101120145166177173155201119QJ1012174211617899999999999999 325  21543 9199999999999999
124 88 54 29 18 23 42 71104134154161157144126110101100108123141156162156201120QJ11 716122 216299999999999999 412 181637 9999999999999999
139114 86 60 42 35 40 56 80106130145152149140126114105103108118131142146201121QJ121215223 114699999999999999 5 4 35174710399999999999999
142130111 90 71 57 51 55 67 85106126140147147140128116106101102108118127201122QJ1327148999999999999999999999 6 7 51192110099999999999999
133133126114 98 82 70 63 64 72 87106124139148149142129114101 92 90 94104201123QJ 030134143714999999999999999 724 622049 9099999999999999
116126131129121108 92 78 69 68 74 88107127144153154144127108 90 78 74 80201124QJ 218131153115599999999999999 843 672151 7499999999999999
 94110126136137130116 98 82 71 68 75 91113135153161157142119 94 73 60 59201125QJ 342138161216199999999999999 947 682235 5899999999999999
 70 89112133145147138120 99 80 69 67 78 98123147163167157134105 75 53 43201126QJ 4401481646168999999999999991036 662311 4399999999999999
 48 66 92121144157156142120 95 76 66 69 84109137161173169150119 84 53 33201127QJ 5251581717173999999999999991117 652343 2999999999999999
 29 42 69103135158167160140114 88 70 65 74 96125153173177164135 98 60 31201128QJ 6 31671745178999999999999991152 65999999999999999999999
 17 22 45 80118151170172159134105 81 67 69 85112142168180175152115 73 36201129QJ 638173181318199999999999999 013 171225 6699999999999999
 13  8 23 55 95135164177172152123 95 75 68 77 99129158178182166134 92 50201130QJ 712177184118399999999999999 044  71256 6899999999999999
 17  2  7 32 70113150173178166141111 86 73 74 89115145171182176151113 692012 1QJ 746179191018399999999999999 115  11326 7199999999999999
 31  5 -1 14 46 87129161176173155128101 82 75 83103131158177180164133 922012 2QJ 820177194018199999999999999 147 -11358 7599999999999999
 51 18  1  4 26 62104141166173164143117 94 81 81 941161431651761711491152012 3QJ 856173201217799999999999999 221  01431 7999999999999999
 75 38 13  4 14 41 78116148165166154132109 92 84 891041261491661701591342012 4QJ 934168204817099999999999999 257  415 7 8499999999999999
100 64 33 15 13 27 55 90124149161158145125106 93 89 961111301491601601462012 5QJ1018162212916299999999999999 337 111551 8999999999999999
122 91 59 35 22 24 40 66 98127148156152139122106 95 93 991111281431511492012 6QJ11 9156222115299999999999999 422 211648 9399999999999999
137115 89 62 42 32 35 50 74102128146153150139123108 96 92 951051181321402012 7QJ1211153233414299999999999999 517 3118 5 9299999999999999
141132116 94 71 52 43 44 56 77103127145154152142125108 93 85 84 911041192012 8QJ1320154999999999999999999999 623 421935 8399999999999999
131137135123104 83 64 52 50 60 79104129149159158146126104 83 70 66 72 882012 9QJ 112138142516099999999999999 739 492052 6699999999999999
107126140143135118 96 74 58 53 61 80106134156167165149124 94 67 49 44 52201210QJ 249143152016899999999999999 854 532154 4499999999999999
 72 99127147155150132107 81 62 55 63 83113143167177171149116 79 46 26 21201211QJ 4 615616 917899999999999999 959 552246 2199999999999999
 34 61 97132158169163143114 85 64 57 66 89122155178186174145104 60 24  3201212QJ 5101691654186999999999999991057 572333  099999999999999
  2 21 56 99140169180172149117 86 65 59 72 99134167188191172135 88 41  4201213QJ 6 51801737192999999999999991148 59999999999999999999999
-14-10 16 57105149178187176149115 84 66 64 80110146178195191165122 71 23201214QJ 656187181919699999999999999 019-151236 6299999999999999
-10-24-13 18 64114157183188173144110 82 67 70 90122157185196185154107 56201215QJ 74418919 119699999999999999 1 4-241321 6699999999999999
 11-18-24 -8 27 75124162183183165136104 80 71 77100132164186191174139 93201216QJ 830186194319299999999999999 148-2514 5 7099999999999999
 44  5-17-17  4 42 88132164179174154126 98 79 75 85108139166182181160124201217QJ 915179202518499999999999999 231-191448 7499999999999999
 80 37  6 -8 -3 21 59101138163171162142116 93 80 79 92115141163173167144201218QJ 95717121 717399999999999999 313 -91532 7899999999999999
110 71 36 13  6 16 41 76112142159161151131109 90 81 83 96117139155160151201219QJ1040162215016099999999999999 354  61619 8199999999999999
129 98 66 40 24 23 36 60 90120142153152141123104 89 83 85 97114132144145201220QJ1124154223814699999999999999 435 221711 8299999999999999
135116 92 67 48 39 41 54 76101125141148145134118101 88 82 84 94107121130201221QJ1212148233813299999999999999 518 391815 8299999999999999
131124110 91 73 60 54 57 69 87108127140145142131116 99 86 78 78 85 97109201222QJ13 7145999999999999999999999 6 8 541931 7799999999999999
118122119109 96 83 72 67 70 79 94111128139144141130114 96 80 70 68 74 85201223QJ 1 212214 614499999999999999 711 672046 6899999999999999
 99111119120115105 93 82 76 77 84 97114130142147142129110 88 69 57 55 61201224QJ 24112015 214799999999999999 827 762147 5499999999999999
 76 93111123127124114101 89 81 79 86100117135148151144126102 76 54 41 41201225QJ 4 4127155115199999999999999 939 792235 3999999999999999
 51 71 95117132138134122105 90 80 79 87104124143155155143119 89 59 36 25201226QJ 5 41381633157999999999999991038 792315 2599999999999999
 29 46 73103128145149141124105 87 78 79 91111134153162157138107 72 40 18201227QJ 5491491710162999999999999991124 772351 1299999999999999
 12 23 48 82116142157156143122 99 82 75 80 97121146163168155128 91 52 20201228QJ 62815817461689999999999999912 4 75999999999999999999999
  3  4 23 56 95131156165159140115 91 76 74 85107134158172169149114 72 32201229QJ 7 4165182117399999999999999 026  11240 7399999999999999
  3 -7  3 30 70112146166169155131105 83 72 76 93119147169177166137 97 52201230QJ 739170185517799999999999999 1 1 -71315 7299999999999999
 14 -8-10  8 43 86127158171167148121 94 77 72 82104132159176176158123 79201231QJ 814172193117999999999999999 137-121349 7299999999999999
