 52 36 29 31 43 62 83103118124123115103 92 85 84 88 96106113115111101 8620 1 1QP 918125195311599999999999999 215 281445 8399999999999999
 69 53 43 40 46 58 75 93109119122118110100 90 84 82 85 91 98103104101 9320 1 2QP 958122204710499999999999999 250 401551 8299999999999999
 82 69 59 53 54 60 72 86101112119120116107 97 87 80 77 77 81 87 92 94 9420 1 3QP10401202217 9599999999999999 329 531718 7699999999999999
 90 83 75 69 66 67 72 82 94105114119119114105 94 83 73 68 66 70 75 82 8820 1 4QP1129120999999999999999999999 418 651844 6699999999999999
 92 92 90 85 80 77 77 82 89 99108116120119113103 89 75 63 55 53 57 66 7620 1 5QP 037 92122212099999999999999 527 771948 5399999999999999
 87 95100100 96 91 87 85 88 94102111119123121113 99 81 63 48 40 39 46 5920 1 6QP 228100131312399999999999999 654 852035 3899999999999999
 76 92104110111106 99 93 89 91 96105115124127123111 92 70 48 32 24 26 3820 1 7QP 333111135912799999999999999 814 892116 2399999999999999
 58 80100115121120113103 95 91 92 99110122130131124107 83 56 31 15  9 1720 1 8QP 419122144113299999999999999 915 912155  999999999999999
 35 61 88111126131126116104 94 90 93103117129137135123100 71 40 15  0 -120 1 9QP 5 013115211379999999999999910 3 902234 -399999999999999
 12 37 68 98122135136128115101 91 89 95108124137143137119 91 58 25  0-1120 110QP 53813716 1143999999999999991044 892314-1299999999999999
 -7 13 43 77108130140137126110 95 87 88 98114131144146136113 81 46 13 -920 111QP 6161401642147999999999999991123 872354-1699999999999999
-16 -6 19 53 88117136141134120102 89 84 88101119136147145131105 71 36  620 112QP 65514117251489999999999999912 3 84999999999999999999999
-12-13  2 30 65 98124138138128111 94 83 81 88104122137145140124 96 63 3020 113QP 73214018 914599999999999999 035-151243 8099999999999999
  5 -7 -3 15 45 78107128136132119102 86 77 78 87103120133138131114 88 5720 114QP 8 9136185613899999999999999 115 -81326 7699999999999999
 30 11  4 12 33 61 90115129132124110 92 79 72 74 84 99114124127120104 8220 115QP 845133194812799999999999999 156  41415 7299999999999999
 57 36 23 22 32 52 77101119128127116101 85 73 67 69 78 90103111114109 9620 116QP 921129205011499999999999999 236 211513 6799999999999999
 79 62 47 40 42 53 71 91109122126121110 94 79 68 62 62 68 78 88 97101 9920 117QP 957126221510199999999999999 318 401626 6199999999999999
 93 82 71 62 59 62 72 86102115122123117105 90 75 63 55 53 56 64 74 83 9120 118QP1037124999999999999999999999 4 2 591754 5299999999999999
 95 94 90 84 79 77 79 86 97108117122122115103 88 72 57 46 41 42 49 60 7320 119QP 021 95112512399999999999999 5 0 771918 4199999999999999
 86 95100100 97 93 91 91 95102110118122122116104 87 68 50 36 28 29 37 5220 120QP 234101122712399999999999999 625 902026 2899999999999999
 69 87101109112109104 99 96 98103111119124125118104 85 62 41 24 16 18 3020 121QP 354112133312599999999999999 8 7 962120 1699999999999999
 49 71 93110120121116108101 96 97103112122128129121104 81 54 30 13  7 1220 122QP 442122143313099999999999999 923 9622 4  799999999999999
 28 52 79103120128126118107 97 93 94103115127134133121101 73 45 20  4  120 123QP 5181281523134999999999999991014 922244  199999999999999
 12 33 62 91114129133126114101 91 88 93105120132138134119 94 64 34 11 -120 124QP 55013316 7138999999999999991052 882319 -299999999999999
  2 18 44 75104124134132121106 92 84 84 94109126138141132112 84 52 24  520 125QP 6191341646141999999999999991125 832352 -199999999999999
 -1  8 30 60 90116131134126112 95 82 78 84 97115131141139125102 71 41 1720 126QP 6471341722141999999999999991156 78999999999999999999999
  4  6 21 47 77105125133130117100 84 75 75 86102120134139133115 89 59 3220 127QP 712133175713999999999999999 023  31226 7499999999999999
 15 10 18 39 66 94117130131122106 88 75 70 75 89106123133133123102 76 5020 128QP 737132183113599999999999999 051  91258 7099999999999999
 29 19 21 35 58 85108124130125112 94 78 69 68 77 92108122128124110 90 6620 129QP 8 013019 712899999999999999 119 181332 6799999999999999
 45 32 29 37 55 78100118127127117101 84 71 65 68 78 92106116118112 98 8020 130QP 825128194611999999999999999 145 281411 6599999999999999
 61 47 40 43 55 73 94112123126120108 92 77 67 64 68 77 89101107108101 8920 131QP 849126203210899999999999999 211 401456 6499999999999999
 75 63 55 54 60 73 89105118123122113100 86 73 64 62 65 73 83 92 97 98 9320 2 1QP 9161242135 9899999999999999 238 531554 6299999999999999
 86 77 70 67 69 76 87100111119120116107 95 82 70 62 58 60 66 74 82 88 9120 2 2QP 9471212323 9199999999999999 3 8 6717 9 5899999999999999
 91 88 84 81 80 83 89 97106113117117112104 92 79 67 57 51 51 55 63 73 8220 2 3QP1028118999999999999999999999 346 801835 5199999999999999
 89 94 96 95 94 93 93 96101107112115115111103 92 77 62 49 41 39 43 53 6620 2 4QP 213 96113211699999999999999 510 931950 3899999999999999
 80 93102107107105101 99 99101106111115117114106 92 74 55 38 27 24 30 4420 2 5QP 338107125711799999999999999 734 992048 2499999999999999
 63 83101113118117112105 99 97 98104112119123120110 92 68 44 23 11 10 2020 2 6QP 41911914 812399999999999999 9 6 972137  999999999999999
 40 65 91112125128124114103 94 91 95104116126131127113 89 60 31  8 -3 -120 2 7QP 45412815 513199999999999999 959 912221 -499999999999999
 15 41 72101123134134124109 95 86 85 92106122135140133113 84 50 18 -5-1320 2 8QP 5271351555140999999999999991039 8423 3-1399999999999999
 -6 16 48 83113133139133118100 84 76 79 91110129143146135111 77 40  8-1220 2 9QP 6 01391643146999999999999991117 762343-1799999999999999
-16 -3 25 61 96124139139127108 87 72 67 74 91114135147147132105 69 32  320 210QP 6321411730149999999999999991154 67999999999999999999999
-12-10  9 41 77110132140134116 93 72 60 59 71 92116136146143125 96 62 2920 211QP 7 3140181614799999999999999 022-131232 5899999999999999
  5 -3  5 28 60 94121136137124102 78 59 51 54 69 91114132139134115 88 5720 212QP 73213819 413999999999999999 1 0 -31312 5099999999999999
 31 15 14 27 52 81109128135129111 88 65 50 45 51 67 88109123128121105 8220 213QP 8 0135195512899999999999999 135 131356 4599999999999999
 58 40 32 36 52 75100120131130118 99 76 56 44 42 49 64 82 99110113108 9620 214QP 827132205311499999999999999 2 9 321444 4299999999999999
 79 64 54 53 60 75 94112125129123108 89 69 52 43 41 47 59 73 86 96100 9820 215QP 85312922 910099999999999999 240 521542 4199999999999999
 91 82 75 71 73 81 93107118124123115101 84 67 53 43 40 43 51 62 73 83 8920 216QP 921125999999999999999999999 3 9 7117 0 4099999999999999
 92 92 90 88 88 90 96104112118120117110 98 84 69 55 45 39 38 42 51 62 7420 217QP 025 93 95712099999999999999 338 881838 3899999999999999
 85 93 98101101101101103106110113115113108100 87 73 57 44 34 30 33 42 5520 218QP11 511599999999999999999999920 6 30999999999999999999999
 71 87100108111110107104102102104108112114112105 92 76 57 40 27 22 25 3720 219QP 41511113 411499999999999999 82910121 8 2299999999999999
 54 75 94109118119114107100 95 94 98105113118118110 95 75 53 33 19 15 2120 220QP 440119142911899999999999999 939 942154 1599999999999999
 37 60 84106120125121112100 90 85 87 95106118125124114 95 70 45 24 11 1120 221QP 5 41251525125999999999999991016 852232 1099999999999999
 23 45 71 97117128127118104 89 79 77 83 96112125131127113 89 61 35 15  720 222QP 52812916 8131999999999999991046 7723 5  799999999999999
 13 31 58 87111127131124109 91 76 69 72 84102120132135127107 79 50 25 1020 223QP 5501311646136999999999999991113 682334  899999999999999
  9 22 46 75103123132128114 95 76 64 62 71 88109127137135121 97 67 39 1920 224QP 6121321720138999999999999991140 61999999999999999999999
 11 18 38 65 94117130131120100 79 62 54 59 74 95117132137130111 84 55 3220 225QP 633132175413799999999999999 0 1 1112 7 5499999999999999
 19 20 34 57 85111127132125107 85 64 51 50 60 79102122133132120 98 72 4720 226QP 653132182813499999999999999 027 181236 4999999999999999
 31 26 34 53 79104123132128114 92 69 52 45 49 64 85107123129124108 86 6320 227QP 71213219 312999999999999999 051 2613 7 4599999999999999
 45 36 39 53 74 98118129130119100 77 57 45 43 52 69 89108119121113 97 7720 228QP 732131194012199999999999999 115 361339 4299999999999999
 60 49 48 56 73 93112125129122107 86 66 50 42 45 56 72 90105112111102 8920 229QP 751129202211399999999999999 138 471416 4299999999999999
 74 63 59 63 74 90107120126123112 95 76 58 47 43 47 58 73 87 98103102 9520 3 1QP 812126211510499999999999999 2 1 591458 4399999999999999
 85 77 72 72 79 89102114121121115102 86 70 56 47 44 48 57 69 80 90 95 9520 3 2QP 8331222238 9599999999999999 225 711555 4499999999999999
 92 88 85 84 86 92100108115117115107 96 82 68 56 47 43 45 51 60 71 81 8820 3 3QP 9 0117999999999999999999999 250 831716 4399999999999999
 93 96 96 96 96 97100104108111112109104 95 84 71 58 47 39 37 40 49 60 7420 3 4QP 9441129999999999999999999991854 37999999999999999999999
 87 97104107107105103102102103105107108106100 90 75 59 43 31 25 27 37 5220 3 5QP 332107115110899999999999999 7311012014 2599999999999999
 71 90105115118115109102 96 94 95100107112114109 97 79 57 35 19 11 14 2820 3 6QP 4 1118134911499999999999999 9 9 942113 1199999999999999
 50 75 99116126126118106 94 85 83 87 98110121125120104 80 52 25  6 -1  620 3 7QP 430127145812599999999999999 951 8322 1 -199999999999999
 25 53 84110128133127113 95 80 71 71 82 99117131136128108 78 45 16 -3 -720 3 8QP 4581331553136999999999999991026 702244 -799999999999999
  5 31 64 97123136135122101 79 62 56 62 79102125141144132107 74 38  9 -620 3 9QP 52613716431449999999999999911 1 562324 -799999999999999
 -4 14 45 81112133140131110 84 60 44 43 55 78106131146146131103 68 34  920 310QP 5541401731148999999999999991137 42999999999999999999999
  0  8 32 65 99126139137120 93 64 41 30 34 52 80109133145142125 96 63 3420 311QP 621140181914699999999999999 0 1  01214 3099999999999999
 17 15 29 55 87116135139128105 75 46 27 21 30 52 81109130139133115 89 6220 312QP 64713919 813999999999999999 037 141252 2199999999999999
 41 32 36 54 80107128137133115 88 58 33 19 19 31 53 80105122127121105 8520 313QP 711138195812799999999999999 1 9 311333 1799999999999999
 65 53 51 60 78101121133134122101 74 48 28 19 21 34 55 77 97110114109 9720 314QP 734135205511499999999999999 139 501416 1899999999999999
 84 73 68 71 82 98114127131125110 89 65 44 29 23 27 38 55 72 87 9810110020 315QP 75613122 910299999999999999 2 6 6815 7 2399999999999999
 94 88 83 84 89 98109119125123115100 82 63 47 36 31 33 41 52 65 77 87 9320 316QP 820125999999999999999999999 228 831612 3199999999999999
 96 96 95 95 96100106112116117114106 95 81 67 54 44 38 37 40 48 58 69 8120 317QP 033 96 84511799999999999999 240 951747 3699999999999999
 90 97102104104104104105106107107105102 95 86 75 63 51 42 37 37 42 52 6620 318QP 9311079999999999999999999991930 36999999999999999999999
 80 94104110111109105100 97 96 97 99102103100 94 83 69 54 41 33 32 38 5020 319QP 348111125110399999999999999 9 1 962042 3199999999999999
 67 86102113117115108 99 90 85 85 89 96104109108101 88 70 52 36 27 27 3720 320QP 4 6117142810999999999999999 936 842130 2699999999999999
 54 75 96113121121113100 87 77 73 76 86 99110117116106 88 67 45 30 23 2720 321QP 42712215221189999999999999910 2 7322 7 2399999999999999
 42 64 88109123126119104 87 72 63 64 73 89106119125120106 84 59 37 24 2220 322QP 44812616 4125999999999999991027 622239 2299999999999999
 33 53 79103121129124110 90 70 56 52 59 75 96115128130120101 75 50 31 2320 323QP 5 81291641131999999999999991052 5223 7 2399999999999999
 28 45 70 96118130129117 96 72 53 43 46 60 82105124134130116 92 65 43 2920 324QP 5281311715134999999999999991118 422333 2799999999999999
 28 40 62 89113128132123103 78 54 38 35 45 65 91115131135126107 82 57 3920 325QP 5471321749135999999999999991144 342358 3399999999999999
 33 40 58 82107126133128111 85 59 38 28 32 49 74100122133131118 97 73 5220 326QP 6 51331823134999999999999991212 28999999999999999999999
 42 43 57 78102122133131118 94 67 42 27 24 35 56 83107125130124108 87 6720 327QP 624134185813099999999999999 022 411241 2399999999999999
 53 50 58 75 97117130132123103 77 51 31 22 26 42 65 90111123124115 99 8120 328QP 642133193512599999999999999 046 501311 2299999999999999
 66 60 63 75 93111125131126110 87 62 40 26 23 32 49 72 94110118116106 9220 329QP 7 1131201711899999999999999 110 601345 2399999999999999
 79 71 70 78 91106120127126115 97 74 52 35 26 28 38 55 75 9310511010710020 330QP 72112821 811099999999999999 134 701423 2699999999999999
 90 83 80 83 91102114121123117104 86 66 49 36 30 32 42 56 73 87 9810210220 331QP 742123222510399999999999999 2 0 801512 3099999999999999
 98 94 91 91 94100108114117115108 96 81 65 51 40 35 35 42 53 66 79 90 9720 4 1QP 8 7117999999999999999999999 232 901624 3499999999999999
101102101100100101103106109109107102 93 83 70 57 45 37 34 36 44 57 71 8520 4 2QP 054102 84610999999999999999 34810018 4 3499999999999999
 97105110110108104101 99 98 99101102102 98 91 79 64 49 36 28 27 34 48 6620 4 3QP 239110112210299999999999999 751 981935 2799999999999999
 85102114119117111102 93 87 85 88 94102107108102 89 71 50 32 20 18 27 4420 4 4QP 316119134010999999999999999 853 852041 1899999999999999
 68 92112124126120107 91 78 70 70 78 91106118121115 98 75 49 26 13 13 2520 4 5QP 346126145312199999999999999 930 692133 1199999999999999
 48 76103123132129115 95 74 58 51 56 71 93114129133124104 75 46 22 11 1420 4 6QP 41413215501339999999999999910 4 512217 1099999999999999
 32 59 90117134136125103 76 52 36 34 46 69 97122139141130105 74 44 23 1520 4 7QP 4411371641142999999999999991039 332258 1599999999999999
 24 46 77107130140134114 85 54 30 18 22 40 69101128144144129103 72 45 2920 4 8QP 5 81401731146999999999999991116 172335 2699999999999999
 27 41 67 97123139140126 98 65 33 12  5 15 40 72105131143141125 99 72 5020 4 9QP 5341421820144999999999999991153  5999999999999999999999
 41 45 63 89115135142134112 80 46 17  1  0 16 43 76107129138133117 95 7320 410QP 55914219 913899999999999999 010 401231 -199999999999999
 59 57 66 85108129140139124 97 64 32  9 -1  3 21 49 79105122128123109 9220 411QP 62414120 012899999999999999 043 561311 -299999999999999
 78 71 74 86103121135138130110 83 53 26  9  4 12 30 54 7910011411811310420 412QP 648138205711899999999999999 113 711353  499999999999999
 93 85 84 89100114126132130118 98 73 48 28 17 15 23 38 58 78 9410510810720 413QP 71313322 710899999999999999 142 831440 1499999999999999
101 96 93 94100108117123124118106 89 69 50 36 28 27 33 45 60 75 88 9810320 414QP 739125235510499999999999999 213 931537 2699999999999999
104103101100101104108112114113107 98 85 71 58 46 39 37 40 48 59 72 84 9420 415QP 8 7114999999999999999999999 3 31001654 3799999999999999
102106107106104102101102102103102 99 94 87 78 67 57 48 44 44 49 58 70 8420 416QP 154107 9 010399999999999999 6171011830 4399999999999999
 96106111112109103 97 93 90 90 92 95 97 97 94 86 76 64 53 46 43 48 58 7220 417QP 2401121233 9799999999999999 832 901950 4399999999999999
 88102113117115107 97 87 80 77 79 85 93100104102 94 81 67 53 44 42 48 6120 418QP 3 9117141310499999999999999 9 5 772046 4299999999999999
 78 97112121121114100 85 72 65 64 71 83 96107112110 99 83 65 50 42 42 5220 419QP 33312215 911299999999999999 933 642128 4199999999999999
 69 89108122126120106 88 69 56 51 56 69 87105117121115100 81 61 47 42 4620 420QP 356126155312199999999999999 959 5122 2 4299999999999999
 61 81103120129127114 93 70 51 40 41 53 73 96115126126116 97 76 57 46 4520 421QP 4181301631127999999999999991025 392233 4499999999999999
 55 74 97117130132121101 75 51 34 29 37 56 82107125132128113 92 70 55 4820 422QP 43813317 7132999999999999991052 2923 2 4899999999999999
 54 69 91113129135128110 83 55 32 21 23 39 64 93117132135125107 86 66 5620 423QP 4581351743135999999999999991119 202329 5499999999999999
 56 67 86108126136133118 93 64 36 18 14 24 46 75103125135133120100 80 6620 424QP 5181371818136999999999999991148 132355 6199999999999999
 61 67 83103122135137126104 75 45 22 10 13 30 56 86112129134127112 94 7720 425QP 5381371854134999999999999991217 10999999999999999999999
 69 70 81 98117131137131113 87 58 31 14  9 19 40 67 95117129129120105 9020 426QP 6 0137193313099999999999999 022 681249  999999999999999
 79 76 82 95111126134132120 99 72 45 24 12 14 27 49 75 9911712412211310120 427QP 622135201612599999999999999 049 761324 1199999999999999
 89 84 85 93106119128131124108 86 61 38 22 16 21 35 56 7910011311811610920 428QP 646131211011899999999999999 119 8314 4 1699999999999999
100 93 91 94102112121125123114 97 77 56 38 26 22 28 41 59 79 9610811311220 429QP 713125222311399999999999999 154 911454 2299999999999999
108103 99 98100105112116118114105 91 75 58 43 33 29 33 43 58 75 9110311020 430QP 748118999999999999999999999 246 9816 1 2999999999999999
112111108104101101102105107108106101 91 79 65 51 40 34 34 41 54 71 8710120 5 1QP 0 4112 85210899999999999999 4461011727 3399999999999999
111116116112106 99 94 92 92 95 99102102 98 89 76 61 46 37 34 39 51 68 8820 5 2QP 127117113210299999999999999 717 921853 3499999999999999
105117123121113102 90 80 76 77 83 93102108108101 87 69 51 38 33 37 51 7120 5 3QP 215123133110999999999999999 818 7520 2 3399999999999999
 93113125129122109 91 73 61 56 61 73 90107118121113 97 75 54 39 34 40 5720 5 4QP 251129144612199999999999999 9 0 562058 3499999999999999
 80104123134132119 98 73 52 39 37 47 67 91114129132123104 80 57 42 39 4820 5 5QP 322134154613299999999999999 938 362146 3899999999999999
 68 93118134139130109 81 52 29 18 21 39 66 96122138140129108 82 61 48 4920 5 6QP 3511391640141999999999999991016 172229 4799999999999999
 62 84110131143140123 95 62 31  9  3 12 36 68101128143143130108 84 66 5820 5 7QP 4201431731144999999999999991054  223 8 5799999999999999
 62 78102125142146136112 78 43 13 -4 -5 10 38 73106131143141127107 86 7220 5 8QP 4481461821144999999999999991134 -72345 6999999999999999
 69 78 96118137147144127 98 62 28  2 -9 -5 15 45 79110131140136122104 8920 5 9QP 5171471911140999999999999991213-10999999999999999999999
 80 82 93110129142146136115 84 50 20  0 -6  3 24 54 8511112713312811610220 510QP 54614620 113399999999999999 021 801254 -699999999999999
 92 88 93105120134142139125102 73 43 19  5  4 15 36 62 8911012212612111220 511QP 616142205312699999999999999 055 881336  399999999999999
102 95 95101112124133135129114 91 66 42 24 15 17 29 48 70 9110711711911620 512QP 648135215011999999999999999 132 941420 1599999999999999
109102 99100105113121126125117103 85 64 46 33 28 31 41 57 75 9210511311520 513QP 722126225811599999999999999 217 9915 9 2899999999999999
113109104101101104109113116114107 96 82 68 54 44 40 43 51 64 78 9310411220 514QP 8 4116999999999999999999999 32610116 8 4099999999999999
115114110105100 98 98100102104104100 94 85 74 63 55 51 52 58 68 81 9410620 515QP 012115 92010499999999999999 530 981720 5099999999999999
114117116111103 96 90 88 88 91 94 97 98 96 91 82 72 63 58 57 62 72 84 9820 516QP 1121171151 9999999999999999 722 881837 5799999999999999
110118121118109 98 87 79 75 76 81 89 96102103 98 90 79 68 62 60 65 76 9020 517QP 155121134110399999999999999 817 741943 6099999999999999
105117124124117103 88 73 64 61 65 75 88100109111106 96 83 71 64 63 70 8220 518QP 229125144811199999999999999 854 612036 6299999999999999
 98114125129124111 93 73 57 48 49 59 75 93109118119112 99 84 72 65 67 7620 519QP 257129153712099999999999999 925 482119 6599999999999999
 92109124132131120101 77 55 40 35 42 58 80102119127125115100 84 72 68 7320 520QP 323133162012899999999999999 955 352156 6899999999999999
 86104121133136128110 85 59 37 25 26 40 63 89113129134129115 98 82 73 7320 521QP 3481371659134999999999999991025 242230 7299999999999999
 83 98117132139136121 96 67 40 21 15 23 44 72100123136137128112 95 82 7720 522QP 4121401736138999999999999991055 1523 2 7799999999999999
 81 94112129140141130108 79 49 24 10 11 26 52 83111131140137124108 92 8320 523QP 4361421813140999999999999991126  92333 8199999999999999
 82 91106124137143137120 94 62 33 13  6 13 34 63 94119135140133119103 9120 524QP 5 11431852140999999999999991159  6999999999999999999999
 86 90101117132142141130108 79 48 23  8  7 20 44 7310212413613612811410020 525QP 529143193313799999999999999 0 4 861235  699999999999999
 92 91 98110125137141135119 95 66 39 18  9 12 29 53 8110712513313112211020 526QP 558141201813399999999999999 038 901313  899999999999999
100 95 96104116128136136127109 85 59 35 19 14 21 37 61 8710912312912611820 527QP 631137211012999999999999999 115 941356 1499999999999999
109101 98101108118126130128118101 79 56 37 25 22 29 45 67 8910812112512320 528QP 710131221012699999999999999 2 2 981447 2299999999999999
117109102100101106113119122119110 96 78 60 43 33 31 37 51 70 9010711912420 529QP 8 2122231712499999999999999 3 8 991546 3099999999999999
123117109102 97 96 99103108112112107 97 83 68 53 43 39 44 56 73 9210812020 530QP 928112999999999999999999999 448 961656 3999999999999999
125124118108 98 90 85 85 89 96103107108102 92 78 64 53 48 51 61 77 9511220 531QP 019126113410899999999999999 629 851810 4899999999999999
124129126117103 89 76 69 68 74 84 96107113112103 90 75 62 56 57 67 8310220 6 1QP 1 9129132211399999999999999 737 671919 5599999999999999
119130133127113 94 74 58 49 49 59 75 93110120122115101 85 71 63 65 75 9220 6 2QP 150133144112399999999999999 828 482020 6399999999999999
111128137137126106 81 56 38 29 33 47 70 94116129132125110 92 78 71 73 8520 6 3QP 227138154513399999999999999 913 292114 7099999999999999
103122137143138121 95 65 38 19 13 21 41 69 99123137140131115 97 83 78 8320 6 4QP 3 2143164214099999999999999 956 1322 2 7899999999999999
 96115133146147136113 82 49 21  4  2 16 41 73105129143144133117100 88 8520 6 5QP 3371481734145999999999999991038  12247 8599999999999999
 92108126143151147130102 68 35  9 -4 -1 17 46 80111134145143132116101 9220 6 6QP 4121511822146999999999999991119 -42327 9199999999999999
 92102118136149152143122 91 57 25  3 -4  3 25 55 8811713614314012811310020 6 7QP 44815219 81449999999999999912 0 -4999999999999999999999
 95 98110126141150149136112 81 48 21  4  2 13 36 66 9612113513913412210920 6 8QP 524151195214099999999999999 0 6 951241  199999999999999
100 98104116130142147142126101 72 44 22 11 13 27 50 7710312313313412711620 6 9QP 6 0147203513599999999999999 045 971321 1099999999999999
105 99100107118130139140132115 92 67 43 27 21 27 42 64 8810912413012912120 610QP 638141211713099999999999999 125 9814 1 2199999999999999
111103 99100107117126132130121106 86 65 47 36 34 41 56 76 9611312412712420 611QP 71913222 112799999999999999 211 981442 3499999999999999
117108101 98 99105112119122120112 99 83 67 54 47 47 55 69 8610211612412520 612QP 8 7122224912699999999999999 3 9 981526 4699999999999999
122114106 99 95 95 99104109112111105 96 84 72 63 58 60 67 79 9310711812420 613QP 914112233912599999999999999 428 941617 5899999999999999
125121113104 95 89 87 89 94 99103105103 97 89 80 73 69 70 76 87 9911112120 614QP1058105999999999999999999999 559 871717 6999999999999999
126126121111 99 88 80 76 78 83 91 98103105103 97 89 82 78 78 83 9310411620 615QP 029127125610599999999999999 714 761826 7799999999999999
125129128120107 92 78 68 64 66 74 86 98107112111105 97 89 84 84 89 9811020 616QP 114129142211299999999999999 8 6 641933 8399999999999999
122130133128116 99 81 64 53 51 57 69 86102114121120113103 94 88 88 9410420 617QP 153133152212199999999999999 848 512032 8799999999999999
117128135135126110 88 66 48 39 40 51 69 91110124130127118107 96 91 92 9920 618QP 22813616 913099999999999999 924 382121 9199999999999999
112125136140135121 99 73 50 33 27 33 50 74 99121134137131120107 97 93 9620 619QP 3 0140165113799999999999999 959 2722 3 9399999999999999
106120134143143133113 86 58 34 20 19 31 54 82110130141141132119105 96 9520 620QP 3321441730142999999999999991034 182241 9599999999999999
101114129142147143127102 71 42 21 11 16 34 62 92120138145142130115103 9620 621QP 4 414718 8145999999999999991110 112317 9699999999999999
 98108122138148149139118 89 58 30 12  7 18 41 7110212714214613912611110020 622QP 4371501848146999999999999991147  72354 9799999999999999
 97102114130144151147133108 78 46 21  8  9 24 50 8111113314414313412010720 623QP 5131511928145999999999999991226  6999999999999999999999
 98 98106119134146149143125 99 68 39 18  9 15 33 60 9011713514213912811520 624QP 552150201014299999999999999 032 9713 8  999999999999999
103 97 99108122135144145135116 91 62 37 20 16 24 44 71 9812113513913412320 625QP 634146205413999999999999999 114 971351 1699999999999999
110100 96 99108120131138137127109 86 61 40 28 27 37 56 8010512413513612920 626QP 723139213913699999999999999 2 4 961437 2699999999999999
118106 96 93 95103114123129128120105 85 65 48 39 40 50 68 9011012613413320 627QP 823129222513499999999999999 3 4 931527 3899999999999999
125113101 92 87 88 94103112118119115104 89 73 60 53 54 64 80 9811612813320 628QP 943120231213499999999999999 419 871622 5399999999999999
131122110 96 84 78 76 81 89 99108113113107 97 85 74 68 69 77 9010612113120 629QP1129114999999999999999999999 543 761725 6799999999999999
134131120105 89 75 65 62 65 75 87100111116115108 98 88 82 81 87 9911312620 630QP 0 0134131811699999999999999 658 621834 8099999999999999
134137131118100 80 62 50 45 50 62 79 97112122124119110 99 92 91 9510611920 7 1QP 048137144712499999999999999 8 0 451945 9099999999999999
131139140132116 94 70 49 35 30 37 52 74 97117130133129119107 99 9710111220 7 2QP 136141155513399999999999999 854 302051 9799999999999999
125137145144133113 86 59 36 21 18 28 48 7510212413814113512311110210010520 7 3QP 223145164914199999999999999 943 18214810099999999999999
117131144150146131107 78 48 24 11 12 25 50 8010913214414513712411110210220 7 4QP 3 91501736146999999999999991028 10223610199999999999999
109122137149153146128100 68 38 16  6 11 29 57 8911813814714513412010710120 7 5QP 3531531818148999999999999991111  6231810099999999999999
102112128143153154144122 92 59 31 12  7 17 39 6910012614214714112811310220 7 6QP 4351551855147999999999999991151  72355 9899999999999999
 99104116132147155152137113 83 52 27 13 14 28 52 8211113214314313412010620 7 7QP 5161551930145999999999999991229 12999999999999999999999
 98 97105120136148152146129103 74 47 27 20 25 43 68 9612013614213712611120 7 8QP 55515220 214299999999999999 032 9613 4 1999999999999999
 99 94 97107122136145146137118 94 67 45 32 30 40 60 8410812713813813011720 7 9QP 634147203313999999999999999 1 9 941338 2999999999999999
104 94 92 97108122133139137126108 86 64 48 41 44 57 77 9911813213713312320 710QP 71414021 413799999999999999 148 921411 4199999999999999
110 98 91 90 96107118127131127116100 82 66 55 53 60 74 9211012513413412820 711QP 759131213713599999999999999 234 901444 5399999999999999
117105 94 88 88 94102112119121117108 96 83 72 66 67 75 8810411812913313220 712QP 853121221213399999999999999 330 881520 6699999999999999
124113101 91 85 84 88 95103109112111105 97 88 81 78 81 88 9911212313013220 713QP10 9112225413299999999999999 440 8416 4 7899999999999999
129121110 98 87 79 77 80 86 94101107109107103 97 92 90 92 9810711712513120 714QP12 1109234313299999999999999 559 7717 2 9099999999999999
132128119107 93 80 71 67 69 76 86 9710611111311110710210010010411112012720 715QP1356113999999999999999999999 710 671821 9999999999999999
132133128118103 87 71 60 56 59 68 81 9610911812212111611010610510811412220 716QP 038133151212299999999999999 8 7 56194510599999999999999
130135135128115 97 77 59 47 44 49 62 8110011712813212912211410810610911620 717QP 13113616 313299999999999999 854 44205410699999999999999
126135140138129111 89 66 46 34 33 42 61 8510812713713913412411410710511020 718QP 218140164413999999999999999 936 32214510599999999999999
119131141145141127105 78 52 32 22 25 40 64 9211813614514413512211110410420 719QP 3 31451722145999999999999991017 21222810399999999999999
112124138148151143124 97 67 39 19 13 21 42 7110112714414914413211710510020 720QP 3451511758149999999999999991057 1323 610099999999999999
103115130145155154142118 87 55 27 11  9 22 48 80112136149150141125109 9920 721QP 4271561834151999999999999991137  82344 9699999999999999
 96104118136151158154138111 78 45 20  7 11 29 59 9212114215114713411610120 722QP 5101581910151999999999999991217  7999999999999999999999
 92 93104121139153158151131103 70 39 18 11 20 42 7210413014514914112510720 723QP 554158194614999999999999999 023 921257 1199999999999999
 93 87 91104122139151153144123 95 65 39 23 22 34 57 8711513614614413211520 724QP 641154202014699999999999999 1 5 871337 2199999999999999
 97 85 82 88102119135144145135115 90 65 45 35 38 52 7510112413914413712320 725QP 732146205414499999999999999 151 821417 3499999999999999
105 89 79 77 84 96112126134134126109 89 70 56 51 57 72 9211313114014013020 726QP 831135212814199999999999999 242 771458 5199999999999999
115 98 83 74 72 77 88102114122124118107 93 80 72 70 76 8910612213413913520 727QP 94412422 413999999999999999 344 721542 7099999999999999
125109 93 78 68 65 68 77 89101110115115110101 93 88 88 9310311612713513720 728QP1125116224713799999999999999 459 651634 8799999999999999
132121106 90 74 63 57 58 65 76 8910211111611611210710310210511212112913520 729QP1331116234413799999999999999 623 57174710299999999999999
136132121106 88 71 56 48 46 52 65 81 9711212112512311911311011011512212920 730QP1510125999999999999999999999 741 46192411099999999999999
136138134124107 87 66 48 37 35 42 57 77 9911712913413212511811211011412120 731QP 054138161013499999999999999 845 35205011099999999999999
130138142138127108 84 60 40 28 26 36 55 8010512513814113612711610910711120 8 1QP 2 3142165214199999999999999 937 26214910799999999999999
121133143147143128106 79 52 31 20 22 36 60 8811413414414413512211010310220 8 2QP 3 11471728145999999999999991022 19223210199999999999999
110123138149152145127101 71 43 24 17 23 42 70 99125142147142129114101 9620 8 3QP 35015217591479999999999999911 2 1723 8 9699999999999999
 99111127144154154143121 92 62 36 20 18 31 54 84113135146146135119103 9220 8 4QP 4331561828147999999999999991138 172340 9099999999999999
 91 99114133149156153137112 82 53 31 22 26 44 71100125142146140125107 9220 8 5QP 5121571855147999999999999991210 22999999999999999999999
 85 88101119138151155147128101 72 47 32 29 40 62 89115135145143131113 9620 8 6QP 550155191914599999999999999 012 851241 2899999999999999
 84 81 89104123140150149137116 90 65 46 38 42 58 8110612814114313512010120 8 7QP 626151194314499999999999999 044 8113 9 3899999999999999
 86 78 80 91107125139144140126105 82 62 50 49 59 77 9912113614213812610920 8 8QP 7 414420 714299999999999999 119 771336 4899999999999999
 92 79 75 80 92108124134136129115 97 78 65 60 64 77 9511513113914013111720 8 9QP 744136203114199999999999999 157 7514 2 6099999999999999
100 85 76 74 81 92106119126126119107 93 81 73 73 81 9411012513513813412320 810QP 831127205613899999999999999 240 741430 7299999999999999
109 94 81 74 74 80 90101111117117112104 95 88 85 88 9610711912913513412820 811QP 931118212513599999999999999 333 7315 0 8599999999999999
117104 90 79 73 72 76 84 94103109111110106102 98 9810110711512413013213020 812QP11 611122 313299999999999999 440 721540 9899999999999999
124114101 89 77 70 67 69 76 85 9510411011211311110910911011311912412813020 813QP133411323 213099999999999999 6 2 67165610999999999999999
128122113101 87 74 64 59 60 66 77 9010311312012212111811511411511812212620 814QP1511122999999999999999999999 721 58191011499999999999999
129129125115101 84 67 54 47 48 57 71 8910612112913212912311711311211512020 815QP 030130155713299999999999999 824 47204511299999999999999
128133135130118100 79 58 42 34 37 49 69 9211413013913913312311410710711220 816QP 147135163114099999999999999 915 34213710699999999999999
121132140142136120 97 70 45 28 22 28 46 72100124140146142131117105 9910120 817QP 24614317 31469999999999999910 0 222217 9999999999999999
111125139149150140119 91 60 33 16 13 25 49 80111135148150140124107 95 9120 818QP 3361511735151999999999999991041 122253 9199999999999999
 97111130148158156142116 83 49 22  9 11 29 59 93123145153148132112 94 8320 819QP 42315918 6153999999999999991121  82330 8199999999999999
 83 94114136154163158139109 74 41 17  9 18 41 73107135150152141120 98 8020 820QP 5 916318371539999999999999912 0  9999999999999999999999
 72 77 93116139157163154133102 68 38 20 18 32 58 91122143152146129106 8320 821QP 55616319 615299999999999999 0 7 721237 1799999999999999
 68 64 73 92116139154157147124 95 65 42 31 35 52 79109133148149137116 9120 822QP 644158193415099999999999999 047 641314 3099999999999999
 70 59 59 70 91114134146147136116 91 68 52 48 57 7510012414114714212510320 823QP 73414820 114799999999999999 129 571349 4899999999999999
 80 62 54 56 69 87108125134135126110 91 76 68 69 79 9711613314314313311520 824QP 831136202814499999999999999 215 531423 6799999999999999
 93 73 58 52 55 66 82 98112121122117107 97 88 85 89 9911312713714013612420 825QP 942123205814099999999999999 310 521457 8599999999999999
107 89 71 59 53 54 62 74 8710010911311311010610210210511212113013513513020 826QP1131114213413699999999999999 420 53153710299999999999999
120105 89 74 62 54 52 56 64 76 8810010911511711611511411511812212713013020 827QP1413117223713199999999999999 551 5217 511499999999999999
127120108 94 78 64 53 47 48 55 67 82 9711112112512612311911611611712112520 828QP1532126999999999999999999999 725 47194511699999999999999
128128124114 99 82 64 49 41 40 47 62 8110111812913313112511711110811011620 829QP 03112916 813399999999999999 836 3921 610899999999999999
124131134131120103 82 60 43 33 34 44 63 86109127137138131120109101 9910420 830QP 2 3134163613999999999999999 928 322149 9999999999999999
114126136141137124103 78 54 36 28 32 47 71 97121137142138126111 97 90 9120 831QP 3 414117 2142999999999999991010 282222 9099999999999999
101116132144147140122 97 70 45 29 26 36 57 84111132143143132115 97 84 8120 9 1QP 3511471726145999999999999991045 262252 8199999999999999
 87102122140150150138116 88 60 38 27 31 47 72101126141145137121100 83 7320 9 2QP 4301521749146999999999999991116 272320 7399999999999999
 75 88108129146154149132106 77 51 35 31 42 63 91118137146142127106 84 7020 9 3QP 5 71541810146999999999999991145 312349 6699999999999999
 66 74 92115136150152142122 95 68 47 38 42 59 83110132144144133113 90 7020 9 4QP 5411531831146999999999999991211 38999999999999999999999
 61 63 77 98122140149147132110 84 62 49 47 58 79103126141145138120 97 7520 9 5QP 616150185114599999999999999 018 601236 4699999999999999
 60 57 65 82104126140144137121 99 78 62 56 62 77 99120137144141127106 8320 9 6QP 652144191014499999999999999 049 5613 0 5699999999999999
 65 55 57 69 88108126136136127110 92 76 68 69 79 96115132141141132114 9320 9 7QP 730137193014399999999999999 122 541323 6799999999999999
 73 59 55 60 73 91109123129126117103 90 81 79 84 9611112613713913412110320 9 8QP 812129195114099999999999999 158 551347 7899999999999999
 84 68 58 57 63 76 92106116120118110101 93 90 92 9910912113113513312511120 9 9QP 9 5120201313699999999999999 240 561411 9099999999999999
 95 79 67 60 60 65 76 8810010811211210910410110110411011712513013012611720 910QP1025112203913199999999999999 334 59143810199999999999999
106 92 79 69 62 60 63 71 81 9110010711111211211111111311611912312512412120 911QP1315112212112599999999999999 452 60152811199999999999999
115106 94 82 71 61 56 56 62 71 83 9610711512012112011811611511511711912120 912QP15 4121232812199999999999999 629 56191311599999999999999
120117111100 86 70 57 48 45 50 62 78 9511112312913012611911310810711011520 913QP1535130999999999999999999999 750 45204710799999999999999
121126125119106 87 67 48 36 33 40 56 77100120133138135125114103 97 9810420 914QP 12812616 313899999999999999 849 332127 9799999999999999
115127135136128110 86 60 37 24 22 34 56 83111132143143134118101 89 84 8820 915QP 237137163114599999999999999 936 2122 1 8499999999999999
101119136146146134111 81 51 27 15 18 35 63 95124143149143126104 84 72 7120 916QP 3311481658149999999999999991019 142235 7099999999999999
 82102125145156154137109 75 43 21 13 22 45 77110137150150135111 86 65 5620 917QP 4191571726152999999999999991058 132310 5599999999999999
 60 78104131152162156135104 69 39 21 20 35 62 96126147153143121 93 66 4720 918QP 5 71621753153999999999999991136 182347 4399999999999999
 43 54 77107135155161152129 98 66 41 30 35 55 84115140152149132104 74 4820 919QP 5541611819153999999999999991212 30999999999999999999999
 35 36 51 78108135152155144122 94 67 50 46 57 78106131148151140117 87 5820 920QP 643155184415199999999999999 025 331246 4699999999999999
 37 28 34 52 79107130143144133114 92 74 65 67 80101123141149144128103 7420 921QP 73414519 914999999999999999 1 6 281318 6499999999999999
 49 33 28 36 54 78102121131131123109 94 84 82 88101118133143144134116 9220 922QP 832132193414599999999999999 150 281348 8199999999999999
 67 47 35 34 41 57 76 95109118120115108101 97 9810411512613513913512410720 923QP 94412020 013999999999999999 241 331417 9699999999999999
 87 67 52 43 41 46 57 71 86 9810711211311110910811011412012613013012611620 924QP1145113203113199999999999999 345 41145010899999999999999
103 88 73 61 51 47 48 55 65 77 9010110911511711711711611611711912112111920 925QP1433117213212199999999999999 516 47171611699999999999999
114106 95 82 69 58 50 48 51 59 71 8610111312112412311911411010810911111420 926QP1512124999999999999999999999 659 48202010899999999999999
117116112104 91 75 61 49 44 46 55 70 89106121128129124115106 99 96 9810420 927QP 029117153713099999999999999 815 4421 5 9699999999999999
112120123121111 95 76 58 45 40 43 56 75 97117130134130119105 93 85 84 9120 928QP 2 712316 013499999999999999 9 6 402136 8499999999999999
102116127132128115 95 73 53 40 37 45 63 86110128137136125108 91 77 72 7620 929QP 3 3132162213899999999999999 945 3722 4 7299999999999999
 89106124136139131113 90 66 47 37 39 53 76101124138140131114 92 74 62 6220 930QP 3471391643141999999999999991018 362231 6199999999999999
 73 92114133143142129107 82 58 42 39 48 67 93118136143137121 97 74 57 512010 1QP 42414417 3143999999999999991047 382258 5199999999999999
 58 76100124141147140123 98 73 53 43 47 62 86111132143142128105 79 56 442010 2QP 4591471723144999999999999991114 432325 4399999999999999
 46 60 83110132146146135114 89 66 52 50 61 81105128142144134113 86 60 422010 3QP 5341481742145999999999999991139 492353 3799999999999999
 37 46 66 92118138146141126104 81 64 57 63 78100122139145139121 96 68 462010 4QP 6 814618 11459999999999999912 3 57999999999999999999999
 34 36 51 75101125139142133116 95 77 67 68 79 97117135144142128106 79 542010 5QP 643142182014499999999999999 022 331227 6699999999999999
 37 32 40 59 83108127136134123107 90 79 75 81 95113129140141132114 90 662010 6QP 720136183914299999999999999 052 321251 7599999999999999
 46 35 36 48 67 90111124129125115101 90 85 87 96109123134139134120101 782010 7QP 8 1129185913999999999999999 125 341315 8499999999999999
 58 43 38 42 55 73 92109119121117109100 95 94 98107118128133132123109 912010 8QP 851121191913499999999999999 2 3 381340 9399999999999999
 72 56 46 43 48 59 75 901031111141131081041021031081141211261271231141012010 9QP10 4114194312799999999999999 251 43141010299999999999999
 86 72 59 51 48 51 59 71 84 96105110113113111111111112115118119119115109201010QP1227113201611999999999999999 4 0 48152011199999999999999
100 89 77 65 55 49 49 54 63 76 89102111117120119117113110109109110111111201011QP1415120224611199999999999999 537 48193410999999999999999
110105 96 84 70 57 47 42 45 55 69 87104118126128124117108101 97 96100106201012QP1451128999999999999999999999 7 8 422032 9699999999999999
113117115107 92 74 55 41 34 36 49 68 90111127135133124110 96 85 80 83 93201013QP 115117152013599999999999999 814 3421 6 8099999999999999
107120128128117 99 75 51 34 27 32 48 73100123138141133116 96 77 65 63 72201014QP 229129154714199999999999999 9 6 272139 6299999999999999
 90111130140139125102 74 47 29 24 34 56 85114136146142126101 75 54 44 48201015QP 325141161314699999999999999 950 242214 4499999999999999
 65 90117140150147129102 71 45 30 30 45 71102129147149136112 81 52 32 27201016QP 4161511640150999999999999991030 282250 2799999999999999
 38 62 93124147156149129100 70 47 37 43 62 91120143152146125 93 59 31 15201017QP 5 515617 61529999999999999911 8 372327 1399999999999999
 16 33 62 97128149155146125 97 71 54 50 61 83111136151152137109 74 40 15201018QP 5541561732153999999999999991144 50999999999999999999999
  5 12 34 66100129146150139119 96 76 66 68 82104128146152145124 93 58 28201019QP 644150175915299999999999999 0 6  51219 6599999999999999
  8  4 15 39 70100125139140130114 96 83 80 86101120138148147134109 79 48201020QP 736141182514999999999999999 046  41251 8099999999999999
 24 10 10 23 46 73 98118128129122110 99 93 93102115129140143137121 98 71201021QP 834130185214499999999999999 130  91323 9299999999999999
 46 28 19 21 33 52 74 94110118120116109104102104111121130135133125110 90201022QP 944120192013599999999999999 218 18135710299999999999999
 70 51 37 31 33 42 56 73 89102110114114112109108110114119123124121114103201023QP1127114195412499999999999999 316 31145110899999999999999
 89 74 60 49 43 43 48 58 71 85 97107113116116114111109109110111112111107201024QP1323116205911299999999999999 434 42175010999999999999999
101 93 82 71 60 53 49 51 58 69 83 97109117120119115108103 98 97 98101104201025QP1414120999999999999999999999 6 9 4920 3 9799999999999999
106105100 91 80 67 57 51 52 58 70 86101115123125120111100 90 84 83 87 94201026QP 015106144512599999999999999 729 512043 8399999999999999
103110112108 99 85 70 58 51 52 60 75 93111124130127116102 86 74 69 71 80201027QP 156112151013099999999999999 825 502113 6999999999999999
 93107117120115103 86 69 56 50 54 66 84104122132133124107 87 69 58 56 64201028QP 254120153313499999999999999 9 8 502141 5599999999999999
 79 98115126127119103 84 66 54 52 60 76 97118133137131114 91 68 51 43 48201029QP 338128155513799999999999999 943 5122 8 4399999999999999
 63 85107125134132119100 79 62 54 57 70 91113131140137122 99 72 49 35 34201030QP 4171351616140999999999999991014 542235 3399999999999999
 46 68 94118134139132115 94 74 62 59 68 85107127140141130108 80 52 32 24201031QP 4531391637142999999999999991043 5923 2 2499999999999999
 30 50 77105128140140128109 88 72 64 68 82102123138144137118 90 60 34 202011 1QP 5281421657144999999999999991110 642331 1899999999999999
 19 34 59 88116135142136122102 84 72 71 81 98118135144141126101 71 42 222011 2QP 6 31421717144999999999999991136 70999999999999999999999
 15 22 42 70 99123137139130114 96 82 77 82 95112130141143133112 84 55 302011 3QP 639140173814499999999999999 0 0 1512 2 7799999999999999
 16 16 29 53 81107127135133122107 93 84 85 93108124136141136120 96 69 432011 4QP 71613618 014199999999999999 031 141228 8399999999999999
 25 17 23 39 63 89111126130125115102 93 90 94104117130137136125107 83 582011 5QP 757130182413799999999999999 1 4 171256 9099999999999999
 38 25 23 31 48 71 93111121123119110102 97 97102112122129131126114 96 752011 6QP 846124184913299999999999999 142 221329 9699999999999999
 54 38 30 30 39 55 74 92107116118115110105102103108114120124123116105 892011 7QP 953118192012499999999999999 228 29141510299999999999999
 72 56 43 36 36 44 56 73 891031121161161131101071061071101121141131081002011 8QP112911620 911499999999999999 330 35155810699999999999999
 89 76 63 51 43 40 45 55 69 85100111118120118113108103 99 991001021041052011 9QP1258120223910599999999999999 451 401853 9999999999999999
102 95 85 72 58 47 42 43 52 66 84101115124126122113102 92 85 82 85 91 99201110QP1349126999999999999999999999 618 421958 8299999999999999
106109106 96 82 65 50 42 42 51 67 87107123131130121106 89 74 65 63 70 84201111QP 1 1109142513299999999999999 731 412038 6399999999999999
 99113120119108 90 70 52 42 42 53 73 96118133138131115 92 69 51 42 45 59201112QP 220121145613899999999999999 829 412115 4299999999999999
 80103122132130117 96 73 54 45 47 61 84109130142141127102 73 46 27 22 31201113QP 321133152514399999999999999 918 442153 2299999999999999
 52 81109132142139123100 76 58 51 57 75 99124142148139117 85 51 23  7  7201114QP 41514215541489999999999999910 2 512231  599999999999999
 22 50 84116139148142125102 79 64 61 71 91116138150149132103 67 31  5 -7201115QP 5 71481624151999999999999991043 612311 -799999999999999
 -1 20 53 89121142149141124101 82 72 74 87108131148153144121 87 50 16 -6201116QP 5571491654153999999999999991122 712351-1299999999999999
-12 -1 25 59 94123141145136120101 86 81 87102122140151150135108 73 38  9201117QP 6481451724152999999999999991158 81999999999999999999999
 -8 -8  6 33 66 98122136138129115100 91 91 99113130144148142123 95 63 32201118QP 738138175614899999999999999 033-101234 9099999999999999
  9 -2  2 18 43 72 99119129129122111101 96 98107120132140140130111 85 58201119QP 831131182914199999999999999 116 -21312 9699999999999999
 33 16 10 16 31 54 78 99115122122116109102100103110119128131128118100 79201120QP 92812319 513199999999999999 2 1 10135610099999999999999
 58 39 28 25 30 44 62 82 99111117117114108103102103108113118119116107 94201121QP1034118194711999999999999999 249 2415 110299999999999999
 78 62 49 40 39 43 54 69 85 99109115116113109104100 99100103105106105100201122QP1145116205610699999999999999 346 3817 0 9999999999999999
 92 81 70 59 52 50 53 62 74 87100110116118115109101 94 90 88 89 92 96 98201123QP12481182326 9899999999999999 455 5019 3 8899999999999999
 98 94 87 78 69 62 58 60 67 78 91104114120121115106 95 84 77 74 76 82 89201124QP1333121999999999999999999999 612 5820 3 7499999999999999
 96100100 95 87 77 68 64 64 71 83 97110121125123113 99 83 70 61 60 65 76201125QP 12810114 812699999999999999 721 632042 5999999999999999
 89100107109103 93 82 72 67 68 76 89105119128129122106 87 67 53 46 48 59201126QP 240109143813099999999999999 817 662114 4599999999999999
 76 94108117117109 97 84 73 69 73 83 99115128134129115 94 70 49 36 33 42201127QP 33111815 513499999999999999 9 3 692144 3399999999999999
 59 81103119126123112 98 83 74 72 79 93110126136136125104 78 51 31 22 25201128QP 413126153113799999999999999 942 722213 2199999999999999
 41 65 91114128132126112 96 82 76 78 88105122135140133115 88 59 33 16 13201129QP 4511321555140999999999999991016 752243 1399999999999999
 24 46 75103124135135125109 93 82 79 86100117133141139125101 71 40 17  7201130QP 5271371620142999999999999991047 792314  699999999999999
 11 29 56 87114132138134120104 90 83 85 95111128140143134114 85 53 25  72012 1QP 6 21381645143999999999999991117 822345  399999999999999
  4 15 38 68 99122136137129114 99 88 86 92105122136143139124 99 69 39 152012 2QP 6381381711143999999999999991147 86999999999999999999999
  4  6 23 49 80107127135133122108 96 89 91100114129139141131112 85 55 292012 3QP 715136173914199999999999999 018  31218 8999999999999999
 11  5 14 33 61 89113128132127116104 95 92 97107120132137134121100 73 472012 4QP 756132181013799999999999999 054  51252 9299999999999999
 25 12 12 23 44 70 95115126128122112102 96 95101111121129131124110 90 662012 5QP 842128184413199999999999999 133 101333 9599999999999999
 43 26 18 20 33 53 76 98114123123118110102 97 97102109116121121114101 842012 6QP 935124192712299999999999999 217 171429 9699999999999999
 64 46 32 26 30 41 59 80 99113121121117109102 97 95 97101107110111106 972012 7QP1036122203311199999999999999 3 9 261557 9599999999999999
 83 68 53 42 36 39 49 64 83100113121122117109100 92 87 86 88 93 981011012012 8QP1139122223310299999999999999 412 361750 8699999999999999
 97 89 77 64 53 46 47 55 69 86103116123124118107 94 82 73 69 71 77 86 952012 9QP1234124999999999999999999999 525 461911 6999999999999999
102103 98 89 76 64 56 55 61 74 91108121128127117102 84 67 54 49 52 63 78201210QP 044103132012899999999999999 639 5420 6 4999999999999999
 94106112110101 88 74 64 62 68 81 98116129133128114 93 69 47 32 28 35 51201211QP 21611314 013399999999999999 747 622053 2899999999999999
 73 96114123122113 98 82 72 69 76 90108126137138128108 80 51 26 12 10 22201212QP 325124143813999999999999999 847 692136  999999999999999
 45 74101123133132121104 88 77 76 84100119136144141125 98 65 33  8 -5 -2201213QP 423134151514499999999999999 939 752219 -599999999999999
 16 45 78108130140137124107 91 82 83 93111130144149140118 87 51 17 -6-14201214QP 5151401552149999999999999991026 8123 1-1499999999999999
 -6 16 49 84115135143138124106 92 86 90102121138149149135109 75 38  7-13201215QP 6 414316291519999999999999911 9 862343-1799999999999999
-16 -3 23 57 92120137141134120104 92 89 96110128143150145127 99 64 29  2201216QP 65014217 7150999999999999991149 89999999999999999999999
-12-11  6 34 68 99123136137128113100 91 92101116132144146137117 88 55 25201217QP 733138174514799999999999999 024-131227 9199999999999999
  4 -5  1 20 48 79106124132130120107 96 91 94104118131139138126106 78 50201218QP 815133182314099999999999999 1 4 -513 7 9199999999999999
 26 11  8 17 37 63 89110123127123113101 93 90 95104116126130126114 95 71201219QP 85512719 313099999999999999 144  71350 9099999999999999
 49 31 22 23 34 53 76 97113122123117107 97 91 89 93101110117119114103 87201220QP 936123194711999999999999999 222 211443 8999999999999999
 68 52 40 35 39 51 68 86103115120119113103 95 89 87 89 94101105106102 94201221QP1018120204310699999999999999 3 1 351555 8799999999999999
 83 70 58 51 50 55 65 79 94107116119117110101 92 85 81 81 84 89 93 95 95201222QP11 51192217 9699999999999999 343 491730 8199999999999999
 91 84 76 68 63 63 67 76 88100110117120117109 99 88 78 72 70 72 77 83 89201223QP1156120999999999999999999999 436 621858 7099999999999999
 92 93 90 85 79 75 74 77 84 94104114120121117108 95 80 68 59 56 59 67 77201224QP 037 93124612199999999999999 546 741959 5699999999999999
 87 95 99 99 95 89 84 81 83 89 98108117123123117104 87 69 54 45 43 49 61201225QP 224100133212499999999999999 7 6 812043 4399999999999999
 76 91103109109104 96 90 86 87 93102113122127125115 97 76 55 39 31 32 43201226QP 329110141212799999999999999 817 862120 3099999999999999
 61 81100113119117110100 92 88 90 97108120129131125109 87 62 39 23 19 26201227QP 414119144813199999999999999 913 882154 1999999999999999
 43 66 91111124127122112100 92 89 93102115127134133121100 73 45 23 10 11201228QP 452127152113599999999999999 957 892228  999999999999999
 24 48 76102122132131123110 98 90 90 97109124135139132114 88 58 29  9  2201229QP 5271331553139999999999999991034 8923 1  299999999999999
  9 29 57 87113130136132120105 94 89 92102117132141140127105 74 43 16  0201230QP 6 113616261429999999999999911 7 892336 -399999999999999
 -2 11 37 68 99122135136128114100 90 89 96110125138143137120 93 60 29  6201231QP 6361371659143999999999999991140 88999999999999999999999
