 44 29 22 25 37 54 74 92105111110103 92 81 73 71 74 82 91 99102 99 89 7620 1 1QQ 91811220 110299999999999999 212 221452 7199999999999999
 60 46 36 34 39 51 67 83 97106109106 98 88 78 72 70 72 78 85 90 92 90 8320 1 2QQ 9561092056 9299999999999999 248 341555 7099999999999999
 73 62 52 47 47 53 64 77 90100106107103 95 85 76 69 66 67 71 76 81 84 8420 1 3QQ10381072227 8599999999999999 327 461717 6699999999999999
 81 75 68 62 59 60 65 73 84 94102106106102 93 83 72 64 58 58 61 67 74 8020 1 4QQ1130107999999999999999999999 419 591840 5799999999999999
 83 84 82 78 74 71 70 74 80 88 96103107107102 92 80 66 55 48 47 51 59 6920 1 5QQ 044 84122710899999999999999 536 701943 4699999999999999
 79 87 91 92 89 84 80 78 79 83 91 99106110109102 90 74 57 43 35 35 42 5420 1 6QQ 234 92132211099999999999999 711 782032 3499999999999999
 69 84 95101102 98 92 85 81 81 85 93102110114112102 85 64 44 28 21 24 3520 1 7QQ 339103141011499999999999999 831 812113 2099999999999999
 53 74 92105112111105 96 87 82 82 87 97108116119114 99 77 51 28 12  8 1520 1 8QQ 425113145211999999999999999 930 812152  899999999999999
 33 56 81102116121118108 96 86 81 82 90102115123123114 93 66 37 12 -2 -220 1 9QQ 5 51211533124999999999999991016 802231 -499999999999999
 11 34 63 90112124127120107 93 82 79 83 95109122129125111 85 53 22 -2-1320 110QQ 5441271612129999999999999991056 792310-1399999999999999
 -7 11 40 71100120130128117102 87 78 77 85 99115128132124105 75 41  9-1220 111QQ 6211301653132999999999999991134 762350-1799999999999999
-17 -7 17 48 81108125131125111 94 80 73 76 87104120131131120 97 65 31  220 112QQ 6591311735132999999999999991212 73999999999999999999999
-15-15  0 27 59 90114127128119103 85 73 69 75 89106121129127113 88 56 2520 113QQ 736129181812999999999999999 031-171252 6999999999999999
  1-10 -6 13 40 71 98117125122110 93 76 67 66 74 88104117123118103 80 5120 114QQ 81212619 512399999999999999 112-101334 6599999999999999
 25  7  1  9 29 55 82105118121114100 83 69 61 62 71 84 98109113108 94 7420 115QQ 847121195711399999999999999 153  11422 6199999999999999
 51 31 19 18 28 47 70 92108116115106 91 75 63 57 58 66 77 89 98101 98 8720 116QQ 92211721 010199999999999999 234 171519 5699999999999999
 72 56 42 35 37 48 64 82 99110113109 99 84 70 58 52 52 58 67 77 85 90 9020 117QQ 9581132226 9099999999999999 316 351630 5299999999999999
 84 75 65 57 54 56 65 78 91103110110105 95 81 66 54 47 44 48 55 65 74 8120 118QQ1038111999999999999999999999 4 3 541754 4499999999999999
 86 86 83 77 73 70 72 78 87 96104109109103 93 79 64 50 40 35 36 43 54 6620 119QQ 034 86112810999999999999999 5 6 701916 3599999999999999
 77 87 92 93 90 86 83 83 85 91 98105109109104 94 79 61 44 31 24 25 33 4620 120QQ 243 93123411099999999999999 641 822023 2399999999999999
 63 79 92101103101 96 90 87 87 92 98106111112107 95 77 56 36 20 13 16 2720 121QQ 4 1103134311299999999999999 824 872115 1399999999999999
 44 65 85101110112108100 92 86 86 90 99108115116110 95 74 49 26 10  4 1020 122QQ 447113144311799999999999999 936 852159  499999999999999
 26 48 73 95111119118110 99 88 82 83 90101112120120111 92 67 39 15  1 -120 123QQ 5241191532121999999999999991025 812239 -299999999999999
 10 31 57 83105119123118106 92 81 77 81 91105118125122109 86 57 28  6 -420 124QQ 55512316151259999999999999911 3 772314 -599999999999999
 -1 16 41 69 96115124123113 98 83 74 73 81 95111123127120102 75 45 18  020 125QQ 6241251654127999999999999991136 722347 -599999999999999
 -4  6 27 55 83107121125118104 87 74 68 72 84100116126125114 92 63 34 1120 126QQ 65112517291279999999999999912 7 68999999999999999999999
 -1  2 18 42 71 97115123121109 93 76 66 65 73 88105119125120104 80 52 2620 127QQ 71512418 412599999999999999 019 -11237 6499999999999999
  9  5 14 34 60 86107120121113 98 81 67 61 64 76 92108118120111 92 68 4320 128QQ 739122183912099999999999999 048  513 8 6099999999999999
 23 13 16 30 52 77 99114120115103 86 70 60 58 65 78 94107114111100 81 6020 129QQ 8 2120191511499999999999999 117 131341 5899999999999999
 40 27 24 32 48 70 91108117116107 92 76 63 56 58 67 80 93103106101 89 7320 130QQ 826117195410699999999999999 145 231418 5699999999999999
 56 42 35 38 49 66 84101112115110 98 83 69 59 55 58 67 78 89 96 97 92 8220 131QQ 8511152041 9899999999999999 213 3515 2 5599999999999999
 69 58 50 48 54 65 80 95106112110103 91 77 65 57 54 57 64 74 82 88 89 8620 2 1QQ 9181122144 8999999999999999 241 481558 5499999999999999
 79 71 65 61 63 69 79 90100107109105 97 86 74 63 55 51 53 58 66 74 80 8420 2 2QQ 9501092334 8499999999999999 312 611711 5199999999999999
 84 82 78 75 74 76 81 87 95101105105102 95 84 72 61 51 46 45 50 57 67 7520 2 3QQ1034106999999999999999999999 354 741835 4599999999999999
 82 87 89 88 87 86 86 88 91 96100103104101 95 84 71 57 44 36 34 39 48 6120 2 4QQ 218 89114610499999999999999 531 861948 3499999999999999
 74 86 94 99100 97 94 91 90 91 94 98103105104 98 85 69 50 34 24 21 28 4120 2 5QQ 343100131410599999999999999 8 4 902045 2199999999999999
 59 77 93104110109104 97 91 87 87 92 99106110110101 85 63 40 20  9  8 1820 2 6QQ 424110142311199999999999999 926 872133  799999999999999
 37 61 84103115119116106 95 86 82 83 91102112118116104 83 56 28  6 -5 -220 2 7QQ 4591191517118999999999999991013 812218 -599999999999999
 14 38 67 94114124125116102 88 78 75 80 92107120126121105 78 46 15 -7-1520 2 8QQ 53212616 6126999999999999991051 7523 0-1599999999999999
 -7 15 45 77104123130125111 93 77 68 68 78 95113127131123102 71 36  5-1420 2 9QQ 6 51301653131999999999999991127 672340-1899999999999999
-17 -4 23 56 88114129130120101 80 64 58 63 78 98117130132120 96 63 28  020 210QQ 63713117391339999999999999912 3 58999999999999999999999
-14-12  7 36 70100121130125109 87 66 52 50 59 77 99119129128114 88 56 2420 211QQ 7 8130182513199999999999999 020-151240 4999999999999999
  2 -6  3 24 54 85110125126115 95 72 52 43 45 57 77 98115124120105 81 5220 212QQ 737127191312499999999999999 058 -61319 4299999999999999
 27 11 10 23 45 73 99117123118103 81 58 42 37 42 55 74 94108113109 95 7520 213QQ 8 412320 411399999999999999 135  914 1 3799999999999999
 52 35 27 31 46 67 89108118118108 90 69 49 37 34 40 53 70 85 97101 97 8720 214QQ 82911921 310199999999999999 2 9 271448 3499999999999999
 73 58 48 47 53 67 84100112115110 98 80 61 45 36 34 39 49 62 75 84 89 8820 215QQ 8541152223 8999999999999999 242 461546 3399999999999999
 83 75 68 64 66 73 83 95105111110102 90 75 59 45 37 34 36 44 53 64 73 8020 216QQ 921111999999999999999999999 313 6417 2 3499999999999999
 83 84 82 80 80 81 86 92 99104106104 97 87 75 61 48 38 32 32 36 44 54 6520 217QQ 040 84 95610699999999999999 348 791837 3199999999999999
 76 84 89 92 92 91 91 92 94 97 99101100 96 89 78 65 50 38 29 25 28 36 4820 218QQ 337 92111210199999999999999 554 9120 3 2599999999999999
 63 78 90 98102101 97 93 90 89 91 94 97100 99 94 83 68 50 34 22 18 21 3220 219QQ 418102132010099999999999999 854 8921 5 1899999999999999
 48 67 85 99107109105 97 89 83 82 84 90 98104105 99 86 67 46 27 14 11 1720 220QQ 445109144110599999999999999 953 822150 1199999999999999
 33 53 76 95109114112103 91 80 74 74 81 91102110111102 85 62 38 18  7  720 221QQ 5101151534111999999999999991028 732228  699999999999999
 19 39 64 88107117117109 95 80 69 65 70 81 96109116114101 80 53 28 10  320 222QQ 5331181616117999999999999991056 6523 1  399999999999999
  9 27 52 78101116120114100 83 67 58 59 70 86103116120113 96 70 42 18  520 223QQ 5551201653120999999999999991123 582331  399999999999999
  5 17 40 67 93112121118106 87 68 55 51 58 74 93110121120108 86 59 32 1320 224QQ 6161211728122999999999999991149 512359  699999999999999
  6 13 32 57 84107119120111 93 72 54 45 48 61 80100115121116 99 75 48 2520 225QQ 63612118 1121999999999999991216 45999999999999999999999
 13 14 27 50 76100116121114 98 77 56 43 40 49 66 86105117118108 88 64 4120 226QQ 656121183511999999999999999 026 111243 4099999999999999
 24 20 27 45 69 92111119117104 84 62 45 37 40 53 72 91107114110 97 78 5620 227QQ 716120191011499999999999999 053 191313 3699999999999999
 39 30 32 44 64 86105116117108 91 69 50 37 35 42 57 76 93105107101 87 7020 228QQ 736118194710799999999999999 118 291344 3499999999999999
 53 43 40 48 62 81 98111115110 96 78 58 42 35 36 46 61 78 91 99 99 92 8020 229QQ 756115202910099999999999999 143 401420 3499999999999999
 67 56 52 54 64 78 93105111109100 85 68 51 40 36 39 49 62 76 86 91 91 8520 3 1QQ 8171112122 9299999999999999 2 7 5215 2 3699999999999999
 77 69 64 64 69 78 89 99106107101 91 77 62 49 40 37 40 48 59 70 79 84 8520 3 2QQ 8381072248 8599999999999999 232 631558 3799999999999999
 83 79 76 75 76 81 87 94100102100 94 85 73 61 49 41 37 38 43 52 62 71 7820 3 3QQ 9 2102999999999999999999999 258 751720 3799999999999999
 83 86 86 86 86 86 88 91 94 96 97 95 91 84 75 63 51 40 33 31 34 42 53 6520 3 4QQ 944 979999999999999999999991855 31999999999999999999999
 77 86 93 96 96 94 92 90 89 89 90 92 93 92 88 80 67 52 37 25 19 22 31 4620 3 5QQ 334 961215 9399999999999999 818 892013 1999999999999999
 63 80 94103106104 98 91 85 81 81 85 91 96 99 97 87 70 50 29 14  6 10 2320 3 6QQ 4 610614 5 9999999999999999 929 812112  699999999999999
 43 66 87104113114107 96 84 74 70 73 82 93104109106 93 72 45 20  2 -5  220 3 7QQ 43511515111099999999999999910 4 7022 0 -599999999999999
 20 46 74 98115121116103 86 70 60 59 67 82 99113119114 97 70 39 10 -8-1120 3 8QQ 5 412116 4119999999999999991037 582243-1299999999999999
  1 25 55 86110123124112 93 71 53 45 49 63 84106121126118 96 66 32  4-1120 3 9QQ 5331251653126999999999999991110 452323-1299999999999999
 -9  9 37 70 99119126120101 76 52 36 33 43 63 88111126129117 93 60 28  420 310QQ 6 11261741129999999999999991145 32999999999999999999999
 -5  2 24 54 86111125124110 85 57 34 22 24 39 64 90113126125111 86 56 2820 311QQ 627126182812799999999999999 0 2 -51220 2199999999999999
 10  8 21 45 74101119124115 95 67 39 20 13 21 39 65 91111120117103 80 5420 312QQ 652124191712199999999999999 038  71257 1399999999999999
 33 24 28 43 67 92111121118103 79 51 26 12 11 21 41 65 88104110106 93 7520 313QQ 71612120 811099999999999999 112 231336 1099999999999999
 56 44 41 49 65 86104116117108 89 64 39 20 11 13 25 43 63 81 94 98 95 8620 314QQ 73711821 5 9899999999999999 143 411419 1199999999999999
 73 62 57 60 69 83 98109113108 96 77 55 35 21 16 18 29 43 59 73 82 87 8620 315QQ 7591132223 8799999999999999 212 5715 8 1599999999999999
 82 76 72 71 75 83 93102107106 98 86 70 53 38 27 23 24 31 42 53 64 73 7920 316QQ 820107999999999999999999999 237 711614 2299999999999999
 82 83 82 82 83 86 90 95 98 99 96 90 80 69 56 44 35 29 28 31 38 47 57 6720 317QQ 049 83 842 9999999999999999 256 821748 2899999999999999
 76 84 88 90 90 90 89 89 89 90 89 88 85 80 73 63 52 41 33 28 28 32 41 5320 318QQ 337 90 9 8 9099999999999999 634 891932 2799999999999999
 67 79 89 95 97 95 90 85 81 79 80 81 84 86 85 80 71 58 44 32 24 23 28 4020 319QQ 353 971314 8699999999999999 925 792042 2399999999999999
 55 72 87 98102101 94 85 76 70 69 72 78 86 91 92 87 76 59 42 27 19 19 2820 320QQ 4131021441 9399999999999999 949 682130 1899999999999999
 43 62 82 97105106 99 87 74 63 58 60 68 80 92 99100 92 76 56 36 21 15 1920 321QQ 4341071533100999999999999991013 5822 7 1599999999999999
 32 52 74 94107110105 92 75 59 50 49 57 71 87100107104 92 72 49 28 15 1420 322QQ 4541101613107999999999999991036 482238 1399999999999999
 24 42 66 88105113110 97 79 59 45 39 44 58 77 96109112105 88 64 40 22 1420 323QQ 51311316491129999999999999911 0 3923 8 1499999999999999
 19 34 57 82102114114103 84 62 42 32 33 45 65 87105115113101 80 55 33 1920 324QQ 5321151723116999999999999991124 312335 1799999999999999
 18 29 50 74 97112116109 91 67 44 28 24 32 50 74 96112117110 94 71 47 2920 325QQ 5511171757117999999999999991150 24999999999999999999999
 23 29 45 68 91109117113 98 74 49 28 18 21 36 58 83103114114104 85 62 4220 326QQ 610117183011699999999999999 0 2 231216 1899999999999999
 31 32 43 63 85104115115103 83 57 33 18 15 24 43 67 90106112108 95 76 5620 327QQ 63011719 511299999999999999 028 301244 1499999999999999
 43 39 45 60 79 98111115107 90 66 42 22 13 17 31 51 74 94105107100 86 6920 328QQ 649115194210799999999999999 053 391314 1399999999999999
 55 48 50 60 76 92106112108 95 75 52 31 17 14 22 38 58 78 93100 99 91 7920 329QQ 7 8112202210199999999999999 117 481346 1499999999999999
 67 59 57 63 74 88100107107 98 83 63 42 26 18 19 28 43 61 78 89 93 92 8520 330QQ 7281082113 9499999999999999 142 571424 1799999999999999
 77 70 66 68 75 84 94101103 98 88 72 55 39 27 21 23 32 45 60 73 82 86 8720 331QQ 7471032231 8799999999999999 2 9 661513 2199999999999999
 83 79 76 75 78 83 89 95 97 96 90 80 67 53 40 30 25 26 31 42 54 65 75 8220 4 1QQ 810 97999999999999999999999 242 751626 2599999999999999
 85 86 85 84 84 84 86 88 89 90 88 84 78 69 58 46 35 27 24 27 34 45 58 7120 4 2QQ 055 86 842 9099999999999999 4 7 8418 5 2499999999999999
 81 89 93 94 91 88 84 81 80 80 81 83 83 81 76 66 53 39 27 19 18 25 37 5320 4 3QQ 240 941146 8399999999999999 822 801936 1899999999999999
 71 86 96101101 95 86 77 71 68 70 75 82 88 90 86 76 59 40 23 12  9 17 3320 4 4QQ 3201021355 9099999999999999 9 7 682043  999999999999999
 54 76 94106109104 92 77 64 55 54 60 72 86 97102 98 84 63 39 18  5  4 1520 4 5QQ 35110915 510299999999999999 940 542135  399999999999999
 36 61 86105114112101 82 61 45 38 41 54 72 92107113107 90 64 36 14  2  420 4 6QQ 42011516 0113999999999999991012 382220  199999999999999
 20 45 74 99115118110 90 65 41 25 22 31 51 76100116121112 92 63 34 13  520 4 7QQ 4481191651121999999999999991046 2123 1  599999999999999
 13 33 60 89110121117101 74 45 20  8 10 26 52 81106121124113 90 61 35 1820 4 8QQ 5151211741125999999999999991121  72339 1599999999999999
 16 28 51 78103119121110 86 55 25  3 -4  4 26 55 85109122121109 86 60 3820 4 9QQ 5411221829123999999999999991157 -4999999999999999999999
 28 32 47 70 95114122116 97 69 37  9 -7 -8  5 29 59 86107117115101 81 6020 410QQ 6 5122191911799999999999999 015 281234-1099999999999999
 46 42 50 67 88107118118106 83 53 23  0-10 -6 10 35 61 85102108105 94 7820 411QQ 629120201010899999999999999 048 421312-1099999999999999
 63 56 57 67 83100112116110 93 69 41 16  0 -5  2 18 40 62 81 94 98 96 8720 412QQ 65311621 7 9899999999999999 120 551353 -599999999999999
 77 69 67 71 81 93104110108 98 81 59 36 17  6  5 12 26 44 61 76 85 89 8920 413QQ 7171112219 9099999999999999 151 671439  499999999999999
 84 79 76 76 80 88 96101102 97 87 72 54 37 24 17 16 22 32 45 58 70 78 8420 414QQ 741103999999999999999999999 225 751535 1599999999999999
 86 85 83 82 82 84 88 91 93 91 87 79 68 56 44 34 27 26 28 35 44 55 66 7520 415QQ 0 9 86 8 6 9399999999999999 320 821654 2699999999999999
 82 87 88 87 85 83 82 81 82 82 81 79 75 70 62 53 44 36 32 31 35 43 53 6520 416QQ 2 3 889999999999999999999991835 31999999999999999999999
 77 86 91 93 90 85 79 74 71 70 71 74 77 78 76 70 61 51 41 34 31 34 43 5520 417QQ 249 931255 7899999999999999 851 701957 3199999999999999
 69 82 92 97 96 89 80 70 62 59 60 65 72 80 84 84 78 67 54 41 32 30 34 4620 418QQ 317 971427 8599999999999999 916 582051 3099999999999999
 61 77 91100101 95 83 69 57 49 47 53 63 76 87 93 92 83 69 53 38 30 30 3820 419QQ 3401011521 9399999999999999 941 472132 2999999999999999
 53 71 88101106101 89 72 55 42 36 40 52 68 84 96101 97 85 67 49 35 29 3320 420QQ 4 110616 21019999999999999910 5 3622 7 2999999999999999
 46 64 84100109107 96 78 56 38 27 28 38 56 76 95106107 99 83 63 45 33 3220 421QQ 4221091640108999999999999991029 262238 3199999999999999
 41 58 78 97110112103 85 62 38 22 17 24 41 64 87104112110 97 78 58 42 3520 422QQ 4431131715113999999999999991055 1723 7 3599999999999999
 39 53 72 93109115110 94 70 43 21 10 12 26 49 75 97112115108 92 72 53 4220 423QQ 5 41151750116999999999999991121  92336 4099999999999999
 41 50 67 87105115114102 79 52 25  8  4 13 33 59 85105115114103 86 66 5220 424QQ 5251161825116999999999999991149  3999999999999999999999
 46 50 64 82100113116108 89 62 34 12  1  4 19 43 69 93109114109 96 79 6320 425QQ 54711619 011499999999999999 0 3 461218  099999999999999
 54 54 62 77 94108115111 97 73 46 21  4  0  9 28 53 78 97108110102 89 7420 426QQ 6 9115193811099999999999999 031 531249  099999999999999
 63 59 64 74 89103111111102 83 59 34 13  3  4 16 37 60 82 97104103 95 8420 427QQ 631112202010599999999999999 058 591323  299999999999999
 73 67 67 73 84 96105108103 90 71 48 27 12  6 10 24 43 64 82 94 99 97 9120 428QQ 6541082113 9999999999999999 128 6614 3  699999999999999
 82 75 72 74 81 90 98103101 94 80 62 43 26 15 12 17 29 46 64 79 89 94 9320 429QQ 7201032225 9499999999999999 2 3 721452 1299999999999999
 89 84 80 78 80 84 90 94 96 93 86 74 60 44 31 21 18 21 31 45 60 74 84 9120 430QQ 755 96999999999999999999999 257 781559 1899999999999999
 93 91 88 84 81 80 81 84 86 87 86 81 74 64 51 39 28 23 23 30 41 56 70 8320 5 1QQ 0 3 93 9 1 8799999999999999 458 801727 2299999999999999
 92 96 96 92 86 80 75 72 72 75 78 81 82 80 72 61 48 35 26 23 27 38 53 7020 5 2QQ 127 971149 8299999999999999 726 721855 2399999999999999
 86 97102101 94 84 72 63 58 58 64 72 81 88 89 84 72 56 40 27 22 25 37 5520 5 3QQ 2181031343 9099999999999999 825 5720 6 2199999999999999
 75 93105108103 91 75 58 46 41 44 55 70 86 97101 96 82 63 43 28 22 27 4220 5 4QQ 255108145610199999999999999 9 5 4121 3 2299999999999999
 62 84103113112101 82 60 39 26 23 32 50 72 93107112106 89 67 46 30 26 3420 5 5QQ 328114155611299999999999999 943 232151 2699999999999999
 51 74 97113118112 94 68 41 18  7 10 25 49 76100116120111 93 70 48 35 3420 5 6QQ 3581181649120999999999999991019  62234 3399999999999999
 45 65 89109121120106 82 51 21  0 -7  1 23 51 82106121123113 94 71 52 4320 5 7QQ 4271221740124999999999999991057 -72314 4299999999999999
 46 60 81103119124117 96 66 33  4-13-14  0 25 56 87110122122110 92 71 5720 5 8QQ 4551241830123999999999999991135-152352 5299999999999999
 53 60 75 95114124123109 83 51 18 -7-18-14  4 32 62 90109119117105 88 7220 5 9QQ 5241251919119999999999999991213-18999999999999999999999
 63 63 73 89106119123116 97 70 38  9-10-15 -7 13 40 67 91106113110 99 8620 510QQ 55312320 911399999999999999 028 621253-1599999999999999
 74 70 73 84 98111119117106 85 59 31  7 -6 -6  4 24 48 71 90102106102 9420 511QQ 62211921 110699999999999999 1 4 701334 -799999999999999
 84 77 76 81 90101110113108 94 75 51 29 12  4  6 17 34 54 73 87 96 99 9620 512QQ 6531132159 9999999999999999 142 761417  499999999999999
 90 84 80 80 84 91 99103103 97 84 68 49 33 21 16 19 29 43 59 73 85 92 9520 513QQ 72710423 7 9599999999999999 228 7915 6 1699999999999999
 93 89 85 82 81 84 88 92 94 92 87 78 65 52 40 32 28 31 38 49 62 74 84 9120 514QQ 8 8 94999999999999999999999 338 8116 5 2899999999999999
 94 93 90 85 81 79 78 80 82 83 83 81 75 68 58 49 42 38 39 44 53 64 75 8520 515QQ 020 94 926 8499999999999999 541 781721 3899999999999999
 92 96 95 91 84 78 72 69 69 72 75 78 79 78 74 67 58 50 45 44 48 56 67 7920 516QQ 118 9612 6 7999999999999999 731 691843 4499999999999999
 90 97100 97 90 80 70 62 58 59 63 70 78 83 85 82 75 65 56 49 47 51 60 7220 517QQ 2 01001353 8599999999999999 821 581951 4799999999999999
 85 97103103 97 86 71 58 49 46 50 59 71 82 91 93 90 81 70 59 51 50 55 6620 518QQ 2321041457 9399999999999999 856 462044 4999999999999999
 80 94105109105 93 77 59 44 36 36 45 60 76 91100102 97 85 72 59 52 53 6120 519QQ 3 1109154510299999999999999 926 352127 5299999999999999
 74 90104112112102 85 63 43 29 24 30 45 65 85101109109100 86 71 59 54 5820 520QQ 328113162711099999999999999 955 2422 4 5499999999999999
 69 85101113117111 95 72 47 27 16 17 29 50 74 96111116113101 85 69 60 5820 521QQ 35411717 5116999999999999991024 152239 5899999999999999
 66 80 97112120118105 83 56 30 12  7 15 34 59 85106118120113 98 82 68 6220 522QQ 4191201742121999999999999991054  72311 6299999999999999
 65 76 92108119122114 95 68 39 15  2  3 18 42 69 95113122120109 94 78 6820 523QQ 4451221819122999999999999991125  12342 6699999999999999
 66 73 86103116123120105 81 52 24  4 -2  5 25 51 79102117122116104 89 7620 524QQ 5111231857122999999999999991158 -2999999999999999999999
 70 72 82 96111121122113 94 67 38 14 -1 -1 11 34 61 87107117118111 99 8520 525QQ 539123193711999999999999999 014 701233 -399999999999999
 76 74 79 90104115120117103 82 55 29  9  0  4 20 43 68 91107115114106 9420 526QQ 6 8120202111599999999999999 047 741311  099999999999999
 84 78 78 85 96107114116109 94 72 47 25  9  5 12 28 50 73 9310611110910220 527QQ 640116211211199999999999999 124 771354  599999999999999
 92 84 80 82 88 97105110109100 86 66 45 26 15 12 20 35 55 75 9210310810620 528QQ 719110221110899999999999999 211 801443 1299999999999999
100 91 85 81 82 87 93 99102100 94 81 65 48 33 23 21 28 41 58 76 9110210620 529QQ 813102231610799999999999999 317 811543 2199999999999999
105 99 92 84 79 78 80 84 89 93 94 90 82 70 56 42 33 30 34 45 61 77 9210320 530QQ 940 94999999999999999999999 454 781655 3099999999999999
107106100 91 81 73 69 68 72 78 85 90 91 87 79 67 54 43 38 41 50 64 80 9520 531QQ 0191081146 9199999999999999 632 681812 3899999999999999
106111109100 88 74 62 55 53 59 68 80 90 96 96 90 78 65 53 46 47 55 69 8620 6 1QQ 1111111332 9799999999999999 740 531925 4599999999999999
101112115110 98 81 62 46 38 37 46 60 78 93104107101 89 74 61 53 53 62 7720 6 2QQ 155115145010799999999999999 830 362028 5299999999999999
 94109119119110 92 70 47 29 20 23 36 57 79 99112116111 98 81 67 59 60 7020 6 3QQ 233120155411699999999999999 914 202122 5899999999999999
 86104118125121107 84 56 30 12  6 13 32 57 84106120124117103 86 71 65 6820 6 4QQ 3 9125165012499999999999999 956  62210 6599999999999999
 80 97115127129120100 72 41 14 -2 -4  9 32 61 90113126128120105 88 75 7120 6 5QQ 3451301742128999999999999991037 -52254 7199999999999999
 77 90108123132130116 91 60 27  2-10 -7 10 37 68 96117128128119103 88 7820 6 6QQ 4201331830129999999999999991118-102335 7699999999999999
 77 85100116129134127108 80 48 17 -4-11 -3 17 45 75101119127125114 99 8620 6 7QQ 4551341916128999999999999991158-11999999999999999999999
 80 82 92107122131131120 99 70 38 12 -4 -5  6 28 55 83105119124119108 9520 6 8QQ 531132195912499999999999999 015 801238 -699999999999999
 85 82 87 97111123128124111 88 60 33 12  2  5 19 41 66 8910711711811310220 6 9QQ 6 7128204111999999999999999 054 821317  299999999999999
 91 84 84 90100111120122115100 79 55 32 17 12 18 33 53 75 9410711411310720 610QQ 644122212311499999999999999 135 831357 1299999999999999
 97 88 84 85 90 99108113113105 91 72 53 36 26 25 32 46 64 82 9710711110920 611QQ 72511422 611199999999999999 221 831438 2499999999999999
102 94 86 83 84 88 95101105103 96 85 70 55 43 37 38 46 58 74 8810010710920 612QQ 813105225210999999999999999 318 821522 3799999999999999
106 99 91 84 80 80 83 88 93 96 95 91 82 72 61 53 49 51 57 68 81 9310210820 613QQ 920 96234110999999999999999 434 801614 4999999999999999
109105 98 89 81 76 74 75 80 85 89 91 89 85 78 70 63 60 61 66 75 86 9710520 614QQ11 6 91999999999999999999999 6 2 741719 6099999999999999
110110105 97 86 76 68 65 66 71 78 85 91 93 91 86 79 73 69 68 73 81 9110120 615QQ 03011113 3 9399999999999999 713 641834 6899999999999999
110114112105 94 80 67 57 54 56 64 75 86 95100100 95 88 80 75 74 78 86 9620 616QQ 116114142810099999999999999 8 4 541944 7499999999999999
107115118114104 88 71 55 45 43 49 61 76 91103109109103 94 85 79 78 82 9120 617QQ 157118152810999999999999999 845 432043 7799999999999999
103114121121114 99 79 58 41 33 34 45 62 82 99112118116108 98 87 81 81 8720 618QQ 234122161511899999999999999 922 322132 8099999999999999
 98110121126123110 90 66 44 28 22 29 45 67 90109121125121110 98 87 82 8420 619QQ 3 8126165612599999999999999 957 222213 8299999999999999
 93106119128130122104 79 52 29 16 15 28 49 75100118129129122109 96 87 8420 620QQ 3411301735130999999999999991031 142251 8499999999999999
 89100114126133130117 94 65 37 16  7 13 31 56 84109126133130120106 93 8620 621QQ 41413318141339999999999999911 7  72327 8599999999999999
 86 94107122132135127109 82 52 25  7  4 15 37 65 93116130134128116101 9020 622QQ 4481351852134999999999999991144  3999999999999999999999
 86 89100114127135134122100 71 40 16  3  5 20 45 74101121131132124110 9720 623QQ 523136193213399999999999999 0 3 861223  299999999999999
 88 86 92104118129134129114 90 61 33 13  5 11 29 55 8210612313012811810420 624QQ 6 1134201413099999999999999 041 8613 4  599999999999999
 92 86 87 94106119128130122106 82 55 31 15 12 20 39 64 8911012412812311220 625QQ 643130205712899999999999999 123 851347 1199999999999999
 99 89 84 86 93104115122123115 99 77 54 34 23 22 32 51 73 9611312312411820 626QQ 732123214112599999999999999 212 841433 2199999999999999
107 95 85 81 83 89 99108114115108 95 77 58 43 34 35 45 62 8210111512212120 627QQ 833115222712399999999999999 312 811524 3499999999999999
114103 91 81 76 76 81 90 99105107104 95 81 67 55 48 50 58 72 8910511612220 628QQ 954107231412299999999999999 426 751621 4899999999999999
120112100 86 75 68 66 70 78 88 97102103 99 90 78 69 63 63 70 82 9610911920 629QQ1140103999999999999999999999 547 661728 6299999999999999
123120110 96 81 67 57 54 57 66 78 91101106106100 91 82 76 75 80 8910211420 630QQ 0 4123132610799999999999999 7 0 541841 7499999999999999
122125121109 93 74 57 44 40 44 55 71 88103112115111103 93 86 83 87 9610720 7 1QQ 054125145411599999999999999 8 1 401955 8399999999999999
119127129122108 88 65 45 31 27 33 48 68 89108120124121112101 92 88 9210120 7 2QQ 14312916 212499999999999999 853 2721 1 8899999999999999
113125132132123106 81 55 32 19 16 26 45 69 94115127131127116104 94 91 9520 7 3QQ 231133165713199999999999999 941 162157 9199999999999999
105119131138135123101 73 44 21  9 10 24 47 75101122134136129117103 94 9220 7 4QQ 3171381743136999999999999991025  82244 9299999999999999
 98110125136141136120 94 64 34 13  4 10 28 54 83109128137137127113100 9220 7 5QQ 4 014118241389999999999999911 6  42326 9199999999999999
 92101115130140142133114 86 54 26  9  5 15 37 64 93117132138133121107 9520 7 6QQ 44214319 2138999999999999991146  4999999999999999999999
 90 93104119133141140127105 76 46 22 10 11 25 49 77103123134135127113 9920 7 7QQ 522142193613699999999999999 0 5 891224  899999999999999
 90 88 95107122134139134119 95 67 41 22 16 22 39 64 8911212713312911910520 7 8QQ 6 113920 813399999999999999 042 8813 0 1699999999999999
 92 86 87 96109123132133125109 86 61 40 27 26 37 55 7810111812812912211020 7 9QQ 640134203713099999999999999 119 861334 2599999999999999
 97 87 84 87 97109120127125116 99 79 58 43 37 40 53 71 9211012212712411520 710QQ 72012721 712799999999999999 158 8414 8 3799999999999999
103 91 84 82 87 96107115119116107 92 76 61 51 49 56 69 8510211612412512020 711QQ 8 5119213912599999999999999 243 821443 4999999999999999
110 98 87 81 80 85 93102109111108101 90 78 67 62 63 70 82 9611012012412220 712QQ 9 0111221512499999999999999 338 801520 6299999999999999
116105 94 84 78 77 80 87 95101104104 99 92 84 77 75 76 83 9310411412112320 713QQ1018105225812399999999999999 445 7716 6 7599999999999999
121113103 91 81 74 71 74 80 88 95101103102 98 93 88 86 87 9210010911712220 714QQ12 9103235012399999999999999 6 0 711710 8699999999999999
123120112101 88 76 67 63 65 72 82 92101106108107103 98 95 95 9810411111820 715QQ14 0108999999999999999999999 7 8 631836 9599999999999999
123125121112 99 83 68 58 54 57 66 79 93105113117116112106101 9910110611420 716QQ 048125151611799999999999999 8 4 5420 2 9999999999999999
121127128123111 94 75 58 46 43 49 62 79 9711212212612411811010310010210820 717QQ 14212816 712699999999999999 851 4321 810099999999999999
117126131131124108 87 64 45 34 34 43 61 8310412113113312912011010210010320 718QQ 230132164913399999999999999 933 33215810099999999999999
111122132137135123103 77 51 32 23 26 41 64 90113130138138130118107 99 9820 719QQ 3131371727139999999999999991013 232238 9899999999999999
104115128138142136120 95 65 38 20 14 23 43 70 98122138143139128113101 9520 720QQ 35514218 3143999999999999991053 142316 9599999999999999
 97106120134144145135114 85 54 27 11 11 24 49 79108130143144136122106 9520 721QQ 4361461839145999999999999991133  92354 9199999999999999
 91 96109125139147145131107 75 44 20  9 13 31 59 89117136145142130113 9720 722QQ 5191481915145999999999999991213  8999999999999999999999
 88 87 96111128141147142125 99 67 38 18 12 21 42 7110012413914313612110320 723QQ 6 3147195014399999999999999 032 861253 1299999999999999
 89 82 84 95111127139143135118 92 63 38 24 23 35 57 8411013013913812811120 724QQ 650143202414099999999999999 113 821334 2199999999999999
 94 81 77 81 93108123133135127111 88 63 44 35 38 52 73 9711913313713211920 725QQ 741136205813799999999999999 158 771415 3599999999999999
102 86 75 72 77 88103116125126119106 87 69 56 51 56 70 8910812413313312520 726QQ 840126213113499999999999999 250 721458 5199999999999999
111 94 80 70 67 72 82 94106114117113104 91 79 71 69 74 8610111612713212920 727QQ 95511722 813299999999999999 351 671544 6999999999999999
120106 90 75 66 62 65 73 84 95105110111106 99 92 86 86 90 9911012012813020 728QQ1137111225313099999999999999 5 5 621640 8599999999999999
126117103 87 73 61 55 56 62 73 85 97107112113109105100 9810010611412212720 729QQ1338113235312999999999999999 625 551759 9899999999999999
129126117103 87 70 56 47 46 52 64 79 9410811712112011511010610510911512220 730QQ1515121999999999999999999999 739 46193910599999999999999
128131128119105 86 66 49 38 37 44 58 76 9611312513012812211410810510711420 731QQ 1 5131161513099999999999999 841 3621 210599999999999999
122130135132122105 83 59 40 29 29 39 57 7910212113313713312411310410110520 8 1QQ 212135165813799999999999999 933 28215810199999999999999
113125135140136124103 77 52 32 22 25 39 61 87111129139140132120107 98 9720 8 2QQ 3 91401734141999999999999991017 222241 9699999999999999
103115129140144138122 98 69 43 24 18 26 44 70 97121137143139127112 98 9220 8 3QQ 35714418 5143999999999999991057 182317 9199999999999999
 93103118134144146137117 90 60 35 21 20 33 55 83110130142142133118101 9020 8 4QQ 4401471834143999999999999991133 192350 8699999999999999
 86 92106123138147144131108 79 51 31 22 28 45 70 98121137142137124106 9120 8 5QQ 51914719 01429999999999999912 6 22999999999999999999999
 82 84 94110128141145139122 97 70 46 31 29 41 61 87112131140139128112 9420 8 6QQ 556145192414199999999999999 022 821237 2899999999999999
 82 78 83 97114130140140130112 88 63 45 37 42 57 7910312313613913211810020 8 7QQ 632141194713999999999999999 054 7813 7 3799999999999999
 84 76 76 85100116129135132120102 80 61 50 49 58 75 9611613113713412310720 8 8QQ 710136201013799999999999999 127 751336 4899999999999999
 90 78 73 76 87101116126128123111 95 78 65 60 63 75 9211012513313412711420 8 9QQ 751129203413599999999999999 2 4 7314 5 6099999999999999
 98 83 74 72 77 87100112119120115105 92 81 73 73 79 9110511912913212912020 810QQ 83912121 113299999999999999 247 721435 7299999999999999
106 92 80 73 72 77 86 97106112113110103 94 88 85 87 9310311412312812912420 811QQ 942113213212999999999999999 339 7115 8 8599999999999999
114102 89 79 72 71 74 82 91100106109108105101 98 97 9910311011812312612520 812QQ1118109221312699999999999999 446 701551 9699999999999999
120111100 88 77 70 67 69 75 84 9410210811111111010810710710911311812112420 813QQ1338111232012499999999999999 6 5 67171810699999999999999
123119111100 87 75 65 60 61 67 78 9010111111712011911611311111011211612020 814QQ1513120999999999999999999999 720 59193811099999999999999
123124122114101 85 69 56 49 51 59 73 8910511812612912612111511010810911420 815QQ 05012516 012999999999999999 821 4921 310899999999999999
121127129126116100 80 59 44 37 40 53 71 9211212713513613012111210510310620 816QQ 2 2129163513699999999999999 912 37215110399999999999999
114124133136132118 97 71 48 31 26 33 50 74 99122136142139129116104 97 9720 817QQ 25813617 814299999999999999 956 262228 9699999999999999
105117131141143136117 91 61 35 20 18 30 53 81109132144146138123106 93 8820 818QQ 3461441740147999999999999991038 1723 3 8899999999999999
 92105121138148148137114 83 51 25 13 16 33 61 92120140149145131112 93 8220 819QQ 4321501811149999999999999991118 122339 7999999999999999
 80 89106126143153150134108 75 43 21 13 22 44 74105131146148139120 98 8020 820QQ 5181531842149999999999999991158 13999999999999999999999
 71 74 87107129146153147129101 69 40 23 22 35 59 89118138147143128106 8320 821QQ 6 5153191114799999999999999 015 701237 2099999999999999
 67 63 69 86107129143148140122 95 66 44 33 37 53 78105128142144134115 9220 822QQ 653148193914499999999999999 054 621314 3399999999999999
 71 58 57 67 85106125137139131114 91 69 54 49 57 74 9611813414113712310220 823QQ 74414020 614199999999999999 135 561351 4999999999999999
 80 62 54 55 65 82101117127128122108 92 77 68 69 78 9311112713613612811220 824QQ 842129203313799999999999999 221 531427 6799999999999999
 92 73 59 52 54 64 78 93107115118114106 96 88 84 87 9510712012913313012020 825QQ 95611821 213399999999999999 315 5215 4 8499999999999999
105 88 71 59 53 54 61 71 84 96104110111108104100 9910110711512212712812420 826QQ1146111213912899999999999999 424 531551 9999999999999999
115103 88 74 62 54 52 56 64 74 86 9710611211411311111011011211511912212320 827QQ1413114224812399999999999999 553 52173211099999999999999
121115105 92 78 64 54 48 49 55 66 80 9510811712112211911511111011111311720 828QQ1533122999999999999999999999 723 4820 611099999999999999
121122119110 97 81 64 50 42 42 49 62 80 9811412412912712111310610210310820 829QQ 048122161212999999999999999 833 41211910299999999999999
115122126125116101 81 61 44 36 36 46 64 85106122132134128117105 97 93 9720 830QQ 215127164113499999999999999 925 3522 0 9399999999999999
105117127133130119100 77 54 37 30 35 49 71 95116131137134123108 94 86 8620 831QQ 31413317 71379999999999999910 7 302232 8599999999999999
 93107122134139133118 95 69 46 31 28 38 58 83108127138138129113 95 82 7720 9 1QQ 3591391731139999999999999991042 2823 1 7799999999999999
 81 94112129140142132112 86 59 39 29 32 48 72 98121136140134119 99 81 7120 9 2QQ 4381421754140999999999999991114 282329 7099999999999999
 71 81 99119136144141126103 76 51 35 32 42 63 88113132140137124105 84 6820 9 3QQ 5141441814140999999999999991143 322356 6399999999999999
 63 70 85106126140143135117 93 67 47 38 42 58 81105126138139129111 89 7020 9 4QQ 5491431835140999999999999991211 38999999999999999999999
 59 60 72 91112130140139127107 83 62 49 47 57 76 98120134139133117 96 7520 9 5QQ 624141185513999999999999999 025 581238 4699999999999999
 60 55 62 77 97117131136131117 98 78 62 56 60 74 93113129137134122104 8220 9 6QQ 7 0136191513799999999999999 054 5513 5 5699999999999999
 64 55 55 65 82101118128129122108 91 76 68 67 76 91108123133134126111 9120 9 7QQ 738130193613499999999999999 126 531331 6699999999999999
 73 59 54 58 70 86103116122121114102 89 80 77 81 9110411812713112711610020 9 8QQ 821123195813199999999999999 2 2 541356 7799999999999999
 83 67 58 56 62 73 87101111115113108100 92 88 89 9410311312112612511810720 9 9QQ 914115201912699999999999999 243 561422 8899999999999999
 93 78 67 60 59 64 73 85 96104108108106102 99 98 9910411011612012111811120 910QQ1036108204412199999999999999 338 591452 9899999999999999
102 90 78 68 62 60 63 69 79 89 9710310710810810710710710911111411611511320 911QQ1313108212611699999999999999 455 6016 010799999999999999
109101 92 81 70 61 57 57 62 70 81 9310311011511611511311010810810911011220 912QQ15 1116235511399999999999999 630 56195410899999999999999
113111106 97 84 70 57 49 47 51 62 77 9210711812312412011410710210010210620 913QQ1537124999999999999999999999 749 4721 410099999999999999
112117118113102 86 67 49 38 35 42 57 76 97115127132129120109 99 92 91 9620 914QQ 14511816 613299999999999999 847 352139 9199999999999999
106117125127121106 85 60 39 26 25 36 56 81106125136137129114 98 85 79 8220 915QQ 249128163513899999999999999 935 242211 7999999999999999
 93108124135137128108 81 52 29 18 21 37 62 91117135142137122102 82 69 6720 916QQ 34113817 4142999999999999991018 172243 6699999999999999
 75 92113133144144131106 75 45 23 15 24 45 74105129142143131109 84 64 5420 917QQ 4291451732144999999999999991059 152317 5399999999999999
 56 71 94119139149146130102 70 41 23 21 35 60 90118138145138118 92 66 4720 918QQ 5171501759145999999999999991137 202353 4199999999999999
 41 50 70 96122142149143125 97 67 42 31 35 52 79107130142141127102 74 4920 919QQ 6 41491825143999999999999991215 31999999999999999999999
 34 34 48 71 98123139144137118 92 67 50 45 54 73 97121137141132113 86 5820 920QQ 653144185014199999999999999 030 321250 4599999999999999
 37 28 32 48 72 97119132135127111 90 72 62 63 75 93113129137134121 99 7220 921QQ 745135191413899999999999999 1 9 281324 6199999999999999
 48 32 28 35 51 72 94111121123117105 91 81 77 82 93107122131132125109 8820 922QQ 843124193813399999999999999 152 281357 7799999999999999
 65 46 35 33 40 53 71 88101110113110103 96 91 91 9610511512312712411410020 923QQ 95811320 312799999999999999 242 321430 9199999999999999
 82 64 50 41 40 44 54 67 80 9110010510610510310110210511011511811811410720 924QQ1156106203211999999999999999 345 39151410199999999999999
 96 83 70 58 49 46 47 52 61 72 83 9410210811011010810710610710810910910820 925QQ1423110213510999999999999999 516 4518 110699999999999999
104 98 89 78 66 56 49 46 49 56 67 80 93105112116115111105101 98 98 9910220 926QQ1513116999999999999999999999 7 0 462039 9799999999999999
105106104 97 86 72 58 48 43 44 53 66 82 98111119120116107 98 90 86 87 9220 927QQ 051106154112099999999999999 816 432118 8699999999999999
100108112111104 90 73 57 44 39 42 53 70 90107120124121111 98 85 77 75 8020 928QQ 22111316 512499999999999999 9 7 392146 7599999999999999
 91103115120118108 90 70 51 39 36 44 59 80101118127126117102 84 71 64 6720 929QQ 315121162712899999999999999 946 362212 6499999999999999
 78 94111123127122107 86 63 45 36 38 50 71 94114127130123107 87 68 57 5620 930QQ 3571271647130999999999999991019 352237 5599999999999999
 65 81102120130131121102 78 56 41 37 45 63 86109125132128113 92 70 53 462010 1QQ 43313217 7132999999999999991049 3623 3 4699999999999999
 52 67 89111128135131116 94 70 50 41 43 57 79102122132132120 99 75 53 412010 2QQ 5 81351727134999999999999991117 402329 3999999999999999
 41 53 74 98120133135126108 85 64 49 46 55 73 96117131134125107 82 57 392010 3QQ 5421361746134999999999999991144 462356 3499999999999999
 34 41 59 83107126134132119 99 78 61 53 57 70 90111127133129114 91 65 432010 4QQ 61613518 7133999999999999991211 53999999999999999999999
 32 33 46 67 92114128131125110 91 74 63 62 71 86105121131130119 99 75 512010 5QQ 651131182713299999999999999 024 301236 6199999999999999
 35 30 37 54 76 99116125125116102 86 74 70 74 85100115126128121106 85 622010 6QQ 727126184712999999999999999 054 3013 1 7099999999999999
 43 33 33 44 62 82101114119117108 96 85 79 79 86 97110120124121110 93 732010 7QQ 8 711919 612499999999999999 126 321326 7899999999999999
 54 41 35 39 51 68 85100109112109102 94 88 86 89 96105114119118111 99 842010 8QQ 856112192611999999999999999 2 3 351352 8699999999999999
 67 52 43 40 45 55 69 83 95102105104100 96 94 94 97102108112113110103 922010 9QQ10 9105194711399999999999999 250 401426 9399999999999999
 79 66 55 47 45 48 55 66 78 88 96101103103102100100101102104106105102 98201010QQ1220104201610699999999999999 358 45155110099999999999999
 90 81 71 60 51 46 46 51 59 71 83 93102107109108106102 99 97 96 97 98 99201011QQ14 81092314 9999999999999999 535 461959 9699999999999999
 98 95 88 78 66 53 44 40 43 51 65 80 95107114116113106 98 90 86 85 88 93201012QQ1450116999999999999999999999 7 8 402043 8599999999999999
100104104 98 86 70 53 39 32 35 45 63 83101116123122113101 87 76 71 73 81201013QQ 130105152212399999999999999 815 322114 7199999999999999
 93106114116108 92 71 49 33 25 30 44 66 91112125129122107 88 70 58 55 62201014QQ 240116155112999999999999999 9 8 252146 5599999999999999
 78 97114126127116 96 70 45 28 23 31 50 76103123133130117 94 70 49 39 41201015QQ 336128161913399999999999999 953 232219 3899999999999999
 55 78103124135134121 97 69 43 28 26 39 63 91116132136126105 76 48 29 23201016QQ 4261371646136999999999999991035 252254 2399999999999999
 32 53 81109131141138121 95 67 44 33 37 54 80106128138133116 88 56 28 12201017QQ 5151411713138999999999999991114 332330 1099999999999999
 12 27 54 85113134141135118 92 67 49 44 53 73 97120135137125101 70 37 13201018QQ 6 41411739138999999999999991151 44999999999999999999999
  3  9 28 57 88114131136129112 90 70 59 59 71 91112129136131113 86 54 25201019QQ 65413618 513699999999999999 0 8  31226 5899999999999999
  6  2 12 33 61 89111125128120106 89 75 70 75 88105121131131120100 72 43201020QQ 746128183113399999999999999 047  113 0 7099999999999999
 20  7  7 19 40 64 87105115117112101 90 83 82 88100113123127122108 88 63201021QQ 844117185712799999999999999 129  61334 8199999999999999
 40 23 15 17 28 46 65 83 97105108105 99 93 90 91 97105113118117110 97 80201022QQ 955108192511899999999999999 216 151412 9099999999999999
 61 44 32 26 28 37 50 64 78 90 98102102100 97 95 96 99103106108106100 90201023QQ1134102195610899999999999999 313 261514 9599999999999999
 78 65 52 43 38 38 43 51 62 74 85 94100103102100 97 95 94 95 95 96 95 93201024QQ132310321 0 9699999999999999 430 371816 9499999999999999
 88 81 72 63 54 47 44 45 51 61 72 84 95103106105101 95 89 85 83 83 85 89201025QQ1418106999999999999999999999 610 442017 8399999999999999
 91 91 88 81 72 61 52 46 46 51 61 74 88100108110106 98 87 78 72 70 73 79201026QQ 037 92145011099999999999999 734 452051 7099999999999999
 88 95 98 96 89 77 64 53 46 46 52 65 81 96108114112103 90 75 64 58 59 67201027QQ 211 98151511499999999999999 831 452119 5899999999999999
 79 92102107104 94 79 63 51 45 47 57 73 91107116117110 95 77 60 49 46 53201028QQ 3 6107153711899999999999999 913 442145 4699999999999999
 67 84101111114108 95 77 60 48 45 52 66 85104117122116102 81 60 43 36 39201029QQ 349114155912299999999999999 949 452210 3599999999999999
 53 73 94111120119109 92 73 56 48 49 61 79 99116124122110 89 64 42 28 27201030QQ 4261211620125999999999999991021 472236 2699999999999999
 38 58 82104120126121107 87 68 55 51 58 73 93112124127117 98 72 46 26 19201031QQ 5 11261642127999999999999991051 5123 3 1999999999999999
 25 42 67 93114126127118101 81 65 56 58 70 88107122128123107 82 53 29 152011 1QQ 53612817 4128999999999999991119 562331 1399999999999999
 15 28 51 78103121128125112 94 76 64 61 68 83101118127126114 92 64 37 172011 2QQ 6101291726128999999999999991147 61999999999999999999999
 10 17 36 61 88110123126119105 88 74 67 70 80 96112124126119101 76 48 252011 3QQ 645126174812799999999999999 0 0 101214 6799999999999999
 12 12 24 46 72 96113122120111 97 83 74 73 79 91106118124120108 87 61 372011 4QQ 721122181012499999999999999 030 101240 7399999999999999
 19 12 18 33 56 79 99112117113104 92 82 78 80 88100111118119111 95 74 512011 5QQ 8 1117183311999999999999999 1 3 1213 9 7899999999999999
 31 19 17 26 42 63 83 99108110106 99 90 84 83 87 95104111114110100 84 652011 6QQ 849111185811499999999999999 140 171342 8399999999999999
 47 31 24 24 33 48 66 82 95103105102 97 92 88 88 92 97102106106101 91 782011 7QQ 953105192810699999999999999 225 231430 8899999999999999
 63 48 36 30 31 38 50 65 79 91 99103102 99 95 92 90 91 93 95 97 97 93 872011 8QQ11221032020 9799999999999999 325 291613 9099999999999999
 78 66 54 43 36 35 39 49 62 76 88 98104105103 98 93 88 84 83 84 87 89 902011 9QQ12511052259 9099999999999999 447 351857 8399999999999999
 88 83 75 63 51 42 37 38 46 59 74 89101109110106 98 88 78 71 69 71 77 85201110QQ1347111999999999999999999999 618 3620 1 6999999999999999
 92 95 93 86 73 58 45 37 36 44 58 76 94108115115107 93 77 63 54 52 58 70201111QQ 113 95142611699999999999999 734 362041 5299999999999999
 85 98106106 97 82 64 47 37 36 46 62 83103117122117102 82 60 43 34 36 48201112QQ 23110715 012299999999999999 834 352118 3399999999999999
 67 88106117117107 89 68 49 39 40 52 72 94114125125114 92 65 39 21 16 23201113QQ 331118153112799999999999999 925 382155 1699999999999999
 42 68 95115126126113 93 70 52 44 48 63 85107124131125106 77 46 19  3  2201114QQ 42512816 1131999999999999991010 432233  099999999999999
 16 41 72101122132130115 94 72 56 51 59 77 99120132132119 94 60 27  1-10201115QQ 5171331631134999999999999991051 512311-1099999999999999
 -5 15 44 77106126134129114 93 73 62 62 73 91112129135129109 79 44 12 -9201116QQ 6 713417 1135999999999999991130 602351-1599999999999999
-15 -5 19 50 82108125130124109 91 76 69 73 86104121132132120 97 65 32  4201117QQ 65713017321349999999999999912 8 69999999999999999999999
-12-12  2 26 56 85108121124117104 89 79 77 83 96111124130125109 84 54 25201118QQ 74712418 313099999999999999 031-141245 7699999999999999
  3 -7 -3 12 36 62 86104114115109 99 88 82 83 90101113121122114 97 74 48201119QQ 839116183612399999999999999 113 -71324 8299999999999999
 25  9  4 10 25 45 67 86100107108103 95 88 85 87 93101109113111102 87 67201120QQ 935108191111399999999999999 157  414 9 8599999999999999
 47 30 20 18 24 36 53 70 85 96102102 99 94 89 86 87 91 96100102 99 91 80201121QQ1039103195210299999999999999 244 171514 8699999999999999
 66 51 39 32 31 36 46 59 72 84 94 99100 98 93 88 85 83 84 86 89 90 89 85201122QQ114910021 2 9099999999999999 340 3117 6 8399999999999999
 78 69 59 50 44 43 46 53 63 74 85 94100101 98 93 86 80 75 74 75 77 80 83201123QQ12501012339 8399999999999999 451 4319 7 7499999999999999
 83 81 75 68 60 54 51 52 58 67 78 89 98103104 99 91 80 71 64 61 63 68 75201124QQ1335104999999999999999999999 615 5120 5 6199999999999999
 82 86 87 84 77 68 61 56 56 61 71 83 95104108106 98 85 71 58 50 49 54 64201125QQ 141 87141010899999999999999 729 552042 4999999999999999
 76 87 94 96 92 84 73 64 58 59 65 77 90103111112106 92 75 57 43 37 39 50201126QQ 250 96144111299999999999999 827 582113 3799999999999999
 65 81 95103105 99 88 76 65 60 62 71 85 99111117114101 83 61 41 29 26 34201127QQ 34010515 911799999999999999 912 602143 2699999999999999
 50 71 91105113111103 89 75 65 62 67 79 95109119120111 93 68 44 25 16 20201128QQ 420113153612199999999999999 952 622212 1699999999999999
 35 56 81101115120115103 87 73 66 66 75 89106119124119103 79 52 27 11  9201129QQ 45812016 3124999999999999991027 652242  899999999999999
 19 40 66 92112122123114100 84 72 68 72 84100115125125113 91 63 34 12  3201130QQ 5331241629126999999999999991059 682312  299999999999999
  7 24 49 77102119125122110 94 80 72 72 80 94110122127120103 77 47 20  32012 1QQ 6 81251655127999999999999991129 712343 -199999999999999
  0 10 32 60 88110122124117104 89 78 73 78 89104117125124112 90 61 32 102012 2QQ 6431251722126999999999999991159 73999999999999999999999
 -1  2 18 43 71 96114122120111 97 84 77 77 84 97110121124117101 76 48 222012 3QQ 719122175012499999999999999 016 -21230 7699999999999999
  5  0  9 28 53 79101114119114104 92 82 78 81 90102113119118107 89 64 392012 4QQ 758119182012099999999999999 051  013 3 7899999999999999
 18  6  6 17 37 61 85102112114109 99 89 82 80 85 93103111113109 97 79 572012 5QQ 843114185511399999999999999 130  41344 8099999999999999
 35 19 11 14 27 46 67 87102109110105 96 87 82 81 85 92 99104105100 89 732012 6QQ 933111193910599999999999999 213 111439 8199999999999999
 55 38 25 20 24 35 52 71 88101107107103 95 87 81 79 81 85 90 95 96 92 852012 7QQ10321082047 9699999999999999 3 5 2016 2 7999999999999999
 73 59 45 35 30 33 42 57 73 89100107107103 95 85 78 73 72 74 78 84 88 892012 8QQ11351082246 8999999999999999 4 8 301750 7299999999999999
 86 78 68 56 46 40 41 48 61 76 90102109109103 93 81 70 61 57 59 65 74 832012 9QQ1234110999999999999999999999 525 401911 5799999999999999
 89 91 88 79 68 57 50 48 53 65 80 94106113112104 90 73 57 45 40 43 53 67201210QQ 054 91132311399999999999999 644 4820 7 4099999999999999
 81 94100 99 92 80 67 58 54 59 70 85101113118114102 83 60 40 26 22 28 43201211QQ 22510114 611899999999999999 756 542053 2299999999999999
 63 84101110111103 90 75 64 60 65 77 93109121123115 97 72 45 21  7  6 17201212QQ 334112144512399999999999999 856 602136  599999999999999
 38 64 89109120120111 96 80 68 65 72 86103119128126113 89 59 28  4 -8 -5201213QQ 432121152312899999999999999 949 652218 -899999999999999
 12 38 68 96117127126115 98 82 72 71 79 95113127132126108 79 45 13 -9-17201214QQ 52412816 0132999999999999991035 702259-1799999999999999
 -9 12 42 74102122130126114 97 82 74 76 87103120132133122 99 67 32  2-16201215QQ 6121301637134999999999999991118 742340-2099999999999999
-19 -7 18 50 81107124129123109 93 81 76 81 94110125133130115 89 56 23 -3201216QQ 6571291715133999999999999991158 76999999999999999999999
-17-14  2 28 59 88110122124116103 88 79 78 85 99114126130123105 78 47 18201217QQ 740125175213099999999999999 021-171238 7799999999999999
 -3-10 -3 15 41 69 94111119117108 95 84 78 79 88101114122122112 93 68 41201218QQ 820119183012399999999999999 1 0-101317 7799999999999999
 18  4  2 12 30 54 78 97110114110101 89 80 77 80 88 99109114111100 83 61201219QQ 85911419 911499999999999999 139  114 0 7799999999999999
 39 23 15 17 28 46 66 85100108109103 94 84 77 76 79 86 94101103 99 89 75201220QQ 938109195310399999999999999 217 141451 7599999999999999
 58 42 32 28 33 44 59 76 91101106104 99 90 81 75 73 75 80 86 91 92 89 82201221QQ10181062049 9299999999999999 256 281559 7399999999999999
 72 60 50 43 42 47 57 70 83 94102104102 96 87 79 72 68 69 72 76 81 83 83201222QQ11 31042223 8399999999999999 339 421729 6899999999999999
 79 74 66 60 56 56 60 67 77 88 97103104102 95 85 75 67 61 59 61 66 72 78201223QQ1154104999999999999999999999 434 551854 5999999999999999
 81 82 80 76 71 67 66 68 74 82 91100105106103 94 82 70 58 50 48 51 59 68201224QQ 046 82124710699999999999999 552 661954 4899999999999999
 78 85 89 89 86 81 76 73 74 78 86 95103109109104 92 77 60 47 38 37 43 55201225QQ 232 90133611099999999999999 721 732038 3799999999999999
 69 82 93 99 99 95 89 82 77 77 81 89 99108113112103 87 68 48 33 26 28 39201226QQ 335100141911399999999999999 833 762116 2699999999999999
 55 74 91103109108101 92 84 78 79 84 94105114118113 99 79 55 34 19 15 23201227QQ 420109145711899999999999999 927 782151 1599999999999999
 39 60 83101113117113104 92 83 78 81 89101113120120111 92 67 40 19  8  9201228QQ 4581171531122999999999999991010 782224  699999999999999
 22 44 69 93111121121114102 89 80 78 84 95108120125120105 81 52 25  6 -1201229QQ 53212216 5125999999999999991047 782258 -199999999999999
  7 26 52 80104119125122111 97 85 78 80 88102116125126117 96 68 37 11 -3201230QQ 6 61251637127999999999999991120 782332 -699999999999999
 -4  9 33 62 90112124126118105 91 80 77 83 94109122128125110 85 54 24  2201231QQ 6401261710128999999999999991151 77999999999999999999999
