 20 20 21 23 25 25 25 23 20 16 12  9  7  6  6  8 11 14 17 19 20 20 19 1820 1 1QR 5 5 252024 20999999999999991311  6999999999999999999999
 18 18 18 19 20 22 22 21 19 17 14 11  9  7  7  8 10 13 15 17 19 19 19 1820 1 2QR 546 222056 1999999999999999 044 181341  799999999999999
 17 16 16 16 16 17 18 18 18 16 14 12 11  9  9  9 11 13 15 17 18 19 19 1820 1 3QR 642 182119 1999999999999999 220 1614 4  999999999999999
 17 15 14 13 13 13 14 15 15 15 14 13 12 11 11 11 12 13 15 17 18 19 20 1920 1 4QR 819 152140 2099999999999999 354 131423 1199999999999999
 17 16 14 12 11 10 10 11 12 13 14 14 14 13 13 13 14 14 16 17 19 20 21 2020 1 5QR1058 1422 2 2199999999999999 513 101436 1399999999999999
 19 17 14 12 10  8  7  8  9 11 13 14 15 15 15 15 16 16 17 18 20 21 22 2220 1 6QR2230 22999999999999999999999 6 8  7999999999999999999999
 21 19 16 13 10  7  5  5  6  8 11 13 15 17 17 18 18 18 18 19 21 22 24 2420 1 7QR23 5 24999999999999999999999 651  5999999999999999999999
 24 22 19 15 11  8  5  3  3  5  8 11 15 17 19 20 20 20 20 20 21 23 24 2620 1 8QR2346 26999999999999999999999 732  3999999999999999999999
 26 25 23 19 14  9  5  2  1  1  4  8 12 16 19 21 21 21 21 21 21 23 24 2620 1 9QR9999999999999999999999999999 814  1999999999999999999999
 28 28 26 23 18 13  7  3  0 -1  0  4  9 14 18 21 22 22 22 21 21 22 23 2620 110QR 032 281644 2299999999999999 857 -11935 2199999999999999
 28 30 29 27 23 17 11  5  0 -2 -3 -1  4  9 15 19 21 22 22 21 21 21 22 2420 111QR 121 301713 2299999999999999 942 -32019 2199999999999999
 26 29 31 30 27 22 16  9  3 -2 -4 -4 -1  4 10 15 19 21 22 21 20 19 20 2120 112QR 212 311744 22999999999999991028 -421 4 1999999999999999
 23 26 29 31 30 26 21 14  7  1 -3 -5 -4  0  5 11 16 19 20 20 19 18 17 1820 113QR 3 3 311817 20999999999999991115 -52155 1799999999999999
 19 22 25 28 30 28 25 19 12  6  1 -3 -4 -3  1  7 12 16 18 19 18 16 15 1520 114QR 356 301849 199999999999999912 1 -423 0 1599999999999999
 15 17 20 23 26 27 26 22 17 11  5  1 -2 -2  0  4  9 13 16 18 18 16 14 1320 115QR 452 271921 18999999999999991245 -2999999999999999999999
 12 13 14 17 20 23 23 22 19 15 10  6  2  1  1  3  7 11 15 17 18 17 15 1320 116QR 554 231952 1899999999999999 020 121328  099999999999999
 11 10 10 11 13 16 18 19 19 17 13 10  7  5  4  5  7 11 14 17 18 18 16 1420 117QR 710 192023 1899999999999999 140 1014 7  499999999999999
 11  9  8  7  8  9 12 14 15 16 15 13 11 10  9  8  9 11 14 17 19 19 18 1620 118QR 846 162056 1999999999999999 3 1  71441  899999999999999
 13 10  8  6  4  4  6  8 10 12 14 14 14 13 12 12 13 13 15 17 19 21 21 1920 119QR1055 142133 2199999999999999 427  415 3 1299999999999999
 17 13 10  7  4  2  2  3  5  8 11 13 14 15 15 15 16 16 17 18 20 21 22 2220 120QR2216 22999999999999999999999 549  2999999999999999999999
 20 17 14 10  6  2  0 -1  0  3  7 10 13 15 17 17 18 18 18 19 20 22 23 2420 121QR23 6 24999999999999999999999 655 -1999999999999999999999
 23 21 18 14  9  5  1 -1 -2 -1  3  7 11 15 17 18 19 19 19 19 20 21 23 2520 122QR2359 25999999999999999999999 750 -2999999999999999999999
 25 24 22 18 14  9  4  0 -2 -2  0  3  8 13 16 18 19 20 19 19 19 20 22 2420 123QR9999999999999999999999999999 837 -3999999999999999999999
 26 26 25 22 18 13  7  3 -1 -3 -2  0  5 10 14 17 19 20 19 19 18 19 20 2220 124QR 051 261654 2099999999999999 920 -31948 1899999999999999
 24 26 26 25 22 17 11  6  1 -2 -3 -2  2  7 12 16 18 19 19 18 17 17 18 1920 125QR 140 271710 199999999999999910 0 -32029 1799999999999999
 22 24 26 26 24 20 15  9  4  0 -3 -3 -1  4  9 13 16 18 18 17 16 15 15 1620 126QR 225 261732 18999999999999991036 -321 8 1599999999999999
 19 21 24 25 24 22 17 12  6  2 -2 -3 -2  1  6 10 14 16 17 16 15 13 13 1420 127QR 3 6 251756 17999999999999991110 -32149 1399999999999999
 15 18 21 23 23 22 19 14  9  4  0 -2 -2 -1  3  8 12 14 15 15 14 12 11 1120 128QR 344 231819 15999999999999991140 -22234 1199999999999999
 12 14 16 19 21 20 19 15 10  6  2  0 -1 -1  2  6 10 12 14 14 13 12 10  920 129QR 422 211841 149999999999999912 6 -12328  999999999999999
  9 10 12 15 17 18 17 15 11  8  4  1  0  0  2  5  8 11 13 14 13 12 10  820 130QR 5 0 1819 1 14999999999999991227  0999999999999999999999
  8  8  9 11 13 14 14 14 11  9  6  3  2  2  3  5  8 11 13 14 13 12 10  820 131QR 543 141919 1499999999999999 028  81243  299999999999999
  7  6  6  7  9 10 11 11 11  9  7  5  4  4  5  6  8 11 13 14 14 13 11  920 2 1QR 640 111937 1499999999999999 132  61251  499999999999999
  7  6  5  4  5  6  8  9  9  9  8  7  7  6  7  8 10 12 13 15 15 14 13 1120 2 2QR 8 8  91958 1599999999999999 241  41242  699999999999999
  8  6  4  3  3  3  4  6  7  8  8  8  8  9  9 10 11 13 14 15 16 16 15 1320 2 3QR2027 16999999999999999999999 356  3999999999999999999999
 11  8  5  3  2  1  1  2  4  6  8  9 10 11 11 12 13 14 15 16 17 18 17 1620 2 4QR21 9 18999999999999999999999 512  1999999999999999999999
 14 11  7  4  2  0 -1 -1  1  3  6  8 10 12 13 14 14 15 15 16 17 19 19 1920 2 5QR22 6 19999999999999999999999 614 -1999999999999999999999
 17 14 11  7  3  0 -2 -3 -3 -1  3  6  9 12 14 15 15 15 16 16 17 19 20 2120 2 6QR2312 21999999999999999999999 7 7 -3999999999999999999999
 20 18 15 11  6  2 -2 -5 -6 -5 -2  3  7 11 13 15 16 16 15 16 16 17 19 2120 2 7QR9999999999999999999999999999 757 -6999999999999999999999
 22 22 20 16 11  5  0 -4 -7 -8 -6 -2  3  8 12 14 15 15 15 14 14 15 17 1920 2 8QR 017 221627 1699999999999999 845 -81926 1499999999999999
 22 24 23 21 16 10  4 -2 -7 -9 -9 -7 -2  4  9 13 15 15 14 13 12 12 13 1620 2 9QR 117 241642 1599999999999999 932-102019 1299999999999999
 19 23 25 24 21 16  9  2 -4 -8-10-10 -6  0  6 10 13 14 13 12 10  9 10 1120 210QR 214 2517 3 14999999999999991017-102114  999999999999999
 14 19 23 24 23 20 15  8  1 -5 -9-10 -8 -4  2  8 11 13 13 11  9  7  6  620 211QR 310 241727 149999999999999911 1-102213  699999999999999
  8 12 17 21 23 22 19 13  6  0 -5 -8 -8 -6 -1  5 10 13 13 12  9  6  4  320 212QR 4 7 231752 13999999999999991142 -82317  399999999999999
  3  6 10 15 19 20 19 16 11  5  0 -3 -5 -4 -1  4  8 12 13 13 11  7  4  220 213QR 5 8 201819 13999999999999991220 -5999999999999999999999
  1  1  3  7 12 15 16 16 13  9  5  2  0 -1  0  4  8 12 14 14 13 10  6  320 214QR 615 161846 1499999999999999 022  11255 -199999999999999
  0 -1 -1  1  4  8 11 12 12 11  8  6  4  4  4  5  8 12 14 15 15 13  9  620 215QR 732 131915 1599999999999999 128 -11322  399999999999999
  2  0 -2 -2 -1  2  4  7  9 10  9  9  8  8  8  8 10 12 14 16 16 15 13  920 216QR 913 101948 1699999999999999 240 -31327  799999999999999
  6  2  0 -3 -3 -3 -1  1  4  6  8  9 10 10 11 11 12 13 15 16 17 17 16 1320 217QR2030 17999999999999999999999 4 4 -3999999999999999999999
 10  7  3  0 -3 -4 -4 -3 -1  2  5  8 10 11 12 13 13 14 15 16 17 17 17 1620 218QR2127 17999999999999999999999 534 -4999999999999999999999
 14 11  7  4  0 -3 -5 -5 -4 -1  2  6  9 11 13 14 14 14 15 15 16 17 18 1820 219QR2240 18999999999999999999999 647 -5999999999999999999999
 17 15 12  8  4  0 -3 -5 -6 -4 -1  3  7 10 12 13 14 14 14 14 14 15 17 1820 220QR2351 18999999999999999999999 743 -6999999999999999999999
 18 17 15 12  8  4 -1 -4 -6 -6 -4  0  4  8 11 13 13 13 13 12 13 13 15 1720 221QR1613 13999999999999999999999 829 -61920 1299999999999999
 18 19 18 15 11  7  2 -2 -5 -6 -5 -2  2  6 10 12 13 12 12 11 10 11 12 1420 222QR 050 191613 1399999999999999 9 9 -620 0 1099999999999999
 17 18 19 17 14 10  5  0 -4 -6 -6 -5 -1  4  8 11 12 12 11  9  8  8  9 1120 223QR 139 191624 1299999999999999 944 -62037  899999999999999
 14 17 18 18 16 12  8  2 -2 -5 -6 -6 -3  2  6  9 11 11 10  8  7  6  6  720 224QR 223 181640 11999999999999991014 -62115  699999999999999
 10 14 16 17 17 14 10  5  0 -4 -6 -6 -4  0  4  8 10 11 10  8  5  4  4  420 225QR 3 4 171658 11999999999999991042 -62155  499999999999999
  6 10 13 15 16 14 11  7  2 -2 -4 -5 -4 -2  3  6  9 10 10  8  5  3  2  220 226QR 344 161714 109999999999999911 6 -52237  299999999999999
  3  5  9 12 14 14 12  9  4  0 -2 -4 -4 -2  2  6  9 10 10  8  6  3  1  020 227QR 424 141729 10999999999999991127 -42322  099999999999999
  0  2  5  8 11 12 11  9  6  3  0 -2 -2 -1  2  6  8 10 10  9  7  4  1 -120 228QR 5 7 121742 10999999999999991143 -2999999999999999999999
 -1 -1  1  4  7  9 10  9  7  4  2  1  1  1  3  6  9 11 11 10  8  5  2  020 229QR 557 101754 1199999999999999 0 7 -11152  199999999999999
 -2 -2 -1  1  3  6  7  8  7  6  4  3  3  3  5  7  9 11 12 11 10  7  4  120 3 1QR 659  818 9 1299999999999999 056 -21149  399999999999999
 -1 -2 -3 -2  0  2  4  6  6  6  6  5  5  6  7  8 10 12 13 13 12 10  7  420 3 2QR 823  61830 1399999999999999 149 -31127  599999999999999
  1 -1 -3 -3 -3 -1  1  3  4  6  6  6  7  8  8  9 11 12 13 14 13 12  9  720 3 3QR19 1 14999999999999999999999 253 -3999999999999999999999
  3  1 -2 -3 -4 -4 -2 -1  2  4  5  7  8  9 10 11 11 12 13 14 14 14 12 1020 3 4QR1953 14999999999999999999999 411 -4999999999999999999999
  7  4  1 -2 -4 -5 -5 -4 -2  1  3  6  8  9 10 11 12 12 13 13 14 15 14 1320 3 5QR2119 15999999999999999999999 532 -5999999999999999999999
 11  8  4  1 -3 -5 -7 -7 -6 -3  0  4  7  9 10 11 11 11 12 12 13 14 15 1620 3 6QR2256 16999999999999999999999 639 -7999999999999999999999
 15 13  9  5  1 -4 -7 -9 -9 -7 -4  0  5  8 10 11 11 10 10 10 10 12 14 1620 3 7QR1534 11999999999999999999999 735 -91839 1099999999999999
 17 16 14 10  5  0 -5 -9-11-11 -8 -4  1  6  9 10 10  9  8  7  7  8 10 1320 3 8QR 014 171533 1099999999999999 826-111934  799999999999999
 17 18 18 15 11  5 -1 -6-10-12-11 -7 -2  3  7  9 10  9  7  5  3  3  5  820 3 9QR 119 181545 1099999999999999 913-122028  399999999999999
 13 17 19 19 16 11  5 -2 -7-10-11-10 -5  1  6  9 10  9  7  3  1  0  0  220 310QR 220 1916 3 1099999999999999 956-112123  099999999999999
  6 12 17 19 18 16 11  4 -2 -6 -9 -9 -6 -1  5  9 11 10  8  4  0 -3 -4 -320 311QR 321 191625 11999999999999991037 -92220 -499999999999999
 -1  5 11 15 17 17 14 10  4 -1 -4 -6 -5 -2  4  8 11 12 10  7  2 -2 -5 -720 312QR 423 181649 12999999999999991115 -62316 -799999999999999
 -6 -3  3  9 13 15 15 13  8  4  1 -1 -2  0  4  8 12 13 13 10  6  0 -4 -720 313QR 529 151715 13999999999999991149 -2999999999999999999999
 -8 -7 -4  1  6 10 12 13 11  8  5  3  2  3  5  8 12 14 14 13 10  5  0 -420 314QR 638 131742 1599999999999999 013 -81218  299999999999999
 -7 -8 -8 -5  0  4  7  9 10  9  8  7  6  6  7  9 12 14 15 15 13  9  5  020 315QR 756 101812 1599999999999999 112 -91234  699999999999999
 -3 -6 -8 -7 -5 -2  1  5  7  8  9  9  9  9 10 11 12 14 15 15 15 12  9  520 316QR1845 15999999999999999999999 217 -8999999999999999999999
  1 -2 -5 -6 -7 -5 -3  0  3  5  7  9 10 11 11 12 13 13 14 15 15 14 12  920 317QR1928 15999999999999999999999 337 -7999999999999999999999
  6  3 -1 -3 -5 -6 -6 -4 -1  2  5  7  9 11 12 12 12 13 13 13 14 14 13 1220 318QR2043 14999999999999999999999 5 8 -6999999999999999999999
 10  7  4  1 -2 -5 -6 -6 -4 -1  2  5  8 10 11 12 12 12 11 11 12 13 13 1320 319QR2226 13999999999999999999999 624 -6999999999999999999999
 12 10  8  4  1 -2 -4 -6 -5 -4 -1  3  6  9 10 11 11 10 10  9 10 10 12 1320 320QR1515 112349 1399999999999999 721 -619 5  999999999999999
 13 12 10  8  4  1 -3 -5 -6 -5 -3  1  5  7  9 10 10  9  8  7  7  8  9 1120 321QR15 7 10999999999999999999999 8 5 -61939  799999999999999
 13 13 12 10  7  3 -1 -4 -5 -6 -4 -1  3  6  8  9  9  8  6  5  4  5  6  920 322QR 050 131512  999999999999999 842 -62010  499999999999999
 11 13 13 12  9  6  2 -2 -4 -6 -5 -3  1  5  8  9  9  7  5  3  2  2  3  520 323QR 140 131523  999999999999999 912 -62042  299999999999999
  8 11 13 13 11  8  4  0 -3 -5 -5 -3  0  4  7  9  9  8  5  2  0 -1  0  220 324QR 225 131536  999999999999999 939 -52116 -199999999999999
  5  9 12 13 12 10  6  2 -1 -3 -4 -3 -1  3  7  9  9  8  6  2 -1 -2 -3 -220 325QR 3 9 131549  99999999999999910 3 -42152 -399999999999999
  1  5  9 11 12 11  8  5  1 -1 -2 -2  0  3  7  9 10  9  7  3  0 -3 -4 -420 326QR 353 1216 2 10999999999999991024 -32229 -599999999999999
 -2  1  6  9 11 11 10  7  4  1  0  0  1  3  7 10 11 11  9  5  1 -2 -5 -620 327QR 438 111614 11999999999999991043 -123 6 -699999999999999
 -5 -2  2  6  9 10 10  9  6  4  2  2  2  4  7 10 12 12 10  7  3 -1 -4 -620 328QR 526 101627 12999999999999991058  22345 -699999999999999
 -6 -5 -1  3  6  8  9  9  8  6  5  4  5  6  8 11 13 13 12  9  6  2 -2 -520 329QR 619 101643 139999999999999911 3  4999999999999999999999
 -6 -6 -4 -1  3  6  8  9  8  8  7  6  7  8  9 11 13 14 13 11  8  4  0 -320 330QR 720  917 2 1499999999999999 027 -61054  699999999999999
 -5 -6 -6 -4 -1  2  5  7  8  8  8  8  8  9 10 12 13 14 14 13 11  7  4  020 331QR1726 14999999999999999999999 115 -6999999999999999999999
 -3 -5 -6 -5 -4 -1  1  4  6  7  8  9  9 10 11 12 13 14 14 14 12 10  7  420 4 1QR1759 14999999999999999999999 213 -6999999999999999999999
  0 -2 -5 -6 -6 -4 -2  0  3  5  7  8 10 10 11 12 12 13 13 14 13 12 10  820 4 2QR19 1 14999999999999999999999 327 -6999999999999999999999
  4  1 -2 -4 -6 -6 -6 -4 -1  2  5  7  9 10 11 11 11 11 12 12 13 13 13 1120 4 3QR21 3 13999999999999999999999 451 -6999999999999999999999
  9  5  2 -1 -4 -7 -7 -7 -5 -1  2  6  8  9 10 10 10  9  9  9 10 12 13 1420 4 4QR1430 102253 1499999999999999 6 5 -71750  999999999999999
 13 10  7  3 -1 -5 -7 -8 -7 -5 -1  3  7  9 10  9  8  7  6  6  6  8 11 1320 4 5QR1413 10999999999999999999999 7 5 -81847  699999999999999
 15 14 12  8  4 -1 -5 -7 -8 -7 -4  1  5  8 10  9  8  6  3  2  2  3  6 1020 4 6QR 015 151419 1099999999999999 756 -81938  299999999999999
 14 16 16 14 10  5  0 -4 -7 -7 -5 -1  4  8 10 10  9  6  2 -1 -2 -2  0  420 4 7QR 124 161434 1199999999999999 842 -72030 -299999999999999
 10 14 17 17 15 11  5  1 -3 -5 -5 -2  3  8 11 12 11  8  3 -1 -4 -6 -6 -320 4 8QR 231 171455 1299999999999999 925 -52122 -699999999999999
  3  9 14 17 17 15 11  6  2 -1 -2 -1  3  8 12 14 14 11  7  1 -4 -7 -9 -820 4 9QR 338 171520 149999999999999910 4 -22215 -999999999999999
 -4  2  8 13 16 17 15 11  7  4  2  2  4  8 13 16 17 15 11  6 -1 -6 -9-1020 410QR 443 171548 17999999999999991040  223 7-1199999999999999
 -9 -5  1  7 12 15 16 14 11  9  7  6  7  9 13 16 18 18 15 11  5 -1 -6 -920 411QR 548 161618 18999999999999991112  6999999999999999999999
-11 -9 -5  1  6 11 13 14 13 12 10 10 10 11 13 16 19 19 18 15 10  4 -1 -520 412QR 656 141649 1999999999999999 0 0-111136  999999999999999
 -8 -9 -8 -4  1  5  9 12 13 13 12 12 12 12 14 16 18 19 19 17 14  9  4  020 413QR 819 131721 1999999999999999 054 -91129 1299999999999999
 -4 -6 -7 -6 -3  0  4  8 10 12 12 13 13 14 14 15 17 18 18 17 16 13  9  520 414QR1756 18999999999999999999999 155 -7999999999999999999999
  1 -2 -4 -5 -4 -2  0  4  7  9 11 12 13 14 14 15 15 16 16 16 16 14 12  920 415QR1840 16999999999999999999999 3 6 -5999999999999999999999
  6  3  0 -2 -3 -3 -2  0  3  6  9 11 12 13 14 14 14 13 14 14 14 14 13 1120 416QR20 5 14999999999999999999999 428 -3999999999999999999999
  9  7  4  1 -1 -2 -2 -1  1  4  7  9 11 12 13 12 12 11 11 11 11 12 12 1220 417QR14 3 1322 8 1299999999999999 541 -21825 1199999999999999
 11  9  7  4  2  0 -2 -2 -1  2  5  8 10 11 12 11 10  9  8  8  8  9 11 1220 418QR1352 122340 1299999999999999 638 -219 2  899999999999999
 12 11  9  7  4  2  0 -1 -1  1  3  6  9 11 11 11  9  8  6  5  5  6  8 1020 419QR1354 11999999999999999999999 721 -11932  599999999999999
 11 12 11  9  7  4  1  0 -1  0  3  6  9 11 11 11  9  7  5  3  3  3  5  820 420QR 046 1214 1 1199999999999999 755 -120 1  399999999999999
 10 12 12 11  9  6  3  1  0  1  2  5  8 11 12 11 10  7  4  2  0  0  2  520 421QR 141 121412 1299999999999999 823  02032  099999999999999
  8 11 12 12 11  9  6  4  2  2  3  5  9 11 13 13 11  8  4  1 -1 -2 -1  120 422QR 232 131424 1399999999999999 848  221 4 -299999999999999
  5  9 12 13 13 11  9  6  4  4  4  6  9 12 14 14 13 10  6  2 -2 -3 -4 -220 423QR 320 131437 1499999999999999 911  42138 -499999999999999
  2  7 10 13 14 13 11  9  7  6  6  7 10 13 15 16 15 12  8  4 -1 -3 -5 -420 424QR 4 7 141453 1699999999999999 933  62212 -599999999999999
 -1  3  8 12 14 14 13 11  9  8  8  9 10 13 16 17 17 15 11  6  1 -2 -5 -520 425QR 454 141510 1799999999999999 953  82248 -599999999999999
 -4  0  5  9 12 14 15 13 12 11 10 10 12 14 17 18 19 17 14  9  4  0 -3 -520 426QR 542 151531 199999999999999910 7 102326 -599999999999999
 -5 -3  2  6 10 13 14 14 14 12 12 12 13 15 17 19 20 19 16 12  8  3 -1 -420 427QR 634 151555 20999999999999991011 12999999999999999999999
 -5 -4 -1  3  7 10 13 14 14 14 13 14 14 15 17 19 20 20 18 15 11  6  2 -220 428QR 735 141622 2099999999999999 0 8 -510 5 1399999999999999
 -4 -4 -3 -1  3  7 10 12 13 14 14 14 15 15 17 18 19 20 19 17 14 10  6  220 429QR1655 20999999999999999999999 056 -4999999999999999999999
 -1 -3 -4 -3  0  3  6  9 11 13 14 14 15 15 16 17 18 18 18 18 16 13 10  620 430QR1741 19999999999999999999999 153 -4999999999999999999999
  2 -1 -3 -3 -3 -1  2  5  8 11 12 13 14 15 15 15 16 16 17 17 17 15 13 1020 5 1QR19 5 17999999999999999999999 3 2 -3999999999999999999999
  6  3  0 -2 -3 -3 -1  2  5  8 11 13 13 14 14 13 13 13 13 14 15 16 15 1420 5 2QR1310 1421 8 1699999999999999 416 -31630 1399999999999999
 11  8  4  1 -1 -2 -2 -1  2  6  9 12 13 13 13 12 11 10 10 10 12 14 15 1620 5 3QR1243 132254 1699999999999999 525 -21746 1099999999999999
 15 13 10  6  3  0 -1 -1  1  4  8 11 13 14 13 11  9  7  6  6  7  9 12 1520 5 4QR1249 14999999999999999999999 624 -11842  599999999999999
 17 16 15 11  8  4  2  1  1  3  7 11 14 15 15 12  9  6  3  2  1  3  7 1220 5 5QR 020 1713 5 1599999999999999 715  11933  199999999999999
 16 18 18 16 13 10  7  4  4  4  7 12 15 18 17 15 12  7  3 -1 -2 -2  1  620 5 6QR 136 181327 1899999999999999 8 0  42025 -399999999999999
 11 16 19 19 18 15 12  9  7  7  9 12 16 20 21 19 16 11  5  0 -4 -5 -5 -120 5 7QR 249 191355 2199999999999999 842  72115 -599999999999999
  5 11 16 20 20 19 17 14 12 11 11 13 17 21 23 23 21 16 10  4 -2 -5 -7 -620 5 8QR 357 201427 2399999999999999 921 1122 6 -799999999999999
 -1  5 12 17 20 21 20 18 16 14 14 15 17 21 24 26 24 21 16  9  3 -3 -6 -720 5 9QR 5 0 2115 1 2699999999999999 955 142256 -799999999999999
 -5 -1  6 12 17 20 21 20 19 17 17 17 18 21 24 26 27 25 21 15  9  2 -2 -520 510QR 6 2 211537 27999999999999991024 172346 -699999999999999
 -6 -4  1  7 12 16 19 20 20 19 19 19 19 21 23 25 27 26 24 20 14  8  3 -120 511QR 7 7 201614 27999999999999991041 19999999999999999999999
 -3 -4 -2  3  7 12 16 18 19 19 19 19 20 20 22 24 25 26 25 22 18 13  8  420 512QR1652 26999999999999999999999 038 -4999999999999999999999
  1 -1 -1  1  4  8 12 15 17 19 19 19 20 20 20 21 23 23 23 22 20 17 13  920 513QR1731 24999999999999999999999 133 -1999999999999999999999
  5  3  1  1  2  5  8 12 15 17 18 18 19 19 19 19 20 20 21 21 20 18 15 1220 514QR1818 21999999999999999999999 232  1999999999999999999999
  9  6  4  3  3  4  6  9 12 14 16 17 18 18 18 17 17 17 18 18 18 17 16 1420 515QR1238 181933 1899999999999999 336  31623 1799999999999999
 12 10  7  6  4  4  5  7 10 13 15 16 17 17 17 16 15 14 14 15 15 16 16 1520 516QR1227 172130 1699999999999999 438  41751 1499999999999999
 14 12 10  8  7  6  6  7  9 11 14 16 17 17 16 15 13 12 11 11 12 13 14 1520 517QR1230 172320 1599999999999999 529  61834 1199999999999999
 14 14 12 10  9  8  7  7  9 11 13 16 17 17 16 14 12 10  9  8  9 10 12 1420 518QR1237 17999999999999999999999 610  719 8  899999999999999
 15 15 14 13 11 10  9  9  9 11 14 16 18 18 17 15 12 10  7  6  6  7  9 1220 519QR 041 151246 1899999999999999 641  91939  699999999999999
 14 15 16 15 14 12 11 10 11 12 14 17 19 20 19 17 14 10  7  5  4  4  6 1020 520QR 147 161258 2099999999999999 7 9 102011  499999999999999
 13 15 17 17 16 15 13 13 13 13 15 18 20 21 21 19 16 12  8  5  3  2  4  720 521QR 243 171314 2299999999999999 736 122043  299999999999999
 11 15 17 19 19 18 16 15 15 15 16 19 22 23 23 22 19 15 10  6  3  1  1  420 522QR 333 191334 2499999999999999 8 3 152118  199999999999999
  8 13 17 19 20 20 19 18 17 17 18 20 22 25 26 25 22 18 13  8  4  1  0  220 523QR 419 201358 2699999999999999 830 172154  099999999999999
  5 10 15 19 21 22 21 20 19 19 19 20 23 25 27 27 25 22 17 11  6  2  0  020 524QR 5 4 221426 2799999999999999 854 192232  099999999999999
  3  7 12 17 20 22 22 22 21 20 20 21 23 25 28 28 27 25 20 15  9  5  1  020 525QR 551 221457 2899999999999999 914 202313  099999999999999
  1  4  8 13 17 20 22 22 22 21 21 22 23 25 27 29 29 27 24 19 13  8  4  120 526QR 641 221531 2999999999999999 927 212358  099999999999999
  0  1  5  9 14 18 20 22 22 22 21 22 23 24 26 27 28 28 26 22 17 12  7  420 527QR1611 289999999999999999999999999999999999999999999999999
  1  1  2  6 10 14 17 20 21 21 21 21 22 23 24 25 27 27 26 24 21 16 11  720 528QR1658 27999999999999999999999 048  1999999999999999999999
  4  2  2  3  6 10 14 17 19 20 21 21 21 21 22 22 24 25 25 25 23 20 16 1220 529QR18 0 25999999999999999999999 143  2999999999999999999999
  8  5  3  3  4  7 10 14 17 19 20 20 20 20 19 19 20 21 22 23 23 22 19 1620 530QR1053 201929 2399999999999999 241  31429 1999999999999999
 12  9  7  5  5  6  8 12 15 18 19 20 20 19 18 17 16 17 17 19 20 21 21 2020 531QR11 0 202118 2199999999999999 341  51616 1699999999999999
 17 14 11  9  7  7  8 11 14 17 20 21 20 19 17 15 14 13 13 14 16 18 20 2120 6 1QR1116 2123 1 2199999999999999 439  71730 1299999999999999
 20 19 16 14 11 10 10 12 14 17 20 22 23 21 19 16 13 10  9  9 10 13 17 2020 6 2QR1137 23999999999999999999999 533 101830  999999999999999
 22 22 21 19 16 15 14 14 15 18 22 24 25 24 22 18 14 10  7  5  5  8 12 1720 6 3QR 035 2212 3 2599999999999999 622 141925  599999999999999
 20 23 24 23 21 19 18 17 18 20 23 26 28 28 26 23 18 12  8  4  3  3  6 1120 6 4QR 159 241234 2899999999999999 7 6 172017  299999999999999
 17 21 24 25 25 24 22 21 21 21 24 27 30 31 31 28 23 17 11  6  2  1  2  620 6 5QR 313 261310 3299999999999999 747 2121 8  199999999999999
 12 18 22 26 27 27 25 24 23 24 25 27 31 33 34 32 29 23 17 10  5  2  1  220 6 6QR 417 271349 3499999999999999 824 232157  199999999999999
  7 13 19 24 27 28 28 27 26 25 26 27 30 33 35 35 33 29 23 16 10  5  2  120 6 7QR 514 281431 3599999999999999 858 252246  199999999999999
  3  8 14 20 24 27 28 28 27 26 27 27 29 32 34 36 35 33 28 22 16 10  6  320 6 8QR 6 8 281513 3699999999999999 926 262334  399999999999999
  3  5 10 16 21 25 27 28 27 27 27 27 28 30 32 34 35 34 31 26 21 15 10  720 6 9QR 7 1 281556 3599999999999999 951 27999999999999999999999
  5  5  8 12 17 21 24 26 27 27 26 26 27 28 29 31 33 33 32 29 24 19 15 1120 610QR1637 33999999999999999999999 022  5999999999999999999999
  8  7  7 10 14 18 21 24 25 26 26 25 26 26 27 28 30 30 30 29 26 22 18 1420 611QR1719 30999999999999999999999 1 9  7999999999999999999999
 11  9  9 10 12 15 19 21 23 24 25 25 24 24 24 25 26 27 27 27 25 23 20 1720 612QR18 5 27999999999999999999999 155  9999999999999999999999
 14 12 11 11 12 14 17 19 22 23 24 24 24 23 23 22 23 23 24 24 24 23 21 1920 613QR1029 2419 7 2499999999999999 238 1115 5 2299999999999999
 17 15 13 13 13 14 16 18 21 22 24 24 23 22 21 20 20 20 20 21 21 21 21 2020 614QR1047 242048 2199999999999999 317 131644 2099999999999999
 19 17 16 15 15 15 16 18 20 22 24 24 24 23 21 19 18 17 17 17 18 19 20 2020 615QR11 1 242256 2099999999999999 352 151748 1799999999999999
 20 19 18 17 17 17 18 19 21 23 25 25 25 24 22 19 17 15 14 14 15 17 19 2020 616QR1113 25999999999999999999999 422 171832 1499999999999999
 21 21 21 20 19 19 19 20 22 24 26 27 27 26 23 21 17 15 13 12 12 14 17 1920 617QR 045 211129 2799999999999999 452 1919 8 1299999999999999
 21 22 23 22 22 22 22 22 23 25 27 29 29 28 26 23 19 15 13 11 10 12 14 1820 618QR 2 5 231149 2999999999999999 528 221943 1099999999999999
 21 23 24 25 25 24 24 24 25 26 29 30 32 31 29 26 22 18 14 11  9  9 12 1520 619QR 3 5 251214 3299999999999999 6 9 242019  999999999999999
 19 23 25 27 27 27 26 26 26 27 29 32 33 34 32 30 26 21 16 12  9  8  9 1320 620QR 351 271245 3499999999999999 652 262057  899999999999999
 17 21 25 27 29 29 28 28 28 28 30 32 34 36 35 33 30 25 19 14 10  8  7 1020 621QR 432 291321 3699999999999999 731 272137  799999999999999
 14 19 23 27 29 30 30 29 29 29 30 31 34 36 37 36 33 29 23 18 12  9  7  720 622QR 511 3014 1 3799999999999999 8 6 282220  799999999999999
 10 15 20 25 28 30 30 30 29 29 29 31 33 35 37 38 36 33 28 22 16 11  8  620 623QR 551 301443 3899999999999999 838 2923 5  699999999999999
  7 11 16 21 25 28 30 30 29 29 29 30 31 33 36 38 38 36 32 26 20 15 10  720 624QR 633 301529 3899999999999999 912 292352  799999999999999
  7  8 12 17 22 26 28 29 29 28 28 28 29 31 33 35 37 36 34 30 25 19 14 1020 625QR 716 291618 3799999999999999 952 28999999999999999999999
  8  7  9 13 18 22 26 27 28 28 27 27 27 28 29 31 34 35 34 32 28 24 18 1420 626QR 757 281714 3599999999999999 040  71056 2799999999999999
 11  9  9 11 15 19 23 26 27 27 27 26 25 25 26 27 29 31 32 32 30 27 23 1920 627QR 834 271822 3299999999999999 128  91252 2599999999999999
 15 13 11 12 14 18 21 24 27 27 27 26 25 23 23 23 24 26 28 29 29 28 26 2320 628QR 9 6 271949 2999999999999999 216 111432 2399999999999999
 20 17 15 15 15 18 21 24 27 28 28 27 25 23 21 20 20 20 22 24 26 27 27 2620 629QR 935 282134 2799999999999999 3 3 151557 2099999999999999
 24 22 20 19 19 19 21 24 27 29 30 29 28 25 22 19 17 16 17 18 21 24 26 2720 630QR10 4 302325 2799999999999999 349 191714 1699999999999999
 27 26 25 24 23 23 24 26 28 31 32 33 31 28 25 21 17 15 13 14 16 19 23 2620 7 1QR1036 33999999999999999999999 433 231820 1399999999999999
 28 29 28 28 27 26 27 28 30 32 34 36 35 33 29 25 20 16 13 11 12 14 18 2320 7 2QR 113 291113 3699999999999999 517 261919 1199999999999999
 27 29 31 31 30 30 30 30 31 33 36 38 38 37 34 30 25 19 15 11 10 11 14 1820 7 3QR 244 311155 3899999999999999 6 2 302012 1099999999999999
 24 28 31 32 33 32 32 32 32 33 36 38 40 41 39 35 30 24 19 14 11  9 11 1420 7 4QR 350 331241 4199999999999999 648 3221 2  999999999999999
 20 25 29 32 34 34 33 33 33 34 35 38 40 42 42 40 36 30 24 18 13 10 10 1120 7 5QR 437 341329 4299999999999999 733 332150 1099999999999999
 16 21 27 31 33 35 34 34 33 33 34 36 39 41 43 42 40 35 30 23 18 13 11 1020 7 6QR 515 351416 4399999999999999 815 332236 1099999999999999
 13 18 23 28 32 34 34 34 33 33 33 34 36 39 42 43 42 39 34 28 22 17 13 1120 7 7QR 551 3415 2 4399999999999999 855 332320 1199999999999999
 12 15 20 25 29 32 33 33 33 32 32 32 34 36 39 41 41 40 37 32 26 21 17 1420 7 8QR 626 341546 4199999999999999 936 32999999999999999999999
 13 14 17 22 26 30 32 32 32 31 31 31 31 33 35 37 39 39 37 34 29 24 20 1720 7 9QR 7 2 321627 3999999999999999 0 1 131022 3199999999999999
 15 14 16 20 24 27 30 31 31 30 30 29 29 30 31 33 35 36 36 34 30 27 23 1920 710QR 736 3117 8 3699999999999999 038 141123 2999999999999999
 17 16 17 19 22 25 28 30 30 30 29 28 28 28 28 29 31 32 33 32 30 28 25 2220 711QR 8 7 301753 3399999999999999 111 161245 2899999999999999
 20 19 18 20 22 24 27 29 30 30 29 28 27 26 26 26 27 28 29 30 29 28 26 2420 712QR 835 301852 3099999999999999 138 1814 7 2699999999999999
 22 21 21 21 23 25 27 29 30 31 30 29 27 26 25 24 24 25 26 27 27 27 26 2520 713QR 857 312025 2799999999999999 158 211527 2499999999999999
 24 24 23 23 24 26 28 29 31 32 31 30 29 27 25 23 22 22 22 23 25 26 26 2620 714QR 918 322251 2699999999999999 211 231644 2299999999999999
 26 26 26 26 26 27 29 30 32 33 33 32 31 28 26 23 21 20 20 21 22 24 25 2720 715QR 940 33999999999999999999999 214 261744 2099999999999999
 28 28 28 28 29 29 30 32 33 35 35 35 33 31 28 25 22 20 18 18 19 22 24 2720 716QR10 9 359999999999999999999991831 18999999999999999999999
 28 30 30 31 31 31 32 33 34 36 37 37 36 34 31 27 24 20 18 17 17 19 22 2520 717QR1044 379999999999999999999991914 17999999999999999999999
 28 30 32 33 33 33 33 34 35 36 38 39 39 38 35 31 27 22 19 16 15 17 19 2320 718QR1126 399999999999999999999991955 15999999999999999999999
 27 30 33 34 34 34 34 34 35 37 38 40 41 41 39 35 30 25 21 17 15 14 16 2020 719QR1213 419999999999999999999992038 14999999999999999999999
 24 29 32 34 35 35 35 35 35 36 38 40 42 43 42 39 35 30 24 19 15 13 13 1620 720QR13 2 439999999999999999999992123 13999999999999999999999
 21 26 30 33 35 36 35 35 34 35 36 38 41 43 44 43 39 34 28 22 17 14 12 1320 721QR 5 0 361351 4499999999999999 747 3422 8 1299999999999999
 16 22 27 31 34 35 35 34 34 34 34 36 38 42 44 45 43 39 33 27 21 16 13 1220 722QR 527 351442 4599999999999999 833 332254 1299999999999999
 13 17 23 28 32 34 35 34 33 32 32 33 35 38 41 44 44 42 38 32 25 20 15 1320 723QR 556 351534 4499999999999999 923 322339 1299999999999999
 12 15 19 25 29 32 34 34 32 31 30 30 31 33 37 40 42 42 40 36 30 24 19 1620 724QR 625 341628 43999999999999991025 30999999999999999999999
 14 14 17 22 27 31 33 33 33 31 29 28 28 29 31 34 38 40 40 38 34 29 24 2020 725QR 654 331730 4099999999999999 022 141145 2899999999999999
 18 17 18 21 25 29 32 34 33 32 29 28 26 26 26 28 32 35 36 37 35 33 29 2520 726QR 723 341844 3799999999999999 1 4 1713 5 2699999999999999
 23 21 21 22 25 29 32 34 35 34 31 29 26 25 23 24 25 28 31 33 34 33 32 3020 727QR 753 352014 3499999999999999 144 211421 2399999999999999
 27 26 25 25 27 29 32 35 36 36 34 31 28 26 23 22 21 23 25 28 30 32 32 3220 728QR 824 3622 5 3299999999999999 220 251539 2199999999999999
 31 30 29 29 30 31 33 36 37 38 37 35 32 29 25 22 20 19 20 22 25 28 31 3220 729QR 9 1 38999999999999999999999 250 2917 1 1999999999999999
 33 33 33 33 33 34 35 37 39 40 40 39 37 33 29 25 22 19 18 18 20 24 27 3120 730QR 945 409999999999999999999991813 18999999999999999999999
 33 35 35 35 36 36 36 37 39 41 42 42 41 38 34 30 25 21 18 17 17 20 24 2820 731QR1037 429999999999999999999991915 17999999999999999999999
 32 34 36 37 37 37 37 38 39 41 42 44 44 42 39 35 30 25 21 18 16 17 20 2420 8 1QR1134 4499999999999999999999920 8 16999999999999999999999
 29 33 36 38 38 38 38 38 38 39 41 44 45 45 43 40 35 30 25 20 17 16 18 2120 8 2QR1230 459999999999999999999992056 16999999999999999999999
 26 31 35 37 38 38 38 37 37 38 39 42 44 46 46 44 40 35 29 24 20 17 17 1920 8 3QR 426 381323 4699999999999999 723 372141 1799999999999999
 23 28 33 36 38 38 37 36 36 36 37 39 42 45 46 45 43 39 33 27 22 19 17 1720 8 4QR 445 381411 4699999999999999 8 8 362221 1799999999999999
 20 25 30 34 36 37 37 36 35 34 35 36 39 42 44 45 44 41 37 31 26 21 19 1820 8 5QR 5 8 371456 4599999999999999 851 342258 1899999999999999
 19 23 27 32 35 36 36 35 34 33 33 33 35 38 41 43 44 42 39 34 29 24 21 1920 8 6QR 533 371538 4499999999999999 936 332330 1999999999999999
 19 21 25 30 33 35 36 35 33 32 31 31 32 34 37 40 41 41 39 36 31 27 23 2120 8 7QR 558 361619 41999999999999991026 312358 2099999999999999
 20 21 24 28 32 34 35 35 33 31 30 29 30 31 33 36 38 39 38 36 33 29 26 2320 8 8QR 621 3517 1 39999999999999991122 29999999999999999999999
 22 23 24 28 31 33 35 35 34 32 30 29 28 28 29 32 34 35 36 35 33 30 28 2620 8 9QR 641 351750 3699999999999999 021 221222 2899999999999999
 25 25 26 28 31 33 35 35 35 33 31 29 27 27 27 28 30 32 33 33 33 31 30 2820 810QR 658 351854 3399999999999999 037 251323 2799999999999999
 27 27 28 29 32 34 35 36 36 34 32 30 28 27 26 26 27 28 30 31 31 31 31 3020 811QR 716 362027 3199999999999999 043 271426 2699999999999999
 30 30 30 31 33 35 36 37 37 36 34 32 30 27 26 25 24 25 27 28 30 31 31 3220 812QR 737 37999999999999999999999 031 301536 2499999999999999
 32 32 32 33 34 36 37 38 38 38 37 35 32 29 27 25 24 23 24 25 27 29 31 3220 813QR 8 7 389999999999999999999991648 23999999999999999999999
 33 34 34 35 36 37 38 39 40 40 39 38 35 32 29 26 24 22 22 23 25 27 30 3220 814QR 850 409999999999999999999991750 22999999999999999999999
 34 35 36 36 37 37 38 39 40 41 41 40 39 36 32 29 25 23 21 20 22 24 27 3120 815QR 947 419999999999999999999991844 20999999999999999999999
 33 35 37 37 38 38 38 39 40 41 42 43 42 40 36 32 28 24 21 19 19 21 24 2820 816QR1052 439999999999999999999991933 19999999999999999999999
 32 35 37 38 38 38 38 38 39 40 42 44 44 43 41 37 32 27 22 19 17 18 20 2420 817QR1156 449999999999999999999992020 17999999999999999999999
 29 33 36 37 38 38 37 37 37 38 40 43 45 46 45 41 37 31 26 21 17 16 17 2020 818QR 4 3 381255 4699999999999999 7 0 3721 6 1699999999999999
 25 30 34 37 38 37 36 35 35 36 37 40 43 46 47 45 42 36 30 24 19 16 15 1720 819QR 417 381350 4799999999999999 750 352152 1599999999999999
 21 27 32 35 37 37 36 34 33 33 33 36 39 43 46 47 45 41 36 29 23 18 16 1620 820QR 436 371445 4799999999999999 842 332235 1699999999999999
 18 23 29 33 36 37 36 34 31 30 30 31 34 38 43 46 46 44 40 34 28 23 19 1720 821QR 458 371541 4699999999999999 940 302317 1799999999999999
 18 21 27 32 35 37 37 35 32 29 27 27 28 31 36 41 44 44 42 39 33 28 24 2120 822QR 521 371642 44999999999999991045 272356 2099999999999999
 20 22 26 31 35 37 38 36 33 30 27 25 25 26 29 34 38 41 41 40 37 33 29 2620 823QR 547 381751 41999999999999991152 25999999999999999999999
 24 24 27 30 35 37 39 38 36 32 28 26 24 23 24 27 31 35 37 39 38 36 33 3120 824QR 614 391910 3999999999999999 033 241257 2399999999999999
 29 29 29 32 35 38 40 40 39 36 32 28 25 23 22 23 25 28 32 34 36 36 35 3420 825QR 644 402043 3699999999999999 1 5 2914 6 2299999999999999
 33 33 33 34 36 38 40 41 41 39 36 32 29 25 23 21 22 23 26 29 32 34 35 3620 826QR 720 41999999999999999999999 130 331522 2199999999999999
 36 36 36 37 38 39 41 42 43 42 40 37 33 30 26 23 21 21 22 24 27 31 33 3620 827QR 8 5 439999999999999999999991648 21999999999999999999999
 37 38 38 39 39 40 41 42 43 43 43 41 38 35 31 27 24 21 20 21 23 27 30 3420 828QR 9 5 4399999999999999999999918 6 20999999999999999999999
 36 38 39 40 40 40 40 41 42 43 44 44 42 39 36 32 28 24 21 20 21 23 27 3120 829QR1019 4499999999999999999999919 8 20999999999999999999999
 35 37 39 40 40 39 39 39 40 42 43 44 44 43 40 36 32 28 24 21 20 21 24 2820 830QR1131 4599999999999999999999920 0 20999999999999999999999
 32 36 38 39 39 39 38 38 38 39 41 43 45 45 43 40 36 31 27 23 21 20 22 2620 831QR 332 391231 4599999999999999 658 382044 2099999999999999
 30 34 37 38 39 38 37 36 36 36 38 41 43 45 45 43 39 35 30 25 22 21 21 2320 9 1QR 339 391323 4599999999999999 739 362122 2099999999999999
 28 32 35 37 38 37 36 34 34 34 35 37 41 43 45 44 42 38 33 28 24 22 21 2220 9 2QR 353 3814 9 4599999999999999 818 342156 2199999999999999
 26 30 34 36 38 37 35 33 32 31 32 34 37 40 43 44 43 40 35 31 26 23 22 2220 9 3QR 411 381452 4499999999999999 858 312226 2299999999999999
 24 28 32 35 37 37 35 33 31 30 29 30 33 36 40 42 42 41 37 33 29 25 23 2320 9 4QR 429 371535 4299999999999999 939 292251 2399999999999999
 24 27 31 35 37 37 36 33 31 29 28 28 29 32 36 39 40 40 38 35 31 28 26 2520 9 5QR 447 371618 40999999999999991023 282312 2599999999999999
 25 27 31 34 36 37 36 34 31 29 27 26 27 29 32 35 38 38 38 36 33 30 28 2720 9 6QR 5 2 3717 6 389999999999999911 8 262328 2799999999999999
 27 28 31 34 37 38 37 36 33 30 27 26 25 26 28 31 34 36 37 36 34 32 30 2920 9 7QR 514 3818 0 37999999999999991155 252336 2999999999999999
 29 30 32 35 37 38 38 37 35 31 28 26 25 24 26 28 31 33 34 35 35 33 32 3220 9 8QR 527 3819 7 35999999999999991244 242329 3299999999999999
 32 32 34 36 38 39 39 38 36 34 30 28 26 24 24 25 27 30 32 33 34 34 34 3320 9 9QR 542 399999999999999999999991338 24999999999999999999999
 34 34 35 36 38 39 40 40 38 36 33 30 27 25 24 24 25 27 29 31 32 33 34 3520 910QR 6 4 409999999999999999999991439 24999999999999999999999
 35 36 37 37 39 40 40 40 40 38 36 33 30 27 25 24 23 24 26 28 30 32 34 3520 911QR 636 409999999999999999999991553 23999999999999999999999
 36 37 38 38 39 39 40 41 41 40 38 36 33 30 27 25 23 22 23 24 27 29 32 3420 912QR 732 4199999999999999999999917 9 22999999999999999999999
 36 37 38 38 39 39 39 40 41 41 41 39 37 34 30 27 24 22 21 21 23 26 29 3220 913QR 9 1 419999999999999999999991814 21999999999999999999999
 35 37 38 38 38 38 38 39 40 41 42 42 40 38 34 31 26 23 20 19 20 22 26 3020 914QR1034 4299999999999999999999919 8 19999999999999999999999
 33 36 37 38 37 37 36 36 37 39 41 42 43 42 39 35 30 25 21 19 18 19 22 2720 915QR 3 2 381150 4399999999999999 619 361957 1899999999999999
 31 34 36 37 36 35 34 34 34 35 38 41 44 44 43 40 35 30 24 20 18 17 19 2320 916QR 3 1 371253 4499999999999999 7 7 342043 1799999999999999
 28 33 36 37 36 35 32 31 30 31 33 37 41 44 45 44 40 35 29 24 20 18 18 2120 917QR 312 371353 4599999999999999 757 302126 1899999999999999
 26 31 35 37 37 35 32 29 27 27 28 31 36 41 44 45 44 40 35 29 24 21 19 2020 918QR 328 371452 4599999999999999 850 2722 7 1999999999999999
 24 29 34 37 38 36 33 29 26 24 23 25 29 34 40 44 45 43 40 34 29 25 23 2220 919QR 349 381555 4599999999999999 947 232246 2299999999999999
 24 29 34 38 39 38 36 32 27 23 21 21 22 27 33 38 42 43 42 39 34 30 28 2620 920QR 413 3917 3 43999999999999991045 212323 2699999999999999
 26 29 34 38 40 41 39 35 30 25 22 19 19 21 26 31 36 39 41 40 38 35 32 3120 921QR 440 411814 41999999999999991144 192356 3099999999999999
 30 31 34 38 41 42 42 39 35 29 25 21 19 18 20 24 29 34 37 38 39 37 36 3520 922QR 510 421932 39999999999999991243 18999999999999999999999
 34 34 36 38 41 43 43 42 39 34 30 25 22 19 19 20 23 27 31 34 36 37 37 3720 923QR 543 43999999999999999999999 023 341348 1999999999999999
 37 37 37 39 41 42 43 43 42 39 35 31 27 23 21 20 21 23 26 29 32 35 37 3720 924QR 623 4399999999999999999999915 4 20999999999999999999999
 38 39 39 39 40 41 42 43 43 41 39 36 32 28 25 22 21 21 22 25 28 31 34 3620 925QR 717 439999999999999999999991631 21999999999999999999999
 38 39 39 39 39 40 40 41 42 42 41 39 36 33 30 26 23 21 21 22 24 28 31 3420 926QR 838 429999999999999999999991750 21999999999999999999999
 37 38 39 39 38 38 38 39 39 40 41 41 39 37 34 30 27 24 22 21 22 25 28 3220 927QR 235 391015 4199999999999999 537 381851 2199999999999999
 35 37 38 38 37 36 36 36 36 38 39 41 41 40 37 34 30 27 23 22 21 23 26 3020 928QR 228 381134 4199999999999999 635 361939 2199999999999999
 33 36 37 37 36 35 34 33 33 35 37 39 40 41 39 37 33 29 26 23 22 22 24 2820 929QR 230 371235 4199999999999999 714 332019 2299999999999999
 32 34 36 36 35 33 32 31 30 31 33 36 39 40 40 38 36 32 28 25 23 22 23 2620 930QR 238 361326 4099999999999999 748 302051 2299999999999999
 30 33 35 36 35 33 31 29 28 28 29 32 36 39 40 39 37 34 30 27 24 23 23 262010 1QR 250 361412 4099999999999999 822 282119 2399999999999999
 29 33 35 36 35 33 30 28 26 25 26 29 32 36 39 39 38 36 32 29 26 24 24 252010 2QR 3 4 361456 3999999999999999 857 252143 2499999999999999
 29 32 35 36 36 34 31 28 25 24 23 25 28 33 36 38 39 37 35 31 28 26 26 262010 3QR 318 361542 3999999999999999 933 2322 4 2699999999999999
 29 32 35 37 37 35 32 29 25 23 22 22 25 29 33 36 38 38 36 33 31 29 28 282010 4QR 332 371629 38999999999999991010 222221 2899999999999999
 29 32 35 37 38 37 34 30 26 23 21 21 22 25 29 33 36 37 37 35 33 31 30 302010 5QR 345 381719 37999999999999991049 212234 3099999999999999
 31 33 36 38 39 38 36 33 28 25 22 20 20 22 26 30 33 35 36 36 34 33 32 322010 6QR 4 0 391813 36999999999999991129 202238 3299999999999999
 32 34 36 38 40 39 38 35 31 27 23 21 20 21 23 26 30 33 34 35 35 34 34 342010 7QR 417 401914 35999999999999991212 202228 3399999999999999
 34 35 37 38 40 40 39 37 33 30 26 23 21 20 21 24 26 29 32 33 34 34 34 352010 8QR 436 4099999999999999999999913 0 20999999999999999999999
 35 36 37 38 40 40 40 38 36 32 29 25 23 21 21 21 23 26 28 31 33 34 34 352010 9QR 5 0 409999999999999999999991358 21999999999999999999999
 36 36 37 38 39 39 39 39 37 35 32 28 26 23 21 21 21 22 25 27 30 32 33 35201010QR 532 3999999999999999999999915 8 21999999999999999999999
 36 36 37 37 38 38 38 38 38 37 35 32 29 26 23 21 20 20 21 23 26 29 32 33201011QR 632 389999999999999999999991628 20999999999999999999999
 35 36 36 36 36 36 36 37 37 37 37 35 32 29 26 23 20 19 19 20 22 26 29 32201012QR 837 389999999999999999999991738 19999999999999999999999
 34 35 35 35 34 34 34 34 35 37 38 37 36 33 30 26 23 20 18 18 19 22 26 30201013QR 158 351027 3899999999999999 533 341835 1899999999999999
 33 34 34 33 32 31 30 31 32 34 36 38 39 37 35 31 27 22 19 18 18 20 24 28201014QR 143 341148 3999999999999999 622 301925 1799999999999999
 32 34 34 33 31 29 27 26 27 29 32 36 39 40 39 36 32 27 23 20 18 19 22 26201015QR 146 341256 4099999999999999 7 9 262010 1899999999999999
 31 34 35 34 32 28 25 23 22 23 26 31 36 40 41 40 37 32 28 24 21 20 22 25201016QR 2 0 3514 2 4199999999999999 758 222053 2099999999999999
 30 34 36 36 34 30 25 21 19 18 20 24 30 36 40 41 40 37 33 29 25 24 23 26201017QR 220 3615 8 4199999999999999 850 182133 2399999999999999
 30 35 38 38 37 33 28 22 18 16 15 17 22 29 35 39 41 40 38 34 30 28 27 27201018QR 245 381615 4199999999999999 943 152210 2799999999999999
 30 35 39 41 40 37 32 26 20 16 14 13 16 22 28 34 38 40 40 37 34 32 31 30201019QR 315 411722 40999999999999991037 132245 3099999999999999
 32 35 39 42 42 41 37 32 25 20 15 13 13 16 21 28 33 37 39 39 37 35 34 33201020QR 347 421829 39999999999999991132 132315 3399999999999999
 34 35 39 42 43 43 41 37 31 25 20 16 14 14 17 21 27 31 35 37 37 37 36 36201021QR 422 431947 37999999999999991229 142332 3699999999999999
 36 36 38 40 42 43 42 40 36 31 25 21 18 16 16 18 21 26 30 33 35 36 36 37201022QR 5 1 439999999999999999999991330 15999999999999999999999
 37 37 38 39 40 41 42 41 39 35 31 27 23 20 18 17 19 21 25 28 31 34 35 36201023QR 545 429999999999999999999991441 17999999999999999999999
 37 37 37 37 38 39 39 40 39 37 34 31 28 24 21 19 19 19 21 24 28 31 33 35201024QR 645 4099999999999999999999916 2 19999999999999999999999
 36 36 36 36 35 36 36 37 37 37 36 34 31 28 25 23 21 20 20 22 24 27 30 33201025QR 815 379999999999999999999991717 20999999999999999999999
 34 35 35 34 33 33 33 33 34 35 35 35 33 31 29 26 23 21 20 20 22 25 28 31201026QR 116 3510 4 3599999999999999 544 331816 2099999999999999
 33 34 33 32 31 30 29 29 30 32 33 34 34 33 31 28 26 23 21 21 21 24 27 29201027QR 117 341132 3499999999999999 633 2919 1 2199999999999999
 32 33 33 32 30 28 27 26 26 28 30 32 33 34 33 31 28 25 23 22 22 23 26 29201028QR 123 331237 3499999999999999 710 261937 2199999999999999
 31 33 33 31 29 27 25 23 23 24 27 29 32 33 33 32 30 27 25 23 23 23 25 28201029QR 132 331332 3399999999999999 743 2320 5 2399999999999999
 31 33 33 32 30 26 24 21 21 21 23 26 30 32 33 33 32 29 27 25 24 24 25 28201030QR 143 331422 3499999999999999 814 202029 2499999999999999
 31 33 34 33 31 27 24 21 19 18 20 23 27 30 33 34 33 32 29 27 26 25 26 28201031QR 156 341510 3499999999999999 846 182050 2599999999999999
 31 34 35 35 33 29 25 21 18 17 17 19 23 28 31 34 34 33 31 29 28 27 28 292011 1QR 210 351557 3499999999999999 919 172110 2799999999999999
 32 35 36 36 35 31 27 22 18 16 15 17 20 25 29 32 34 34 33 31 30 29 29 302011 2QR 227 361643 3599999999999999 954 152129 2999999999999999
 32 35 37 38 36 34 30 25 20 17 15 15 17 21 26 30 33 34 34 33 32 31 31 312011 3QR 247 381729 35999999999999991030 152144 3099999999999999
 33 35 37 38 38 36 32 28 23 18 16 15 15 18 23 27 31 33 34 34 33 32 32 322011 4QR 3 9 381819 349999999999999911 8 152152 3299999999999999
 33 35 37 39 39 37 34 30 25 21 17 15 15 16 19 23 27 30 32 33 33 33 32 332011 5QR 333 391916 33999999999999991149 152151 3299999999999999
 33 34 36 38 39 38 36 33 28 24 20 17 15 15 17 20 23 27 29 31 32 32 32 332011 6QR 4 1 399999999999999999999991236 15999999999999999999999
 33 34 35 36 37 38 36 34 31 27 23 19 17 15 15 17 20 23 26 28 30 31 32 322011 7QR 433 389999999999999999999991331 15999999999999999999999
 33 33 34 35 36 36 36 35 33 29 26 22 19 17 16 15 17 19 22 25 27 29 30 312011 8QR 515 369999999999999999999991435 15999999999999999999999
 32 32 32 33 33 34 34 34 33 31 29 26 22 20 17 16 15 16 18 21 24 27 29 302011 9QR 629 349999999999999999999991545 15999999999999999999999
 31 31 30 30 30 30 31 31 32 32 31 29 26 23 20 18 16 15 16 18 21 25 27 29201110QR 048 31 831 3299999999999999 4 3 301653 1599999999999999
 30 30 29 28 27 26 27 27 29 31 32 31 30 27 24 21 18 17 16 17 19 23 26 29201111QR 016 301022 3299999999999999 520 261751 1699999999999999
 30 30 28 26 24 23 22 22 24 27 30 32 32 31 29 26 22 20 18 18 19 22 26 29201112QR 018 301150 3299999999999999 614 221842 1899999999999999
 31 31 29 27 24 21 18 18 18 21 25 29 32 33 33 31 27 24 22 20 20 22 25 29201113QR 033 3113 8 3399999999999999 7 4 181928 2099999999999999
 32 33 32 29 25 20 17 14 13 15 18 24 29 33 35 34 32 29 26 24 23 24 26 30201114QR 055 331421 3599999999999999 754 132011 2399999999999999
 34 36 35 33 29 23 18 13 11 10 12 17 23 29 33 35 35 34 31 28 27 26 27 30201115QR 123 361530 3699999999999999 845 102051 2699999999999999
 34 37 38 37 34 28 22 16 11  8  8 11 16 23 29 34 36 36 34 32 30 29 29 31201116QR 156 381634 3699999999999999 937  82128 2999999999999999
 34 38 40 40 38 34 27 20 14 10  7  7 11 17 23 29 33 36 36 35 33 32 31 32201117QR 233 411735 36999999999999991029  722 1 3199999999999999
 34 37 40 42 41 38 33 27 20 14 10  7  8 11 17 23 29 33 35 35 34 33 33 33201118QR 313 421837 35999999999999991121  72229 3299999999999999
 33 35 38 41 42 40 37 32 26 20 14 11  9 10 13 18 23 28 31 33 34 33 33 33201119QR 355 421946 34999999999999991215  92250 3399999999999999
 33 34 36 38 40 40 39 35 31 25 20 16 12 11 12 14 19 23 27 30 32 32 32 32201120QR 439 409999999999999999999991312 11999999999999999999999
 32 33 33 35 36 37 37 36 33 29 25 20 17 14 13 14 16 19 23 26 29 30 31 31201121QR 527 379999999999999999999991412 13999999999999999999999
 31 31 31 32 32 33 34 34 33 30 27 24 21 18 16 15 15 17 20 23 26 28 29 30201122QR 622 342340 30999999999999991515 15999999999999999999999
 30 30 29 29 29 29 30 30 30 30 28 26 24 21 19 17 16 17 18 20 23 25 27 28201123QR 737 302349 2999999999999999 340 291618 1699999999999999
 29 28 28 27 26 25 25 26 27 27 27 27 25 23 21 20 18 18 18 19 21 24 26 28201124QR 927 27999999999999999999999 518 251712 1899999999999999
 28 28 26 25 23 22 22 22 23 24 25 26 26 25 23 22 20 19 19 19 21 23 26 27201125QR 0 0 281117 2699999999999999 615 221756 1999999999999999
 28 28 26 24 22 20 19 18 19 21 23 24 25 25 25 24 22 21 20 20 21 23 26 27201126QR 010 281242 2599999999999999 654 181829 2099999999999999
 29 28 27 25 22 19 17 16 16 17 20 22 24 26 26 25 24 23 22 22 22 24 26 28201127QR 021 291348 2699999999999999 727 161855 2299999999999999
 30 30 28 26 22 19 16 14 13 14 16 20 23 25 27 27 26 25 24 24 24 25 27 29201128QR 034 301443 2799999999999999 759 131919 2499999999999999
 31 31 30 28 24 20 16 13 12 12 13 17 21 24 27 28 28 27 26 25 25 26 27 30201129QR 052 311531 2899999999999999 830 111945 2599999999999999
 32 33 32 30 27 22 18 14 11 10 11 14 18 23 26 28 29 29 28 27 26 27 28 30201130QR 113 331614 2999999999999999 9 3 102013 2699999999999999
 32 34 34 33 30 25 20 15 12  9  9 11 15 20 24 28 30 30 30 28 28 28 28 302012 1QR 139 341655 3099999999999999 938  92040 2899999999999999
 32 34 35 35 32 29 23 18 13 10  8  9 12 16 21 26 29 30 30 29 29 28 28 292012 2QR 2 8 351736 30999999999999991015  821 4 2899999999999999
 31 34 36 36 34 31 27 21 16 12  9  8  9 13 18 22 26 29 30 30 29 28 28 292012 3QR 240 361821 30999999999999991055  82123 2899999999999999
 30 32 35 36 35 33 29 24 19 14 10  8  8 10 14 18 23 26 28 29 29 28 28 282012 4QR 314 361911 29999999999999991137  82139 2899999999999999
 29 31 33 34 35 34 31 27 22 17 13  9  8  8 10 14 18 22 25 27 27 27 27 272012 5QR 352 359999999999999999999991223  8999999999999999999999
 28 29 30 32 33 33 32 29 25 20 16 12  9  8  9 11 14 18 22 24 26 26 26 262012 6QR 435 339999999999999999999991313  8999999999999999999999
 26 27 27 28 30 31 31 29 27 23 19 15 12 10  9  9 12 15 18 21 23 25 25 252012 7QR 529 312158 259999999999999914 6  9999999999999999999999
 25 24 24 25 26 27 28 28 27 25 22 19 15 12 11 10 11 13 16 19 22 24 24 242012 8QR 644 282219 2499999999999999 134 2415 2 1099999999999999
 24 23 22 21 21 22 23 24 25 25 24 22 19 16 14 12 12 13 15 17 20 23 24 252012 9QR 829 252239 2599999999999999 336 211558 1299999999999999
 24 22 20 19 18 17 18 19 21 23 24 24 23 21 18 16 15 15 15 17 20 23 25 26201210QR1022 2423 1 2699999999999999 457 171652 1499999999999999
 25 23 21 18 15 14 13 14 16 19 22 24 25 24 23 21 19 18 18 19 21 23 26 28201211QR12 4 252329 2899999999999999 6 1 131745 1899999999999999
 28 26 23 19 15 12 10  9 10 13 17 21 24 26 26 25 23 22 21 21 22 24 27 30201212QR1335 26999999999999999999999 657  91834 2199999999999999
 31 30 27 23 18 13  9  6  5  7 11 16 21 25 27 28 27 26 24 24 24 25 28 31201213QR 0 2 311452 2899999999999999 750  51920 2499999999999999
 33 34 32 28 23 17 11  6  4  3  5 10 16 22 26 29 29 29 27 26 26 26 28 31201214QR 041 341556 2999999999999999 842  320 3 2699999999999999
 34 36 36 33 29 22 16  9  5  2  2  5 10 17 23 27 30 30 29 28 27 27 28 30201215QR 123 361652 3099999999999999 933  22042 2799999999999999
 33 36 38 37 34 28 22 15  9  4  2  2  5 11 18 23 27 30 30 29 28 27 28 29201216QR 2 9 381742 30999999999999991024  12120 2799999999999999
 31 34 37 38 37 33 28 21 14  8  4  2  3  7 12 18 24 27 29 29 28 27 27 27201217QR 256 381830 29999999999999991113  22157 2799999999999999
 29 31 34 36 37 35 31 26 19 13  8  5  3  5  9 14 19 23 26 27 27 26 26 26201218QR 343 371917 279999999999999912 2  32238 2699999999999999
 26 28 30 32 34 34 32 29 23 18 13  9  6  5  7 10 15 19 23 25 26 25 25 24201219QR 429 3420 5 26999999999999991249  52333 2499999999999999
 24 25 26 28 30 31 30 29 25 21 16 12  9  7  7  9 12 16 19 22 24 24 24 23201220QR 514 312052 24999999999999991334  7999999999999999999999
 23 22 23 24 25 26 27 26 25 22 18 15 12 10  9 10 11 14 17 20 22 23 23 22201221QR 6 1 272133 2399999999999999 1 0 221416  999999999999999
 21 21 20 20 21 22 22 23 22 21 19 17 15 13 12 11 12 14 16 18 20 22 22 22201222QR 657 2322 3 2299999999999999 238 201452 1199999999999999
 21 20 19 18 17 17 18 19 19 19 18 17 16 15 14 13 14 14 16 18 20 21 22 22201223QR 830 192224 2299999999999999 417 171520 1399999999999999
 21 19 18 16 15 14 14 14 15 16 17 17 17 16 16 15 15 16 17 18 20 21 22 23201224QR1056 172242 2399999999999999 536 141536 1599999999999999
 22 20 18 16 13 12 11 11 12 13 15 16 17 18 18 17 17 17 18 19 21 22 23 24201225QR23 1 24999999999999999999999 626 11999999999999999999999
 23 22 19 16 13 11  9  8  9 11 13 15 17 18 19 19 19 19 20 20 21 23 24 25201226QR2324 25999999999999999999999 7 4  8999999999999999999999
 25 24 21 18 14 11  8  7  6  8 10 13 16 19 20 21 21 21 21 21 22 24 25 27201227QR2354 27999999999999999999999 738  6999999999999999999999
 27 26 24 21 17 13  9  6  5  5  8 11 15 18 21 22 23 22 22 22 23 24 25 27201228QR9999999999999999999999999999 813  5999999999999999999999
 29 29 27 24 20 15 10  6  4  3  5  8 12 17 20 22 24 24 23 23 23 24 25 27201229QR 029 291637 2499999999999999 849  31924 2399999999999999
 29 30 29 27 23 18 13  8  4  2  3  5  9 14 18 22 24 24 24 23 23 23 24 26201230QR 1 7 3017 6 2499999999999999 926  220 4 2399999999999999
 29 31 31 30 27 22 16 11  6  3  1  2  5 10 15 19 22 24 24 23 23 23 23 25201231QR 146 311739 249999999999999910 6  12036 2399999999999999
