126142147140123 96 64 39 28 33 53 87128164188198195178151120 94 78 73 8220 1 1SB 154147151719999999999999999 812 282151 7399999999999999
101122136141136120 96 71 52 45 51 71102137167185192185166138109 85 71 6820 1 2SB 25914116 119299999999999999 9 2 452243 6799999999999999
 78 97116131138136124105 84 69 63 69 86112141164179182173153125 97 75 6120 1 3SB 41813816491829999999999999910 2 632336 5999999999999999
 60 71 90111129139142134119102 88 81 83 95115138157169171161140112 85 6320 1 4SB 5451421741172999999999999991119 81999999999999999999999
 50 50 63 85109131147154150137121106 95 91 98113132149160161150128100 7220 1 5SB 7 9154183716299999999999999 031 491253 9199999999999999
 49 37 39 55 82112139159169167155136117101 93 95109127144153153141116 8520 1 6SB 820170193015599999999999999 124 361419 9299999999999999
 56 33 23 28 51 86122153175186182166144121102 90 9210712614215014713110220 1 7SB 916186201615099999999999999 211 231523 8999999999999999
 68 37 16 10 22 54 96137169190198191170144119 98 87 9211013114514814112020 1 8SB10 3198205114999999999999999 253 101612 8799999999999999
 85 48 18  1  1 23 64112154183201205192166138113 94 87 9812014014914713420 1 9SB1044205211815099999999999999 330 -11655 8799999999999999
106 66 27  1-10 -1 30 79131170194206205186157129106 92 9110713214915314520 110SB1124208214515399999999999999 4 4-101734 8999999999999999
125 91 48 10-12-15  3 43 98148182200208200176146119100 91 9611814415715420 111SB12 3208221815899999999999999 439-161813 9099999999999999
141116 77 32 -3-18-14 11 58116163190204207194165134110 95 8910112715216120 112SB124320823 116199999999999999 516-191853 8999999999999999
155138109 66 21 -9-18 -8 23 75131173196207205186153122100 87 8610313215620 113SB1324208235316299999999999999 559-181936 8599999999999999
162154137105 60 18 -6-11  2 37 90144181200207201176141110 89 78 8110213220 114SB14 6208999999999999999999999 646-122022 7799999999999999
154161154137104 62 24  4  1 17 53105153185201205193164128 98 77 67 73 9720 115SB 056161144820599999999999999 739  02111 6699999999999999
128150158155139109 71 39 21 19 35 70116157184198198182151115 85 64 55 6320 116SB 212158153119999999999999999 837 1822 2 5599999999999999
 88119143155156144119 88 60 45 42 55 84122156178188185167137102 72 51 4420 117SB 336157161718999999999999999 941 412259 4499999999999999
 53 77108135152159153136111 87 71 66 73 93122149167174170152124 90 61 4020 118SB 5 515917 8175999999999999991057 66999999999999999999999
 33 41 65 97128151164166155136114 97 86 86 97117139154160155140113 80 5120 119SB 63916718 516099999999999999 0 0 331234 8599999999999999
 30 22 29 54 89125153172180176159137116 99 91 95110129143148144130103 7120 120SB 8 818119 514899999999999999 1 3 221414 9199999999999999
 40 19 11 19 46 86127160183194192175150125104 91 91104123137141137122 9520 121SB 92019520 114199999999999999 2 2 111531 8999999999999999
 60 29  8  2 14 46 91135169192204200181153125102 88 8810412413713913311520 122SB1017205204413999999999999999 253  21628 8699999999999999
 84 47 16 -1 -3 15 53103147178198207199175145117 96 85 9111113214113912920 123SB11 4207211714299999999999999 336 -41712 8599999999999999
107 71 33  5 -7 -2 24 69120160185200204189160131107 91 86 9912314214614020 124SB1143205214814699999999999999 413 -71748 8599999999999999
125 97 56 19 -2 -7  6 40 90139172190199195173141115 97 86 9011013715115020 125SB1216200222315299999999999999 446 -71819 8599999999999999
139118 83 41  9 -5 -1 20 61113156181192195181153122100 87 84 9612314815620 126SB124219523 115699999999999999 517 -51846 8499999999999999
151136109 69 29  4 -2  9 39 86135170187193187165132104 87 79 8410413315420 127SB13 4193234515899999999999999 551 -21913 7999999999999999
158149131 98 57 23  6  7 25 62111155181192192176146113 89 75 73 8511214020 128SB1327194999999999999999999999 627  41943 7299999999999999
155156146123 88 50 23 13 20 44 86133169188194185161127 96 75 65 68 8811720 129SB 033157135519499999999999999 7 5 132016 6499999999999999
142154153141116 82 49 30 26 38 67109150177190189173143108 80 62 57 67 9120 130SB 125155142519199999999999999 746 252053 5799999999999999
120141151150137112 81 56 43 43 58 89126159178184177156124 91 66 52 52 6620 131SB 222152145718499999999999999 828 412133 5099999999999999
 92119139148147135114 89 69 61 63 78105135159171172160137106 76 55 45 4820 2 1SB 325149153217399999999999999 917 602218 4599999999999999
 64 90116135146147139123103 88 81 82 93113135151158156143121 92 65 47 3920 2 2SB 4421481614158999999999999991022 802312 3999999999999999
 43 60 86112133147153150137121108 99 95100112127139143141130109 82 58 4020 2 3SB 61115317121449999999999999912 0 95999999999999999999999
 32 35 52 80109133153164165155140125110100 98105117127133133123103 76 5120 2 4SB 733166182813499999999999999 015 321343 9899999999999999
 32 21 25 44 74108139164178180171154134113 98 92 97109122130131121 99 7120 2 5SB 839181193413299999999999999 117 211459 9299999999999999
 42 19  8 14 37 73114150177192193181159133109 92 86 93109126135134121 9620 2 6SB 935194202213699999999999999 212  81556 8699999999999999
 63 29  5 -4  6 35 78126164189201200183155125101 85 83 9611813714413812120 2 7SB1024202205914499999999999999 259 -41640 8299999999999999
 91 51 14 -9-13  3 39 90141177197206199176143113 93 81 8510613415115214220 2 8SB11 8206213215499999999999999 343-141719 8199999999999999
120 83 37  0-18-16  6 50108158187201205193162127101 85 79 9112115116315820 2 9SB114920622 716399999999999999 424-191755 7999999999999999
144117 73 24 -9-20-12 16 68128171193203201180143110 89 78 78 9913616417020 210SB1227204225017099999999999999 5 5-201831 7699999999999999
162146113 63 17 -9-15 -3 33 90146181196202193163124 93 76 68 7610614617020 211SB13 1202234217499999999999999 550-1519 8 6899999999999999
173165146108 58 18 -1 -3 13 54111160187197198180144105 78 62 58 7411014920 212SB1334199999999999999999999999 639 -41947 5899999999999999
170174167147107 62 29 13 13 33 76128168188195189163124 87 62 48 48 7010920 213SB 05017414 619599999999999999 731 112030 4699999999999999
145166173168148112 74 47 34 35 56 96139169184186174145106 72 48 36 41 6620 214SB 210173144118799999999999999 826 322116 3599999999999999
103137159170169152123 93 70 58 60 77109141163173171156127 92 61 39 29 3520 215SB 325171152117499999999999999 926 5722 8 2999999999999999
 59 93126151166169160139116 96 84 82 93113135150156153138113 83 55 34 2520 216SB 4461701610157999999999999991041 8123 9 2599999999999999
 31 52 82115143163173171158140121106 98 99109122133139137126105 80 54 3420 217SB 6191731716139999999999999991224 97999999999999999999999
 23 26 43 72105137163179183176160140120105 97 99107118126127120104 81 5620 218SB 751183183712899999999999999 019 221418 9799999999999999
 33 20 20 35 63100137167186194189173148123102 90 88 97111122125120107 8420 219SB 910194195012599999999999999 129 181540 8799999999999999
 55 29 15 15 30 61103143173192201195174144117 94 81 81 9611512712912411020 220SB10 9201204812999999999999999 231 131630 7999999999999999
 82 49 23 10 12 30 67114153179196202190162131105 85 75 8310512713613612920 221SB1054202212813799999999999999 324  917 6 7599999999999999
109 74 38 15  7 13 39 83131164184196196175142113 92 77 76 9512314214614320 222SB1128198215514699999999999999 4 7  71735 7499999999999999
130101 61 27 10  8 21 57106149174188193182152119 96 80 73 8411414215515420 223SB1155193222315699999999999999 442  71759 7399999999999999
146125 87 46 19  9 14 37 82131165181189184161126 98 81 72 75 9913315716320 224SB1215189225616399999999999999 513  91818 7199999999999999
159145114 71 35 16 13 26 61111154177186186170137102 80 68 67 8311614916620 225SB1229188233516899999999999999 543 131838 6699999999999999
167159137 99 58 30 19 23 46 89137170185188177149112 81 64 58 66 9313115820 226SB1245188999999999999999999999 615 1919 1 5899999999999999
169167155126 86 52 32 28 39 71117157180188183162126 89 64 51 52 7110514120 227SB 01917013 718899999999999999 649 271928 5099999999999999
163170166148116 79 52 40 41 60 96138169184184170140102 69 49 42 51 7811520 228SB 1 6170133118599999999999999 725 381958 4299999999999999
147164169162141110 79 60 52 59 82117151173179172151117 80 52 38 37 54 8520 229SB 154169135717999999999999999 8 4 522031 3699999999999999
121149164167159138111 87 72 69 78100129154167166153129 96 64 41 32 37 5720 3 1SB 246167142616899999999999999 849 6821 9 3299999999999999
 89123149162165158142120100 89 86 93110131147153148134111 82 54 36 30 3820 3 2SB 34916615 015399999999999999 947 862156 3099999999999999
 58 88120145160166164151134117106100102111124134137132121101 76 52 36 3020 3 3SB 514166154913799999999999999112210023 3 3099999999999999
 36 54 82113140159171174166151134120107101104112120124124116100 78 55 3720 3 4SB 6431741728125999999999999991312101999999999999999999999
 27 29 45 72105137163181186180166146125106 95 93100111121126121106 84 5920 3 5SB 75718619 212699999999999999 024 261437 9399999999999999
 35 19 18 34 62100139172191198192175148120 98 85 84 95113130136131116 9120 3 6SB 9 119820 113699999999999999 134 171536 8399999999999999
 58 27  9  8 24 57103149182200205197173139109 88 77 8010012714715014312520 3 7SB 957205204515199999999999999 233  61620 7699999999999999
 93 51 16  0  1 20 61115163191204206192160122 94 78 71 8311514816416315320 3 8SB1044207212216599999999999999 325 -21656 7199999999999999
130 88 40  8 -4  0 25 75134176196204201178137101 80 69 70 9413616817817320 3 9SB1122205215917899999999999999 413 -51729 6799999999999999
160129 79 32  6 -1  7 41 98154185197200189155111 81 66 60 7110915518218620 310SB1154200224318699999999999999 5 0 -118 0 6099999999999999
180163124 71 31 12  8 22 64123169189195193171128 87 63 52 52 7512216718820 311SB1220196234419099999999999999 547  81832 5099999999999999
190185163119 70 38 24 23 43 90143178190191180148103 66 47 38 46 8013016920 312SB1241191999999999999999999999 636 2219 8 3899999999999999
187192187162119 78 52 41 42 67112156179186182163125 82 50 33 28 44 8313020 313SB 1 3192131018699999999999999 725 391948 2899999999999999
166185192186162125 92 71 60 64 89126158174177168143105 67 39 23 23 44 8320 314SB 210192134617799999999999999 818 592032 2199999999999999
126159180190185165136110 91 80 84104130152162162150125 91 59 34 22 24 4520 315SB 314190142816399999999999999 917 802121 2199999999999999
 80118150173186185172151129110 99 99109125138145143132112 85 58 37 27 2920 316SB 4281871519145999999999999991032 972219 2699999999999999
 47 76109140165182187180165146127112105106113121127127121106 86 65 46 3520 317SB 55418716371289999999999999912201052333 3399999999999999
 34 47 70100131160180190188177159137117103 97 98104113119117109 95 76 5620 318SB 7221901819119999999999999991422 96999999999999999999999
 42 37 45 63 92126158181193195185164137113 94 84 84 95110120123119107 8720 319SB 841196194912399999999999999 052 371530 8399999999999999
 62 43 36 41 58 89128162184196198185158128102 83 73 78 9811913013413111720 320SB 94019921 813499999999999999 2 7 361610 7399999999999999
 90 61 41 33 37 58 96138169187198196175142111 88 71 68 8511313514514814220 321SB1023199215914899999999999999 312 331641 6799999999999999
120 85 54 36 30 38 67112152176190196184154119 93 74 65 7410313515315915920 322SB1055196223116099999999999999 4 2 3017 6 6599999999999999
145112 74 46 33 31 48 87134166182190187163127 96 76 64 66 9012715616817020 323SB1118191225617099999999999999 440 301726 6299999999999999
164139 98 62 41 33 39 68114155177186186170135 99 75 62 59 7611315017117720 324SB1135188232117899999999999999 511 331744 5999999999999999
176160125 84 55 41 39 56 95141171183185175146106 76 59 53 62 9313516618020 325SB1147186235018299999999999999 541 3818 1 5399999999999999
182174148109 74 54 45 52 80124161180184179156117 80 57 47 50 7211315317620 326SB1159184999999999999999999999 610 451821 4699999999999999
184183167134 97 70 57 55 70106147174183180164131 90 58 42 39 53 8713116620 327SB 023185121518399999999999999 641 541844 3899999999999999
182187180157123 91 72 64 68 92129162177179169143104 66 41 31 37 6110314520 328SB 059187123718099999999999999 714 631911 3199999999999999
173186187176149117 92 78 73 84110143166173168151119 81 48 29 26 40 7211520 329SB 13918813 417399999999999999 752 731943 2699999999999999
153177188186172146119 98 87 85 98122147161163153131 99 64 37 24 27 46 8020 330SB 224189133716499999999999999 837 842021 2399999999999999
121156178188186172150127108 98 97106124141150148136115 87 57 35 26 31 5120 331SB 319188141815199999999999999 937 9621 8 2699999999999999
 83121153175186187177159139121109104107118130136134125108 85 60 41 32 3520 4 1SB 43518815161369999999999999911 61042214 3299999999999999
 52 80114146170186192186171152132115104101107116123127123112 93 70 51 3820 4 2SB 6 119217 31279999999999999912471012341 3599999999999999
 36 47 71103137167189199196183162137113 97 90 94105119130132124108 85 6020 4 3SB 71719918411339999999999999914 7 90999999999999999999999
 40 31 38 59 92132169194205204190164132104 86 79 85103128144148141125 9720 4 4SB 822206194714899999999999999 1 2 3115 5 7999999999999999
 63 37 26 30 51 88135176199209206188154117 89 73 69 8311414616416615913920 4 5SB 920209204016699999999999999 211 251548 6999999999999999
102 61 33 22 26 49 95147185202208201175133 96 73 62 64 9113416918218217320 4 6SB10 6208212718399999999999999 313 221624 6099999999999999
146100 57 32 24 29 59112164191201202188150105 73 58 52 6610715718719519420 4 7SB1041203221719599999999999999 410 231655 5299999999999999
181145 95 56 37 31 41 80136178193196191165119 76 53 43 46 7412717619920420 4 8SB11 0196231820499999999999999 5 1 311724 4299999999999999
202183140 92 61 47 43 60106157185191189174137 89 53 36 32 44 8514218520320 4 9SB11 2191999999999999999999999 547 431755 3199999999999999
209206181136 96 72 59 59 83129169186186178154110 65 36 23 24 47 9615118720 410SB 016210112918799999999999999 633 571830 2199999999999999
204212206178138105 85 73 77104143172181178164133 89 49 25 15 22 5310315220 411SB 110212121018199999999999999 720 721910 1599999999999999
185204212204177144117 97 86 93118147166171166147114 75 41 21 14 26 6010620 412SB 2 4212125817199999999999999 811 861954 1499999999999999
149181201209201179152128108 99104122142154157151132102 69 41 24 21 36 6720 413SB 3 1209135015899999999999999 910 982041 2099999999999999
107145176196205200183160137118107108118130139142136120 97 71 49 35 33 4620 414SB 4 720514491429999999999999910251062136 3299999999999999
 72106140169190201199187167144124110105108115123127126116100 81 63 50 4720 415SB 52220216151289999999999999912 51052247 4799999999999999
 55 75102133162185198199189171148125107 97 95100110120124120111 96 79 6420 416SB 63620018 1124999999999999991344 95999999999999999999999
 57 61 75 97127158183196198190171145118 98 85 82 90107123131132126113 9320 417SB 744199193813299999999999999 010 571448 8299999999999999
 73 62 62 71 93126159183195198188165134105 85 73 73 9011413514514814412620 418SB 84519821 014899999999999999 133 611529 7199999999999999
 99 76 63 60 69 95132165186195195180149115 89 71 63 7310113215216316615620 419SB 931197215016699999999999999 248 5916 0 6399999999999999
129 97 73 60 57 71105145173188194187162126 93 72 59 61 8512215317117917820 420SB10 4194222618199999999999999 344 571625 5899999999999999
158124 91 69 58 60 83123160180189189171136 99 73 57 53 6910614617218619120 421SB1029190225719199999999999999 425 561646 5299999999999999
181151114 85 67 60 71104145172184187176146106 74 55 47 56 8813216718619620 422SB1047187232719799999999999999 5 0 6017 5 4799999999999999
195174138104 82 68 68 90129163179183178155116 78 54 43 45 6911215518219520 423SB11 1183235620099999999999999 532 661725 4299999999999999
200190160125 98 81 74 83115151174180177162128 86 55 40 37 51 8913617219120 424SB1111180999999999999999999999 6 3 741745 3699999999999999
200199179146116 96 84 83103137165177176166140 99 61 39 30 37 6411015518420 425SB 025201112417899999999999999 634 8118 8 3099999999999999
198203194168136112 96 89 95120151170174168149116 75 43 27 26 43 8012916920 426SB 055203114917499999999999999 7 8 881835 2599999999999999
193204203188161132112 98 95107132156168167156131 95 58 32 21 27 52 9414120 427SB 130205122416999999999999999 747 941910 2199999999999999
177198207203185159133114102101114135154161157142116 81 49 28 21 32 6210420 428SB 21220713 816199999999999999 835 991953 2199999999999999
147181201208203186162137118106104115131146151147132107 77 49 31 27 40 6820 429SB 3 520814 215199999999999999 9361042044 2799999999999999
106146179200208205190168143122108104109122135141139128109 83 58 41 36 4620 430SB 41320915151429999999999999910561042151 3699999999999999
 69103141173197208208196174149124106 98100111125135139134119 98 74 55 4520 5 1SB 5292101656139999999999999991218 972314 4599999999999999
 49 66 96132167194209211200179150121 99 87 87 99119138148148137118 92 6720 5 2SB 6392121826149999999999999991328 86999999999999999999999
 51 49 62 87124163194210212201177143109 86 74 75 9312215016416615813910720 5 3SB 740213194016799999999999999 037 481424 7399999999999999
 75 55 49 58 82123166196208209196166126 91 69 60 67 9513516818318617915420 5 4SB 834210205118699999999999999 154 491510 6099999999999999
116 80 59 51 58 85131174197204202183144100 69 53 49 6510715518720020319320 5 5SB 916205215420399999999999999 3 7 511547 4899999999999999
162118 83 65 57 65 99147183196197189161115 73 48 38 42 7212517520221321520 5 6SB 940198224621699999999999999 4 8 561620 3799999999999999
200162118 89 72 66 79119164188192187171133 84 48 31 27 41 8514519021122120 5 7SB 947192233322399999999999999 458 661651 2699999999999999
221199159120 96 82 78 99140176188185175149104 58 30 18 21 4810115919721620 5 8SB1010188999999999999999999999 543 771722 1799999999999999
226222195156125104 91 92118155179183177161127 80 41 18 11 22 5911516720020 5 9SB 019226104618499999999999999 627 891759 1199999999999999
218227218191157130110 99105130160175176167146109 66 32 14 11 29 7112417020 510SB 1 5227113217799999999999999 713 981840 1099999999999999
200219225214188159133114105113135156167167156132 97 59 31 16 18 41 8213020 511SB 153225122816999999999999999 8 31051923 1599999999999999
171200218222210187160134115108115131148157157145123 92 60 36 25 31 55 9220 512SB 245222132715899999999999999 9 11082010 2599999999999999
134171199215218207185159134115107111123137146146137119 93 67 48 40 47 6820 513SB 34221814331479999999999999910 910721 2 4099999999999999
100136170196210213203182156131113103104113126135138134120101 80 64 57 6220 514SB 442213155513899999999999999112410222 6 5799999999999999
 79105137167191205208198178152127107 96 95103116129137137129115 97 82 7320 515SB 5412081731138999999999999991236 942323 7299999999999999
 74 86107135164188201202192172146119 98 86 85 94111129143147143132115 9720 516SB 63720319 0147999999999999991338 84999999999999999999999
 84 81 89106132162186198198187164135106 85 74 75 8911413915616316115012920 517SB 730199202116399999999999999 046 811426 7399999999999999
106 90 84 88105133164186195193178151118 89 70 63 70 9412615517318117916220 518SB 818195212018299999999999999 2 8 8415 4 6399999999999999
135109 91 83 87108140170187192186165131 96 70 56 55 7310814517319019719020 519SB 9 019222 319799999999999999 314 831534 5399999999999999
166135108 90 82 91118151175186187173143105 73 53 45 55 8612916619020520720 520SB 933188223920899999999999999 4 2 8216 1 4599999999999999
191161130105 89 86103134163179183177154116 79 53 40 42 6510815218320321320 521SB 959183231321499999999999999 442 851626 3899999999999999
208183152124103 91 96120151171179177161128 88 57 39 34 48 8513317219621120 522SB1018179234421599999999999999 517 901650 3399999999999999
215200171142120103 97111139164175175165140101 64 39 29 35 6210815518720520 523SB1030176999999999999999999999 551 971713 2999999999999999
215210189159135117104106127154171174168150117 77 45 28 26 42 8013017219820 524SB 015215104617499999999999999 6251031740 2599999999999999
212215204178151130114107116139161171170158134 97 59 33 22 27 53 9814718420 525SB 047216111717299999999999999 7 11071811 2199999999999999
206217215198172146126112109122145163169164149120 83 48 26 20 33 6511215820 526SB 12321812 216999999999999999 7421091851 2099999999999999
193213221215196169144123110110124144160165158141112 77 45 26 24 40 7512020 527SB 2 5221125616599999999999999 8311091938 2399999999999999
165198217223216196169141120108108120139154160154138111 79 50 33 32 49 8120 528SB 257223135916099999999999999 9301062032 3099999999999999
124166199218224216196168139116103101113131148156154141118 89 62 45 43 5720 529SB 35722415161579999999999999910361002138 4299999999999999
 85124164196216222215195166135110 95 92103122143156159151133107 80 62 5620 530SB 5 02221646159999999999999991142 912255 5699999999999999
 64 87121159192212219212192161128100 83 80 91114141161170167153129101 7820 531SB 6 02191814170999999999999991244 79999999999999999999999
 68 71 87117155188207213206184151114 85 69 66 8111114617218418617515112020 6 1SB 656213193718699999999999999 017 671340 6699999999999999
 93 79 76 88116154186202205196172134 95 67 53 54 7411415718620120519516820 6 2SB 745205205320599999999999999 142 761429 5199999999999999
133105 88 82 91120158186197196184154111 72 48 38 44 7512517220021622120920 6 3SB 824197215422199999999999999 3 0 821512 3899999999999999
177141113 96 87 98130166187190185167130 85 50 31 27 42 8414118621222723020 6 4SB 850190224423199999999999999 4 2 871549 2699999999999999
214179144119102 95111144174186183173148105 61 32 19 21 48 9915719722023320 6 5SB 913186233023599999999999999 452 951623 1899999999999999
233211176145123107105125157179183176160128 82 43 20 12 23 6011616920422520 6 6SB 944183999999999999999999999 5381031658 1299999999999999
235229204172144124111114137165180179168147110 66 32 14 13 32 7513117820920 6 7SB 013235102418199999999999999 6211101735 1199999999999999
227233223197167141123114121144167177174161136 98 57 28 15 20 45 9114218520 6 8SB 057233111217799999999999999 7 51131815 1499999999999999
212227230216190161136119114124145164172168154127 91 55 30 22 31 6110515220 6 9SB 14023112 817299999999999999 7521141858 2199999999999999
191215227225209182153129114111122142159167163148122 89 57 37 33 47 7711820 610SB 22422813 816799999999999999 8431111944 3399999999999999
161195216225220201173144122108107118137153161158144121 92 65 49 49 63 9220 611SB 3 9225141316199999999999999 9361062033 4799999999999999
130168198215221213192163135113101101113131147155155144125100 78 66 66 8020 612SB 35522115271569999999999999910301002129 6499999999999999
106139172197212214204181153126105 94 95107125142153156149133113 95 84 8320 613SB 4422151649156999999999999991125 932235 8299999999999999
 94115143171193206206193171143116 95 85 8810012014015516215914813111310120 614SB 5312081811163999999999999991219 852353 9799999999999999
 97103120143168188199197183160131104 84 75 79 9511814416417417516514812920 615SB 6212001931176999999999999991311 75999999999999999999999
113105107120141165184192188173148117 89 70 64 72 9312315417719019218216220 616SB 712192203919399999999999999 1181051358 6499999999999999
139120108107119140164181186180161132 99 72 56 54 68 9813616919320620619220 617SB 759186213120899999999999999 2371061439 5399999999999999
169143121108107121144166179181171146113 79 55 43 48 7311215318620821921420 618SB 842181221421999999999999999 3351051514 4399999999999999
195168141119106109128152169177174158127 90 60 40 36 50 8613117120021922520 619SB 916177225222599999999999999 4211051547 3599999999999999
214189161136117108117139161173174165141105 69 43 30 35 6110515218821122520 620SB 941175232722699999999999999 5 11081617 2999999999999999
224206179153131115113129152169174170154123 84 50 30 26 40 7712617120121920 621SB10 0174999999999999999999999 5371121646 2599999999999999
226218196169145126116121141163174173163141105 65 36 23 27 51 9514618621120 622SB 0 2226102417599999999999999 6131161718 2299999999999999
223225211186159138123117128151170177172157129 90 52 28 21 32 6411216219820 623SB 03722611 017799999999999999 6511171754 2199999999999999
218227223205178151131118118133156173177170151121 81 46 25 23 40 7612617420 624SB 115227114817799999999999999 7331161837 2299999999999999
207224230222200170143123113115133157174177169149117 79 46 29 30 49 8813720 625SB 158230124517799999999999999 8201121927 2799999999999999
182213229232220195163134114105110130155172177170151120 84 53 38 41 61 9820 626SB 244232135217799999999999999 9111052022 3799999999999999
145187215229230216188154124104 95102124150169177173157129 96 68 54 56 7420 627SB 33323115101779999999999999910 5 952125 5399999999999999
107149188214226224208178144113 92 85 92115143166179180168145116 90 75 7320 628SB 42422716341819999999999999911 1 852237 7299999999999999
 86114150184207217214197167132101 80 72 81105137165183189184166139114 9620 629SB 51621818 2189999999999999991159 722359 9099999999999999
 90 97117147178199207202185155119 87 66 59 69 9613316719120220218816313620 630SB 6 82071929204999999999999991257 59999999999999999999999
116105104118144172190196190172141104 72 52 46 58 9013317320021621920718220 7 1SB 7 0196204622099999999999999 1331031352 4699999999999999
153130114108118143169184186179160126 87 56 38 35 52 9114018321122823322020 7 2SB 746187214823399999999999999 2551081441 3499999999999999
192162137119111121146169180179170146109 70 41 27 29 53 9915119322023623920 7 3SB 824181224024099999999999999 3591111525 2599999999999999
223194163138120114127153173179174161133 92 54 29 20 29 6111216520322623920 7 4SB 858179232724199999999999999 45011416 3 2099999999999999
238218187158136120119136162178179170152119 77 41 22 20 36 7512917821022920 7 5SB 933180999999999999999999999 5351171639 1999999999999999
238231207176150131120125146170181178166143107 65 34 21 25 49 9314719021620 7 6SB 0 8238101318299999999999999 6161201716 2099999999999999
230233221194164141125120130154176183177162135 97 57 32 25 36 6511216320020 7 7SB 046234105818399999999999999 6541191754 2599999999999999
220230227209179151130118118134159178183175158129 90 55 36 34 50 8413217720 7 8SB 121231114818399999999999999 7321161835 3399999999999999
208224229220196165138119111116136161178181173154123 87 57 44 47 6710414920 7 9SB 154229124418199999999999999 8111111918 4399999999999999
189215226226210182150125109104114137161176179171151121 88 65 56 63 8612320 710SB 228228134617999999999999999 85110420 4 5699999999999999
164198218225219198167136112 99 98112136159173176169151123 96 78 73 8110520 711SB 3 3225145217699999999999999 933 972053 7299999999999999
139175201216219207183151122101 90 93110134156170175170154131109 95 9110020 712SB 34121916 3175999999999999991017 902149 9199999999999999
121150178199209207193167137110 91 83 8910713115316917717516314512711411020 713SB 42321017201789999999999999911 5 83225911099999999999999
115131153175191198194178153124 99 82 76 8310312715217218418617716214613220 714SB 5111981840187999999999999991158 76999999999999999999999
124124134151168180186182165140113 89 72 68 77 9812715517919520019317916120 715SB 6 6186195320099999999999999 0281231252 6799999999999999
144131126132145160172177172155130102 77 61 58 71 9713116419120921520719120 716SB 7 3178205421599999999999999 1571261343 5799999999999999
170148131123128141156169173166147119 89 64 49 49 6810114017720522222621520 717SB 755173214422699999999999999 3 81231429 4799999999999999
195170145127120126142159170171161138106 74 49 38 44 7011115519221823123120 718SB 838172222723399999999999999 4 11201510 3899999999999999
216191163139122119130150166174170155127 91 58 36 31 45 7912617220622723520 719SB 91117423 823599999999999999 4441181547 3099999999999999
229209181154132120123140162176178169148114 75 43 27 29 52 9414518921723120 720SB 938178234623599999999999999 5221191623 2699999999999999
235223198168144127121130152175184180166140101 60 32 23 33 6211116420322420 721SB10 8184999999999999999999999 5581211659 2399999999999999
233232214184155135123122138165186190181164132 89 50 28 25 40 7612918021320 722SB 024234104519099999999999999 6351201739 2499999999999999
229235227203170143126117122145174192193183162126 82 46 30 31 51 9314719420 723SB 1 2235113119499999999999999 7141171824 2899999999999999
221233235221190156130115109120148179195195185162124 81 50 38 42 6510916220 724SB 139235122919699999999999999 7551091915 3799999999999999
203226235231211176142117102100116148178194197188165128 89 63 52 58 8212520 725SB 217235134219799999999999999 839 992011 5299999999999999
172207226232223198162127102 89 90111144174192198192172139105 82 72 7710020 726SB 25723215 219899999999999999 926 872111 7299999999999999
138177206221223210183147113 89 77 81103136167189200198182156128106 96 9820 727SB 3392231623201999999999999991017 762221 9599999999999999
115144175198210209195168134101 78 67 71 9312616018620220619717815313211920 728SB 4262111750206999999999999991114 66234811599999999999999
116124144168186195193180156124 92 69 58 61 8211615318520621721420017715520 729SB 5201961919217999999999999991216 57999999999999999999999
137127127139157174182181169147116 85 61 49 52 7310915018721322823021819520 730SB 623183203823199999999999999 1291261319 4899999999999999
170147131125133149165174173163141111 78 53 41 45 6810715319322123724022820 731SB 724175214424199999999999999 2571251416 4099999999999999
203174149130122129147164172170159137104 69 45 35 42 6911316220122724224320 8 1SB 816173223824599999999999999 4 312215 7 3599999999999999
228199169143125119130152170175170158132 94 59 38 33 45 7712617521023024220 8 2SB 856175232224399999999999999 4521191550 3399999999999999
239218186157136121121139164179179172155123 83 50 35 36 53 9314519021623120 8 3SB 930181235923799999999999999 5321191628 3399999999999999
237227200168144128119128153178187183172150112 71 45 37 43 6911516620322120 8 4SB10 4187999999999999999999999 6 511917 2 3799999999999999
230230211179150131120120138167189192185170141100 63 44 42 56 8913918621320 8 5SB 028232104319399999999999999 6341181737 4199999999999999
225228219191158134120114122148179195195186166131 90 60 49 52 7311316320120 8 6SB 052229112819699999999999999 7 11141815 4899999999999999
221228224204171139119108109126157185197195184160123 86 64 58 67 9413818320 8 7SB 113228122019799999999999999 7291071855 5899999999999999
212226227215186151123105 99107131163187196194181154118 88 72 71 8511715920 8 8SB 138228131819799999999999999 8 1 991937 7099999999999999
196218226220200167133107 93 92107136166187195192177150120 97 86 8810613820 8 9SB 2 7226141719599999999999999 835 912021 8599999999999999
174203217219207181147116 94 84 8910913916718519319117615312811010310712520 810SB 238220151819499999999999999 913 84211010399999999999999
153181201209205189161129102 84 79 8811013916518319219218016114212812112520 811SB 312209162719399999999999999 954 79221112199999999999999
138159179191194188171145116 92 78 76 8610913716318219419719017515814613820 812SB 3501951748197999999999999991043 75234113699999999999999
136143157170178179173157133107 86 74 71 8210513416118420020720319017516020 813SB 44317919 6207999999999999991143 71999999999999999999999
147139140149158165168164150127103 82 68 65 7510013116219021022021620418720 814SB 6 3168201222099999999999999 1211391247 6499999999999999
167147135133139149159165162148126100 76 59 55 68 9513116820022323122721220 815SB 71516521 923299999999999999 2421331346 5599999999999999
190164141128126134149163170165150125 95 66 48 46 62 9413617921323323923220 816SB 8 8170215923999999999999999 3401251436 4499999999999999
212184155133121123137158174178170151121 84 53 37 40 6110015019422423924220 817SB 848178224424299999999999999 4251201521 3699999999999999
230203170143125118126149175188186174150113 71 41 31 39 6611416820923124120 818SB 920188232524299999999999999 5 211816 3 3199999999999999
239220186154132119118136167192199192176146101 58 35 31 44 7913418722023420 819SB 952199999999999999999999999 5361171643 3099999999999999
239231203166138122114121149185206206196176139 90 52 36 37 55 9815620322720 820SB 0 1239102920899999999999999 6 91141725 3499999999999999
235235218183146123111108125162198213210199175132 85 54 43 48 7212117621420 821SB 033237111521399999999999999 6421081812 4399999999999999
230234227201161127108 98102128170203215213202175131 89 65 57 64 9314219120 822SB 1 2234121721599999999999999 719 9819 5 5799999999999999
219229230215182141110 92 85 96129171201214215205176136102 81 75 8411415820 823SB 132231133921699999999999999 759 8520 0 7599999999999999
197218225220199162123 95 78 74 91126166196212217208183150121103 9610513120 824SB 2 6225145621799999999999999 843 7421 0 9699999999999999
166195211214204181146110 83 68 67 8512015818820821721219416814412711812320 825SB 246214161221799999999999999 933 65221111899999999999999
141166186197198187165134102 77 63 63 8011114717920321721920818916814913720 826SB 3341991738220999999999999991030 61234413499999999999999
135143157171180181173154128100 77 62 60 7410113617120022022822320818816620 827SB 43718119 7228999999999999991138 59999999999999999999999
148138137144155165169164150129104 79 62 57 68 9212716620022423623522220020 828SB 6 0169202723799999999999999 1341361250 5799999999999999
173150134127132144157165163153134108 80 61 54 62 8612416720422824124222720 829SB 718165213424399999999999999 3 51271357 5499999999999999
200170144125118124143160168167159139109 77 57 51 60 8713017521023124324120 830SB 822169222524499999999999999 4 31181456 5199999999999999
221189158134117113128152171176175164139103 71 54 51 63 9614418821623224020 831SB 91117723 524099999999999999 4441121545 5099999999999999
232204170143123111116141170184186181165132 92 64 53 54 7311516520222123120 9 1SB 942186233523499999999999999 5161101626 5299999999999999
232213179148127114111129162187195193184159119 81 61 55 63 9214118721222420 9 2SB10 7195235622899999999999999 5421101659 5599999999999999
228218189153128114108117147182201203197181147105 74 62 62 7911816820422020 9 3SB1039203999999999999999999999 6 31081730 6099999999999999
224220198162130112103106128165196207206197173133 95 74 67 7410114619021520 9 4SB 0 9225111920899999999999999 62210318 2 6799999999999999
223222206174137111 98 96109142180203210207192162123 93 78 77 9212717120520 9 5SB 02122412 721099999999999999 643 951837 7699999999999999
221223213187149115 95 87 92117154188206211205185152118 96 87 9111315118920 9 6SB 042223125821199999999999999 710 871915 8799999999999999
212220216197164126 97 82 80 9412616419220721020117914812110510010813416820 9 7SB 1 8220134921099999999999999 741 79195610099999999999999
197211213202176141106 83 73 77 9913417019420720819817615012911711512614920 9 8SB 136214144020999999999999999 814 72204111499999999999999
176196203198182155121 92 74 69 7910514017219420620719817915814113112913820 9 9SB 2 6203154020899999999999999 850 69213912999999999999999
156175187188180163137108 84 70 70 8210814017019220420920318817015514514020 910SB 239189165620999999999999999 934 6823 614099999999999999
143154166172172165150128103 83 71 71 8210613616518920521421220018416815420 911SB 3241731819215999999999999991034 70999999999999999999999
143140145152158160157147128106 86 73 69 77 9912816018821022322321319617620 912SB 5 3160193022599999999999999 0501401154 6999999999999999
155138131133140150158160152135113 90 71 62 68 8912015719221923323422220220 913SB 644160203123599999999999999 21513113 7 6299999999999999
174148128120123136153167170162145119 88 63 52 59 8111716120222924124022520 914SB 746171212624299999999999999 31412014 8 5299999999999999
197163135117112120143168183184174153119 81 53 44 52 7812317421423624323920 915SB 832185221224499999999999999 35711215 0 4499999999999999
217181145121108108127161190200196183155112 70 46 41 53 8613919222423824120 916SB 9 8200225124199999999999999 4321061548 4199999999999999
230198157125108101110143184209213206188151102 63 46 45 6110316220822923520 917SB 942213232123699999999999999 5 41011634 4499999999999999
233212171131107 97 97118163204222220212188143 94 63 52 55 7812818421922920 918SB1020223233723099999999999999 533 951720 5299999999999999
230220188142107 91 86 95129180216227225215185138 94 72 65 7110115320122220 919SB1111228235022699999999999999 6 3 8618 9 6599999999999999
226221201161116 88 77 76 94138188219229228216183138104 87 81 9012517220720 920SB1230229999999999999999999999 636 7419 0 8199999999999999
220219208180136 97 73 63 68 95143189216228230216184147120104 9811014318120 921SB 023220134323099999999999999 717 631954 9899999999999999
205212208192159118 83 63 55 64 9614218321022523021819116213812211612715220 922SB 1 6212144823099999999999999 8 2 55205311699999999999999
179195199193174143107 77 58 52 65 9613617420322122822120217815613913113620 923SB 15419916 022899999999999999 851 5222 613199999999999999
152169180182176160133104 78 61 56 67 9312816419421622822621319317215314020 924SB 250183172322999999999999999 949 56234513799999999999999
138144153162166163151132108 86 69 63 70 9012015418621222823122320618316020 925SB 4 716618472329999999999999911 1 63999999999999999999999
141131130136146154156151138119 98 79 69 71 8511114518121022923523021218620 926SB 55015620 223599999999999999 1371301221 6899999999999999
158135120116123137152159158149133109 85 71 70 8110614318221223023723121020 927SB 72215921 623799999999999999 2541161338 6999999999999999
178147123108105118141159168170163143113 86 71 68 7810714918921523023622520 928SB 843170215423699999999999999 3421041447 6799999999999999
196161132110 98102126155174182183172144109 83 69 67 8111816319921822922920 929SB 942183223023199999999999999 417 971542 6699999999999999
208173139115 98 94111145175190195193173137101 78 68 70 9413818220822022420 930SB1020195225622499999999999999 445 931624 6799999999999999
214183145117100 91 99131169194203205195165124 93 76 71 811161631982132192010 1SB1048205231221999999999999999 5 8 901658 7199999999999999
214191153118 98 88 90114155190207211208188150112 89 78 791021441862092152010 2SB1113212231821699999999999999 526 871727 7799999999999999
213197162123 97 84 82 97134177204214215204175136106 90 84 951271702012132010 3SB1140216232821499999999999999 542 811757 8499999999999999
212201173132 98 80 74 82111155192211217214195161127105 94 951151531892082010 4SB1213217234721199999999999999 6 1 741828 9399999999999999
211204182145106 79 68 69 891291722012152182091831501241081021101361721972010 5SB1250218999999999999999999999 625 6719 310299999999999999
206203189158119 85 66 60 711011451842072172162021751461261141121251531812010 6SB 012207132921899999999999999 653 60194111199999999999999
197199190169134 97 70 57 58 781141571902102182141971721481311211221371602010 7SB 041200141321899999999999999 725 56202612099999999999999
181189187173148115 83 62 54 62 861241631932112172121971751541381291301422010 8SB 11519015 621799999999999999 8 1 54212412899999999999999
159173177171157133104 77 60 56 67 921281631912092172142011821621461361332010 9SB 155177161521799999999999999 846 56224613399999999999999
140151160163158146127103 80 65 62 71 93125158186206218219209192171153138201010SB 251163173722099999999999999 946 62999999999999999999999
129130138146152152146131111 90 74 67 71 88116149180206222226218201178153201011SB 436153185022699999999999999 0221291110 6699999999999999
132120118125137149157155144125102 81 67 66 79106141178209228233225205176201012SB 621157195223399999999999999 1401171234 6499999999999999
145120107105116137159171171161141112 82 63 59 71 97138182216233236226200201013SB 730173204623699999999999999 2371041344 5899999999999999
163128105 94 96117150178190189178153115 79 58 54 66 97146193222233233218201014SB 824191213123599999999999999 321 931446 5499999999999999
183140108 89 83 95129172199208205191157111 74 57 55 69108163206225229224201015SB 91120822 422999999999999999 357 831542 5499999999999999
199155112 87 75 77102150195217221217196153105 75 62 61 82130183214222221201016SB 956221221522299999999999999 428 741634 6099999999999999
207171122 85 68 64 76116172213228230223195147104 81 72 75103154199216216201017SB1049230222321799999999999999 455 641721 7199999999999999
208184138 91 63 53 55 80132188222233235224190144110 92 85 93127174205212201018SB1148235225021299999999999999 523 5218 8 8599999999999999
206192158109 68 48 42 52 88145196223234237222186147121105 99112146184203201019SB1244237232920599999999999999 558 421857 9999999999999999
203194173134 88 54 38 36 53 96151195220234236219188156133117112126156183201020SB1339237999999999999999999999 640 35194911299999999999999
194192181155116 77 48 34 36 58101150190216231233219193166143127122134155201021SB 018194143823599999999999999 726 33204812299999999999999
173180178166141108 74 50 38 42 65104147183211227231220199175152134127133201022SB 116181154423199999999999999 816 3722 212799999999999999
145158165164154134107 80 59 48 53 73105142176204222228222204181157137126201023SB 223165165922899999999999999 913 48233612499999999999999
125132141149152147133114 92 73 63 64 78104136169197217226222207184158135201024SB 3511521811226999999999999991024 62999999999999999999999
119113116126138146147140127108 90 77 73 82101130163193214224221206181152201025SB 540147191722499999999999999 1 61131147 7399999999999999
126108 99103116135149155153144125104 86 79 82 98126161193213221218201172201026SB 716155201622299999999999999 214 991311 7899999999999999
139112 94 87 95117142160169170160138110 90 80 81 96128166195212218212189201027SB 83817121 421899999999999999 3 1 871427 7999999999999999
154120 96 80 79 97128158176186186171141110 89 79 80100138175200211213199201028SB 933187214021399999999999999 337 771526 7799999999999999
167129 99 79 70 79110148177193201196171136106 87 78 85114154186202208202201029SB101320122 520899999999999999 4 5 701610 7899999999999999
177139103 79 66 67 91132171195207211196163128102 86 81 98135172194202201201030SB1045211222220399999999999999 428 641646 8199999999999999
184148108 79 62 58 74112157190208216211187151120 99 88 92119157186197198201031SB1115217223419999999999999999 447 581719 8799999999999999
187158117 81 60 52 60 90137178203215218203172139115 99 941091421751921952011 1SB1143219224719599999999999999 5 6 521749 9499999999999999
188166128 88 60 48 49 701131601932102182131901581311131031061291611841912011 2SB121221823 419199999999999999 527 46182110299999999999999
187172140 99 65 46 42 54 881351772022142172041771481271131081191461721852011 3SB1243217232818699999999999999 550 41185410899999999999999
185175152115 76 49 38 41 641071531882082172131951681441261151151301551742011 4SB1316217999999999999999999999 618 37193211399999999999999
180175160131 94 60 40 35 46 781221661962132182101901651431261171201361562011 5SB 0 1180135621899999999999999 651 35201711699999999999999
169172164145115 81 53 37 37 55 891321722002152182091891661441271191211342011 6SB 043172144521899999999999999 731 35211511899999999999999
150160161152134107 77 53 40 43 63 961361732002152182101921691461281181182011 7SB 136162154721999999999999999 819 39223011799999999999999
127140150152145130108 82 60 49 51 68 971341691972142192131961721471261132011 8SB 24415217 021999999999999999 920 48235010999999999999999
109116128141147146136118 95 73 60 58 69 941271621932132212172001741451192011 9SB 42214818 9221999999999999991039 57999999999999999999999
102 96103118136150155150136113 89 69 62 68 88119156190213222217199170135201110SB 55915519 922299999999999999 058 9612 4 6299999999999999
106 87 82 91113141163172169157132102 76 64 65 82114155192214220214192156201111SB 71617220 122099999999999999 154 821322 6399999999999999
117 87 70 68 83117155181191190176146109 80 66 65 80116162197212214204176201112SB 825192204221599999999999999 240 671435 6399999999999999
132 91 65 53 57 85131175200209208190153112 84 70 68 86128173200208205188201113SB 92721021 820899999999999999 319 531539 6799999999999999
150101 64 45 39 53 95151194215223220195153113 89 77 77101146185200200190201114SB1020224212220199999999999999 353 391632 7499999999999999
164118 70 40 28 31 57112170208225232224193150117 97 86 90121164192196189201115SB11 8232214419799999999999999 423 271719 8599999999999999
173137 87 44 23 17 29 68129184215230235222188149122105 96106139175191189201116SB1155235221719299999999999999 455 1718 4 9699999999999999
177153111 63 28 12 12 33 81142190217231234217184151128111105120150176185201117SB124223523 018599999999999999 531 10185110599999999999999
179164135 92 49 20  8 14 43 93149190216230230212183154131115112127151170201118SB1332232235317599999999999999 613  8194211199999999999999
175169152122 81 44 20 12 22 54102151189214227226209182155132116114126145201119SB1425229999999999999999999999 659 12204011399999999999999
160164158142114 79 47 27 22 35 66109152188212223222206181154130114111119201120SB 056164152322499999999999999 748 21214711199999999999999
134147152149135112 84 57 40 37 49 76114152185207219217202177150126110104201121SB 2 5152162322099999999999999 842 3623 010499999999999999
109122134142142134117 94 72 57 54 63 85117151181202213211196172144119101201122SB 330143172121499999999999999 946 54999999999999999999999
 94 97109124136141138127109 90 76 70 75 92118148176197207204189165136109201123SB 510141181720899999999999999 010 9411 3 7099999999999999
 90 82 86 99118136147148142127109 92 82 83 95116145173193201197181154123201124SB 64214919 920199999999999999 112 821225 8199999999999999
 95 77 70 76 95121144158164160145123102 89 86 94115145173190195189169138201125SB 8 5164195719599999999999999 2 4 701349 8699999999999999
105 78 62 58 71 99132158175182176157130107 91 86 94118149175188189178152201126SB 9 7182203919099999999999999 245 581458 8699999999999999
116 83 59 47 51 75112149176192197186161131106 90 85 98127157177185181163201127SB 952197211218599999999999999 318 471549 8599999999999999
129 91 60 42 38 53 89132168192206205187156127103 88 89109140165178179168201128SB1029208213918099999999999999 346 371630 8699999999999999
140101 65 41 30 36 66110154185205213204179148121100 90 99125153170175170201129SB11 221322 117599999999999999 411 2917 5 9099999999999999
149113 73 43 26 25 45 86134172197211212195166138115 99 97114141163171169201130SB1133214221917299999999999999 435 241739 9599999999999999
156125 85 49 27 19 30 631111551862042122041811531301111011071291541671682012 1SB12 3212223616999999999999999 5 0 19181110199999999999999
159137101 61 32 17 19 41 841331711952082091941681431231091051181411601662012 2SB123421023 216699999999999999 525 16184510499999999999999
162147118 79 43 20 14 25 571041511842022102041851591361181071091251461602012 3SB13 7210234016399999999999999 555 14192410699999999999999
162154134101 63 32 15 15 34 721201631932082112011791531301131051101271462012 4SB1345211999999999999999999999 630 1320 910599999999999999
157157146123 90 55 27 15 20 44 851311721992122121991761491251081011071232012 5SB 028158143121399999999999999 713 1521 210199999999999999
141152151140118 87 55 30 21 29 54 93138176201213212198173145119102 951012012 6SB 126153152521499999999999999 8 2 2122 5 9599999999999999
116135146147138119 92 62 40 32 39 62 98139176200212210196170140113 94 862012 7SB 235148162421399999999999999 9 1 3223 9 8699999999999999
 90106126142147143128105 78 56 46 50 68 99137172196208207192165133103 822012 8SB 4 31471724209999999999999991013 45999999999999999999999
 73 78 95119141152153144124 98 75 61 60 72 98132167191203201185157121 892012 9SB 536154182020399999999999999 011 731135 5999999999999999
 67 57 63 85116145163169164147120 93 75 68 75 95129163187196192175143104201210SB 7 3169191119699999999999999 1 8 5713 1 6899999999999999
 69 48 40 50 79120156178188186169138107 86 75 77 95129163183188181161123201211SB 822188195418899999999999999 159 401426 7499999999999999
 80 47 28 24 41 80130170193205204184149117 94 81 80100136166179179168142201212SB 927206202718099999999999999 244 241533 7899999999999999
 99 55 25 11 13 39 90145184207218215190154122100 86 87111146170175170153201213SB1020219205317599999999999999 324  91628 8399999999999999
119 72 31  6 -2  8 46104159195215225217189153124103 91 97124155171170160201214SB11 8225212317299999999999999 4 1 -21715 9099999999999999
137 97 49 12 -6 -8 12 59120171202219226213182149123105 96107135161170165201215SB115322622 117099999999999999 436-1018 0 9699999999999999
150121 78 32  1-12 -6 23 75133178205220222205174144121104100115142162167201216SB1238223224616799999999999999 513-12184510099999999999999
158140108 64 23 -3-10  2 37 90144183207218216196166138116102102118143159201217SB1322219233816299999999999999 554-10193210099999999999999
161152132 99 57 21  1 -2 15 53103152187207215209187157129109 97100117139201218SB14 7215999999999999999999999 637 -32021 9699999999999999
153155145125 94 56 25 10 12 31 69116159190207211202178147120100 91 95112201219SB 037155145221299999999999999 724  82114 9099999999999999
132146148140122 93 60 35 24 28 49 84127164191204206192167137110 91 83 88201220SB 143148153620799999999999999 813 2422 8 8399999999999999
105124138142137122 97 70 50 42 47 66 98135167188199197181155125100 82 75201221SB 258142162120099999999999999 9 7 4223 2 7599999999999999
 81 97116131138137126107 85 69 62 66 82108138164183191186169143114 89 72201222SB 42313917 8191999999999999991011 622357 6699999999999999
 66 73 89109127139142136122104 89 80 81 92112136159175181174156130102 77201223SB 5501421758181999999999999991127 79999999999999999999999
 60 56 63 82106129146153151140124107 95 91 96111132153168171163144117 88201224SB 716153184917299999999999999 052 551256 9199999999999999
 62 47 44 55 79109137158168168157139119102 94 95108128149161163153132102201225SB 829170194016499999999999999 142 441422 9399999999999999
 71 46 33 34 52 83118150173185183169147123103 92 93107128147158156143116201226SB 924186202515999999999999999 225 311525 9099999999999999
 83 51 29 20 29 55 94134166188198192173147121 99 89 93111133149155149129201227SB10 719821 315599999999999999 3 2 201613 8899999999999999
 98 62 32 14 12 31 68112151181199203191168140114 95 89 99120140151152139201228SB1045204213315399999999999999 336 111652 8999999999999999
113 76 41 15  4 12 42 86132168192204201183157130107 93 94110132147152146201229SB1119205215815299999999999999 4 7  41727 9199999999999999
127 93 54 22  3  1 20 59108151180198204194171144120101 93102123143152151201230SB1152204222015399999999999999 437 -118 0 9399999999999999
138111 73 34  7 -4  3 33 79128166190202200184158132111 98 97111134150154201231SB1225203224915599999999999999 5 6 -51835 9599999999999999
