 29 24 29 43 64 86106119125122113101 90 83 82 89100112120122115100 81 6120 1 1SG 8 8125184112299999999999999 1 2 241333 8299999999999999
 46 36 35 43 58 77 96111120122117108 96 86 80 80 85 94102108109102 91 7620 1 2SG 845123193410999999999999999 136 351433 7999999999999999
 62 52 47 49 58 72 89104116121120114104 92 82 75 74 77 83 90 96 97 94 8720 1 3SG 9211222049 9899999999999999 210 471549 7499999999999999
 77 68 62 60 63 72 84 98110119122119111100 88 76 68 64 65 71 78 86 90 9120 1 4SG10 11222244 9299999999999999 251 601715 6499999999999999
 89 84 78 74 73 76 83 93105115122123119109 96 81 67 57 51 52 58 69 80 8920 1 5SG1045123999999999999999999999 348 731823 5099999999999999
 95 96 94 90 86 84 85 91100110120125125119107 91 72 55 42 36 38 48 63 7920 1 6SG 050 96113112699999999999999 5 9 841914 3699999999999999
 93102106105101 95 91 91 96105116125130128119104 83 61 40 26 21 26 41 6120 1 7SG 213107121813099999999999999 631 911958 2199999999999999
 82101113117115109101 96 95101110122131135132119 99 73 46 24 10  8 18 3920 1 8SG 3 911713 413599999999999999 736 952039  799999999999999
 64 90110123126122113103 97 97104116129139142134117 91 61 31  8 -4 -1 1520 1 9SG 354126134814299999999999999 828 972119 -499999999999999
 41 71 99120131132125113102 97 99108123137147147135113 82 48 17 -5-13 -520 110SG 435133143114899999999999999 914 9622 0-1399999999999999
 16 47 79108127135133122109 98 95100113129144152149133106 72 36  5-13-1620 111SG 514136151415399999999999999 956 952240-1799999999999999
 -3 23 56 89116132136129116102 93 92100116134149155148128 97 61 26 -1-1520 112SG 5511361558155999999999999991036 912321-1699999999999999
-12  6 35 68 99122133132122108 94 87 89100118137149152142119 88 53 21 -120 113SG 6261341643152999999999999991118 86999999999999999999999
 -9 -1 20 50 82109126132126113 98 85 80 85 99117134144144132109 79 47 2120 114SG 659132172914699999999999999 0 0 -912 1 8099999999999999
  5  3 15 39 67 95117128128119104 88 77 74 80 94111126134132119 98 73 4720 115SG 730129182013499999999999999 038  21249 7499999999999999
 27 18 21 36 59 85107123128123111 95 79 69 67 74 86100113119117107 90 7120 116SG 8 0128191812099999999999999 116 171344 6799999999999999
 52 40 36 42 58 78100117127127119104 87 72 63 60 65 74 86 97103103 97 8720 117SG 831128203210499999999999999 153 361450 6099999999999999
 74 63 55 55 63 77 95112124129126115100 83 67 56 52 53 60 70 81 89 93 9320 118SG 9 41292226 9399999999999999 231 541613 5199999999999999
 89 83 76 73 74 81 93107120129130125113 97 79 63 49 42 40 45 55 67 78 8820 119SG 944131999999999999999999999 316 731743 4099999999999999
 93 95 94 91 88 89 93103114124131131125113 97 77 58 41 30 27 31 42 58 7420 120SG 1 0 95103513299999999999999 423 881856 2799999999999999
 88 99105106103 99 97100107117126133134128115 97 75 52 32 19 15 21 35 5520 121SG 238106113813499999999999999 557 971953 1599999999999999
 76 95108115115110104100101108118128135137131117 95 70 44 22  9  6 16 3420 122SG 330116124413799999999999999 7201002041  699999999999999
 58 83104118123121113103 98 99106118131140141134117 92 63 34 12  1  2 1620 123SG 4 8123134214299999999999999 822 972123  099999999999999
 39 66 93114126127121109 98 93 95105120135144145134113 84 53 24  4 -3  320 124SG 440128143314699999999999999 912 9222 2 -399999999999999
 22 49 79105123130127116101 90 86 92106123139148145131105 74 42 15 -1 -220 125SG 5 9130151814899999999999999 955 862237 -399999999999999
 10 34 63 92115128130121107 91 82 81 91108128143148142123 94 62 31  9  020 126SG 5371311558148999999999999991034 802310 -199999999999999
  5 23 50 79105123130125112 95 81 74 78 92112131143145133110 80 49 23  820 127SG 6 41301637146999999999999991110 742340  599999999999999
  5 17 40 68 95116127127117101 84 72 69 77 94114131140136121 96 67 40 2020 128SG 6291291715140999999999999991146 69999999999999999999999
 12 17 34 59 85108123127121106 89 74 65 66 78 95114127131124106 82 56 3520 129SG 652127175313199999999999999 0 7 121223 6499999999999999
 23 23 34 54 78101117125123111 95 78 66 61 65 78 94110119120110 92 71 5120 130SG 715126183312199999999999999 033 2113 2 6199999999999999
 37 32 38 53 73 94112122124116102 85 70 60 58 64 76 90102109107 98 82 6620 131SG 738124191910999999999999999 058 321345 5899999999999999
 52 45 46 55 71 89106118123119108 93 77 64 56 55 61 71 83 92 97 96 89 7820 2 1SG 8 31232018 9899999999999999 124 451437 5599999999999999
 68 60 58 62 72 86101113121121113101 86 71 60 52 51 55 63 73 82 88 89 8620 2 2SG 8301212144 8999999999999999 151 581545 5199999999999999
 81 75 72 73 78 86 97108117120117109 97 82 68 56 47 44 45 52 62 72 81 8720 2 3SG 9 5120999999999999999999999 223 721710 4399999999999999
 89 89 87 86 87 90 96103111117119116108 96 81 65 50 39 33 33 40 52 66 7920 2 4SG 022 89 95211999999999999999 314 861826 3299999999999999
 90 97100100 98 97 97100106112118120118110 98 81 62 43 28 19 20 29 44 6320 2 5SG 22810011 212099999999999999 525 971927 1999999999999999
 82 97107112111106102 99101106113120125124116101 80 56 33 15  6  8 20 4120 2 6SG 316112122212599999999999999 712 992018  599999999999999
 65 89107118121117109101 97 98105115125132132122104 78 48 21  1 -7 -1 1720 2 7SG 352121132913399999999999999 817 9721 5 -799999999999999
 43 72 98117127126118106 96 91 94104119132141140127104 73 39  9-10-14 -420 2 8SG 425127142514299999999999999 9 6 912148-1599999999999999
 20 51 83109126131125112 97 86 83 90105123140148145129100 65 29  0-15-1520 2 9SG 456131151514999999999999999 949 832229-1799999999999999
  1 30 64 96119131130119101 85 75 75 86106127145152146125 94 57 22 -3-1420 210SG 52513216 3152999999999999991029 7323 7-1499999999999999
 -7 15 46 80109127132124107 87 71 63 67 83106129145150140117 85 50 19  020 211SG 5521321651150999999999999991110 632343 -499999999999999
 -4  9 35 67 98121132129114 93 72 57 52 61 80103125139141130107 76 46 2220 212SG 6171321739142999999999999991151 52999999999999999999999
 10 14 32 59 89114129132121102 79 58 46 45 56 76 98117129128116 95 70 4720 213SG 641132182913099999999999999 016 101234 4399999999999999
 32 28 37 57 83108126133128112 89 66 48 38 40 52 70 89105114113103 87 6920 214SG 7 4133192411599999999999999 048 271322 3799999999999999
 54 46 49 61 81103121132132121102 80 58 42 35 37 47 62 78 91 98 98 92 8320 215SG 7301332031 9999999999999999 117 461417 3499999999999999
 73 65 64 70 83 99116128133128114 95 74 55 41 34 35 41 52 65 77 84 88 8720 216SG 7581332220 8899999999999999 144 631526 3399999999999999
 85 81 79 81 87 97110121129129122109 92 74 57 43 34 31 34 42 53 65 75 8320 217SG 833130999999999999999999999 2 9 791658 3199999999999999
 88 91 92 92 94 97104113120125125118108 93 77 60 45 33 26 27 33 44 58 7220 218SG 9241269999999999999999999991829 26999999999999999999999
 85 95101103102100100104109116120122118111 98 82 63 44 29 20 19 26 39 5720 219SG 3 2103104812299999999999999 5281001938 1899999999999999
 76 93105111110106100 97 98103110117122122116103 85 63 40 23 13 13 23 4020 220SG 326111123212399999999999999 720 972029 1199999999999999
 62 85103115118113104 94 89 89 96107118126128122106 84 58 33 15  7 10 2520 221SG 350118134512999999999999999 824 882112  799999999999999
 47 73 97115122120110 96 84 79 82 92107123133134124105 78 49 24  8  4 1320 222SG 415123143713599999999999999 910 782148  499999999999999
 34 60 88110123125116101 84 72 69 77 92112129138136122 98 68 39 16  5  720 223SG 439126152013999999999999999 948 692220  499999999999999
 23 48 77103121127122107 88 71 61 63 76 96118135141134115 87 56 29 11  720 224SG 5 21271559141999999999999991023 602249  799999999999999
 17 38 66 94116127126113 94 73 58 53 60 78102123137138126103 73 45 23 1220 225SG 5241281636139999999999999991056 532315 1299999999999999
 16 33 58 86110125128118100 78 59 47 48 61 83107126135131114 88 61 37 2220 226SG 5441281712135999999999999991128 462340 1999999999999999
 20 31 53 79104121128122106 84 62 46 40 47 64 87109124128119100 75 52 3520 227SG 6 31281749128999999999999991159 40999999999999999999999
 28 34 51 74 98117126125112 91 68 49 38 38 49 68 90108118118106 87 66 4920 228SG 621127182712099999999999999 0 3 281231 3799999999999999
 40 41 52 71 93112124125116 98 76 55 40 34 38 52 70 89103110106 95 79 6320 229SG 639126191011099999999999999 025 3913 6 3499999999999999
 53 50 57 71 89107120124119105 85 64 47 36 34 40 53 69 85 96100 96 87 7620 3 1SG 65912420 110099999999999999 048 501346 3399999999999999
 67 63 65 74 87102114121120111 94 76 58 43 35 34 40 51 64 77 86 90 89 8520 3 2SG 7221222115 9099999999999999 111 621438 3499999999999999
 80 76 76 80 88 99109116119114103 88 72 56 44 36 34 37 45 56 67 77 84 8720 3 3SG 750119999999999999999999999 134 751555 3499999999999999
 88 88 88 89 92 97104110114114109100 88 73 59 46 35 30 29 35 45 58 71 8220 3 4SG 8311159999999999999999999991733 29999999999999999999999
 91 97 99100 99 99100103107111111109103 93 79 63 47 32 22 19 23 35 51 6920 3 5SG 9481129999999999999999999991854 19999999999999999999999
 85 99107110108104 99 97 98102108112114111102 87 67 45 25 12  7 13 28 4920 3 6SG 3 3110115711499999999999999 711 971955  799999999999999
 72 94109117117110101 93 89 90 97107117123123113 94 68 41 17  1 -2  8 2820 3 7SG 328118132512499999999999999 814 892045 -299999999999999
 54 82105119124118106 92 81 77 81 93110125134133121 97 66 35  9 -5 -5 1020 3 8SG 353124142613599999999999999 859 772129 -799999999999999
 35 66 96117127125112 94 77 65 64 73 92114133143140124 96 62 29  5 -6  020 3 9SG 418128151914499999999999999 938 6322 8 -699999999999999
 21 51 84111127130120100 77 58 48 51 67 91117138147141121 91 56 26  6  220 310SG 44213016 8147999999999999991017 482244  199999999999999
 15 40 72103124133127108 83 58 39 33 42 63 91119138145136114 84 53 27 1520 311SG 5 41331657145999999999999991055 332318 1499999999999999
 18 36 65 95120134133118 93 65 39 24 23 36 61 90116133137126105 78 52 3420 312SG 5271351745137999999999999991135 212349 3099999999999999
 30 40 62 90116133137127105 77 48 25 14 18 35 60 87110123124113 95 74 5620 313SG 5491381835125999999999999991216 14999999999999999999999
 47 49 64 87111130139134117 91 63 36 18 12 18 36 59 82100110110101 88 7420 314SG 612139192911199999999999999 017 461259 1299999999999999
 64 62 70 86106124136137126106 80 54 32 18 15 22 37 56 74 89 97 97 92 8520 315SG 6371382033 9899999999999999 044 611347 1599999999999999
 78 75 77 87101116129134130116 96 73 51 34 24 21 27 38 52 66 78 85 89 8920 316SG 7 51342233 8999999999999999 1 8 751447 2199999999999999
 87 86 86 90 97108118125126120107 90 72 55 41 31 27 29 36 46 58 69 79 8620 317SG 740127999999999999999999999 128 851611 2799999999999999
 91 94 94 95 97101106112116117112103 91 78 63 50 38 31 29 32 41 52 66 7920 318SG 8311179999999999999999999991753 29999999999999999999999
 90 98102102 99 97 96 98102106108108104 96 85 71 56 41 31 26 28 37 51 6820 319SG 227102101710899999999999999 544 961911 2699999999999999
 84 98107109105 98 91 87 87 91 98105109110104 93 77 58 40 27 21 25 37 5520 320SG 248109123611099999999999999 727 8620 5 2199999999999999
 76 95109115112103 91 80 74 75 83 94106115117111 97 77 54 35 22 18 26 4320 321SG 311115134811899999999999999 820 742047 1899999999999999
 65 88108119119110 95 79 66 62 66 79 96112123124115 96 72 48 28 18 19 3320 322SG 334120143712599999999999999 9 0 622122 1799999999999999
 54 80103119124118102 82 64 52 52 62 81102120130127113 90 64 40 23 18 2720 323SG 356124151913099999999999999 934 502152 1899999999999999
 46 71 97117126123109 88 66 48 40 46 63 87110127133126107 81 55 34 23 2520 324SG 41612715561339999999999999910 6 402220 2299999999999999
 40 64 90113126127116 95 70 48 34 33 45 68 94117131132119 97 71 47 32 2820 325SG 4361281632133999999999999991036 312246 2899999999999999
 38 59 84108124129121102 77 52 32 24 30 49 75102122130126109 86 62 44 3620 326SG 45412917 91319999999999999911 5 242310 3599999999999999
 40 56 79103121130125109 85 58 35 21 20 33 56 83107122126116 98 76 57 4620 327SG 5111301745126999999999999991134 192333 4499999999999999
 45 56 76 98117128128115 93 66 41 22 15 21 39 63 88108119117106 88 70 5820 328SG 52813018241209999999999999912 3 152356 5399999999999999
 53 59 74 94112125128120101 76 50 29 16 15 26 45 69 90106112108 97 82 7020 329SG 54712819 6112999999999999991235 14999999999999999999999
 63 65 75 90107120126122108 87 62 40 23 16 19 32 50 70 88 99103 99 91 8120 330SG 6 7126195610399999999999999 020 631312 1699999999999999
 75 73 78 89102114122122113 97 75 54 36 24 20 24 35 51 67 82 91 95 94 9020 331SG 6311232110 9599999999999999 045 731359 2099999999999999
 86 83 85 90 99108116118115104 89 71 53 39 28 24 27 35 47 61 74 84 90 9320 4 1SG 659118999999999999999999999 111 8315 7 2499999999999999
 94 93 93 94 98103108111112108 99 87 73 59 45 34 27 26 30 40 53 67 79 9020 4 2SG 7391129999999999999999999991644 26999999999999999999999
 97101102101 99 99 99101104105104100 93 82 68 53 38 27 22 23 32 46 63 8020 4 3SG 148102 9 710599999999999999 5 2 991817 2199999999999999
 95105110109104 97 92 90 91 95100105107103 94 79 60 40 24 16 17 27 45 6620 4 4SG 216110115510799999999999999 710 901924 1599999999999999
 88105115116110100 88 79 75 78 87 99110117116106 87 64 40 21 12 15 29 5120 4 5SG 241117132511899999999999999 8 2 752016 1199999999999999
 77100116123118105 88 71 60 58 66 82101118128128115 93 65 38 19 12 19 3820 4 6SG 3 4123142713099999999999999 842 5821 0 1299999999999999
 65 92115127126113 93 70 50 40 42 56 79105126137135119 94 64 38 22 19 3120 4 7SG 327128152113899999999999999 921 392140 1899999999999999
 55 84110128133123102 75 48 29 22 29 50 79109131141137119 92 64 41 29 3320 4 8SG 349133161114199999999999999 959 222216 2999999999999999
 51 77105127138133115 86 55 27 10  8 22 49 81111132139133114 89 64 47 4220 4 9SG 41213817 1139999999999999991037  72249 4299999999999999
 52 74100124139141127101 68 36 10 -2  2 21 50 82110128133124107 85 66 5620 410SG 4351421750133999999999999991116 -32320 5599999999999999
 58 73 96120138145137116 86 52 22  1 -6  3 24 53 82106120123114 99 83 7120 411SG 5 01451840123999999999999991156 -62350 6899999999999999
 68 75 92113132143142128103 71 40 15  0 -2  9 31 56 81100111111105 94 8420 412SG 5261451934112999999999999991238 -3999999999999999999999
 78 80 90106123136141134116 90 62 36 16  6  7 19 37 58 78 93101102 98 9220 413SG 555141203910299999999999999 019 781323  599999999999999
 87 85 89 99113125133132122104 81 58 38 23 16 18 28 42 58 74 86 93 96 9620 414SG 6271332224 9799999999999999 050 851416 1699999999999999
 94 92 92 95102111119123120110 95 78 61 45 34 28 28 34 44 57 70 82 90 9620 415SG 7 7123999999999999999999999 134 911528 2799999999999999
 99 98 96 95 96 99103108110108102 92 81 68 55 44 37 34 37 44 56 69 81 9220 416SG 023 99 8 411099999999999999 315 9517 1 3499999999999999
100104103 99 94 90 89 91 95 98100 99 95 87 77 64 52 42 37 37 44 56 71 8620 417SG 11610410 710099999999999999 550 891823 3699999999999999
100108110106 98 88 80 76 78 83 90 97101101 96 84 70 55 43 36 37 46 60 7820 418SG 149110122910299999999999999 713 761923 3699999999999999
 96109116114105 91 77 66 62 66 75 88100108109102 89 72 54 41 35 39 51 6920 419SG 216116133911099999999999999 8 1 6220 7 3599999999999999
 90108119121113 98 79 62 51 49 57 73 91107116116106 89 70 51 39 37 45 6220 420SG 241121142911799999999999999 839 492044 3799999999999999
 83104120126121106 85 62 45 36 40 55 76 98116123120106 86 66 49 40 43 5620 421SG 3 3126151112499999999999999 912 362116 4099999999999999
 77 99118128127114 92 67 44 29 26 37 58 84108123128120103 81 61 48 45 5320 422SG 324129155012899999999999999 942 252146 4599999999999999
 71 94115128131121101 74 47 26 16 21 39 65 93116128128116 97 76 59 51 5420 423SG 3431321628130999999999999991012 162213 5199999999999999
 68 89111127133128110 83 54 28 12  9 22 45 75102122129124110 90 72 60 5820 424SG 4 213317 6129999999999999991041  92240 5799999999999999
 67 85106124134132118 93 64 35 14  4  9 28 55 84109124126118102 85 70 6420 425SG 4221351744127999999999999991110  423 7 6499999999999999
 68 82101119132134124104 76 46 21  5  3 14 36 64 91111121120110 96 82 7320 426SG 4421351824122999999999999991141  22334 7199999999999999
 72 81 96114128134129113 88 59 33 13  3  7 22 45 71 94110116113104 92 8220 427SG 5 513419 9116999999999999991214  3999999999999999999999
 79 82 93108121130130119100 74 48 26 11  7 14 30 51 74 93105109107 99 9220 428SG 53013120 210999999999999999 0 2 791253  799999999999999
 87 86 92102114123127122109 89 66 44 26 15 14 21 36 54 73 89100104103 9920 429SG 558127211610499999999999999 034 861340 1399999999999999
 95 92 93 98106114119120113100 83 64 46 31 22 21 26 38 53 70 85 9510110320 430SG 63312023 710399999999999999 116 921444 2099999999999999
102100 97 97100104108111111106 96 84 69 54 40 31 27 29 38 51 67 82 9510320 5 1SG 725112999999999999999999999 235 9716 7 2699999999999999
107107104 99 95 94 95 97101103102 98 91 79 65 50 38 31 30 37 51 67 84 9920 5 2SG 027108 91910399999999999999 510 941733 2999999999999999
109113111104 95 87 81 80 83 90 97103105101 92 76 59 44 34 32 39 54 73 9220 5 3SG 1 8114115510599999999999999 645 801843 3199999999999999
108118119112 99 84 71 63 62 68 81 95108115114103 86 66 48 37 36 45 62 8420 5 4SG 137120132311599999999999999 737 611938 3599999999999999
105120126122108 88 67 50 41 43 56 75 96115125124113 94 72 53 42 43 56 7720 5 5SG 2 4126142612699999999999999 819 412025 4199999999999999
100120132132119 98 71 46 28 21 28 47 73100122133131118 98 76 58 51 56 7220 5 6SG 229133152313499999999999999 9 0 2121 6 5099999999999999
 95118135140132112 83 52 25  8  5 18 43 74104127137134120 99 79 64 61 7120 5 7SG 255140161513799999999999999 939  42145 6199999999999999
 90114134145143127100 66 33  7 -6 -3 15 45 78108129137132117 99 81 72 7420 5 8SG 32214617 6137999999999999991019 -72220 7199999999999999
 87108130146150141118 86 50 18 -5-13 -4 19 50 82110127133126113 97 84 8020 5 9SG 3501511756133999999999999991059-132255 8099999999999999
 86102123141151149133106 72 37  9 -8-11  2 26 56 86109123126119107 95 8720 510SG 4201521845126999999999999991139-122329 8699999999999999
 87 97114132145150142122 93 60 30  7 -4 -2 13 36 63 88107117118112103 9420 511SG 4531501936119999999999999991220 -5999999999999999999999
 90 93104119134143142131109 82 54 29 12  6 11 25 46 69 8910411111210710020 512SG 528144203211299999999999999 0 6 9013 3  699999999999999
 94 92 97107119129134131118 98 75 53 34 21 18 24 37 54 73 8910110710810520 513SG 6 7134213910899999999999999 050 921351 1899999999999999
100 95 93 97104113120122118107 91 73 56 42 33 31 35 46 60 76 9010010610820 514SG 653122225210899999999999999 150 931448 3099999999999999
105101 95 92 93 97102107109107 99 89 76 63 51 44 41 44 52 65 79 9210210920 515SG 757109235111199999999999999 322 921558 4199999999999999
111108101 94 87 84 85 89 94 98 99 97 91 82 71 60 52 48 50 57 69 83 9710820 516SG 948 99999999999999999999999 516 841713 4899999999999999
114115109100 88 78 72 72 76 83 91 97 99 96 89 79 67 58 53 54 62 75 9010520 517SG 0351151158 9999999999999999 637 711819 5399999999999999
116121118108 94 78 65 58 58 65 77 89100105104 96 85 72 62 57 59 69 8310020 518SG 1 9121131810699999999999999 728 571912 5799999999999999
115124125117102 83 64 49 43 47 59 76 93107113111102 88 74 64 60 65 78 9420 519SG 138126141411399999999999999 8 8 431956 6099999999999999
112125130126112 91 68 47 33 31 40 58 80101116121116105 89 75 66 66 74 9020 520SG 2 313015 112199999999999999 842 302034 6599999999999999
108124133132121101 75 49 29 19 23 38 62 88111124126119105 89 76 70 73 8620 521SG 227134154312799999999999999 915 1921 9 7099999999999999
103121134137130111 85 56 31 14 10 20 42 71 98119130129119103 88 77 75 8320 522SG 250138162413199999999999999 946 102142 7599999999999999
 98117132140137122 98 68 38 15  3  6 24 50 81108126132128116100 87 80 8320 523SG 31414017 4132999999999999991017  32214 8099999999999999
 94111128140142132111 82 50 22  4 -1  9 31 60 90114128131124111 97 87 8520 524SG 3401421745132999999999999991050 -12246 8499999999999999
 91105122137143139123 97 66 36 12 -1  0 15 40 70 97117128127119107 95 8920 525SG 4 81431828129999999999999991125 -22319 8899999999999999
 90100115130140142132111 84 54 26  7  0  6 24 49 77101117124122114103 9520 526SG 43814219141249999999999999912 2  02354 9299999999999999
 92 97107121133139136122100 73 46 23  8  6 15 33 57 8210211512011711010220 527SG 51113920 5120999999999999991244  5999999999999999999999
 96 95101111123131134128113 92 67 44 25 14 14 24 42 63 8410211311611410820 528SG 54913421 411699999999999999 036 951331 1399999999999999
101 97 97102110118124125118105 87 67 47 32 24 24 33 49 68 8710211211511420 529SG 63612522 611699999999999999 131 961427 2399999999999999
108101 96 95 97102109114115111101 88 72 56 42 35 34 42 56 73 9110511411720 530SG 74511523 311799999999999999 253 941532 3499999999999999
115108 99 92 87 86 89 95101105106102 94 81 67 54 46 45 50 63 80 9711112020 531SG 939106234712299999999999999 440 861643 4499999999999999
122117107 94 82 73 70 72 79 89 99105107103 93 80 67 57 54 60 72 8910612020 6 1SG1150107999999999999999999999 6 7 701752 5499999999999999
127126117102 85 68 56 50 54 64 80 96108115114105 92 78 67 64 70 8310111820 6 2SG 025128132011699999999999999 7 6 501852 6499999999999999
130135130115 94 71 50 35 31 37 53 74 96114124124115101 87 76 74 81 9611420 6 3SG 058135142912599999999999999 755 311945 7399999999999999
131141141130110 83 55 31 16 14 25 47 74100121131131122108 93 84 83 9310920 6 4SG 132143152913399999999999999 839 142032 8299999999999999
128143150145128101 70 39 14  2  4 20 46 77105126136135125110 97 89 9210420 6 5SG 2 5150162213799999999999999 922  12116 8999999999999999
122140152155144121 90 56 25  2 -7  0 21 50 83111130138135124110 98 94 9920 6 6SG 24015517121389999999999999910 3 -72157 9499999999999999
114132149158155139112 79 44 15 -4 -8  4 28 58 89115131136132120107 98 9720 6 7SG 3171581758136999999999999991044 -82236 9699999999999999
105121140154158151131102 68 35 10 -4 -2 13 38 68 96118130132126114103 9720 6 8SG 3551591841133999999999999991125 -52317 9699999999999999
 99110126143153154143121 91 59 31 11  3  8 26 51 78102120128127119108 9920 6 9SG 43515519221289999999999999912 5  32359 9599999999999999
 95100111127141148146132109 82 54 31 16 13 22 40 63 8710712012512111310320 610SG 51614920 4125999999999999991245 13999999999999999999999
 96 94 99110124135139134120 99 75 52 35 25 26 36 54 74 9511112012211710920 611SG 6 0139204612299999999999999 047 941326 2499999999999999
100 93 92 97106117125127122109 91 72 55 42 37 40 50 66 8410111412012011520 612SG 649127213112199999999999999 144 9114 8 3699999999999999
107 97 90 88 91 98107113115111101 88 73 60 51 49 52 62 76 9210611712112020 613SG 750115221812299999999999999 254 881455 4999999999999999
114105 94 86 82 83 88 95101104103 98 89 78 68 62 60 64 73 85 9911212112420 614SG 91510523 312499999999999999 420 821551 6099999999999999
121113102 90 79 72 71 75 83 91 98101 99 94 86 78 72 70 73 81 9310611812520 615SG1110101234512799999999999999 543 711655 7099999999999999
127122111 97 82 68 60 58 63 74 86 96103105102 95 87 81 78 81 8910111412520 616SG1249105999999999999999999999 644 5818 1 7899999999999999
130130121107 89 70 54 46 46 54 69 85100110113110103 94 87 84 87 9710912220 617SG 023131135911399999999999999 730 441859 8499999999999999
132135131118 99 77 55 39 32 36 49 69 90108119122118109 99 91 89 9410511820 618SG 057135145312299999999999999 8 9 321950 8999999999999999
131139139129111 87 62 39 24 21 30 49 73 98117128129123113101 94 9410111320 619SG 130140154013099999999999999 846 202034 9399999999999999
128139144140125102 74 46 24 12 14 29 53 81107126135134125113102 96 9810820 620SG 2 3144162313599999999999999 922 112115 9699999999999999
122137147148138118 90 59 31 11  4 12 32 60 90116133138135124111101 9810320 621SG 23714917 413899999999999999 958  42153 9899999999999999
115131145152148133108 77 45 18  3  1 14 39 69 9912313613913212010810010020 622SG 3121521745139999999999999991035  02231 9999999999999999
108123138150154146126 98 65 34 11  0  4 21 48 79107127137136127115104 9920 623SG 3491541826138999999999999991114 -12310 9999999999999999
102113128143152152140117 87 55 27  8  2 11 31 59 8811312913513212211010020 624SG 42715319 6135999999999999991154  22351 9899999999999999
 98103115131144150146132108 79 49 25 11 10 22 43 70 9711713013212611610420 625SG 5 91501946132999999999999991235  9999999999999999999999
 97 96102115129139143137122100 74 48 29 19 22 35 57 8210412113012912111020 626SG 556143202513099999999999999 037 951318 1999999999999999
 99 92 92 99110121130133127114 95 73 53 38 32 37 51 71 9311212513012711720 627SG 65113321 413099999999999999 132 9114 3 3299999999999999
105 94 87 86 91 99110118121118109 94 78 62 51 48 53 66 8410311912913112520 628SG 8 3121214313199999999999999 240 851453 4899999999999999
114101 88 79 76 78 85 95104110111107 98 87 75 67 65 70 81 9711412713413320 629SG 943112222413499999999999999 4 3 761548 6499999999999999
125112 96 80 68 62 62 69 80 92102109110106 98 89 82 80 84 9410812313413920 630SG114611023 813999999999999999 527 611653 8099999999999999
136126109 90 71 56 47 46 53 66 82 98110116116111103 96 92 9510511813214120 7 1SG1328117235414499999999999999 637 4518 3 9299999999999999
144139126106 83 60 42 31 30 40 57 78 9911512512612211310510110411312613920 7 2SG1443127999999999999999999999 733 2919 810199999999999999
148150142126102 75 49 28 18 19 32 53 7910312213313412911911010510911913320 7 3SG 041150154113599999999999999 823 1720 610599999999999999
146155155144124 96 66 38 17  8 13 30 55 8411013013913913112011010611112320 7 4SG 129156162814099999999999999 9 9  8205710699999999999999
139153160158144120 89 57 28  9  4 13 34 62 9211813614213912911710710511220 7 5SG 21616117 914399999999999999 952  4214310599999999999999
127144157163158140113 80 48 21  6  5 19 43 7310212613914213612311010310320 7 6SG 3 21631746142999999999999991033  4222610299999999999999
113130147160163154133104 71 40 18  8 12 30 56 85112131140139129115103 9720 7 7SG 3461631820141999999999999991112  723 8 9799999999999999
101114132149159159147123 94 62 36 19 14 24 44 71 98121135139133121107 9620 7 8SG 4291611851139999999999999991148 142350 9399999999999999
 93100114132147154151136112 83 56 35 24 25 39 61 86110128136135126112 9920 7 9SG 5121551921137999999999999991223 23999999999999999999999
 90 90 98113130142146140123100 75 53 38 33 40 56 7810112013213513011810520 710SG 555146195113599999999999999 033 891255 3399999999999999
 92 86 87 96110124133135127111 91 71 55 46 47 56 73 9311212713413312511220 711SG 641135202113599999999999999 120 851327 4599999999999999
 98 87 82 84 92104115122122115102 87 72 61 58 62 73 8910612113113413012020 712SG 734123205313499999999999999 214 8214 0 5899999999999999
106 93 83 78 79 86 95105111112107 98 88 78 72 71 77 8710111512713313312720 713SG 841112212813499999999999999 318 781436 7199999999999999
115102 88 78 72 71 76 85 94102105104100 94 88 84 85 90 9911012213113413220 714SG101610622 813499999999999999 434 711523 8499999999999999
124112 98 83 71 63 61 66 75 86 97104107106103 99 96 9610010711712713413620 715SG1218107225413699999999999999 547 611633 9699999999999999
132123109 93 76 61 52 50 55 67 82 9610811411611411010610410611212113013720 716SG1353116234513899999999999999 646 50175910499999999999999
138133122106 86 66 49 39 38 47 62 8210011512412612311711110811011612613520 717SG1453126999999999999999999999 735 38191210899999999999999
141142136121101 77 54 36 27 29 42 62 8510812413313513012111311011211913020 718SG 038143153913599999999999999 819 26201011099999999999999
141148147138119 95 67 41 23 16 23 40 65 9311713414114013212111210911312320 719SG 127148161914299999999999999 9 1 16205710999999999999999
136148155152138115 86 55 29 12  9 20 43 7210212614114514012911710910711420 720SG 214155165614599999999999999 942  9214010799999999999999
127143155160154137109 76 44 18  5  7 24 51 8211213414514613712311110310520 721SG 2591601731147999999999999991023  4222110399999999999999
115131148161163154132101 67 35 12  4 11 32 62 94122140147142130115102 9720 722SG 34316418 51479999999999999911 2  423 2 9799999999999999
102116134152162162149124 92 59 30 12  9 22 46 77107130143145136120105 9420 723SG 4281641836146999999999999991141  92344 9199999999999999
 91 99115134151159156141116 85 54 31 19 22 38 64 93119137144140127110 9420 724SG 51515919 6144999999999999991219 18999999999999999999999
 85 85 95112130145151146131107 80 55 38 32 39 58 8410913014214313411810020 725SG 6 5151193414499999999999999 029 841256 3299999999999999
 85 77 79 90106122134139134121101 80 61 50 50 61 8010212413914414012710920 726SG 7 213920 214499999999999999 118 771332 4999999999999999
 91 77 70 72 82 96110121126123113100 85 73 67 71 82 9911813414414413612120 727SG 8 9126203314599999999999999 216 701410 6799999999999999
103 85 71 64 65 71 83 96107113114110103 95 88 86 9010011412914114714413320 728SG 94111521 914799999999999999 326 631451 8699999999999999
117 99 81 67 58 55 60 69 82 9410411111211110710310210511312413614514814320 729SG12 0112215414899999999999999 450 55154810299999999999999
133117 98 79 62 50 45 47 57 71 8610111211912111911611311412012913914614920 730SG1359121225514999999999999999 611 45171611399999999999999
145135119 99 77 57 42 35 37 47 64 8310211812813112912411911812112913914720 731SG15 3131999999999999999999999 717 35184711799999999999999
151148138121 99 74 51 34 26 29 42 63 8610912713713913412611811511912814020 8 1SG 0 7151154513999999999999999 812 26195711599999999999999
150155153142122 97 69 44 26 20 26 43 67 9411813614414213312211311011512720 8 2SG 115156161914499999999999999 9 0 20205111099999999999999
141154160157144121 92 62 36 21 18 28 50 7810612914314714012811410510411220 8 3SG 212161164914799999999999999 942 17213710399999999999999
127145159164159142115 84 53 30 18 21 37 62 91119138147145134118104 96 9820 8 4SG 3 21641718148999999999999991020 182218 9699999999999999
111129149162165156135106 74 46 27 21 30 50 78107131145148139124107 93 8920 8 5SG 3461661744148999999999999991054 212256 8999999999999999
 95111132151162162148124 94 64 41 28 29 44 68 96122140147143130112 95 8420 8 6SG 42716418 8148999999999999991125 272333 8299999999999999
 84 94113134151158154137111 83 58 40 35 43 62 88113134145146135118100 8520 8 7SG 5 71591832147999999999999991154 35999999999999999999999
 77 81 95115134147150142123 99 75 56 46 48 61 82106128142146140125107 8920 8 8SG 547151185414699999999999999 011 771221 4599999999999999
 77 73 80 96114130140139129111 90 71 59 57 64 81101122137145143131114 9620 8 9SG 629141191614599999999999999 049 731246 5699999999999999
 81 72 72 80 94110123130128117102 86 74 69 72 82 9911713214214313612210520 810SG 716130194014499999999999999 131 701311 6999999999999999
 88 75 69 70 78 91104114119118110 99 89 83 82 88 9911312713814213912911420 811SG 81312020 614299999999999999 219 681337 8299999999999999
 98 83 72 67 68 74 84 96105111111107102 97 95 9610211112213213914013412320 812SG 933112203814099999999999999 320 6614 8 9599999999999999
109 94 80 69 63 62 67 76 87 9810611011111010810710911311912713413813713120 813SG1155111212213899999999999999 438 62145710799999999999999
121108 93 78 66 57 54 58 67 80 9310511411912112011811711812212813313713720 814SG14 6121222913799999999999999 557 5417 211799999999999999
132123110 93 75 59 48 44 48 59 75 9310912212913112912512111912212713313920 815SG1455131235514199999999999999 7 1 44185411999999999999999
141137128112 92 70 50 37 32 38 53 74 9711713213913913412611911611912613520 816SG1530140999999999999999999999 755 3220 111699999999999999
144148145133114 89 62 39 25 23 32 52 7810512714114614213312111311111512620 817SG 1 814816 114699999999999999 842 22204911099999999999999
140151157152138113 83 53 29 16 17 32 57 8711613814914914012611210410411320 818SG 2 6157163115099999999999999 925 15213110399999999999999
128146160165158138109 75 44 21 11 18 38 68100128146152147132115100 93 9720 819SG 25716516591529999999999999910 5 112210 9399999999999999
110131151166169158135103 68 37 18 14 27 52 85116140152151139120100 86 8220 820SG 3451691725153999999999999991044 142249 8299999999999999
 90109133154167168154128 95 62 36 23 26 44 72104131149154145127105 84 7320 821SG 4321691750154999999999999991120 222329 7199999999999999
 73 85107132152163161145120 89 61 41 35 44 66 95123144154151135113 89 7120 822SG 5211641814155999999999999991154 35999999999999999999999
 62 66 82104127145154150134111 86 65 53 54 68 91117139153155144124 99 7620 823SG 611154183815699999999999999 012 621226 5199999999999999
 60 55 61 78 99119135141137124106 88 74 70 76 92113134150156151135113 8920 824SG 7 714119 315699999999999999 057 551257 7099999999999999
 68 55 52 59 73 91108121127125116105 94 88 88 9711213014515415414412710520 825SG 812127193115699999999999999 148 511327 8799999999999999
 83 65 54 51 56 67 82 9610811411611310910510310611412613814915315013812220 826SG 94811620 515399999999999999 251 51135710399999999999999
102 84 67 56 51 53 60 72 85 9710611311611711611611812313114014714914513520 827SG1254117205214999999999999999 414 51144211699999999999999
121105 88 71 58 50 48 53 63 76 9110411512312612612412312512913514114414220 828SG142412722 914499999999999999 548 48165912399999999999999
136125111 93 75 58 47 42 46 57 72 9110812313213513212712212012212913614220 829SG1457135999999999999999999999 7 4 42185512099999999999999
144141132117 97 75 56 42 37 41 55 74 9711713314114013312311411111412213320 830SG 0 0144152414199999999999999 8 1 3720 211199999999999999
143149148138121 97 72 50 36 33 41 59 8310812914314614012711310310010611920 831SG 122150154914699999999999999 846 33204910099999999999999
134148156154141120 93 65 44 32 33 47 69 96122141149146134117100 91 9110120 9 1SG 219156161314999999999999999 925 312129 9099999999999999
119139155161156139114 84 57 39 32 39 58 85113136149151141123103 87 80 8520 9 2SG 3 5161163715299999999999999 959 3222 5 8099999999999999
101123145160163153132104 75 51 37 38 51 75103129147153146130108 88 74 7220 9 3SG 3461631659153999999999999991029 362239 7199999999999999
 83104129150161160145121 92 66 48 42 50 69 95122142152150136115 92 73 6520 9 4SG 4241621719153999999999999991057 422312 6499999999999999
 69 85109133151158152134108 82 62 51 53 67 90115137150152142122 98 77 6220 9 5SG 5 21581738153999999999999991122 502344 5999999999999999
 59 69 89114135149151140121 97 76 63 60 69 87110132147152146129106 83 6520 9 6SG 5401511757152999999999999991146 59999999999999999999999
 56 59 73 94116134143141128110 91 76 70 74 87107127143151148135114 91 7120 9 7SG 619143181515199999999999999 016 5512 8 7099999999999999
 58 54 61 77 96115129134130118103 90 82 82 90105122138147148139122101 8020 9 8SG 7 2134183514999999999999999 051 541231 8199999999999999
 64 55 55 64 79 96111122125121112102 94 92 96106119132142145141129111 9220 9 9SG 754125185714599999999999999 129 541254 9299999999999999
 75 62 56 58 66 78 9210511311711511110610310410911812713614114013312010420 910SG 9 6117192414199999999999999 218 56131710399999999999999
 88 74 63 58 58 64 73 85 9710611211411511511511611912413013513713412811720 911SG20 2137999999999999999999999 328 57999999999999999999999
104 90 77 66 58 55 57 65 77 9010211211912312512412412312512713013213112720 912SG1410125211513299999999999999 5 3 55164012399999999999999
120109 96 81 66 54 48 48 56 69 8510211712813313413012612112012112512913320 913SG1435134233313399999999999999 627 4719 212099999999999999
133128118102 83 64 47 38 39 48 65 8610812613814213813012111311111412113020 914SG15 0142999999999999999999999 729 37195911199999999999999
139143139127107 83 58 39 29 32 45 68 94119137147146137123110101 9910611920 915SG 1 5143152514799999999999999 819 292040 9999999999999999
135148154149134109 79 51 32 24 31 50 77107132148152144128109 93 85 8810020 916SG 2 6154154915299999999999999 9 2 242117 8599999999999999
120141157163156136107 74 46 28 25 38 62 93123145155151135113 91 75 70 7820 917SG 258163161215599999999999999 942 252154 7099999999999999
 97122147164168157134102 70 45 32 35 53 82113140155156144121 95 71 57 5620 918SG 3471681635158999999999999991018 312232 5599999999999999
 70 95124150165167153128 98 69 49 43 53 76105133153160152132104 75 53 4320 919SG 4361681658160999999999999991053 432311 4299999999999999
 48 67 95124148161160145121 94 72 59 60 75100128150162159143116 86 58 3920 920SG 5251621720163999999999999991125 582351 3499999999999999
 34 44 66 94121142152149135115 94 79 74 81 99123145160163153130101 72 4720 921SG 6161521744164999999999999991155 74999999999999999999999
 33 32 45 66 92115132139136125111 98 90 91102120140155163158142118 90 6420 922SG 71113918 916399999999999999 034 311224 8999999999999999
 44 34 36 48 67 88107120126125119111104102107118133147157158149132109 8520 923SG 817127183815999999999999999 121 34125110299999999999999
 63 48 41 42 52 66 82 9710911611811711511311411912713814715114913912410520 924SG10 9118191315299999999999999 218 40132011399999999999999
 86 69 56 49 48 54 63 76 8910111011612012112112112412813413914113913212120 925SG20 3141999999999999999999999 337 48999999999999999999999
108 93 78 66 56 52 53 60 71 84 9811112112712812612312112112412813113212920 926SG1352128214613299999999999999 518 52172812199999999999999
124115102 87 72 60 52 51 57 68 8410111712913413312711911210911111612312920 927SG1418135999999999999999999999 640 5019 710999999999999999
132131124110 93 75 59 49 48 56 71 90110128138140134122109 99 95 9910812020 928SG 015132144214099999999999999 738 4720 0 9599999999999999
132139139131115 94 72 55 46 48 59 78101123139145141128111 95 84 82 9010520 929SG 13114015 514599999999999999 822 452040 8299999999999999
123139147146134114 90 67 51 45 52 68 92117137148148136117 96 78 70 73 8720 930SG 222148152814999999999999999 858 452115 6999999999999999
108130146153148132108 83 62 49 49 62 83109132148152144125101 78 63 59 682010 1SG 3 5153154915299999999999999 930 482147 5899999999999999
 89114138153156146125100 76 58 52 59 77102127146154149133108 82 61 50 532010 2SG 34315616 915499999999999999 959 522218 4999999999999999
 70 95122144155153139116 91 71 60 61 74 96121142154153140116 89 64 47 432010 3SG 4201561627155999999999999991025 592247 4299999999999999
 53 75103130148154147129106 85 70 66 74 93116137151155145124 97 70 49 382010 4SG 4571541645155999999999999991050 662317 3799999999999999
 41 58 83111134147148137119 99 83 75 78 91111132148154149131106 79 54 392010 5SG 53414917 3154999999999999991114 742346 3599999999999999
 35 45 66 92116135143140127110 95 85 84 92108127143152150137115 89 64 452010 6SG 6121431721152999999999999991138 83999999999999999999999
 35 38 52 74 97118131136130119106 96 92 95107122137147149141123100 76 552010 7SG 654136174114999999999999999 017 3512 2 9299999999999999
 42 38 44 59 79 99115125127122114106101101108119131141145141129111 89 692010 8SG 74412718 414599999999999999 052 38122610099999999999999
 53 44 43 50 64 80 96110118120118114110109111117126134139138132119102 852010 9SG 855120182913999999999999999 136 42125410999999999999999
 69 56 49 48 54 64 77 91103112116118118118118119122127130132130124114101201010SG113111919 413299999999999999 238 48134011799999999999999
 88 74 63 55 51 53 60 71 84 98109118123126125123121121121122124123121115201011SG1316126202412499999999999999 410 5117 912199999999999999
107 96 83 69 58 50 48 54 65 80 97112124131133130123117112110112116120123201012SG1346133232912399999999999999 545 4819 211099999999999999
123118107 92 74 58 47 43 48 62 81101120134139137128116105 97 96100110121201013SG1411139999999999999999999999 655 431945 9699999999999999
130134131118 99 77 56 43 39 47 65 88112132143144135120102 87 79 80 90107201014SG 1 4134143414599999999999999 748 392022 7899999999999999
125140147142126103 77 55 41 41 53 76102127145150144127104 81 65 59 66 84201015SG 2 6147145715099999999999999 832 392058 5999999999999999
108132150156150131104 77 55 45 49 67 93121143155152137112 83 58 43 42 55201016SG 259156152015699999999999999 912 452135 4199999999999999
 80110138156161152131104 77 59 55 65 87114140157160148124 93 61 37 25 30201017SG 350162154316199999999999999 949 542213 2599999999999999
 50 80113141158161149128102 80 68 70 85109135156165159138107 73 42 20 14201018SG 44016116 6165999999999999991024 672252 1499999999999999
 25 50 82115141155155143123102 86 80 88106130152165166151124 90 56 28 12201019SG 5301561631167999999999999991057 802331 1099999999999999
 12 27 53 85114136147145134118103 93 94105124145161167160140110 76 46 23201020SG 6221481658167999999999999991128 92999999999999999999999
 12 16 33 59 86111129137135126115106102107119137153162162149126 98 68 43201021SG 717137172816399999999999999 013 12115910299999999999999
 26 20 26 42 64 87107120127126121115110110116127141151156151137115 90 67201022SG 82312718 115699999999999999 058 20123310999999999999999
 47 35 32 38 50 67 85101113119121120117114115120128137143144138125108 89201023SG10 1121184114499999999999999 151 32132111499999999999999
 72 57 47 44 48 56 69 83 97108116121122120118116118121126130130126118107201024SG1151122193813099999999999999 258 4415 211699999999999999
 94 81 69 59 54 54 60 70 83 96109119125126123118112109109111115118118116201025SG1246126214111899999999999999 429 53173410999999999999999
111102 91 79 67 60 57 61 71 84100114125131130123113103 96 94 96103110116201026SG1320132999999999999999999999 554 571856 9399999999999999
119118111 99 85 71 62 58 63 74 90108124134137131119103 89 80 78 84 95108201027SG 013120134813799999999999999 657 581943 7899999999999999
120127126118104 87 72 61 59 66 81100120135142139127109 89 72 63 65 76 93201028SG 127127141314399999999999999 743 592021 6399999999999999
112127135133122105 86 70 62 63 74 93114133145146136117 93 70 54 49 57 74201029SG 218135143614799999999999999 822 612054 4999999999999999
 97120136142136122102 83 69 64 71 87108129145150144126101 74 52 39 40 55201030SG 3 0142145815099999999999999 855 642125 3899999999999999
 79106129143145136118 98 80 70 71 83102124142152149134110 81 54 35 29 37201031SG 340146151815299999999999999 926 692155 2999999999999999
 59 87116137147145132113 94 80 75 82 98119139151153142119 90 61 36 23 252011 1SG 417148153815499999999999999 955 752224 2299999999999999
 41 68 98125142148141125107 91 82 83 95114134149154147128101 70 42 24 182011 2SG 4541481557154999999999999991022 812253 1899999999999999
 27 49 78108131144144134118102 90 87 94109128144153151136112 82 53 30 182011 3SG 5321451618153999999999999991049 872322 1799999999999999
 19 35 60 89115133141137126112100 93 95106122138149151142122 95 66 40 232011 4SG 6111411641151999999999999991116 932354 1899999999999999
 18 26 45 70 96117131135130120109101 99105117131143148144129107 81 55 352011 5SG 65313517 5148999999999999991144 99999999999999999999999
 24 24 35 54 77 99116126128123116108104106113124135142142133117 95 72 512011 6SG 743128173214399999999999999 030 22121510499999999999999
 36 29 32 43 60 80 98113121123120115111110112118126132135133123108 89 702011 7SG 85012318 313599999999999999 113 29125711099999999999999
 53 41 36 39 48 63 80 96109117121120118115113114117121125126123115103 892011 8SG1027121184712699999999999999 210 36141311399999999999999
 74 61 50 44 45 51 63 78 941071171231241221181131111101111131151151121052011 9SG1151124202611599999999999999 325 44165111099999999999999
 96 84 71 59 51 48 52 63 78 95110122128129124116107100 96 96 99105110114201110SG1236129232311499999999999999 453 481830 9599999999999999
113107 96 82 67 56 51 54 65 82100118130135132122108 94 82 76 78 86 98110201111SG13 7135999999999999999999999 6 8 511918 7699999999999999
120124120108 91 74 60 54 58 71 90111129140140131114 94 74 60 55 60 75 94201112SG 1 0124133414199999999999999 7 7 541959 5599999999999999
114129136132118 99 79 65 60 66 83105126142148142125101 74 51 37 35 46 68201113SG 2 613614 014899999999999999 756 602037 3499999999999999
 95120139145140125104 84 71 69 79 99122142154153139114 83 52 28 16 20 38201114SG 3 3145142715599999999999999 840 682116 1599999999999999
 66 98126145151144127107 89 79 81 95117139156162153131 99 64 32  9  2 12201115SG 356151145416299999999999999 920 782156  299999999999999
 36 68102131148152143127108 93 88 94112134154165163147119 83 47 16 -2 -4201116SG 447152152416699999999999999 957 882236 -599999999999999
 11 39 73106132146148139124108 97 97107126147162168159137105 69 34  8 -5201117SG 5371491555168999999999999991033 962316 -599999999999999
 -1 18 46 79109131142141132119107101105118136154165164150125 92 58 28  8201118SG 62714316281669999999999999911 91012358  199999999999999
  1  8 28 55 84110127135133125115107105111124140154160155138113 82 53 29201119SG 71813517 5160999999999999991147105999999999999999999999
 14 12 22 41 65 89109123128126120112107107113125138147149142125102 77 53201120SG 812128174415099999999999999 041 11123110699999999999999
 35 26 26 36 52 72 92109119123122117111106106112120129135135128114 95 76201121SG 913123183013699999999999999 128 25133010699999999999999
 59 45 39 40 49 62 79 95109117121121116110105103105110116121121116106 93201122SG1020122193212199999999999999 220 38145810399999999999999
 80 67 57 51 52 59 70 84 98110119123122117109101 96 94 97101106108107103201123SG1119123211810899999999999999 324 511653 9499999999999999
 96 87 76 67 62 61 66 76 89103115124127125117105 94 84 80 81 86 93100105201124SG12 4127234210699999999999999 438 611820 8099999999999999
106102 95 85 76 69 67 72 81 95110122130132126113 97 82 69 64 66 74 86 99201125SG1241132999999999999999999999 549 671914 6499999999999999
108112110103 92 82 74 72 77 88103119131137134123105 85 66 53 48 54 68 85201126SG 110112131213799999999999999 647 721954 4899999999999999
102115120118109 97 85 77 77 84 97114129139141132115 92 68 48 36 36 48 67201127SG 2 9120134014199999999999999 735 762029 3599999999999999
 90111124128123112 99 87 80 82 93108125139145140125102 75 49 30 23 30 48201128SG 25612814 514599999999999999 816 8021 2 2399999999999999
 73 99120133134126113 98 87 84 90103121137146146135113 85 56 31 16 16 29201129SG 338135143014899999999999999 853 842133 1499999999999999
 53 82110130138136126111 97 89 89 99115132146150143125 98 67 37 16  8 14201130SG 417139145515099999999999999 927 8822 4  899999999999999
 34 63 94119136141135122107 96 91 96109126142151149135111 80 49 22  6  52012 1SG 455141152115299999999999999 959 912235  499999999999999
 19 44 74104126138139131117104 96 96104119136148151143124 96 64 34 12  32012 2SG 5331401549152999999999999991030 9423 8  399999999999999
  8 27 54 85111130137135125112101 97101112128142150147134110 81 50 24  82012 3SG 61313716181509999999999999911 2 972343  599999999999999
  5 16 37 65 93116129133129119108100100106119133143147139122 97 68 41 202012 4SG 6541331650147999999999999991137 99999999999999999999999
 10 12 26 48 74 98117127128123114106101103110122133140139129111 87 61 382012 5SG 740129172514199999999999999 021  9121610199999999999999
 22 16 21 36 57 81102117124124119111105101104111120128132129119102 81 592012 6SG 83012518 613299999999999999 1 3 1613 610199999999999999
 41 29 26 32 46 65 86104116122122117110103100101106112118121118110 97 812012 7SG 92512319 312199999999999999 151 26141710099999999999999
 64 49 39 37 43 55 72 91107118123122117108100 95 93 94 99104108109105 972012 8SG1020123204110999999999999999 247 3716 0 9399999999999999
 86 73 61 52 49 53 64 79 96112122126124116105 93 84 78 78 81 88 961021052012 9SG11 912623 610599999999999999 355 491739 7799999999999999
103 96 86 74 65 61 63 73 88104119129131126114 99 82 68 59 57 63 74 88100201210SG1150131999999999999999999999 5 8 611844 5799999999999999
109112108 99 87 77 71 73 83 98115129137136127110 88 66 48 38 37 46 63 83201211SG 055112122713899999999999999 616 711934 3699999999999999
103117123120111 98 87 81 83 93109126140145140125102 75 48 27 17 20 34 57201212SG 21112313 314599999999999999 716 802019 1699999999999999
 83108125133130120106 94 88 92104122139150152142121 92 59 30  9  1  8 28201213SG 313133134015399999999999999 8 7 8821 2  199999999999999
 56 87114132139136124110 99 95101115133150158156140113 80 44 14 -5 -8  4201214SG 4 7139141715999999999999999 854 952144 -999999999999999
 28 60 93120137142137124110100 99108124143158163155135104 67 32  4-11-10201215SG 457142145616399999999999999 937 982226-1399999999999999
  6 34 68100125138141133120107100102114132150162163151126 93 56 23 -1-11201216SG 542141153616499999999999999101810023 7-1199999999999999
 -5 15 45 77106127137136127114103 99104118136152161158142115 82 48 19  0201217SG 6241381616161999999999999991059 992347 -499999999999999
 -4  7 29 57 87111127133129119107 98 97104119136149155148130103 72 43 20201218SG 7 41331658155999999999999991141 96999999999999999999999
  7  8 22 44 70 96115126128122112101 94 94103117132142144135117 92 66 42201219SG 741129174214499999999999999 026  61227 9399999999999999
 25 19 23 38 59 83103118125124116106 96 90 91 99111123130130121104 84 63201220SG 819125182913199999999999999 1 4 191321 9099999999999999
 45 34 32 40 54 73 93109120124120112101 92 86 87 93102111116115108 95 80201221SG 858124192511699999999999999 143 321426 8699999999999999
 64 52 46 47 55 69 85101114122123118109 98 88 81 80 83 89 96102102 98 91201222SG 940123204210399999999999999 223 461549 7999999999999999
 80 70 62 59 61 68 80 94108118124123117107 95 83 74 69 70 75 83 90 94 95201223SG10251242239 9599999999999999 3 9 591719 6999999999999999
 92 86 79 74 71 73 79 89102113122126124117104 89 74 63 56 56 62 72 83 91201224SG1111126999999999999999999999 4 9 711829 5599999999999999
 97 98 95 90 84 81 82 87 96108119127129125115 99 81 63 49 42 43 52 66 81201225SG 042 98115412999999999999999 524 811920 4199999999999999
 95104107104 99 93 88 88 93102114124131132125110 91 69 48 33 28 33 47 66201226SG 2 3107123513299999999999999 636 8720 1 2899999999999999
 86103113116113106 98 92 92 98108120131136134122103 79 54 32 19 17 27 47201227SG 257116131313699999999999999 735 912038 1699999999999999
 71 94113123124119109100 94 95102115128137140133117 93 65 38 17  7 11 27201228SG 341125134914099999999999999 823 942113  799999999999999
 52 79105122130129120109 99 95 98108122135143142131109 80 49 22  4  0 10201229SG 419131142414499999999999999 9 5 952148  099999999999999
 32 60 90114130134129118106 97 95102114130142147142125 98 66 34  9 -4 -2201230SG 45613415 014799999999999999 943 952223 -599999999999999
 13 39 71100122133134126113101 95 97107122138148149138116 85 52 21  0 -7201231SG 5331351535150999999999999991018 952259 -799999999999999
