 27 28 37 52 71 90105112112106 97 86 77 74 76 83 92101106104 94 80 65 5120 1 1SH 725113181410699999999999999 025 2613 3 7499999999999999
 40 36 40 50 64 81 96107110107100 91 81 74 72 74 79 86 93 96 94 86 75 6420 1 2SH 8 111019 5 9699999999999999 1 0 3614 2 7299999999999999
 54 48 47 52 62 75 89100107108103 96 86 77 71 67 68 72 78 84 87 86 82 7520 1 3SH 8381082017 8799999999999999 137 471518 6799999999999999
 67 61 58 59 64 72 83 94102106105100 92 82 73 65 60 60 63 69 75 80 83 8220 1 4SH 9181072210 8399999999999999 220 581639 6099999999999999
 79 75 71 69 69 73 80 88 97103106104 98 89 78 67 57 51 49 53 60 69 78 8420 1 5SH10 3106999999999999999999999 324 691747 4999999999999999
 86 86 84 81 78 77 79 85 92 99105106103 96 86 72 58 46 39 38 43 53 66 7920 1 6SH 029 87105310699999999999999 448 771839 3799999999999999
 89 95 96 94 89 84 82 84 88 95102107108104 95 81 64 47 33 26 27 35 50 6820 1 7SH 149 96114510899999999999999 6 8 821924 2599999999999999
 85 97104105101 94 88 85 86 91 98105111111105 93 75 54 34 20 14 18 31 5020 1 8SH 239105123411299999999999999 714 8520 5 1499999999999999
 73 93106113112105 96 89 86 88 93102111116115105 89 66 42 21  7  5 13 3020 1 9SH 320113131911799999999999999 8 7 862045  499999999999999
 55 81102114119115105 95 88 86 89 96107117122117104 83 57 30  9 -2 -1 1120 110SH 35911914 212299999999999999 852 862125 -399999999999999
 34 62 90110120121114103 91 85 85 90100112123125117100 76 47 20  1 -6 -120 111SH 438121144412699999999999999 931 8422 4 -699999999999999
 15 41 72 98115122120110 97 86 81 83 91103117127126114 94 68 39 13 -3 -520 112SH 51512215261289999999999999910 9 812243 -699999999999999
  4 24 52 82105118121116104 89 79 77 81 91105119127123109 87 61 33 11  020 113SH 5501211610127999999999999991047 772321 -199999999999999
  2 14 36 65 92111118117109 95 81 73 73 79 90105118123116101 81 56 31 1420 114SH 6221191655123999999999999991128 722358  899999999999999
  8 14 28 51 78101114116112101 85 72 66 68 75 87101112114107 93 75 54 3420 115SH 6511171744115999999999999991213 66999999999999999999999
 23 22 30 45 67 90107114113105 92 77 65 60 63 70 81 93103104 98 87 73 5620 116SH 718115183910499999999999999 035 2113 5 6099999999999999
 42 36 38 47 62 81 99111114109 99 84 69 58 54 56 62 72 83 91 93 90 83 7320 117SH 7481141949 9399999999999999 113 3614 9 5499999999999999
 63 54 52 55 64 77 92106113112105 93 79 64 53 48 48 53 61 71 80 84 85 8320 118SH 8221132142 8599999999999999 155 521529 4899999999999999
 79 73 68 67 70 77 87 99109113110101 90 75 61 49 42 40 42 50 60 70 78 8420 119SH 9 3113999999999999999999999 245 671656 4099999999999999
 87 87 84 81 79 81 86 94102109112108100 88 74 58 44 34 30 32 39 51 65 7720 120SH 034 87 95411299999999999999 358 791812 3099999999999999
 87 94 97 95 91 88 88 91 96103109112109101 89 73 54 37 25 21 23 31 46 6420 121SH 2 5 97105911299999999999999 531 871913 2099999999999999
 81 94103105103 96 91 89 91 95102109113111103 89 70 49 30 17 12 16 28 4720 122SH 258105121011399999999999999 659 8920 3 1299999999999999
 68 88103111112106 97 90 87 89 94102111117114104 88 66 42 22  9  7 13 2920 123SH 339112131211799999999999999 8 6 872046  699999999999999
 52 77 97110116114105 93 85 83 86 93104115120116103 84 59 34 14  4  5 1620 124SH 41311614 412099999999999999 855 832124  399999999999999
 36 62 88106116117111 99 86 79 78 84 94108120123115 99 77 51 26  8  3  820 125SH 442118144812399999999999999 934 782159  399999999999999
 23 47 75 99113118115105 91 78 73 75 83 97112123123111 92 68 42 19  7  620 126SH 5 71181529124999999999999991010 732231  599999999999999
 17 35 61 88107116116109 96 81 70 68 74 85100115123118103 83 58 34 16 1020 127SH 52811716 8123999999999999991044 6823 1 1099999999999999
 15 29 51 76 99113116111100 85 71 63 65 74 87103116119110 94 73 50 30 1820 128SH 5491161646119999999999999991119 632331 1699999999999999
 18 28 45 67 90107114112103 90 74 63 59 64 75 89103112111100 83 64 45 3020 129SH 6121141725113999999999999991154 592359 2599999999999999
 25 30 43 61 82100111112105 94 79 65 57 57 64 75 89100106102 90 75 58 4420 130SH 63611318 5106999999999999991232 56999999999999999999999
 36 36 45 59 76 94106111107 97 84 70 59 54 56 63 74 86 95 97 93 82 70 5720 131SH 7 11111851 9799999999999999 027 351314 5499999999999999
 49 46 50 60 73 88101108107100 89 76 63 55 52 54 61 70 80 87 89 85 78 6920 2 1SH 7271091947 8999999999999999 053 4614 4 5299999999999999
 62 58 58 64 73 84 95104106102 94 82 70 59 52 49 50 56 64 73 80 82 81 7820 2 2SH 7541062111 8299999999999999 121 5715 9 4999999999999999
 73 70 69 71 75 83 91 99103103 97 88 78 66 56 48 44 44 48 56 65 73 79 8220 2 3SH 8251042351 8399999999999999 155 691630 4499999999999999
 83 82 80 80 81 84 88 94 99101100 94 86 76 64 53 43 37 35 39 48 59 70 8020 2 4SH 9 7101999999999999999999999 257 801746 3599999999999999
 87 91 92 90 88 87 88 91 94 98100 99 95 87 76 62 48 35 27 24 29 40 54 7020 2 5SH 151 92101410099999999999999 5 7 871850 2499999999999999
 84 94100101 98 93 90 89 90 93 98101102 99 90 77 59 41 25 15 13 20 34 5420 2 6SH 238101114310299999999999999 7 0 891943 1399999999999999
 74 92103108107101 94 88 86 87 92 99105108104 93 76 54 32 14  4  4 14 3320 2 7SH 315109125710899999999999999 8 7 862030  399999999999999
 57 82100111114109100 89 83 81 84 92102111115109 95 74 48 23  4 -4 -1 1320 2 8SH 350114135311599999999999999 852 812113 -499999999999999
 37 66 91109117115106 93 81 75 75 81 93107118121112 95 70 41 15 -2 -7  020 2 9SH 421117144312199999999999999 928 742153 -799999999999999
 19 47 77101115118112 99 83 70 66 69 79 95112123123112 92 65 35 10 -3 -320 210SH 45011815291259999999999999910 3 662230 -599999999999999
  8 31 61 90110118115105 87 70 59 57 64 77 96115124121108 86 59 31 10  320 211SH 5161181615125999999999999991038 5723 5  399999999999999
  7 23 47 77102115117109 94 74 56 48 50 60 76 96114121115101 80 55 31 1720 212SH 53811717 1121999999999999991116 482338 1499999999999999
 15 24 41 66 93111117112100 81 60 45 40 45 57 74 94109113106 93 75 54 3620 213SH 6 01171749113999999999999991156 40999999999999999999999
 29 32 43 61 84105116115105 89 69 50 37 36 42 54 71 88100102 96 86 72 5720 214SH 624117184210399999999999999 010 291240 3599999999999999
 46 44 51 63 79 98112116110 97 80 60 43 34 34 40 51 65 80 89 91 88 82 7320 215SH 6511161946 9199999999999999 041 441331 3399999999999999
 64 59 61 68 79 92106114112103 90 73 56 41 34 33 38 46 58 70 79 82 82 8120 216SH 7231142142 8399999999999999 113 591436 3399999999999999
 78 74 72 75 81 89 99107111107 98 85 70 56 43 35 32 34 40 50 61 70 77 8120 217SH 759111999999999999999999999 150 7216 4 3299999999999999
 85 85 84 84 85 89 93 99104106102 94 84 72 58 46 36 30 30 34 42 54 65 7620 218SH 049 85 84810699999999999999 253 841740 2999999999999999
 85 92 94 93 91 89 90 92 95 99101100 95 87 76 62 47 34 26 23 27 36 50 6620 219SH 211 9410 910199999999999999 521 891856 2399999999999999
 80 92100102 99 93 88 86 86 89 94 99101 98 91 79 63 45 30 20 17 22 34 5220 220SH 251102115910199999999999999 721 861952 1799999999999999
 71 89101107106 99 89 82 79 79 84 92100105103 95 80 61 40 23 14 13 21 3720 221SH 322107131410599999999999999 820 782035 1299999999999999
 59 81 98108111105 94 81 73 70 73 81 94105111107 96 78 56 33 16  9 12 2520 222SH 34811114 711199999999999999 857 702111  999999999999999
 45 70 92107112110100 85 71 63 64 70 83 99111115108 93 72 47 25 12  9 1720 223SH 410112144911599999999999999 928 632142  999999999999999
 34 58 83103112112104 90 72 59 55 59 71 87105116116105 86 63 39 19 11 1420 224SH 429113152811799999999999999 957 552211 1199999999999999
 27 48 73 97110113107 94 76 59 49 50 59 74 93110118113 98 78 54 32 18 1620 225SH 44611316 5118999999999999991027 482239 1599999999999999
 25 42 65 89107113109 98 81 62 48 43 48 61 79 99112115106 89 68 46 29 2220 226SH 5 51131641116999999999999991057 4323 6 2299999999999999
 27 40 59 81101112111101 86 67 50 39 40 49 65 84102111109 97 80 60 43 3220 227SH 5261131718111999999999999991128 382331 3099999999999999
 32 41 56 76 95108111104 90 73 54 40 35 40 52 69 87101106100 88 72 56 4420 228SH 54611217571069999999999999912 0 352356 4099999999999999
 40 45 56 72 90104110106 95 78 60 44 35 35 42 55 72 87 97 99 92 81 68 5620 229SH 6 71101838 99999999999999991233 34999999999999999999999
 50 51 59 71 85 99107106 98 84 67 51 39 34 36 45 57 72 84 91 91 85 77 6820 3 1SH 6271081927 9299999999999999 019 501310 3499999999999999
 61 60 64 72 83 94102105100 89 74 59 46 37 35 37 45 56 68 78 84 85 82 7720 3 2SH 6491052038 8599999999999999 044 601357 3599999999999999
 72 70 71 76 83 90 97101100 93 82 69 56 45 38 35 36 42 51 62 71 78 81 8220 3 3SH 71410223 6 8299999999999999 110 7015 8 3599999999999999
 82 81 80 82 85 89 93 97 98 95 88 78 68 57 46 38 33 32 35 43 53 64 74 8120 3 4SH 747 98999999999999999999999 144 801646 3299999999999999
 87 89 90 89 88 89 89 91 93 93 91 87 80 71 60 48 37 28 24 26 33 45 60 7420 3 5SH 143 90 846 9399999999999999 420 881813 2499999999999999
 86 94 98 97 94 90 87 85 86 88 91 92 91 86 78 64 48 33 20 14 16 25 41 6020 3 6SH 222 981110 9299999999999999 717 851918 1499999999999999
 79 93102105101 94 86 80 78 79 84 91 97 99 95 84 67 47 27 12  6  9 21 4220 3 7SH 2521051252 9999999999999999 8 8 782010  599999999999999
 65 87102109107 99 87 76 69 68 72 82 94105108103 89 68 43 20  5  1  7 2420 3 8SH 320109135410899999999999999 842 682054  099999999999999
 49 76 97109112105 91 75 62 56 58 67 82100113116108 91 67 39 15  2  2 1220 3 9SH 345112144511699999999999999 914 562133  199999999999999
 34 62 89107114110 97 78 59 46 44 50 64 85106119120109 90 63 35 14  6 1020 310SH 4 7114153212199999999999999 946 4322 9  699999999999999
 25 49 78102114114104 85 62 41 32 33 44 63 88110121119106 86 60 34 19 1620 311SH 4261151618122999999999999991020 312241 1699999999999999
 25 43 68 95113117109 93 70 45 27 21 27 42 64 90110118113101 81 57 37 2920 312SH 44711717 4118999999999999991056 212312 2899999999999999
 32 44 63 87109118114101 80 55 31 17 16 25 42 65 90106110105 93 76 58 4520 313SH 5101181752110999999999999991134 152342 4299999999999999
 42 49 63 81102116118107 90 68 43 23 14 16 27 44 66 87 99101 96 87 74 6120 314SH 5361191843101999999999999991214 13999999999999999999999
 55 58 67 79 95110117112 98 80 58 37 21 16 20 30 46 64 80 89 91 88 83 7520 315SH 6 51171947 9199999999999999 011 5513 0 1699999999999999
 68 67 71 80 90102111112104 90 72 54 37 25 22 25 34 46 60 73 80 83 84 8220 316SH 6371132151 8499999999999999 043 671356 2299999999999999
 79 77 77 82 88 95102106104 95 83 69 55 41 32 29 30 35 44 55 65 73 79 8320 317SH 712106999999999999999999999 120 771514 2999999999999999
 86 86 85 85 86 89 92 96 98 96 89 81 71 60 49 39 33 31 33 40 49 60 71 8020 318SH 029 86 8 0 9899999999999999 234 8517 0 3199999999999999
 87 92 92 90 87 85 84 85 87 89 90 88 83 76 66 55 43 34 30 30 35 46 59 7320 319SH 141 93 940 9099999999999999 556 841828 2999999999999999
 85 94 98 97 91 84 79 76 76 79 84 88 90 88 82 72 58 43 32 26 26 33 46 6320 320SH 216 9812 4 9099999999999999 728 751927 2599999999999999
 79 93101102 97 87 76 68 65 67 73 82 91 96 95 88 74 57 40 27 21 24 34 5120 321SH 2441031318 9699999999999999 810 652011 2199999999999999
 71 89101106103 92 78 65 57 56 61 71 85 98103100 89 73 53 34 22 20 26 4020 322SH 3 610614 710399999999999999 840 552046 2099999999999999
 61 82 99107106 98 83 65 51 46 49 59 74 92105108101 87 68 46 28 20 22 3320 323SH 324108144710899999999999999 9 8 462116 2099999999999999
 51 74 95107109102 88 69 50 39 38 46 61 81100111110 99 82 61 40 26 23 3020 324SH 341109152411299999999999999 936 372145 2399999999999999
 45 66 89105111106 93 74 53 36 29 34 47 67 90107114108 94 75 53 36 28 3120 325SH 35911116 01149999999999999910 4 292212 2899999999999999
 43 60 82101111109 97 79 58 37 25 25 35 53 75 97111112103 87 67 48 36 3520 326SH 4191111636113999999999999991032 232239 3499999999999999
 43 58 77 96109111102 85 64 42 25 19 25 39 60 83102111107 96 79 61 47 4220 327SH 43911117111119999999999999911 1 1923 4 4299999999999999
 46 57 73 91106111105 91 71 49 30 19 19 29 46 68 89103107101 88 73 59 5020 328SH 4581111749107999999999999991130 172328 4999999999999999
 51 58 71 87101109107 96 78 57 37 22 17 22 35 53 74 91101101 94 82 70 6120 329SH 5181101829102999999999999991159 172352 5899999999999999
 58 62 71 83 96105107 99 84 66 46 30 20 20 27 40 58 76 89 95 94 88 79 7120 330SH 5391071917 95999999999999991233 19999999999999999999999
 66 67 73 82 92100104100 89 74 57 41 28 23 24 32 43 58 73 84 88 88 85 8020 331SH 6 21042026 8999999999999999 018 661315 2299999999999999
 76 74 77 82 89 95100 99 93 81 68 53 40 31 26 27 33 42 55 67 77 83 85 8620 4 1SH 6281002234 8699999999999999 049 741417 2699999999999999
 84 82 82 84 87 90 93 95 93 86 77 66 55 44 35 30 28 31 38 48 60 71 80 8620 4 2SH 659 95999999999999999999999 135 821554 2899999999999999
 90 90 89 87 86 86 86 87 88 87 84 78 71 62 51 40 31 26 25 31 41 55 69 8220 4 3SH 045 90 8 4 8899999999999999 510 861734 2599999999999999
 91 96 96 93 88 83 79 77 78 81 84 86 84 80 71 58 43 30 21 19 25 37 54 7220 4 4SH 135 9711 9 8699999999999999 7 8 771846 1999999999999999
 87 98102 99 91 81 72 67 65 69 76 85 92 94 90 80 63 44 27 17 15 23 38 5920 4 5SH 2 61021253 9499999999999999 746 651941 1599999999999999
 80 96105105 97 84 69 57 51 53 61 74 89101105 99 86 66 44 25 15 16 27 4520 4 6SH 231106135510599999999999999 818 512025 1499999999999999
 69 92105109103 89 70 51 39 36 42 55 75 96110113106 90 67 43 25 18 23 3720 4 7SH 252109144711399999999999999 850 3621 4 1899999999999999
 59 84104113110 97 77 52 32 22 23 34 53 79103116117108 90 66 43 29 27 3520 4 8SH 312113153411899999999999999 923 212140 2699999999999999
 52 76100114115105 86 61 34 15  9 15 30 55 84107118117106 88 65 45 37 4020 4 9SH 334117162111999999999999999 957  92212 3799999999999999
 51 70 93113120113 97 73 44 18  3  2 12 32 59 88108115112101 84 64 50 4820 410SH 35912017 7115999999999999991034  12243 4799999999999999
 55 68 87107120120106 86 60 31  8 -1  2 15 36 64 90105109105 96 81 66 5820 411SH 4261221755109999999999999991112 -22315 5899999999999999
 60 69 83100115121114 97 74 49 23  6  1  8 22 43 67 88 99101 98 90 79 6920 412SH 4561211848102999999999999991152  12348 6799999999999999
 67 72 81 93107117116105 87 65 42 22 10  9 16 29 48 68 84 92 94 92 87 8020 413SH 5291181955 94999999999999991236  8999999999999999999999
 75 75 80 88 97107112107 95 78 60 42 26 19 19 25 36 51 67 79 86 89 89 8620 414SH 6 31122137 8999999999999999 026 741327 1899999999999999
 83 80 81 84 90 96101102 97 86 73 59 46 35 29 28 32 40 52 64 75 82 86 8920 415SH 6431032326 8999999999999999 116 801435 2899999999999999
 89 86 84 83 84 86 89 92 92 88 81 73 63 53 44 37 35 36 42 51 62 72 81 8820 416SH 737 92999999999999999999999 3 4 8316 8 3599999999999999
 92 92 90 85 81 78 77 79 81 83 83 81 76 70 61 51 43 38 37 41 49 61 74 8520 417SH 038 93 931 8499999999999999 547 771738 3799999999999999
 92 96 95 90 82 74 68 66 68 73 78 83 85 82 77 67 55 44 37 36 40 50 64 7920 418SH 119 971156 8599999999999999 7 0 661843 3699999999999999
 91 98100 96 86 74 63 56 55 60 68 79 87 91 89 82 70 56 43 36 36 42 54 7020 419SH 1481001310 9199999999999999 740 551930 3599999999999999
 87 98103101 92 77 61 49 44 46 55 68 83 94 98 95 85 70 53 40 35 38 47 6220 420SH 21010314 0 9899999999999999 811 4420 9 3599999999999999
 80 96105105 97 83 64 46 36 34 41 55 73 91102104 97 84 67 50 39 37 43 5620 421SH 230106144010599999999999999 840 342042 3799999999999999
 74 92105109102 89 69 48 31 24 28 40 59 82100109107 97 81 63 47 40 43 5320 422SH 250109151810999999999999999 9 9 242113 4099999999999999
 68 87103111107 95 76 53 32 19 17 26 44 68 91108112107 94 76 59 47 45 5220 423SH 311111155411299999999999999 937 162143 4599999999999999
 65 82 99111111101 83 60 36 18 11 15 30 52 78100112112103 88 71 57 51 5420 424SH 33211216301139999999999999910 6 112211 5199999999999999
 63 78 95109113106 90 69 44 23 10  9 19 37 62 88106112109 98 83 68 58 5720 425SH 35311317 6112999999999999991035  72237 5799999999999999
 64 75 90105113110 97 78 54 31 13  7 11 25 47 72 94107109104 92 79 67 6320 426SH 41511317451109999999999999911 5  723 4 6399999999999999
 66 74 87100110112103 86 65 42 22 10  9 17 33 55 78 96105104 98 88 77 7020 427SH 4381121827105999999999999991136  82332 6999999999999999
 69 75 84 95105110106 93 75 54 34 18 11 14 24 41 61 81 94100 99 94 85 7820 428SH 5 31101919100999999999999991212 11999999999999999999999
 75 77 83 91 99105106 97 83 66 48 31 20 16 20 30 45 63 79 90 95 95 91 8620 429SH 5311062029 9599999999999999 0 4 751255 1699999999999999
 81 80 83 87 93 98101 98 89 77 62 47 33 25 22 25 34 46 62 76 86 91 93 9220 430SH 6 410122 4 9399999999999999 046 801354 2299999999999999
 88 85 84 85 87 90 93 94 91 84 74 63 51 40 32 28 29 34 45 59 72 83 91 9420 5 1SH 649 942330 9599999999999999 2 0 841519 2899999999999999
 94 91 87 84 82 81 81 83 85 85 82 77 69 59 48 39 32 30 34 43 57 71 84 9320 5 2SH 827 85999999999999999999999 5 2 811651 3099999999999999
 98 98 93 85 78 72 69 69 73 78 83 85 84 79 70 57 44 35 31 34 43 58 75 9020 5 3SH 025 981114 8599999999999999 626 6918 4 3199999999999999
 99102 99 90 78 66 57 54 55 62 73 84 92 94 90 79 64 49 37 33 36 47 64 8320 5 4SH 1 01021251 9499999999999999 710 5319 1 3399999999999999
 98106105 98 83 65 49 39 37 42 55 72 89100104 99 87 70 52 40 37 43 56 7520 5 5SH 128107135510499999999999999 747 371949 3799999999999999
 94108111106 92 71 49 30 21 23 32 51 74 95109112106 92 73 55 45 45 53 6820 5 6SH 152112144911299999999999999 822 212030 4499999999999999
 88106116114102 82 56 31 13  7 12 27 51 79102114116109 94 74 58 52 55 6520 5 7SH 219117153911699999999999999 859  721 7 5299999999999999
 82102118122113 95 70 41 15  0 -2  8 27 55 85107117116108 93 75 62 60 6620 5 8SH 247122162711899999999999999 936 -32142 6099999999999999
 78 95114125122107 85 57 27  4 -7 -4  9 32 61 90109115114105 90 75 67 6920 5 9SH 3181251715116999999999999991015 -72218 6799999999999999
 77 90106122127118 99 75 46 19 -1 -6  0 16 40 68 93107111109101 88 76 7320 510SH 35112718 4111999999999999991054 -62254 7399999999999999
 77 86 98113124123110 90 65 39 15  2  0  9 25 49 74 94104106103 96 86 7820 511SH 4261251856106999999999999991135 -12334 7799999999999999
 78 83 91103114120115100 81 59 36 18  9 11 20 36 57 77 92100101 99 93 8520 512SH 5 41201954101999999999999991218  8999999999999999999999
 80 81 86 93102110112105 91 74 55 37 24 19 22 31 45 62 79 90 96 98 96 9120 513SH 5431132059 9899999999999999 021 8013 6 1999999999999999
 85 82 82 85 91 97102102 95 84 70 56 43 33 30 32 40 52 66 79 89 94 96 9520 514SH 62910322 8 9699999999999999 124 8114 2 3099999999999999
 91 86 82 80 81 84 89 92 92 87 80 70 60 50 42 39 41 46 56 68 80 89 95 9720 515SH 730 922310 9799999999999999 3 3 801511 3999999999999999
 96 92 85 79 75 73 75 78 82 84 83 79 74 66 58 50 46 46 51 59 70 82 91 9720 516SH 912 842358 9999999999999999 458 731630 4599999999999999
 99 97 91 82 73 66 63 64 69 75 80 83 83 80 73 65 56 50 49 54 62 74 86 9620 517SH1123 84999999999999999999999 612 631740 4999999999999999
101102 97 87 75 62 54 51 54 61 71 81 88 89 86 79 69 59 53 52 57 67 79 9220 518SH 0341021250 9099999999999999 659 511836 5299999999999999
101105102 93 80 63 49 41 40 46 58 73 86 95 97 93 83 72 61 55 55 62 73 8720 519SH 1 31051347 9799999999999999 735 401922 5499999999999999
 99107107100 86 68 49 35 29 32 43 60 79 94103103 97 85 72 61 57 60 69 8220 520SH 131108143110499999999999999 8 8 2920 3 5799999999999999
 96107111106 94 75 53 34 22 20 28 44 66 87103110107 98 85 71 62 61 67 7820 521SH 157111151111099999999999999 840 192039 6199999999999999
 92105113112101 83 61 38 20 12 15 29 50 75 97111114108 97 83 71 65 67 7520 522SH 222114154911499999999999999 911 122113 6599999999999999
 88102113116109 93 71 46 24  9  7 16 34 59 85105115115107 94 80 71 69 7420 523SH 248117162711699999999999999 943  62144 6999999999999999
 84 98111118115102 82 57 32 13  4  7 20 42 69 94110116113103 90 79 73 7520 524SH 31411817 6116999999999999991015  42215 7399999999999999
 82 93106117119110 93 70 45 22  7  3 11 28 52 78100112114109 99 87 79 7720 525SH 3411191747114999999999999991048  32247 7799999999999999
 81 89101112118115102 82 59 35 16  6  7 18 36 61 85102110111105 96 86 8020 526SH 4101191833111999999999999991123  52321 8099999999999999
 81 86 95105114116108 93 73 51 30 15  9 13 25 44 67 88102108107102 93 8520 527SH 44211619241089999999999999912 2  9999999999999999999999
 82 84 90 97106111110100 85 67 47 30 18 16 21 33 51 71 89100105104 99 9220 528SH 519112202210599999999999999 0 2 821247 1699999999999999
 85 83 85 90 96102105102 93 80 64 48 34 25 24 29 40 56 74 89 99103103 9820 529SH 6 4105212110399999999999999 057 831342 2499999999999999
 91 85 82 82 85 89 94 96 94 88 78 67 54 42 34 33 36 46 60 76 90 9910310220 530SH 7 7 96221610399999999999999 222 821449 3399999999999999
 97 89 82 77 74 75 78 83 87 89 86 81 73 62 52 44 41 43 52 65 80 9310210520 531SH 852 8923 310599999999999999 418 7416 4 4199999999999999
103 96 86 75 66 62 61 65 72 80 86 89 87 82 73 62 53 49 50 58 71 86 9910720 6 1SH1110 89234310899999999999999 537 611714 4999999999999999
108103 93 79 64 52 46 46 52 62 75 87 94 96 92 84 72 61 56 58 66 78 9310620 6 2SH1250 96999999999999999999999 631 451815 5699999999999999
112111102 88 69 50 36 29 31 40 56 74 91102105102 92 79 68 63 66 74 8710220 6 3SH 01911314 110599999999999999 716 2919 8 6399999999999999
114118113100 80 57 35 20 15 20 33 53 77 97109113109 98 84 73 70 74 83 9720 6 4SH 055118145911399999999999999 759 151955 7099999999999999
112122122112 95 71 44 20  7  5 13 30 55 82103115118113101 87 77 76 82 9220 6 5SH 132124155111899999999999999 840  42038 7699999999999999
106120128124109 88 61 32  9 -1  0 12 33 61 89109118119113101 87 80 81 8820 6 6SH 2 9128163912099999999999999 921 -22120 8099999999999999
 99114127131122104 80 51 23  3 -4  1 16 40 69 95112119118111 98 87 82 8520 6 7SH 24813117251199999999999999910 2 -422 2 8299999999999999
 93105120130130117 97 71 43 18  2 -1  8 24 50 78100113117115107 95 85 8320 6 8SH 32813218 8117999999999999991042 -12244 8399999999999999
 88 97109122129125110 89 64 38 17  6  7 18 36 60 85104112114110102 91 8420 6 9SH 4 81291849114999999999999991123  52329 8399999999999999
 84 89 98110121124117101 81 58 36 20 14 18 30 48 71 91105111110106 97 8720 610SH 44912419281119999999999999912 3 14999999999999999999999
 82 83 89 97108115116107 92 74 55 38 26 24 30 42 59 79 96105109107101 9320 611SH 53311720 810999999999999999 018 821244 2499999999999999
 85 81 82 86 94102107106 98 85 70 55 42 35 35 42 54 69 85 98106107104 9820 612SH 621108204910799999999999999 116 801328 3499999999999999
 90 82 78 78 81 87 94 98 97 90 81 70 59 50 45 46 53 63 77 9010110610610220 613SH 719 98213210799999999999999 228 781417 4599999999999999
 95 87 79 73 72 74 79 85 89 90 86 80 73 65 58 55 56 62 71 83 9410310610620 614SH 841 90221810799999999999999 354 721516 5599999999999999
101 93 83 73 66 63 65 69 76 82 86 86 84 79 73 67 63 64 69 77 88 9810510820 615SH1033 8723 310899999999999999 511 631624 6399999999999999
106 99 89 77 65 56 53 54 61 70 80 87 90 90 86 81 74 70 70 74 82 9210110820 616SH1222 91234610999999999999999 6 9 531731 6999999999999999
109105 96 84 69 54 45 42 46 55 68 81 92 97 98 94 87 79 75 75 79 88 9710620 617SH1334 98999999999999999999999 655 421830 7499999999999999
111111104 92 75 57 42 32 32 39 53 70 87100106105100 91 83 78 79 84 9310320 618SH 026112142510699999999999999 735 311921 7899999999999999
111115112101 84 64 44 29 22 25 36 55 76 95108113111103 93 84 81 83 90 9920 619SH 1 211515 811399999999999999 812 2220 7 8199999999999999
110117118110 95 74 51 31 17 14 21 38 60 84104115118113103 92 85 83 87 9520 620SH 136119154811899999999999999 848 142047 8399999999999999
106117122119107 87 63 39 19  9 10 22 42 69 94112120120113102 91 85 86 9120 621SH 210122162712199999999999999 924  82125 8599999999999999
101113123125117100 78 52 27 11  5 10 26 50 78102117122119110 99 89 86 8920 622SH 24312517 71229999999999999910 0  522 2 8699999999999999
 96107119126124112 93 68 42 19  6  5 14 33 59 87108119121117106 95 87 8620 623SH 3191271748121999999999999991038  42239 8699999999999999
 91100111122127121106 85 60 35 15  7  9 21 43 69 94111119119113102 91 8620 624SH 3561271830120999999999999991116  62319 8599999999999999
 87 92102113122123115 98 78 54 31 16 12 17 31 53 78100113118116108 97 8720 625SH 4371241910118999999999999991155 12999999999999999999999
 83 85 91101111118117107 92 73 51 33 22 21 28 43 64 86104114116112103 9120 626SH 522119194911699999999999999 0 5 831237 2099999999999999
 83 80 82 88 96106111109100 87 71 53 39 31 32 40 55 74 94108114114108 9720 627SH 614111202611599999999999999 059 801322 3199999999999999
 86 77 74 76 81 88 97102101 95 85 73 59 49 44 46 53 67 8410011111411210420 628SH 72110221 311499999999999999 2 8 741413 4499999999999999
 92 80 71 66 66 70 78 86 93 95 93 87 79 69 61 57 59 66 77 9210511411511020 629SH 856 95214211599999999999999 331 661511 5799999999999999
101 88 74 63 56 55 58 65 76 85 91 93 92 88 81 73 70 71 77 87 9911011711620 630SH1110 93222611799999999999999 450 541618 6999999999999999
110 98 83 67 53 44 41 45 54 67 80 91 98100 98 92 85 80 80 85 9410511512020 7 1SH13 3100231412099999999999999 556 411726 7999999999999999
118110 96 79 59 42 32 29 33 45 61 79 94104109107101 93 87 87 9210011011920 7 2SH1417109999999999999999999999 652 291831 8799999999999999
124121110 94 73 50 31 20 18 25 39 60 82100111116114107 97 91 91 9610411420 7 3SH 0 5124151411799999999999999 742 181930 9199999999999999
124128123110 91 67 42 22 12 12 21 39 63 88107118122118109 98 93 93 9810720 7 4SH 05712816 112299999999999999 829 102024 9299999999999999
118129131124108 86 60 33 14  6  9 22 43 70 96114122124118107 96 91 93 9920 7 5SH 146132164212499999999999999 912  62112 9199999999999999
109123133133122104 80 52 27 10  6 12 27 52 80104119124123115102 92 89 9220 7 6SH 232134171912599999999999999 953  62157 8999999999999999
100112126134132118 98 73 46 22 10  9 19 38 64 91111121124119109 96 87 8620 7 7SH 3171351751124999999999999991032  82239 8699999999999999
 91101114127133127111 90 66 41 21 14 18 30 51 77101116122121114102 89 8320 7 8SH 4 013318191229999999999999911 8 142321 8299999999999999
 83 90101115126128120103 82 59 38 24 22 29 44 65 89108119120116107 94 8320 7 9SH 4421291845121999999999999991143 21999999999999999999999
 79 81 89101113122121110 94 75 56 39 31 33 43 59 79 99114119117110100 8720 710SH 525123191211999999999999999 0 4 791217 3199999999999999
 78 76 79 87 98109114111101 87 71 55 44 41 46 58 73 91107116118113104 9320 711SH 611114194211899999999999999 051 761251 4199999999999999
 82 74 73 76 84 93102106103 94 82 70 59 53 53 60 71 85100111116115108 9820 712SH 7 3106201511799999999999999 145 721327 5299999999999999
 87 77 70 69 72 79 87 94 97 96 90 82 73 67 64 66 72 83 9410611311511210420 713SH 8 8 97205011599999999999999 249 6914 7 6499999999999999
 94 83 73 66 63 65 71 79 87 91 92 90 85 80 76 75 77 82 9110010911411410920 714SH 941 92213011499999999999999 4 1 631459 7599999999999999
100 90 78 67 59 56 57 64 72 81 89 93 94 92 89 86 84 85 90 9610411011411220 715SH1149 94221611499999999999999 511 561612 8499999999999999
107 98 86 73 60 51 47 49 56 67 79 90 97101101 98 94 91 91 9410010611211420 716SH132710123 911499999999999999 610 471733 9199999999999999
113107 96 82 66 51 41 37 40 51 65 81 95105109109105 99 95 94 9710210911420 717SH1423110999999999999999999999 7 0 371846 9499999999999999
117115107 93 76 57 40 30 27 34 48 66 86103113117115109101 96 95 9810411220 718SH 0 511715 611799999999999999 746 271946 9599999999999999
118121117106 89 68 47 29 20 20 30 48 71 94111121122118109101 96 95 9910720 719SH 057121154412399999999999999 828 192035 9599999999999999
116124125119104 84 59 36 19 12 16 30 52 79102119126125117107 97 93 9410020 720SH 144126162212699999999999999 9 9 122117 9399999999999999
110121129129119101 77 50 26 12  8 16 34 60 88111124128124114101 92 90 9320 721SH 228130165712899999999999999 948  82156 9099999999999999
101114126133129116 95 69 42 20  9  9 21 43 71 98118127127120107 94 86 8620 722SH 3111331731128999999999999991027  72234 8599999999999999
 91102116129134127111 89 63 37 18 11 16 31 55 83108123127124113 99 86 8020 723SH 35413418 31279999999999999911 4 112313 8099999999999999
 82 89102117129131122105 83 58 35 21 19 27 44 69 96116125125118105 89 7720 724SH 4391311830126999999999999991141 182355 7399999999999999
 74 77 86100115125124115 99 79 57 39 30 32 43 61 84107121125121111 95 7920 725SH 5281261857125999999999999991217 30999999999999999999999
 69 68 72 82 95109117116107 94 78 60 47 43 48 60 77 98115124123116103 8620 726SH 621118192412599999999999999 042 671254 4399999999999999
 71 63 62 67 76 88101107107101 92 80 67 60 59 65 77 92109121125120110 9620 727SH 725108195512599999999999999 137 611333 5999999999999999
 79 65 57 56 60 68 79 91 98100 97 93 85 78 74 75 81 9010311612312411710620 728SH 854100203212499999999999999 245 561417 7499999999999999
 91 75 61 53 50 52 58 69 80 89 95 97 97 94 90 87 88 9310011011912412211520 729SH1127 98211712499999999999999 4 5 491518 8799999999999999
104 89 73 58 48 42 43 49 59 72 84 94101105104101 98 9710010511211912312220 730SH1326105221612399999999999999 525 421643 9799999999999999
115104 89 72 55 42 35 34 40 52 68 84 9710811311310910410110210611211812320 731SH1432114233012499999999999999 635 34181610199999999999999
123117106 90 71 51 36 27 27 34 48 68 8810411512111911310510110010411011820 8 1SH1517121999999999999999999999 734 26193410099999999999999
125126120108 90 68 46 29 21 22 32 49 73 95112122125121111102 96 9610110920 8 2SH 041127155412599999999999999 823 202031 9699999999999999
120129130123108 87 63 39 23 17 21 34 56 82105120127127119106 95 90 92 9820 8 3SH 140131162512899999999999999 9 5 172115 9099999999999999
109123133133123105 82 56 33 19 17 25 42 67 94115126129124112 98 87 84 8820 8 4SH 230134165212999999999999999 942 172152 8499999999999999
 98112127135132119 99 75 49 28 19 22 34 54 81106122128126117103 88 79 7920 8 5SH 3141361713128999999999999991016 192228 7899999999999999
 86 99115130135128113 91 67 43 28 24 31 47 70 96116127127121108 92 78 7320 8 6SH 3551351733128999999999999991047 2423 4 7399999999999999
 76 86101118130131121104 83 60 41 32 34 45 63 86109123127123112 97 81 7020 8 7SH 4361321754127999999999999991117 312341 6899999999999999
 69 75 87103118127124112 95 76 57 43 40 47 61 80101118126124116102 87 7220 8 8SH 5161271818127999999999999991147 40999999999999999999999
 65 67 75 88103116120115103 88 71 57 51 53 63 78 95112123125119107 92 7820 8 9SH 558120184312599999999999999 019 651215 5099999999999999
 67 63 66 75 88101110112107 96 83 71 63 62 67 78 92106118123120111 98 8420 810SH 64411219 812399999999999999 1 0 631243 6199999999999999
 71 63 61 65 74 85 96103104100 92 83 76 73 74 81 91102113120120114104 9120 811SH 739105193512199999999999999 147 611311 7299999999999999
 78 68 61 60 63 71 81 90 97 99 97 92 88 84 84 86 92100108115118116109 9820 812SH 856 9920 411899999999999999 247 601343 8399999999999999
 87 75 65 59 57 59 65 75 84 91 96 97 97 95 94 94 9610010511111511611210520 813SH1111 97204111699999999999999 4 1 571433 9499999999999999
 96 85 73 63 55 51 52 58 68 79 89 9710210410410310210210310611011311411120 814SH1329104214011499999999999999 518 51163410199999999999999
105 96 85 72 59 49 43 43 50 62 76 9010110911311210910610310310510911211420 815SH1420113231211499999999999999 625 42183510399999999999999
113108 99 85 68 52 40 33 34 43 58 77 9410911812011711210510110010310811420 816SH1456120999999999999999999999 721 33194710099999999999999
118118113101 84 63 44 30 24 27 39 59 81102117125125119109101 96 9610010820 817SH 034119152912699999999999999 8 9 232033 9599999999999999
117124125117102 81 56 35 20 16 23 40 64 90112125129125115103 93 89 91 9820 818SH 135125155912999999999999999 852 162110 8999999999999999
110123131130120101 76 49 27 15 14 25 46 74101121130130121107 92 83 81 8620 819SH 225132162813199999999999999 932 132145 8199999999999999
 97113129136133119 97 70 43 23 14 18 33 58 88113128132126113 95 79 72 7320 820SH 3111371653132999999999999991010 142219 7199999999999999
 82 97116132138132116 93 65 40 24 21 29 48 74102123132129119101 81 66 6220 821SH 3561381715132999999999999991045 202256 6299999999999999
 67 79 97118133135127111 88 62 41 31 33 45 66 92116130131124108 88 68 5620 822SH 4421361737132999999999999991118 312334 5499999999999999
 55 63 77 97117128129120105 84 63 48 44 51 64 85108126133128115 97 75 5720 823SH 53013018 1133999999999999991150 44999999999999999999999
 49 50 60 75 94112121120112 99 83 68 59 61 69 83102120131131121106 86 6620 824SH 622121182813299999999999999 016 481221 5999999999999999
 51 45 49 58 72 89104111110105 97 86 77 74 78 87 99114126131126114 98 7920 825SH 723111185813199999999999999 1 4 451254 7399999999999999
 61 49 45 48 56 68 82 94101102101 97 92 88 88 92 99109119127128120108 9320 826SH 858102193412899999999999999 2 3 451330 8799999999999999
 77 62 51 46 47 52 62 74 85 93 98101102100 99 9910210611311912312211610620 827SH1150102201912499999999999999 321 461424 9899999999999999
 93 79 65 54 47 45 48 55 66 78 89 9810510910910710610510711111511811811420 828SH1336109213011999999999999999 457 45163210599999999999999
107 97 84 69 56 46 41 42 49 60 75 8910211111611611210710310310510911411720 829SH1424117232111799999999999999 621 41184410399999999999999
116111102 88 71 55 42 36 37 44 59 77 95110119122119111102 97 95 9810411220 830SH1457122999999999999999999999 724 351952 9599999999999999
119121116106 90 70 51 37 31 33 44 62 84104118125125117105 94 88 87 9210220 831SH 049121152612699999999999999 812 312034 8799999999999999
114124126120107 88 65 45 32 28 34 49 71 95115126128123110 95 83 78 81 8920 9 1SH 147126154912899999999999999 850 2821 8 7899999999999999
103119130130121105 83 58 39 29 30 40 59 84108124129126116 99 82 72 70 7720 9 2SH 23213116 812999999999999999 923 282138 7099999999999999
 90108125134130118 99 75 51 35 31 37 52 74 99120129129120105 86 69 63 6620 9 3SH 313134162513099999999999999 953 3122 9 6299999999999999
 77 94114130134127111 91 67 47 37 38 49 67 90113128130123110 91 72 59 5720 9 4SH 3511351643130999999999999991021 362240 5699999999999999
 65 79 99119131131120103 82 62 47 43 50 64 84106124130126114 97 77 60 5220 9 5SH 42913317 4130999999999999991049 432312 5299999999999999
 55 67 84104122129125112 95 76 60 52 54 65 81100118129128118102 83 65 5220 9 6SH 5 71291726130999999999999991116 512344 4999999999999999
 50 57 71 89108121124117104 88 73 63 61 68 81 97113125128121107 90 71 5620 9 7SH 5461241747128999999999999991141 61999999999999999999999
 49 51 60 75 92108117116109 97 85 75 70 73 82 95108120126122112 96 79 6320 9 8SH 62811718 912699999999999999 018 4812 6 7099999999999999
 53 49 53 63 77 93105110109103 94 86 80 81 86 94105115122122115102 87 7220 9 9SH 716111183012399999999999999 055 491229 8099999999999999
 60 52 51 56 65 77 90 99104103100 95 91 89 91 96103111117119115107 95 8220 910SH 823104185411999999999999999 140 511254 8999999999999999
 69 60 54 53 56 63 73 84 93 98100101 99 98 98100104108112115114109102 9220 911SH1032101192311599999999999999 245 531325 9899999999999999
 81 70 61 55 52 53 58 67 77 87 9610210510710610610610610710911010910610120 912SH1317107201511099999999999999 418 52155610699999999999999
 94 84 74 63 53 47 46 50 59 71 85 9710611211411310910610310210310510710720 913SH1358114223610799999999999999 547 46185710299999999999999
105 99 90 77 62 49 40 37 41 53 69 86102114120120115107100 96 95 9710210820 914SH1428120999999999999999999999 654 371949 9599999999999999
113113107 95 78 59 42 31 29 36 51 71 93111122125121111100 90 85 86 9210220 915SH 031113145512599999999999999 746 292023 8599999999999999
113121122114 99 77 54 35 25 25 35 55 79103120128127117102 87 76 73 78 8920 916SH 135122151912999999999999999 830 232053 7399999999999999
105121130129119100 75 49 31 23 27 41 65 92115128130123107 87 70 61 62 7120 917SH 226131154113199999999999999 9 9 232125 6199999999999999
 88109128136133120 98 71 46 31 27 36 54 80107126133128114 93 70 53 48 5320 918SH 31313716 113399999999999999 945 272158 4899999999999999
 67 89114133139133118 95 69 47 36 39 51 72 98122134132121101 76 53 39 3920 919SH 3581391622135999999999999991018 362233 3899999999999999
 48 66 91117133136128113 91 68 52 48 55 69 91115132136127110 87 61 40 3120 920SH 4441371645137999999999999991049 482310 3199999999999999
 34 47 67 93116129130122108 89 71 61 63 73 88108127137133119 99 74 49 3220 921SH 5311311712137999999999999991120 612350 2899999999999999
 28 35 49 69 93113121121114103 89 77 74 79 89104120133136126109 88 65 4420 922SH 6221221741136999999999999991150 73999999999999999999999
 32 31 38 52 70 91106112112108100 91 85 86 93102114126132129117101 81 6220 923SH 725112181313399999999999999 034 301222 8599999999999999
 45 37 37 43 55 70 86 97103105104101 97 95 97102109117124126121109 95 8020 924SH 917105184912699999999999999 127 3613 0 9599999999999999
 64 52 45 44 47 55 67 79 89 96101104105103102103105109113117117113105 9420 925SH1141105193611899999999999999 240 4414 610299999999999999
 83 71 60 52 48 49 54 62 74 85 9410210811010910610410310310510810910810420 926SH13 711021 510999999999999999 424 48172110399999999999999
 98 89 78 67 56 50 47 50 59 71 84 97107114116112106 99 95 93 95 9910410720 927SH1348116233510899999999999999 557 4719 0 9399999999999999
107104 96 85 70 57 48 44 48 57 72 88104115120118111100 90 84 82 86 9310320 928SH1417120999999999999999999999 7 1 441947 8299999999999999
111114111102 87 70 54 44 42 47 60 78 97113122123117104 89 77 72 73 80 9320 929SH 059114144112399999999999999 748 422020 7199999999999999
107117120115103 86 66 49 41 42 51 67 88108122126122110 93 75 64 61 66 7920 930SH 15112015 012699999999999999 824 402049 6199999999999999
 96114124125117101 81 60 46 41 47 59 79101119127125115 98 78 60 52 54 652010 1SH 233126151712899999999999999 856 412117 5299999999999999
 82104122130126114 96 75 56 45 46 56 72 94115127128120104 83 61 47 44 522010 2SH 310130153512999999999999999 925 452145 4499999999999999
 67 89112128131124109 89 69 54 50 56 69 88109125130124109 89 66 47 38 412010 3SH 347132155513099999999999999 953 502214 3899999999999999
 54 74 98119131129118102 83 66 57 58 68 84103121130127115 96 73 52 37 342010 4SH 4231311617130999999999999991020 562244 3499999999999999
 43 60 82106123129124111 95 78 66 64 70 82 99116127129119102 81 59 41 332010 5SH 4591291637130999999999999991047 632313 3299999999999999
 36 48 68 91111123125117104 90 77 71 73 83 96111123128122108 89 68 48 362010 6SH 5361251658128999999999999991112 712343 3399999999999999
 34 41 56 75 96113120118110 99 87 80 79 85 95107118125123113 96 77 58 432010 7SH 6161201719125999999999999991136 78999999999999999999999
 36 38 47 62 81 98110114111105 96 89 86 88 95104113120121115102 86 68 532010 8SH 7 2114174012299999999999999 016 3612 1 8699999999999999
 43 40 44 53 66 82 96105108106102 97 93 93 97102109114117115106 94 79 652010 9SH 8 610818 411799999999999999 055 401230 9399999999999999
 53 46 44 48 55 66 79 91 99103104103101100100102105109111111107 99 89 78201010SH 958104183211199999999999999 149 44131210099999999999999
 67 58 51 48 49 53 62 74 85 94101106107107105104103103103104104101 97 90201011SH1210107192110499999999999999 319 48165910399999999999999
 83 73 64 55 49 46 49 56 68 81 94104110113111107103 98 95 94 95 97 99 99201012SH13 7113223310099999999999999 5 2 461854 9499999999999999
 97 91 81 69 57 47 41 43 51 65 82 97110117118113104 95 87 83 83 87 94102201013SH1338118999999999999999999999 618 411929 8299999999999999
107107101 89 73 56 43 37 39 50 67 87105118122119109 94 80 71 68 71 81 94201014SH 03110714 412299999999999999 714 371959 6899999999999999
108116117110 95 75 55 41 36 41 54 75 98116125124115 98 79 62 53 53 62 78201015SH 136118142612699999999999999 8 0 362029 5299999999999999
 98116126126116 98 75 54 41 39 48 65 88111126129122106 83 59 43 37 42 56201016SH 227127144713099999999999999 839 3921 1 3799999999999999
 78104124133131118 98 75 55 46 48 60 80104124133129115 92 65 40 26 25 35201017SH 31513415 913499999999999999 915 462134 2499999999999999
 54 82110129136131118 97 75 59 55 62 76 97120135136124104 77 48 24 15 19201018SH 4 1136153413799999999999999 949 552210 1599999999999999
 33 56 86114130134128114 95 76 66 68 77 93113132139133115 91 63 34 15 11201019SH 44813416 2140999999999999991021 662248 1199999999999999
 19 36 61 91115127128122109 93 80 76 81 92107124137138125105 80 52 27 14201020SH 5361281632140999999999999991053 762328 1399999999999999
 14 24 42 67 93112120120115105 93 85 85 92103116130137131116 95 71 47 28201021SH 62912117 5137999999999999991126 84999999999999999999999
 19 22 33 50 71 92107112113110103 95 91 94100109119128130121106 87 67 48201022SH 735113174013099999999999999 012 1912 4 9199999999999999
 34 29 33 42 56 73 90101106107106102 98 96 99103109116121119111 98 83 68201023SH 910107182012199999999999999 1 1 291253 9699999999999999
 54 44 40 43 49 60 73 86 96102105106104101 99 99101103107110108103 94 84201024SH1050106191311099999999999999 2 5 401430 9999999999999999
 73 63 54 50 50 53 61 72 84 94101107109107103 99 95 93 94 96 98100 98 94201025SH12 5109205710099999999999999 334 491722 9399999999999999
 89 81 72 63 56 53 55 61 71 84 95105111112109102 93 86 82 81 84 90 95 98201026SH12501122335 9999999999999999 5 8 531839 8199999999999999
 99 95 89 78 67 58 54 55 62 73 87101111116115108 96 83 74 69 70 75 85 95201027SH1321116999999999999999999999 618 541922 6999999999999999
103105102 94 82 68 58 54 56 64 78 94108117119114102 85 70 59 56 61 71 86201028SH 058105134511999999999999999 7 8 541955 5699999999999999
100110112108 97 82 67 57 54 59 70 87104117122119108 91 71 54 46 47 56 72201029SH 15011314 612299999999999999 748 542024 4599999999999999
 91108118118111 97 80 65 57 58 66 80 98114124123114 97 76 54 40 35 42 56201030SH 231119142712599999999999999 823 562052 3599999999999999
 78100117124121110 94 76 64 60 64 76 92110123127119104 83 59 38 28 30 42201031SH 3 8124144812799999999999999 855 602121 2799999999999999
 62 87110124127120107 89 74 65 66 74 88105120128124111 90 66 43 26 22 302011 1SH 344127151112899999999999999 925 642150 2299999999999999
 47 71 97118128126116101 85 73 69 74 85100116127128117 98 75 50 30 19 212011 2SH 419128153412999999999999999 954 692219 1999999999999999
 34 56 82107123127122111 96 82 75 76 84 97111124129122106 84 60 37 22 182011 3SH 4541281556129999999999999991022 742249 1899999999999999
 26 43 66 92113124124117105 92 82 80 84 94107119127125113 94 71 48 30 212011 4SH 5311251619127999999999999991048 792319 2099999999999999
 22 34 52 76 99114121118111100 90 85 86 93103114122124117101 82 60 41 272011 5SH 6111211643125999999999999991116 842352 2499999999999999
 24 29 42 61 82101112116113106 97 91 89 93100108116121118107 91 72 54 382011 6SH 65911617 9121999999999999991146 89999999999999999999999
 30 30 37 49 66 85100108111109104 98 94 94 98103109114114109 98 83 68 532011 7SH 8 0111173811599999999999999 031 291225 9499999999999999
 41 35 36 43 53 68 84 96104107107104100 97 97 99102105107106100 91 80 682011 8SH 924108181610799999999999999 122 351329 9799999999999999
 57 47 42 42 46 55 67 81 94102107108106102 99 96 95 95 96 97 97 95 90 832011 9SH10501081932 9899999999999999 235 421636 9599999999999999
 74 65 55 49 46 48 54 66 80 93103109111108102 95 89 85 83 84 87 91 93 93201110SH11511112231 9399999999999999 4 9 461810 8399999999999999
 90 84 74 63 54 48 48 55 66 82 96108114114108 98 86 76 69 67 70 78 87 96201111SH1231114999999999999999999999 530 471853 6799999999999999
101100 95 84 70 58 50 50 57 70 87103115119115104 89 72 58 51 51 58 72 88201112SH 02810113 011999999999999999 632 491928 5099999999999999
102111111105 92 75 61 53 54 63 78 97113122122113 96 74 53 38 33 37 50 69201113SH 137112132712399999999999999 722 5320 3 3399999999999999
 92110120121112 97 79 64 59 62 73 90109124129122106 84 57 33 20 18 27 45201114SH 232121135412999999999999999 8 6 592038 1799999999999999
 71 98118127126116 99 81 69 66 72 85103122133132118 97 69 40 17  6  9 23201115SH 323128142313499999999999999 845 662115  699999999999999
 46 76105123130127117100 83 74 75 84 98116132138130111 86 55 26  5  0  7201116SH 411130145513899999999999999 921 732154  099999999999999
 24 51 83110125129125114 98 85 80 84 94109126138138124102 74 44 17  1  1201117SH 458129152814099999999999999 957 802233 -199999999999999
 11 31 59 89112123125121110 96 87 86 92103117132139133116 92 65 37 14  4201118SH 54712516 4139999999999999991034 852314  499999999999999
  7 20 40 67 93111119120115105 94 89 91 98108120132134124106 84 59 35 18201119SH 6381201642134999999999999991113 882357 1399999999999999
 13 18 31 50 74 96109114114110102 94 90 93100108119126124113 97 77 57 38201120SH 7321151722126999999999999991159 90999999999999999999999
 26 24 31 43 60 79 96106110110106100 93 91 93 98105112116113103 89 74 58201121SH 83111018 711699999999999999 042 241257 9199999999999999
 45 37 37 42 53 67 83 96104108108105 99 93 90 90 93 97102104102 95 85 75201122SH 93410819 410499999999999999 133 361427 9099999999999999
 63 54 48 48 52 60 72 85 96104107108104 98 91 86 83 83 86 90 93 93 90 85201123SH10351082036 9499999999999999 235 471631 8399999999999999
 79 71 63 58 56 59 65 76 87 98105109109104 96 87 78 73 72 74 79 85 89 91201124SH112510923 1 9199999999999999 352 561754 7299999999999999
 89 85 79 71 65 62 63 69 79 91101109112110103 92 78 67 60 59 63 71 81 90201125SH12 5112999999999999999999999 5 9 621845 5999999999999999
 95 96 93 86 77 69 65 67 73 83 95106113114109 98 83 66 53 47 48 55 68 82201126SH 045 96123911499999999999999 613 651923 4699999999999999
 95102104100 91 80 71 68 71 78 89102113117115105 90 70 52 39 35 40 52 70201127SH 14510413 811799999999999999 7 4 681956 3599999999999999
 88103111111104 93 81 73 71 75 84 97110119120112 97 77 55 36 26 27 36 54201128SH 230111133712099999999999999 747 712028 2599999999999999
 76 98112118115106 93 81 74 75 81 92106117123119106 86 62 39 23 17 23 38201129SH 3 811814 512399999999999999 825 732059 1799999999999999
 61 86107120122116104 91 80 76 80 89101114124124114 96 72 47 25 13 13 24201130SH 344122143212599999999999999 9 0 762130 1299999999999999
 45 71 97116124122114101 88 81 80 86 97110122127121105 83 58 33 15  9 142012 1SH 419124145812799999999999999 933 7922 2  999999999999999
 30 54 82106121125120110 97 86 82 85 93105118126125114 95 70 44 23 10  92012 2SH 45512515251279999999999999910 4 822234  899999999999999
 20 39 65 92112122122116105 93 86 85 90100112123126120104 83 58 34 17 102012 3SH 5321231554126999999999999991034 8423 7 1099999999999999
 14 28 49 75 99114120118111100 90 86 89 95105116123122111 94 72 49 29 162012 4SH 61312016241249999999999999911 7 862342 1499999999999999
 14 22 37 59 83103114117114106 96 89 88 92 99107116119115102 84 64 44 282012 5SH 6571171658119999999999999991144 88999999999999999999999
 20 21 30 46 67 88104112113110102 94 89 89 93 98105111112105 93 78 61 442012 6SH 747113173711299999999999999 021 191231 8899999999999999
 32 27 30 39 54 73 90103110111107100 93 88 87 90 94 99103103 97 87 75 622012 7SH 840111183010399999999999999 1 6 271339 8799999999999999
 49 40 37 39 48 61 77 92104109109105 98 90 84 82 82 84 88 92 94 91 86 782012 8SH 9331101954 9499999999999999 2 2 371531 8299999999999999
 68 58 50 47 48 55 66 81 95105110109104 95 85 77 71 69 70 75 81 86 89 882012 9SH10231102218 8999999999999999 313 4717 8 6999999999999999
 85 78 70 62 57 57 62 72 86 99108112110103 91 78 65 57 53 55 62 72 83 91201210SH11 7112999999999999999999999 430 5618 9 5399999999999999
 95 95 90 81 72 65 64 69 79 92105114116111100 84 66 50 39 36 40 51 66 83201211SH 026 95114811699999999999999 541 641857 3699999999999999
 96104105101 91 80 72 71 76 86 99112120120111 96 75 52 33 22 21 28 43 64201212SH 146105122712199999999999999 641 711940 2099999999999999
 86103113115109 98 86 78 78 83 94108120126122110 90 64 38 17  8  9 20 40201213SH 24611513 712699999999999999 733 772022  799999999999999
 67 92111120121114101 89 82 83 90101116128131123106 82 53 25  5 -2  3 18201214SH 338121134713299999999999999 819 8221 4 -299999999999999
 43 72 99116124123115101 90 85 88 96108124134134121100 73 42 15 -2 -5  3201215SH 425125142713699999999999999 9 3 852145 -599999999999999
 22 49 80105120125122112 99 89 87 91101114129137132116 93 64 34  9 -3 -2201216SH 51012515 913799999999999999 945 862225 -499999999999999
  9 30 59 88110120123118107 94 87 87 93104118131135127108 84 57 29  9  1201217SH 5511231550136999999999999991027 8623 5  199999999999999
  6 19 42 70 96112119119113101 90 84 87 94105119129129118 99 76 51 27 13201218SH 6291201632131999999999999991110 842344 1099999999999999
 10 17 33 55 80101113116114106 95 85 82 85 93104115123120108 90 70 48 30201219SH 7 41161715123999999999999991156 82999999999999999999999
 21 22 31 47 68 89105112113109100 90 82 80 83 90 99109113109 97 82 65 49201220SH 73811318 111399999999999999 022 201249 8099999999999999
 36 32 36 46 60 78 95106111109104 95 86 79 77 79 85 92 99102 98 89 77 65201221SH 813111185510299999999999999 1 1 321353 7799999999999999
 53 46 44 49 58 71 86 99107109107100 92 82 75 72 73 77 82 88 91 89 84 77201222SH 85310920 6 9199999999999999 143 441516 7299999999999999
 69 61 56 56 61 69 80 92102107108104 98 88 78 70 65 64 67 72 78 83 85 83201223SH 9371082158 8599999999999999 234 561644 6499999999999999
 80 76 71 67 66 70 76 86 95103108107103 95 84 73 62 55 53 56 63 71 80 85201224SH1025108999999999999999999999 340 661753 5399999999999999
 87 87 84 80 76 74 76 82 90 98105109107102 92 79 64 51 44 42 47 56 68 81201225SH 022 88111510999999999999999 458 741844 4299999999999999
 90 95 96 93 88 82 79 81 86 93101108110108100 87 71 53 39 32 32 40 54 70201226SH 143 9612 311099999999999999 611 791926 3199999999999999
 86 98104104 99 92 85 82 83 89 96105111113108 96 80 60 40 26 21 25 37 56201227SH 232104124611399999999999999 711 8220 4 2199999999999999
 76 95107111109103 93 86 83 86 92101110116115106 90 70 47 27 15 13 22 39201228SH 310112132411699999999999999 8 1 832040 1399999999999999
 62 85104115117112102 92 86 84 88 96106116120115102 82 58 34 15  7 10 23201229SH 34511714 012099999999999999 844 842115  799999999999999
 45 71 95112120118111100 90 84 85 91101113121122113 95 71 45 22  7  3 10201230SH 419120143412399999999999999 921 842150  399999999999999
 28 54 81104117121117107 95 87 84 87 96107119125121107 86 60 34 13  2  3201231SH 45512115 812599999999999999 955 842225  199999999999999
