  8  9 10 12 13 14 13 11  7  4  0 -3 -4 -4 -3 -1  1  4  6  8  9  9  8  720 1 1SK 5 2 142022  9999999999999991232 -4999999999999999999999
  7  7  8  9 10 11 11 10  8  5  2  0 -2 -3 -2 -1  0  3  5  7  8  8  8  720 1 2SK 543 112055  899999999999999 0 7  71311 -399999999999999
  6  6  6  6  7  7  8  8  7  6  4  2  0 -1 -1 -1  1  2  4  6  8  9  9  820 1 3SK 640  82118  999999999999999 155  61350 -199999999999999
  6  5  4  4  4  4  5  5  6  5  5  4  2  1  1  1  1  3  4  6  8  9 10  920 1 4SK 811  62145 1099999999999999 331  41432  199999999999999
  7  5  3  2  1  1  1  2  3  4  5  5  4  4  3  3  3  3  5  7  8 10 11 1120 1 5SK1036  52216 1199999999999999 437  11523  399999999999999
  9  7  4  1 -1 -2 -2 -1  1  2  4  5  6  6  5  5  4  4  5  7  9 11 12 1320 1 6SK1232  62252 1399999999999999 521 -21620  499999999999999
 12  9  5  1 -2 -4 -5 -4 -2  0  2  4  6  7  7  7  6  6  6  7  9 11 13 1420 1 7SK1341  72331 1499999999999999 6 0 -51718  699999999999999
 14 12  8  4 -1 -5 -7 -7 -6 -3 -1  2  5  7  8  8  8  7  7  7  8 10 13 1520 1 8SK1431  8999999999999999999999 639 -71810  799999999999999
 16 15 12  7  1 -4 -8 -9 -9 -7 -4 -1  3  6  8  9  9  8  7  7  7  9 12 1420 1 9SK 012 161514  999999999999999 720 -91857  799999999999999
 16 17 16 12  6 -1 -7-10-12-11 -8 -5 -1  3  7  9 10  9  8  7  7  8 10 1320 110SK 055 171553 1099999999999999 8 3-121939  799999999999999
 16 18 18 16 11  4 -4 -9-13-13-12 -9 -5 -1  4  7  9  9  8  7  6  6  8 1120 111SK 140 181632 1099999999999999 848-132021  699999999999999
 14 17 19 18 15  9  1 -6-11-14-14-12 -9 -5  0  4  7  9  8  7  6  5  6  820 112SK 227 191711  999999999999999 935-1521 4  599999999999999
 11 14 17 18 18 14  7 -1 -8-12-15-14-12 -8 -4  0  5  8  8  7  6  4  4  520 113SK 316 191750  8999999999999991023-152152  499999999999999
  7 10 14 16 17 16 12  5 -2 -8-12-14-13-11 -7 -3  1  5  7  7  6  4  3  320 114SK 4 7 171829  8999999999999991111-142249  399999999999999
  4  6  9 12 14 15 14 10  3 -3 -8-11-12-11 -9 -5 -1  3  6  7  7  5  3  220 115SK 5 1 1519 8  7999999999999991159-122356  199999999999999
  1  2  4  7  9 11 12 11  7  2 -3 -7 -9 -9 -8 -6 -2  1  4  7  7  6  4  220 116SK 559 121949  7999999999999991246 -9999999999999999999999
  0  0  0  1  4  6  8  9  8  5  2 -2 -4 -6 -6 -5 -2  0  3  6  8  8  6  420 117SK 7 6  92031  899999999999999 114  01334 -699999999999999
  1 -1 -2 -2 -2  0  2  4  5  5  4  2  0 -1 -2 -2 -1  1  3  6  8  9  9  720 118SK 833  62114  999999999999999 241 -31423 -299999999999999
  4  1 -2 -4 -5 -5 -3 -1  1  3  4  4  4  3  2  1  1  2  4  6  8 10 10  920 119SK1043  42158 1099999999999999 4 8 -51517  199999999999999
  7  4  0 -4 -6 -8 -7 -6 -4 -1  1  3  5  5  5  4  4  4  5  6  8 10 11 1220 120SK1254  52244 1299999999999999 521 -81623  499999999999999
 10  7  3 -2 -6 -8-10-10 -8 -5 -2  1  4  6  7  6  6  5  5  6  8 10 12 1320 121SK1417  72329 1399999999999999 619-101732  599999999999999
 13 11  7  2 -3 -7-10-11-11 -9 -6 -2  1  5  7  7  7  6  6  6  7  9 11 1320 122SK15 7  7999999999999999999999 7 8-111828  699999999999999
 14 13 11  6  1 -5 -9-12-12-11 -9 -6 -2  2  5  7  8  7  6  6  6  7 10 1220 123SK 014 141542  899999999999999 750-121913  699999999999999
 14 15 14 10  5 -1 -7-11-13-13-11 -8 -5 -1  3  6  7  7  6  5  5  5  7 1020 124SK 058 151613  799999999999999 829-131950  599999999999999
 13 14 15 13  9  3 -4 -9-12-13-13-10 -7 -3  0  4  6  6  5  4  3  4  5  720 125SK 141 151642  799999999999999 9 5-132024  399999999999999
 10 13 14 14 11  6  0 -6-11-13-13-12 -9 -6 -2  1  4  6  5  4  2  2  3  420 126SK 223 1417 9  699999999999999 940-142056  299999999999999
  7 10 12 13 12  9  3 -3 -8-12-13-13-11 -8 -4 -1  2  4  4  3  2  1  1  220 127SK 3 3 131735  5999999999999991013-132128  199999999999999
  4  7 10 11 12 10  6  0 -6-10-12-13-11 -9 -6 -2  1  3  4  3  1  0  0  020 128SK 341 121759  4999999999999991045-1322 3  099999999999999
  2  4  6  8 10  9  7  2 -3 -7-10-11-11 -9 -7 -4 -1  2  3  3  2  0 -1 -120 129SK 419 101820  3999999999999991114-112245 -199999999999999
  0  1  3  5  7  7  6  3 -1 -5 -8 -9-10 -9 -7 -4 -1  1  3  3  2  0 -1 -220 130SK 457  71841  3999999999999991142-102339 -299999999999999
 -2 -1  0  2  3  4  4  3  1 -3 -5 -7 -8 -7 -6 -4 -1  1  3  3  3  1  0 -220 131SK 538  519 5  39999999999999912 7 -8999999999999999999999
 -3 -3 -2 -1  0  1  2  2  1 -1 -3 -5 -5 -5 -4 -3 -1  1  3  4  4  3  1 -120 2 1SK 628  21934  499999999999999 046 -31229 -599999999999999
 -2 -4 -4 -4 -3 -2 -1  0  0 -1 -2 -2 -3 -3 -3 -2  0  1  3  4  5  5  3  120 2 2SK 741  02010  599999999999999 2 5 -41242 -399999999999999
 -1 -3 -5 -6 -6 -5 -4 -3 -2 -1 -1 -1 -1 -1 -1  0  1  2  3  5  6  6  6  420 2 3SK2056  6999999999999999999999 327 -6999999999999999999999
  1 -2 -5 -7 -8 -8 -7 -6 -4 -3 -1  0  0  1  1  1  2  2  3  5  6  7  7  720 2 4SK2150  7999999999999999999999 435 -8999999999999999999999
  4  1 -3 -6 -9-10-10 -9 -7 -5 -3 -1  1  2  3  3  3  3  3  4  6  7  9  920 2 5SK2246  9999999999999999999999 529-10999999999999999999999
  8  5  1 -4 -8-11-13-13-11 -8 -6 -3  0  2  3  4  3  3  3  3  5  7  9 1020 2 6SK1455  42341 1199999999999999 617-131750  399999999999999
 11  9  5  0 -6-11-14-15-15-12 -9 -6 -2  1  3  4  4  3  2  2  3  5  8 1020 2 7SK1513  4999999999999999999999 7 4-151840  299999999999999
 12 12 10  5 -1 -8-14-17-18-16-13 -9 -6 -2  2  4  4  3  2  1  1  3  5  920 2 8SK 035 121538  499999999999999 750-181924  199999999999999
 12 13 13 10  5 -3-10-16-19-19-17-13 -9 -5 -1  3  4  4  2  0 -1  0  2  520 2 9SK 130 1416 6  499999999999999 836-1920 7 -199999999999999
  9 12 14 14 10  4 -5-12-17-19-19-16-12 -8 -4  1  4  4  2  0 -2 -3 -2  120 210SK 225 141637  499999999999999 921-202054 -399999999999999
  5  9 12 14 13  9  2 -6-13-17-19-18-15-11 -6 -2  2  4  3  0 -2 -4 -5 -320 211SK 319 1417 9  49999999999999910 7-192146 -599999999999999
  0  4  8 11 13 12  7  0 -7-13-16-17-15-12 -8 -4  1  4  4  2 -1 -4 -6 -620 212SK 413 131741  4999999999999991051-172245 -699999999999999
 -5 -2  2  6  9 10  9  5 -2 -7-11-13-14-12 -8 -5 -1  3  5  4  1 -2 -5 -720 213SK 5 8 101814  5999999999999991133-142349 -899999999999999
 -7 -6 -4  0  3  6  7  6  2 -2 -6 -9-10 -9 -7 -4 -1  2  4  5  4  0 -3 -620 214SK 6 6  71849  5999999999999991214-10999999999999999999999
 -8 -9 -8 -6 -3  0  2  4  3  1 -2 -4 -5 -6 -5 -3 -1  2  4  6  6  4  1 -320 215SK 713  41925  699999999999999 1 0 -91252 -699999999999999
 -6 -8 -9 -9 -8 -6 -4 -1  0  1  0  0 -1 -2 -2 -1  1  2  4  6  6  6  4  120 216SK 853  120 7  699999999999999 222-101326 -299999999999999
 -2 -6 -9-10-11-10 -8 -6 -4 -2  0  1  1  1  1  2  2  3  4  5  7  7  6  520 217SK2059  7999999999999999999999 354-11999999999999999999999
  2 -2 -6 -9-11-12-12-10 -8 -5 -3  0  2  3  3  3  3  3  4  5  6  7  8  720 218SK22 3  8999999999999999999999 514-12999999999999999999999
  5  2 -2 -6-10-12-13-13-11 -9 -6 -2  1  3  4  4  4  4  3  4  5  7  8  820 219SK1448  423 6  899999999999999 614-131747  399999999999999
  8  6  2 -2 -7-11-13-14-13-11 -9 -5 -2  2  4  4  4  3  3  3  3  5  7  820 220SK15 6  4999999999999999999999 7 1-141837  399999999999999
  9  8  6  1 -4 -9-12-14-14-13-11 -8 -4  0  2  4  4  3  2  1  1  3  5  720 221SK 0 2  91523  499999999999999 739-141913  199999999999999
  9 10  8  5  0 -6-10-14-15-14-12 -9 -6 -3  1  3  3  2  1  0 -1  0  2  520 222SK 053 101542  399999999999999 812-151944 -199999999999999
  8  9  9  8  3 -2 -8-12-15-15-14-11 -8 -4 -1  2  3  2  0 -2 -2 -2  0  220 223SK 139 1016 1  399999999999999 842-152012 -299999999999999
  5  8  9  9  6  1 -5-10-14-15-14-12 -9 -6 -2  0  2  2  0 -2 -4 -4 -3 -120 224SK 221  91619  299999999999999 911-152041 -499999999999999
  3  5  8  9  7  4 -2 -8-12-14-14-13-10 -7 -3  0  2  2  0 -2 -4 -5 -5 -320 225SK 3 2  91636  299999999999999 939-142113 -599999999999999
 -1  2  5  7  7  5  1 -5 -9-12-13-13-10 -7 -4 -1  1  2  1 -2 -4 -6 -6 -520 226SK 340  71653  29999999999999910 6-132147 -699999999999999
 -3 -1  2  4  6  5  2 -2 -7-10-11-11-10 -7 -4 -1  1  2  2 -1 -4 -6 -7 -720 227SK 419  61711  2999999999999991031-122227 -799999999999999
 -6 -3 -1  1  3  4  3  0 -4 -7 -9 -9 -9 -7 -4 -1  1  3  3  1 -2 -5 -7 -720 228SK 458  41731  3999999999999991054 -92313 -899999999999999
 -7 -6 -4 -2  0  2  2  1 -2 -5 -6 -7 -7 -5 -3 -1  1  3  4  3  0 -3 -6 -720 229SK 541  21754  4999999999999991113 -7999999999999999999999
 -8 -8 -6 -4 -3 -1  0  0 -1 -3 -4 -4 -4 -4 -2  0  2  3  4  4  2 -1 -4 -620 3 1SK 632  01819  499999999999999 0 6 -81120 -599999999999999
 -8 -8 -8 -7 -5 -4 -2 -1 -1 -2 -2 -2 -2 -2 -1  1  2  3  4  5  4  2 -1 -420 3 2SK 746 -11850  599999999999999 1 9 -81055 -299999999999999
 -6 -8 -9 -9 -8 -7 -5 -4 -3 -2 -1 -1  0  0  1  2  3  4  4  5  5  4  2 -120 3 3SK1934  5999999999999999999999 225 -9999999999999999999999
 -4 -7 -9-10-11-10 -9 -7 -5 -3 -2  0  1  2  2  2  3  3  4  5  6  6  5  320 3 4SK2042  6999999999999999999999 346-11999999999999999999999
  0 -4 -7-10-12-13-12-10 -8 -6 -3 -1  1  2  3  3  3  3  3  4  5  6  7  620 3 5SK22 3  7999999999999999999999 456-13999999999999999999999
  4  1 -3 -8-12-14-15-14-12 -9 -6 -3  0  2  3  3  3  2  2  2  4  6  7  820 3 6SK1428  32317  899999999999999 552-151747  299999999999999
  8  6  2 -4 -9-14-16-17-15-12 -9 -5 -2  1  3  3  2  1  0  0  1  4  6  920 3 7SK1438  4999999999999999999999 642-171832  099999999999999
 10 10  7  2 -4-11-16-18-18-16-12 -8 -4  0  3  4  3  1 -1 -2 -2  0  3  720 3 8SK 024 101459  499999999999999 728-181915 -299999999999999
 10 11 11  8  2 -5-12-17-19-18-15-11 -7 -2  1  4  4  1 -2 -4 -5 -4 -1  320 3 9SK 127 111524  499999999999999 814-1920 0 -599999999999999
  7 10 12 12  8  1 -6-13-17-18-16-13 -9 -4  0  4  5  3 -1 -5 -7 -8 -6 -320 310SK 227 121552  599999999999999 858-182049 -899999999999999
  2  6 10 12 12  7  0 -7-12-15-16-14-10 -5 -1  3  5  5  1 -3 -7 -9-10 -820 311SK 324 121622  699999999999999 941-162142-1099999999999999
 -4  0  5  9 11 10  6 -1 -6-10-12-12 -9 -6 -2  2  5  7  4  0 -5 -9-11-1120 312SK 418 111652  7999999999999991023-122239-1199999999999999
 -9 -6 -1  3  7  9  8  4 -1 -5 -7 -8 -7 -5 -1  2  5  7  7  4 -1 -6 -9-1120 313SK 514  91722  89999999999999911 3 -82340-1299999999999999
-12-10 -7 -3  1  4  6  5  3  0 -2 -4 -4 -3  0  2  5  7  8  7  3 -2 -6 -920 314SK 613  61753  8999999999999991139 -4999999999999999999999
-11-12-11 -8 -5 -2  1  3  3  2  1  0  0  0  1  3  5  7  8  8  6  2 -2 -520 315SK 730  31824  899999999999999 046-121212  099999999999999
 -8-11-12-11 -9 -7 -4 -1  1  2  3  3  3  3  3  4  5  7  8  8  7  6  3 -120 316SK19 0  8999999999999999999999 2 3-12999999999999999999999
 -4 -8-10-11-11-10 -8 -6 -3  0  2  4  4  5  5  5  5  6  7  7  8  7  6  320 317SK1953  8999999999999999999999 333-11999999999999999999999
  0 -3 -7 -9-11-11-11 -9 -6 -3  0  2  5  6  6  6  5  5  5  6  7  7  7  620 318SK14 0  62122  799999999999999 453-1117 7  599999999999999
  4  1 -3 -6 -9-11-12-11 -9 -6 -3  0  3  5  6  6  5  4  4  4  5  6  7  720 319SK1412  62252  799999999999999 553-121810  499999999999999
  6  4  1 -3 -7-10-11-12-10 -8 -5 -2  1  4  5  5  4  3  2  2  3  4  6  720 320SK1425  62358  899999999999999 637-121845  299999999999999
  8  7  4  0 -4 -8-11-12-11 -9 -7 -4  0  3  5  5  4  2  1  0  0  2  4  620 321SK1439  5999999999999999999999 711-121913  099999999999999
  7  8  7  4 -1 -6 -9-11-11-10 -8 -5 -1  2  4  5  3  1 -1 -2 -2 -1  1  420 322SK 051  81452  599999999999999 740-111938 -299999999999999
  6  8  8  6  2 -3 -7-10-11-10 -8 -5 -2  1  3  4  4  1 -1 -3 -4 -3 -1  120 323SK 138  815 6  499999999999999 8 5-1120 3 -499999999999999
  4  7  8  8  5  0 -5 -8-10-10 -9 -6 -3  1  3  5  4  2 -1 -4 -5 -5 -4 -120 324SK 221  81519  599999999999999 831-102030 -599999999999999
  2  5  7  8  7  3 -2 -6 -8 -9 -8 -6 -3  1  3  5  5  3  0 -4 -6 -7 -6 -420 325SK 3 1  81534  699999999999999 857 -921 0 -799999999999999
 -1  2  5  7  7  5  1 -3 -6 -7 -7 -5 -3  1  4  6  6  5  1 -3 -6 -7 -7 -620 326SK 340  71552  799999999999999 922 -82134 -899999999999999
 -4 -1  2  5  7  6  3  0 -3 -5 -5 -4 -2  1  4  6  7  7  4 -1 -5 -7 -8 -820 327SK 420  71612  899999999999999 947 -52211 -899999999999999
 -6 -3  0  2  5  6  5  2 -1 -2 -3 -3 -1  2  4  7  8  8  6  2 -3 -6 -8 -820 328SK 5 1  61634  89999999999999910 9 -32252 -899999999999999
 -8 -5 -3  0  2  4  5  4  2  0  0  0  1  2  5  7  8  9  8  5  0 -4 -7 -820 329SK 547  51657  9999999999999991022  02339 -899999999999999
 -8 -7 -5 -3 -1  2  3  4  3  2  2  2  2  4  5  7  8  9  9  7  3 -1 -4 -720 330SK 644  41720  99999999999999910 6  2999999999999999999999
 -8 -8 -7 -5 -3 -1  1  2  3  3  3  4  4  5  6  7  8  9  9  8  6  3 -1 -420 331SK1746  9999999999999999999999 035 -8999999999999999999999
 -7 -8 -8 -8 -6 -4 -2  0  2  3  4  5  5  6  7  7  8  9  9  9  8  6  3  020 4 1SK1826  9999999999999999999999 143 -9999999999999999999999
 -4 -7 -8 -9 -9 -7 -5 -3 -1  2  4  5  6  7  7  7  7  8  8  9  9  8  7  420 4 2SK1944  9999999999999999999999 3 4 -9999999999999999999999
  0 -3 -7 -9-10-10 -9 -6 -4 -1  2  5  6  7  7  7  6  6  6  7  8  9  9  820 4 3SK1331  72129  999999999999999 420-101651  699999999999999
  5  2 -3 -7-10-11-11 -9 -7 -3  0  3  6  7  7  6  5  4  4  5  6  8 10 1020 4 4SK1330  723 2 1099999999999999 521-121741  499999999999999
 10  7  3 -2 -7-11-12-12 -9 -6 -2  2  5  7  8  6  4  2  1  1  3  5  8 1020 4 5SK1346  8999999999999999999999 612-121823  199999999999999
 12 11  9  4 -2 -8-11-12-11 -8 -4  0  4  7  8  8  5  1 -1 -2 -2  1  4  820 4 6SK 021 1214 8  899999999999999 659-1219 7 -299999999999999
 11 13 13 10  4 -2 -7-10-11 -9 -5 -1  3  7  9  9  7  2 -2 -5 -5 -4 -1  420 4 7SK 129 131435 1099999999999999 743-111953 -599999999999999
  8 11 14 14 10  4 -2 -6 -8 -8 -6 -2  2  6 10 11 10  5 -1 -5 -7 -8 -6 -220 4 8SK 231 1415 3 1199999999999999 827 -92043 -899999999999999
  3  7 11 14 14 10  4 -1 -4 -5 -5 -2  2  6 10 12 13  9  3 -3 -7 -9-10 -720 4 9SK 327 141533 1399999999999999 9 9 -52136-1099999999999999
 -3  1  6 11 13 13  9  5  1 -1 -1  0  3  7 10 13 14 13  8  1 -4 -8-10-1020 410SK 423 1416 2 1499999999999999 950 -22230-1199999999999999
 -8 -4  0  5  9 12 12  9  6  4  3  3  4  7 10 13 15 15 12  7  1 -5 -8-1020 411SK 521 121632 15999999999999991030  22327-1099999999999999
-10 -8 -5  0  4  8 10 10  9  7  6  6  6  8 10 13 15 16 14 11  6  0 -4 -720 412SK 627 1017 1 169999999999999911 6  6999999999999999999999
 -9 -9 -7 -5 -1  3  6  8  9  9  9  9  9  9 11 12 14 15 15 13 10  5  1 -320 413SK 829  91730 1599999999999999 028 -91139  999999999999999
 -6 -8 -8 -7 -5 -2  2  5  7  9 10 10 11 11 11 12 13 13 14 13 12  9  6  220 414SK18 2 14999999999999999999999 139 -8999999999999999999999
 -1 -4 -6 -7 -6 -4 -2  1  4  7  9 11 11 11 11 11 11 12 12 12 12 11  9  620 415SK1849 12999999999999999999999 3 0 -7999999999999999999999
  3  0 -3 -5 -6 -5 -4 -2  1  4  7 10 11 12 11 11 10 10 10 10 11 11 10  920 416SK13 2 122034 1199999999999999 416 -61719 1099999999999999
  7  4  0 -2 -4 -5 -5 -3 -1  2  5  8 10 11 11 10  9  8  8  8  9  9 10 1020 417SK1317 112232 1099999999999999 513 -518 8  899999999999999
  9  7  4  1 -2 -4 -5 -4 -2  1  4  7  9 11 11 10  8  7  6  6  6  8  9 1020 418SK1329 112347 1099999999999999 555 -51837  599999999999999
 10  9  7  4  0 -2 -4 -4 -2  0  3  6  9 10 11  9  7  5  4  3  4  5  7  920 419SK1340 11999999999999999999999 626 -419 1  399999999999999
 10 11  9  6  3  0 -2 -3 -2  0  3  6  8 10 11 10  7  4  2  1  2  3  5  720 420SK 045 111350 1199999999999999 653 -31923  199999999999999
 10 11 11  9  6  2 -1 -2 -1  0  3  6  9 11 12 11  8  4  2  0 -1  0  3  520 421SK 133 1114 1 1299999999999999 718 -21946 -199999999999999
  8 10 12 11  9  5  2  0  0  1  3  6  9 12 13 12 10  6  2 -1 -2 -2  0  320 422SK 217 121415 1399999999999999 743  02013 -299999999999999
  6  9 11 12 11  8  5  2  1  2  4  7 10 12 14 14 12  8  3 -1 -3 -3 -2  120 423SK 258 121435 1599999999999999 810  12043 -399999999999999
  4  7 10 12 12 10  8  5  4  3  5  7 10 13 15 16 15 11  5  0 -3 -4 -4 -220 424SK 339 121458 1699999999999999 838  32117 -499999999999999
  1  5  8 11 12 12 10  8  6  6  6  8 10 13 16 17 17 14  9  3 -1 -4 -4 -320 425SK 421 131523 1799999999999999 9 5  62154 -499999999999999
 -1  2  5  9 11 12 12 10  9  8  8  9 11 13 16 17 18 16 12  6  1 -2 -4 -420 426SK 5 6 121549 1899999999999999 928  82235 -499999999999999
 -3  0  3  6  9 11 12 11 10 10 10 10 12 14 16 17 18 18 15 10  5  0 -3 -420 427SK 558 121614 1899999999999999 931 102321 -499999999999999
 -4 -2  0  3  6  9 11 12 12 11 12 12 13 14 15 17 18 18 17 13  9  4  0 -320 428SK1639 189999999999999999999999999999999999999999999999999
 -4 -3 -2  1  3  6  9 11 12 12 13 13 13 14 15 16 17 18 17 16 12  8  4  020 429SK1710 18999999999999999999999 014 -4999999999999999999999
 -2 -3 -3 -2  0  3  6  8 10 12 13 14 14 14 15 15 16 16 17 16 15 12  8  420 430SK1759 17999999999999999999999 117 -4999999999999999999999
  1 -2 -3 -3 -2  0  2  5  8 11 13 14 14 14 14 14 14 14 15 16 16 15 12  920 5 1SK1924 16999999999999999999999 232 -3999999999999999999999
  6  2 -1 -3 -3 -2  0  3  6  9 12 14 15 14 13 12 12 12 12 14 15 15 15 1420 5 2SK1212 152115 1599999999999999 344 -31632 1299999999999999
 11  7  3 -1 -3 -3 -2  1  4  8 11 14 15 15 14 12 10  9  9 10 12 14 15 1620 5 3SK1226 152258 1699999999999999 445 -31725  999999999999999
 15 13  9  4  0 -2 -2  0  3  6 10 13 16 16 15 12  9  6  5  6  8 11 14 1620 5 4SK1248 16999999999999999999999 537 -21810  599999999999999
 17 17 14 10  5  2  0  0  2  6 10 13 16 18 17 14  9  5  3  2  3  6  9 1320 5 5SK 023 171314 1899999999999999 624  01856  299999999999999
 16 18 19 16 11  7  4  2  3  6 10 14 17 19 20 17 12  7  2 -1 -1  1  4  920 5 6SK 133 191343 2099999999999999 7 8  21944 -199999999999999
 13 17 19 20 17 13  9  6  6  7 10 14 18 20 22 21 17 10  4 -1 -3 -3 -1  320 5 7SK 234 201413 2299999999999999 752  62034 -399999999999999
  8 13 17 20 20 17 14 11  9  9 11 14 18 21 23 24 22 16  9  2 -2 -4 -4 -120 5 8SK 332 211444 2499999999999999 834  92125 -499999999999999
  3  8 12 17 20 20 18 15 13 12 13 15 18 21 24 25 25 21 14  7  1 -2 -4 -420 5 9SK 430 201517 2699999999999999 916 122217 -499999999999999
 -1  3  7 12 17 19 19 18 17 16 15 16 18 21 24 25 26 24 20 13  7  2 -2 -320 510SK 532 201549 2699999999999999 957 152311 -399999999999999
 -3  0  3  8 12 16 18 19 18 18 17 17 18 20 22 24 26 25 23 18 12  7  2 -120 511SK 650 191621 26999999999999991036 17999999999999999999999
 -2 -1  1  4  8 12 15 18 19 19 19 19 19 20 21 23 24 24 23 21 16 12  7  420 512SK1653 24999999999999999999999 0 8 -2999999999999999999999
  1  0  1  2  5  8 12 15 17 19 19 19 19 19 20 21 22 22 22 21 19 15 12  820 513SK1728 22999999999999999999999 1 9  0999999999999999999999
  5  3  2  2  4  6  9 12 15 17 19 20 20 19 19 19 19 20 20 20 19 17 15 1220 514SK1134 201813 2099999999999999 217  21426 1999999999999999
  9  6  4  4  4  5  7 10 13 15 18 19 19 19 18 18 17 17 18 18 18 17 16 1520 515SK1157 191939 1899999999999999 323  31637 1799999999999999
 12 10  7  6  5  5  6  8 11 14 17 18 19 19 18 17 16 15 15 15 16 16 17 1620 516SK1213 192152 1799999999999999 417  51737 1599999999999999
 15 13 10  8  7  6  7  8 11 13 16 18 19 19 18 16 14 13 13 13 14 15 16 1720 517SK1223 192325 1799999999999999 457  618 9 1399999999999999
 16 15 13 11  9  8  8  9 11 13 16 18 20 20 18 16 13 12 10 10 11 13 14 1620 518SK1231 20999999999999999999999 529  71834 1099999999999999
 17 17 16 14 11 10  9 10 11 14 17 19 21 21 19 17 13 11  9  8  9 11 13 1520 519SK 031 171240 2199999999999999 558  91857  899999999999999
 17 18 18 16 14 12 11 11 12 15 17 20 22 23 22 19 14 11  8  7  7  8 11 1320 520SK 125 181255 2399999999999999 626 111921  799999999999999
 16 18 19 19 17 15 13 13 13 15 18 21 23 25 24 21 17 12  8  6  5  6  8 1120 521SK 211 191317 2599999999999999 655 131950  599999999999999
 14 17 20 20 19 17 16 15 15 16 18 21 24 26 26 24 20 14  9  6  4  4  6  920 522SK 255 201344 2699999999999999 727 142022  499999999999999
 12 16 19 21 21 20 18 17 16 17 19 21 24 27 28 27 24 18 12  7  4  3  4  720 523SK 339 211414 2899999999999999 759 162058  399999999999999
 10 13 17 20 22 21 20 19 18 18 19 21 24 27 28 29 27 22 16 10  6  3  3  520 524SK 424 221445 2999999999999999 830 182138  399999999999999
  8 11 14 18 21 22 22 21 20 20 20 21 24 26 28 29 29 26 20 14  8  5  3  320 525SK 513 221517 2999999999999999 857 202221  399999999999999
  5  8 12 15 18 21 22 22 21 21 21 22 23 25 28 29 29 28 24 18 12  7  4  320 526SK 612 221550 2999999999999999 912 2123 9  399999999999999
  4  6  9 12 15 19 21 22 22 22 22 22 23 24 26 28 29 29 27 23 17 12  7  520 527SK1626 299999999999999999999999999999999999999999999999999
  4  4  6  9 12 16 19 21 22 22 22 23 23 23 25 26 27 28 27 25 21 16 12  820 528SK17 9 28999999999999999999999 0 2  4999999999999999999999
  5  4  5  7 10 13 16 19 21 22 23 23 23 22 23 24 25 26 26 26 24 21 17 1220 529SK18 9 26999999999999999999999 1 0  4999999999999999999999
  9  6  6  6  8 10 14 17 20 22 23 23 23 22 21 21 22 23 24 25 25 24 21 1820 530SK1034 231933 2599999999999999 2 5  61436 2199999999999999
 14 10  8  7  8  9 12 15 19 22 24 24 23 22 20 19 18 19 20 22 23 24 24 2220 531SK1057 242117 2499999999999999 3 9  716 2 1899999999999999
 19 16 12 10  9 10 12 15 18 21 24 25 25 23 21 18 16 15 16 17 20 22 23 2420 6 1SK1122 2523 1 2499999999999999 4 8  917 4 1599999999999999
 23 21 18 15 13 12 13 15 18 21 24 27 27 26 23 18 15 12 12 13 15 18 21 2420 6 2SK1151 27999999999999999999999 5 0 121756 1299999999999999
 25 25 23 20 17 15 15 16 18 22 25 28 29 29 26 21 16 12  9  9 10 13 17 2120 6 3SK 029 251221 3099999999999999 548 151845  999999999999999
 24 26 27 25 22 20 18 18 20 22 26 29 31 32 30 26 20 14  9  7  7  9 12 1620 6 4SK 140 271253 3299999999999999 633 181934  699999999999999
 21 25 27 28 26 24 22 21 21 23 26 30 32 34 34 31 25 18 12  7  5  5  8 1220 6 5SK 243 281328 3499999999999999 717 212024  599999999999999
 16 21 25 28 29 27 25 24 23 24 26 29 33 35 36 35 31 24 16 10  6  5  5  820 6 6SK 342 2914 4 3699999999999999 8 1 232113  599999999999999
 12 17 21 26 29 29 28 26 25 25 26 29 32 35 36 37 35 29 22 15 10  6  5  620 6 7SK 440 291441 3799999999999999 844 2522 3  599999999999999
  9 13 17 22 26 28 29 28 27 26 27 28 30 33 35 37 36 33 28 21 15 10  7  620 6 8SK 541 291519 3799999999999999 926 262252  699999999999999
  8 10 14 18 22 26 28 28 28 27 27 27 29 31 33 35 36 35 31 26 20 15 11  920 6 9SK 648 281557 369999999999999910 7 272343  899999999999999
  8  9 12 15 19 23 26 27 28 28 27 27 28 29 31 33 34 34 32 29 24 19 15 1220 610SK 8 7 281634 34999999999999991051 27999999999999999999999
 10 10 11 14 16 20 23 26 27 28 28 27 27 28 29 30 31 32 31 30 27 23 19 1520 611SK1713 32999999999999999999999 033 10999999999999999999999
 13 12 12 13 15 18 21 24 26 27 27 27 27 27 27 27 28 29 29 29 27 25 22 1920 612SK1011 271758 2999999999999999 125 121314 2799999999999999
 16 15 14 14 15 17 20 22 25 26 27 27 27 26 26 25 25 26 26 27 26 25 24 2220 613SK1038 2719 3 2799999999999999 216 1415 9 2599999999999999
 19 18 16 16 16 17 19 22 24 26 27 28 27 26 25 24 23 23 24 24 25 25 25 2420 614SK1052 282051 2599999999999999 3 3 161635 2399999999999999
 22 20 19 18 18 18 20 22 24 26 28 28 28 27 25 23 22 21 21 22 23 24 24 2520 615SK11 2 282252 2599999999999999 345 181722 2199999999999999
 24 23 22 20 20 20 21 23 25 27 29 30 29 28 25 23 21 19 19 19 20 22 23 2520 616SK1113 30999999999999999999999 423 201754 1999999999999999
 25 25 24 23 22 22 22 24 26 28 30 32 32 30 27 24 20 18 17 17 18 20 22 2420 617SK 019 251132 3299999999999999 459 221822 1799999999999999
 26 27 27 26 25 24 24 24 26 29 31 33 34 33 30 26 21 18 16 15 16 18 20 2320 618SK 122 271158 3499999999999999 536 241852 1599999999999999
 25 27 28 28 27 26 25 26 27 29 32 34 36 36 33 29 24 19 15 14 14 15 18 2120 619SK 213 281230 3699999999999999 614 251925 1499999999999999
 24 27 29 30 29 28 27 27 27 29 32 34 37 38 37 33 28 22 17 13 12 13 16 1920 620SK 259 3013 5 3899999999999999 652 2720 2 1299999999999999
 22 25 28 30 31 30 29 28 28 29 31 34 37 39 39 37 32 26 19 15 12 12 13 1620 621SK 343 311342 3999999999999999 730 282042 1199999999999999
 19 23 26 29 31 31 30 29 29 29 31 33 36 38 40 39 36 31 24 17 13 11 11 1320 622SK 428 311421 4099999999999999 8 6 292125 1199999999999999
 16 20 24 27 30 31 31 30 30 30 30 32 35 37 39 40 39 35 29 22 16 12 11 1120 623SK 514 3115 1 4099999999999999 841 292211 1199999999999999
 14 17 21 24 28 30 31 31 30 30 30 31 33 36 38 40 40 38 34 27 20 15 12 1120 624SK 6 2 311543 4099999999999999 920 302259 1199999999999999
 12 14 18 21 25 28 31 31 31 30 30 30 31 33 36 38 39 39 37 32 26 20 15 1220 625SK 651 311630 399999999999999910 9 302349 1299999999999999
 12 13 16 19 22 26 29 31 31 30 30 29 29 31 32 35 36 37 37 35 30 25 20 1620 626SK 739 311723 38999999999999991118 29999999999999999999999
 14 13 15 17 20 24 27 30 31 31 30 29 29 28 29 31 33 34 35 35 33 30 25 2120 627SK 825 311826 3599999999999999 042 131241 2899999999999999
 18 16 16 17 20 23 26 29 31 32 32 30 29 27 27 27 28 30 32 33 33 32 30 2620 628SK 9 6 321945 3399999999999999 136 161411 2799999999999999
 23 20 19 19 20 22 25 28 31 33 33 32 30 28 26 24 24 25 27 29 31 32 32 3020 629SK 944 342125 3299999999999999 232 191536 2499999999999999
 28 26 24 22 22 24 26 29 32 34 35 35 33 30 26 23 22 21 22 24 27 29 31 3220 630SK1021 352316 3299999999999999 328 221647 2199999999999999
 32 30 28 27 26 26 27 29 32 35 37 38 37 34 29 25 21 19 19 20 22 25 28 3120 7 1SK1057 38999999999999999999999 423 261746 1899999999999999
 33 33 32 31 29 29 29 30 33 36 38 40 40 38 34 28 23 19 17 16 18 21 24 2820 7 2SK 048 331135 4099999999999999 516 291838 1699999999999999
 31 34 35 34 33 32 31 32 33 36 39 41 42 42 39 33 27 21 17 15 15 17 20 2420 7 3SK 2 2 351214 4299999999999999 6 6 311927 1599999999999999
 28 32 35 36 35 34 33 33 33 35 38 41 43 44 43 39 32 26 20 16 14 15 17 2120 7 4SK 3 2 361256 4499999999999999 654 332015 1499999999999999
 25 29 33 36 37 36 35 34 34 35 37 40 43 45 45 43 38 31 24 19 15 14 15 1820 7 5SK 354 371338 4599999999999999 738 3421 1 1499999999999999
 22 26 30 34 36 37 36 34 34 34 35 38 41 44 45 45 42 37 29 23 18 15 15 1620 7 6SK 441 371421 4599999999999999 820 342146 1599999999999999
 19 23 27 31 34 36 36 35 34 34 34 36 39 42 44 45 44 40 34 28 22 18 16 1620 7 7SK 525 3615 4 4599999999999999 9 0 342229 1699999999999999
 18 21 24 28 32 34 35 35 34 33 33 34 36 39 41 43 43 42 38 32 26 21 18 1720 7 8SK 6 7 351545 4499999999999999 938 332311 1799999999999999
 18 20 22 26 29 32 34 35 34 33 33 33 34 36 38 40 41 41 39 35 30 25 21 1920 7 9SK 648 351624 42999999999999991018 332351 1999999999999999
 19 20 22 24 27 30 33 34 34 33 33 32 33 34 35 37 38 39 38 36 32 28 25 2220 710SK 727 3417 4 399999999999999911 6 32999999999999999999999
 21 21 22 24 26 29 32 33 34 33 33 32 32 32 33 34 35 36 37 36 34 31 28 2520 711SK 8 3 341747 3799999999999999 028 211212 3299999999999999
 23 23 23 25 27 29 31 33 34 34 33 32 32 31 31 31 32 33 34 34 33 32 30 2820 712SK 831 341842 3499999999999999 1 4 231336 3199999999999999
 26 25 25 26 27 29 31 33 34 35 34 33 32 31 30 30 30 30 31 32 32 32 31 3020 713SK 856 3520 5 3299999999999999 139 2515 8 3099999999999999
 29 28 28 28 29 30 32 34 35 36 36 35 33 31 30 28 28 28 28 29 30 31 32 3220 714SK 922 362226 3299999999999999 216 281619 2899999999999999
 31 31 30 30 30 31 33 34 36 37 38 37 35 33 30 28 26 26 26 27 28 30 31 3220 715SK 954 38999999999999999999999 3 0 3017 7 2699999999999999
 33 33 33 32 32 32 33 35 37 39 40 40 38 35 32 28 26 24 24 24 26 28 30 3220 716SK 036 331030 4099999999999999 356 321746 2499999999999999
 34 34 35 34 34 34 34 35 37 39 41 42 41 39 35 31 26 23 22 22 23 26 28 3120 717SK 147 351110 4299999999999999 455 341824 2299999999999999
 33 35 36 36 35 35 35 35 37 39 41 43 44 42 39 34 29 24 21 20 21 23 26 2920 718SK 232 361152 4499999999999999 548 3519 3 2099999999999999
 32 34 36 37 37 36 35 35 36 38 41 43 45 45 43 39 33 27 22 19 19 20 23 2620 719SK 3 8 371236 4599999999999999 633 351944 1999999999999999
 29 33 36 37 38 37 36 35 36 37 40 43 45 47 46 43 38 31 24 20 18 18 20 2320 720SK 342 381321 4799999999999999 713 352027 1799999999999999
 26 30 34 36 38 37 36 35 35 36 38 41 44 46 48 47 43 36 29 22 18 16 17 2020 721SK 415 3814 7 4899999999999999 751 352112 1699999999999999
 23 27 31 35 37 38 37 35 35 35 36 38 42 45 47 48 46 42 34 27 21 17 16 1720 722SK 450 381455 4899999999999999 830 342158 1699999999999999
 20 24 28 32 35 37 37 36 34 34 34 35 38 42 45 47 47 45 40 33 26 20 18 1720 723SK 525 381546 4799999999999999 915 342244 1799999999999999
 19 22 26 29 33 36 38 37 35 33 33 33 35 38 41 44 46 46 43 38 31 25 21 1920 724SK 6 0 381639 46999999999999991010 332331 1999999999999999
 19 21 24 28 31 35 37 38 36 34 33 32 32 34 36 39 42 43 44 41 36 31 26 2320 725SK 637 381735 44999999999999991116 32999999999999999999999
 22 22 24 27 30 34 37 38 38 36 34 32 31 31 32 34 37 39 41 41 39 36 32 2820 726SK 715 381839 4199999999999999 017 221232 3199999999999999
 26 25 26 28 30 33 36 39 39 38 36 34 31 30 29 30 32 34 36 38 39 38 36 3320 727SK 754 391956 3999999999999999 1 4 251354 2999999999999999
 31 30 29 30 32 34 36 39 40 41 39 37 33 31 28 27 27 29 31 33 35 37 37 3720 728SK 837 412147 3799999999999999 153 291519 2799999999999999
 35 34 33 33 34 35 37 39 41 42 42 40 37 33 30 27 25 25 26 28 31 34 36 3720 729SK 923 42999999999999999999999 248 331638 2599999999999999
 38 38 37 36 36 36 38 39 41 43 44 44 41 38 33 29 25 24 23 24 27 30 33 3620 730SK 0 3 381012 4499999999999999 354 361742 2399999999999999
 38 39 39 39 38 38 38 39 41 43 45 46 45 42 38 33 28 24 22 22 23 26 29 3320 731SK 136 3911 2 4699999999999999 5 5 381835 2299999999999999
 36 39 40 41 40 39 39 39 41 43 45 47 47 46 43 38 32 26 23 21 21 23 26 3020 8 1SK 232 411152 4799999999999999 6 4 391923 2199999999999999
 34 37 40 41 41 40 39 39 39 41 44 46 48 48 47 43 37 30 25 22 21 21 24 2720 8 2SK 312 411241 4899999999999999 650 3920 6 2199999999999999
 31 35 38 40 41 40 39 38 38 39 42 45 47 49 49 46 41 35 29 24 21 21 22 2520 8 3SK 345 411329 4999999999999999 730 382046 2199999999999999
 28 32 36 39 40 40 39 37 37 37 39 42 45 48 49 48 45 39 33 27 23 21 21 2320 8 4SK 416 401414 4999999999999999 8 6 372124 2199999999999999
 26 30 33 37 39 40 39 37 36 36 37 39 42 45 47 48 47 43 37 31 26 23 22 2320 8 5SK 445 401458 4899999999999999 840 362159 2299999999999999
 25 28 31 35 38 39 39 37 35 35 35 36 39 42 45 46 46 44 40 34 29 25 23 2320 8 6SK 512 391538 4799999999999999 914 352233 2399999999999999
 25 27 30 33 36 38 38 37 35 34 34 34 36 39 41 43 45 44 42 37 32 28 25 2520 8 7SK 537 391618 4599999999999999 950 3423 4 2599999999999999
 25 27 30 33 35 37 38 37 36 34 33 33 34 36 38 40 42 42 41 39 35 31 28 2720 8 8SK 6 0 381658 42999999999999991033 332332 2799999999999999
 27 28 30 32 35 37 38 38 37 35 33 33 33 34 35 37 39 40 40 39 36 33 31 2920 8 9SK 620 381740 40999999999999991126 332358 2999999999999999
 29 30 31 33 35 37 39 39 38 36 34 33 32 32 33 34 36 37 38 38 37 35 33 3220 810SK 642 391832 38999999999999991231 32999999999999999999999
 32 32 33 34 36 37 39 40 39 38 36 34 33 32 31 32 33 34 35 36 36 36 35 3420 811SK 7 9 401945 3699999999999999 020 321348 3199999999999999
 34 34 34 35 37 38 39 40 41 40 38 36 34 32 31 30 30 31 32 34 35 35 36 3620 812SK 744 41999999999999999999999 033 3415 9 3099999999999999
 36 36 36 37 37 38 40 41 42 42 41 39 36 33 31 29 29 29 30 31 33 34 36 3720 813SK 832 429999999999999999999991619 29999999999999999999999
 37 38 38 38 38 39 40 41 42 43 43 42 39 36 33 30 28 27 27 28 30 32 34 3620 814SK 929 439999999999999999999991713 27999999999999999999999
 38 39 39 39 39 39 39 40 42 43 44 44 43 40 36 31 28 25 25 25 27 30 32 3520 815SK1028 459999999999999999999991759 25999999999999999999999
 37 39 40 40 40 39 39 40 41 43 45 46 46 44 40 35 30 25 23 23 24 26 29 3320 816SK 238 401123 4699999999999999 541 391843 2399999999999999
 36 38 40 40 40 39 38 38 40 42 44 46 48 47 44 39 33 27 23 21 21 23 26 3020 817SK 253 401215 4899999999999999 623 381926 2199999999999999
 33 36 39 40 40 39 37 37 38 39 42 45 48 49 48 45 39 31 25 21 19 20 23 2620 818SK 314 4013 8 4999999999999999 7 1 3720 9 1999999999999999
 30 34 37 40 40 39 37 36 35 37 39 43 46 49 50 49 44 37 30 23 20 19 20 2320 819SK 340 4014 2 5099999999999999 739 352053 1999999999999999
 27 31 35 39 40 39 37 35 34 34 36 39 43 47 49 50 48 43 36 28 23 20 19 2220 820SK 4 9 401457 5099999999999999 822 342138 1999999999999999
 25 29 33 37 40 40 38 35 33 32 32 34 38 42 46 48 49 47 41 34 28 23 21 2220 821SK 439 401551 4999999999999999 911 322222 2199999999999999
 24 28 32 35 39 41 40 37 33 31 30 31 33 37 41 44 47 48 45 40 33 28 25 2420 822SK 511 411646 489999999999999910 8 3023 5 2499999999999999
 25 28 31 35 38 41 41 39 36 32 30 29 30 32 35 39 42 44 45 43 38 34 30 2820 823SK 543 411743 45999999999999991111 292348 2899999999999999
 28 29 32 35 38 40 42 42 39 35 32 29 28 28 30 33 36 39 42 42 41 38 35 3320 824SK 617 421848 42999999999999991221 28999999999999999999999
 32 32 33 35 38 40 42 43 42 39 35 32 29 28 27 29 31 33 36 39 40 39 38 3720 825SK 653 432015 4099999999999999 031 321339 2799999999999999
 36 36 36 37 39 40 42 43 44 42 39 36 32 29 27 26 27 28 31 34 36 38 39 3920 826SK 734 442316 3999999999999999 116 3615 7 2699999999999999
 39 39 39 39 39 40 42 43 44 44 43 40 37 33 29 27 25 25 27 29 32 35 37 3920 827SK 828 44999999999999999999999 217 391632 2599999999999999
 41 41 41 41 40 41 41 43 44 45 45 44 41 38 33 29 26 24 24 25 28 31 34 3720 828SK 110 41 936 4599999999999999 4 6 401739 2499999999999999
 40 42 42 42 41 40 40 41 43 44 45 46 45 42 38 33 29 25 24 24 25 28 31 3520 829SK 156 421046 4699999999999999 528 401831 2399999999999999
 38 41 42 42 41 40 39 40 41 43 45 46 46 45 42 37 32 27 24 23 24 25 28 3220 830SK 225 421147 4799999999999999 618 391914 2399999999999999
 35 39 41 41 41 39 38 38 38 40 43 45 47 47 45 41 36 30 26 24 23 24 27 3020 831SK 249 411241 4799999999999999 655 381951 2399999999999999
 33 37 39 41 40 39 37 36 36 37 40 43 45 47 47 44 40 34 28 25 23 23 25 2820 9 1SK 311 411329 4799999999999999 726 362023 2399999999999999
 31 35 38 40 40 38 36 34 34 35 37 40 43 45 47 46 43 37 31 27 24 23 24 2720 9 2SK 333 401414 4799999999999999 755 342054 2399999999999999
 30 33 36 39 39 38 36 34 32 33 34 37 40 43 45 46 44 40 35 29 26 24 24 2620 9 3SK 353 391455 4699999999999999 825 322122 2499999999999999
 29 32 35 38 39 38 36 33 32 31 32 34 37 40 42 44 44 42 37 32 28 26 25 2620 9 4SK 412 391535 4599999999999999 855 312150 2599999999999999
 29 32 35 37 39 39 37 34 31 30 30 31 34 37 39 42 43 42 39 35 31 28 27 2720 9 5SK 429 391614 4399999999999999 929 302216 2799999999999999
 29 32 35 37 39 39 38 35 32 30 29 30 31 34 36 39 40 41 40 37 33 31 29 2920 9 6SK 447 391654 419999999999999910 8 292241 2999999999999999
 30 32 35 37 39 40 39 37 33 31 29 29 30 31 33 36 38 39 39 38 35 33 32 3220 9 7SK 5 6 401737 39999999999999991053 2923 1 3299999999999999
 32 33 35 37 39 40 40 38 35 32 30 29 29 29 31 33 35 36 37 37 36 35 34 3420 9 8SK 527 401828 37999999999999991146 2923 7 3499999999999999
 34 35 36 38 39 40 41 40 38 35 32 30 29 28 29 30 32 33 35 36 36 36 35 3620 9 9SK 553 419999999999999999999991248 28999999999999999999999
 36 36 37 38 39 40 41 41 39 37 34 32 30 28 28 28 29 30 32 33 35 36 36 3720 910SK 625 4199999999999999999999914 4 28999999999999999999999
 37 38 38 39 39 40 41 41 41 39 37 35 32 29 28 27 27 27 29 31 32 34 36 3720 911SK 711 419999999999999999999991528 27999999999999999999999
 38 39 39 39 39 39 40 41 41 41 40 38 35 32 29 26 25 25 26 27 30 32 34 3620 912SK 823 419999999999999999999991638 25999999999999999999999
 38 39 39 39 39 38 39 40 41 42 42 41 39 35 31 28 24 23 23 24 26 29 32 3520 913SK 2 1 39 947 4299999999999999 453 381732 2399999999999999
 37 39 39 39 38 37 37 38 39 41 43 43 42 40 36 31 26 22 21 21 23 26 29 3220 914SK 159 391059 4399999999999999 538 371819 2199999999999999
 36 38 39 38 37 36 35 35 37 39 42 44 45 44 41 35 29 24 20 19 20 23 26 3020 915SK 210 3912 3 4599999999999999 614 3519 3 1999999999999999
 33 37 38 38 37 35 33 32 33 36 39 42 45 46 45 41 35 28 22 19 18 20 23 2720 916SK 229 3913 4 4699999999999999 650 321946 1899999999999999
 31 35 38 39 37 34 31 30 30 32 35 39 43 46 47 45 41 34 27 22 19 19 21 2520 917SK 254 3914 3 4799999999999999 730 302029 1999999999999999
 29 33 37 39 39 35 31 28 27 27 30 34 39 42 46 47 45 40 33 26 22 21 21 2420 918SK 321 3915 0 4799999999999999 815 272112 2099999999999999
 28 32 36 39 40 38 33 29 26 25 25 28 33 37 41 45 46 44 38 32 27 24 23 2520 919SK 351 401555 4699999999999999 9 6 252155 2399999999999999
 28 32 35 39 41 40 36 31 27 24 23 24 27 31 36 40 43 44 42 37 32 29 27 2720 920SK 421 411650 449999999999999910 2 232237 2799999999999999
 29 32 35 38 41 42 40 35 30 26 23 22 23 26 30 34 38 41 42 40 37 34 32 3120 921SK 452 421749 429999999999999911 3 222319 3199999999999999
 31 33 35 38 41 42 42 39 34 29 26 23 22 22 25 28 31 35 38 39 38 37 35 3420 922SK 524 4219 1 399999999999999912 9 22999999999999999999999
 34 35 36 38 40 42 42 41 38 34 30 26 23 22 22 24 26 29 33 35 37 38 38 3720 923SK 558 422127 3899999999999999 0 1 341323 2299999999999999
 37 37 37 38 39 41 42 42 41 38 34 31 27 24 23 22 23 25 27 30 33 36 37 3820 924SK 638 42999999999999999999999 050 371452 2299999999999999
 39 38 38 38 39 39 40 41 41 40 38 35 32 28 25 23 22 22 24 26 29 32 35 3820 925SK 738 419999999999999999999991619 22999999999999999999999
 39 39 39 38 38 38 38 39 40 40 40 39 36 33 29 25 23 22 22 23 26 29 32 3520 926SK 055 39 911 4099999999999999 441 381726 2199999999999999
 38 39 39 38 37 36 36 36 38 39 40 40 39 37 33 29 25 22 21 22 23 26 29 3320 927SK 124 391042 4099999999999999 544 361815 2199999999999999
 36 38 38 37 36 34 34 34 35 37 39 40 40 39 36 32 28 24 22 21 22 24 27 3120 928SK 146 381150 4099999999999999 623 341853 2199999999999999
 34 36 37 37 35 33 32 31 32 34 36 38 40 40 39 35 31 26 23 22 22 23 26 2920 929SK 2 5 371244 4099999999999999 652 311924 2199999999999999
 32 35 36 36 34 32 30 29 29 31 33 36 39 40 40 38 33 29 25 22 22 23 25 2820 930SK 222 361330 4099999999999999 719 291951 2299999999999999
 31 34 36 36 34 31 29 27 27 28 30 33 36 39 40 39 36 31 27 24 22 23 25 282010 1SK 238 361413 4099999999999999 744 272016 2299999999999999
 31 33 35 36 35 31 28 26 25 25 27 30 33 36 38 39 38 34 29 26 24 23 25 272010 2SK 253 361453 3999999999999999 810 252042 2399999999999999
 30 33 35 36 35 32 29 25 24 23 25 27 30 34 36 38 38 36 32 28 26 25 25 272010 3SK 3 8 361532 3899999999999999 839 2321 7 2599999999999999
 30 33 35 37 37 34 30 26 23 22 23 24 27 31 34 36 37 37 34 30 28 27 27 282010 4SK 325 371611 3799999999999999 911 222133 2699999999999999
 30 33 35 37 37 36 32 27 24 22 21 22 25 28 31 33 35 36 35 32 30 29 28 292010 5SK 345 381651 3699999999999999 947 212157 2899999999999999
 31 33 35 37 38 37 34 30 25 22 21 21 23 25 28 30 33 35 35 33 32 31 30 302010 6SK 4 7 381736 35999999999999991027 212214 3099999999999999
 31 33 35 37 38 38 36 32 28 24 22 21 21 23 25 27 30 32 33 33 33 32 32 322010 7SK 431 381831 33999999999999991114 212151 3299999999999999
 32 33 35 36 37 38 37 34 30 27 24 22 21 21 23 25 27 29 31 32 32 32 33 332010 8SK 455 3899999999999999999999912 8 21999999999999999999999
 33 34 35 36 37 37 37 36 33 30 26 24 22 21 21 22 24 26 28 29 31 32 33 332010 9SK 522 379999999999999999999991315 21999999999999999999999
 34 34 35 35 36 36 36 36 35 32 29 26 24 22 20 20 21 22 24 26 29 30 32 33201010SK 6 4 369999999999999999999991438 20999999999999999999999
 34 34 34 34 34 34 35 35 35 34 33 30 27 24 21 19 19 19 21 23 26 28 31 32201011SK 724 359999999999999999999991558 19999999999999999999999
 34 34 34 33 33 32 33 34 35 35 35 33 31 27 23 20 18 17 18 20 23 26 29 31201012SK 058 34 911 3599999999999999 444 321659 1799999999999999
 33 34 33 32 31 30 30 31 33 34 36 36 35 32 28 23 19 16 16 17 20 23 26 30201013SK 1 0 341042 3699999999999999 523 301749 1699999999999999
 32 33 33 31 29 27 27 27 29 32 35 36 37 36 33 28 22 18 16 16 17 21 24 28201014SK 114 331157 3799999999999999 559 271834 1599999999999999
 31 33 33 31 28 25 23 23 25 28 31 35 37 38 37 33 27 22 18 16 16 19 23 27201015SK 136 3413 4 3899999999999999 638 231917 1699999999999999
 30 33 34 33 29 25 21 20 20 22 26 31 35 38 39 38 33 27 22 19 18 19 22 26201016SK 2 2 3414 5 3999999999999999 720 2020 0 1899999999999999
 30 33 35 35 32 27 21 18 16 17 20 25 30 34 38 39 38 33 27 23 21 20 22 25201017SK 231 3615 3 3999999999999999 8 8 162043 2099999999999999
 29 33 36 37 35 30 24 18 15 14 15 19 24 29 33 37 39 37 32 28 25 23 23 26201018SK 3 1 371558 3999999999999999 859 142126 2399999999999999
 29 33 36 38 38 34 28 22 17 14 13 14 18 22 27 32 36 37 36 32 29 27 26 27201019SK 332 381655 3799999999999999 954 1322 9 2699999999999999
 29 32 35 38 39 38 33 27 21 16 13 12 14 17 21 26 30 34 35 34 32 31 29 29201020SK 4 5 391758 35999999999999991052 122253 2999999999999999
 30 32 35 37 38 39 36 32 26 20 16 14 13 14 17 20 24 28 32 33 33 32 32 31201021SK 438 391925 33999999999999991154 132339 3199999999999999
 31 32 34 35 37 38 37 35 30 26 21 17 15 14 15 17 19 23 26 29 31 32 33 33201022SK 514 3899999999999999999999913 4 14999999999999999999999
 32 32 33 34 35 36 36 35 33 30 26 22 19 16 15 15 16 19 22 25 28 30 32 33201023SK 555 362328 33999999999999991427 15999999999999999999999
 33 32 32 32 32 33 34 34 33 32 30 27 23 20 18 16 16 16 18 21 24 27 30 32201024SK 656 34999999999999999999999 234 321551 1699999999999999
 32 32 31 31 30 30 30 31 32 32 31 30 27 24 21 18 16 16 17 18 21 24 27 30201025SK 0 8 32 844 3299999999999999 436 301655 1699999999999999
 31 31 31 29 28 27 27 28 29 30 31 31 30 27 24 21 18 17 16 17 19 22 25 28201026SK 035 321031 3199999999999999 535 271743 1699999999999999
 30 31 30 28 26 25 24 25 26 27 29 30 31 29 27 23 20 18 17 17 19 21 24 27201027SK 055 311144 3199999999999999 612 241818 1799999999999999
 29 30 29 27 25 23 22 22 23 24 27 29 30 30 29 26 22 19 18 17 18 21 23 26201028SK 110 301240 3099999999999999 640 211845 1799999999999999
 28 29 29 27 24 22 20 19 20 21 24 26 29 30 30 28 25 21 19 18 19 20 23 26201029SK 123 301327 3099999999999999 7 5 191910 1899999999999999
 28 30 30 28 25 21 18 17 17 18 21 24 27 29 30 30 27 24 21 19 19 20 23 26201030SK 135 301410 3099999999999999 728 171934 1999999999999999
 28 30 31 29 26 21 18 15 15 16 18 21 24 27 29 30 29 26 23 21 20 21 23 26201031SK 149 311450 3099999999999999 753 1520 0 2099999999999999
 28 30 31 31 27 23 18 15 13 14 15 18 21 25 28 30 30 28 25 23 22 22 23 252011 1SK 2 7 311529 3099999999999999 822 132029 2199999999999999
 28 31 32 32 30 25 20 15 13 12 13 15 19 22 25 28 29 29 27 25 23 23 23 252011 2SK 231 3216 9 2999999999999999 854 122058 2399999999999999
 28 30 32 33 32 28 22 17 13 12 12 13 16 19 23 26 28 29 28 26 25 24 24 252011 3SK 257 331652 2999999999999999 930 112125 2499999999999999
 27 30 32 33 33 30 25 20 15 12 11 12 14 17 20 23 25 27 28 27 26 25 25 262011 4SK 325 331740 28999999999999991010 112146 2599999999999999
 27 29 31 32 32 31 28 23 18 14 11 11 12 14 17 19 22 25 26 26 26 26 26 262011 5SK 352 339999999999999999999991054 11999999999999999999999
 27 28 30 31 32 31 29 26 21 16 13 11 11 12 14 16 19 21 24 25 26 26 26 262011 6SK 420 329999999999999999999991144 11999999999999999999999
 27 27 28 29 30 30 30 27 24 20 16 13 11 11 12 14 16 18 20 23 24 25 26 262011 7SK 451 309999999999999999999991244 11999999999999999999999
 26 27 27 28 28 29 29 28 26 23 19 16 13 11 11 11 13 15 17 20 22 24 25 262011 8SK 537 299999999999999999999991356 11999999999999999999999
 26 26 26 26 26 26 27 27 27 25 23 20 16 13 11 10 11 12 14 17 20 22 24 252011 9SK 657 272340 26999999999999991512 10999999999999999999999
 26 25 24 23 23 23 24 25 26 26 25 23 20 17 14 11 10 10 12 14 17 21 23 25201110SK 845 262353 2699999999999999 4 5 231617 1099999999999999
 26 25 23 21 20 19 20 22 23 25 26 26 25 22 18 14 11 10 11 13 16 19 22 25201111SK1030 26999999999999999999999 457 191711 1099999999999999
 26 25 23 20 18 16 16 17 19 22 25 26 27 26 23 19 15 12 11 12 15 18 22 24201112SK 015 261155 2799999999999999 541 161759 1199999999999999
 27 27 25 21 17 13 12 12 14 17 21 24 27 28 27 24 19 16 13 13 14 17 21 24201113SK 041 2713 7 2899999999999999 625 111844 1399999999999999
 27 28 28 24 18 13  9  8  8 11 15 20 24 27 29 28 25 20 17 15 15 17 21 24201114SK 110 2914 9 2999999999999999 712  81929 1599999999999999
 28 30 30 28 22 15 10  6  5  6  9 14 19 24 28 30 28 25 21 19 18 18 21 24201115SK 141 3015 8 3099999999999999 8 1  52013 1899999999999999
 28 30 32 31 27 20 13  7  4  3  4  8 13 18 23 27 29 28 25 22 21 20 21 24201116SK 215 3216 5 2999999999999999 853  32058 2099999999999999
 27 30 32 33 31 26 18 11  6  3  2  4  8 12 17 22 26 28 27 25 23 22 22 23201117SK 250 3317 4 2899999999999999 946  22143 2299999999999999
 26 29 31 33 33 30 24 17 10  6  3  2  4  8 12 17 21 25 26 26 25 24 23 23201118SK 327 331810 27999999999999991041  22228 2399999999999999
 25 27 29 31 32 31 28 22 16 10  6  4  3  5  8 12 16 20 23 25 25 25 24 24201119SK 4 6 321938 25999999999999991138  32317 2399999999999999
 24 25 27 29 30 30 29 26 21 15 11  7  5  5  6  9 12 15 19 22 24 24 24 24201120SK 445 302122 24999999999999991240  5999999999999999999999
 23 23 24 26 27 28 28 26 23 19 15 11  9  7  6  7  9 12 15 18 21 23 23 23201121SK 529 282228 2399999999999999 018 231349  699999999999999
 23 22 22 23 23 24 25 25 23 21 19 15 12 10  8  8  8 10 12 15 18 20 22 23201122SK 625 2523 9 2399999999999999 151 2215 0  899999999999999
 22 22 21 20 20 20 21 21 22 21 20 18 16 13 11  9  9  9 11 13 16 18 20 22201123SK 755 222335 2299999999999999 348 2016 1  999999999999999
 22 21 20 18 17 17 17 18 19 19 20 19 18 16 13 11 10 10 11 12 14 17 19 21201124SK 953 202353 2199999999999999 5 5 171648 1099999999999999
 21 21 19 17 15 14 14 14 16 17 18 19 19 18 16 14 12 11 11 12 14 16 19 21201125SK1125 19999999999999999999999 549 141724 1199999999999999
 21 21 19 16 14 12 11 11 12 14 16 18 19 19 18 16 14 12 12 13 14 17 19 21201126SK 0 5 211232 1999999999999999 620 111753 1299999999999999
 22 21 19 16 13 10  9  9 10 11 14 16 18 19 19 18 16 14 13 13 14 17 19 21201127SK 016 221325 1999999999999999 644  91820 1399999999999999
 23 23 21 17 13 10  7  6  7  9 11 14 17 19 20 19 18 16 14 14 15 17 19 22201128SK 030 231410 2099999999999999 7 9  61850 1499999999999999
 23 24 23 19 15 10  7  5  5  6  8 11 14 17 20 20 19 18 16 15 15 17 19 22201129SK 052 241452 2099999999999999 736  41922 1599999999999999
 24 25 25 22 17 12  7  4  3  4  6  9 12 15 18 20 20 19 17 16 16 17 18 21201130SK 120 251532 2099999999999999 8 6  31956 1699999999999999
 23 25 26 25 20 15  9  4  2  2  3  6  9 13 16 19 20 20 19 17 17 17 18 202012 1SK 152 261614 2099999999999999 841  22030 1799999999999999
 23 25 26 26 23 18 12  6  2  1  1  3  6 10 13 17 19 20 19 18 17 17 18 192012 2SK 225 261658 2099999999999999 918  121 3 1799999999999999
 21 24 25 26 25 21 15  9  4  1  0  1  4  7 10 13 17 19 19 18 18 17 17 182012 3SK 259 261748 1999999999999999 959  02131 1799999999999999
 20 22 24 25 25 23 19 13  7  3  0  0  1  4  7 10 13 16 18 18 18 17 17 182012 4SK 333 251847 18999999999999991043  02158 1799999999999999
 18 20 22 24 24 24 21 16 10  5  2  0  0  1  4  7 10 13 15 17 17 17 17 172012 5SK 4 8 249999999999999999999991131  0999999999999999999999
 17 18 20 21 22 23 22 19 14  9  5  2  0  0  2  4  7 10 13 15 16 17 17 162012 6SK 448 2321 9 17999999999999991224  0999999999999999999999
 16 16 17 18 19 20 21 19 17 13  9  5  2  1  1  2  4  7 10 13 15 16 16 162012 7SK 541 212146 1699999999999999 0 5 161323  199999999999999
 15 15 15 15 16 17 18 18 18 16 13  9  5  3  2  2  3  5  8 11 14 16 17 162012 8SK 655 182215 1799999999999999 146 151426  299999999999999
 15 14 12 12 12 13 14 16 16 16 15 13 10  7  4  3  3  4  7 10 13 15 17 172012 9SK 832 172245 1799999999999999 319 121528  399999999999999
 16 14 11  9  8  8  9 11 13 15 16 16 14 12  9  6  5  5  7  9 12 15 17 18201210SK1022 162315 1999999999999999 429  81626  599999999999999
 18 16 12  8  6  4  4  6  9 11 14 16 17 16 13 11  8  7  8  9 12 15 18 20201211SK1159 172347 2099999999999999 525  41719  799999999999999
 20 19 15 10  5  2  0  1  3  6 10 13 16 18 17 15 12 10 10 10 12 15 18 21201212SK1315 18999999999999999999999 616  01810 1099999999999999
 22 22 19 13  7  2 -2 -3 -2  1  5  9 13 17 19 18 16 14 12 12 12 15 18 21201213SK 022 221421 1999999999999999 7 6 -31858 1299999999999999
 23 24 23 18 12  5 -1 -4 -5 -4 -1  4  8 13 17 19 19 17 15 14 13 14 17 20201214SK 1 0 241520 1999999999999999 757 -51946 1399999999999999
 23 25 25 23 18 10  3 -3 -6 -7 -5 -1  3  8 13 17 19 19 17 15 14 14 16 18201215SK 140 261616 1999999999999999 847 -72032 1499999999999999
 22 24 26 26 22 16  8  1 -4 -7 -7 -5 -1  3  8 13 17 18 18 16 15 14 15 16201216SK 222 261711 1899999999999999 938 -72117 1499999999999999
 19 22 25 26 25 21 14  7  0 -4 -6 -6 -4 -1  3  8 13 16 17 17 15 14 14 15201217SK 3 5 2618 7 17999999999999991029 -722 2 1499999999999999
 17 19 22 24 24 23 18 12  5  0 -4 -6 -5 -3  0  4  8 12 15 16 15 14 14 13201218SK 348 2419 4 16999999999999991120 -62248 1399999999999999
 14 16 18 21 22 22 20 16 10  4  0 -3 -4 -4 -2  1  5  8 12 14 14 14 13 13201219SK 431 2220 3 14999999999999991210 -42341 1399999999999999
 13 13 15 17 18 19 18 16 13  8  4  0 -2 -2 -2  0  2  5  9 11 13 13 13 12201220SK 514 192059 139999999999999913 0 -2999999999999999999999
 12 11 12 13 14 15 15 15 13 10  7  4  1  0  0  0  2  4  7  9 11 12 12 12201221SK 6 0 152143 1299999999999999 052 111349  099999999999999
 11 10 10 10 10 11 12 12 12 10  9  6  4  2  2  1  2  4  6  8 10 11 12 12201222SK 7 1 122212 1299999999999999 227 101437  199999999999999
 11 10  9  8  7  8  8  9  9  9  9  8  6  5  4  3  3  4  6  8 10 11 12 12201223SK 839  92231 1299999999999999 4 7  71521  399999999999999
 11 10  8  6  5  5  5  5  6  7  8  8  8  7  6  5  5  5  6  8 10 12 13 13201224SK1055  82246 1399999999999999 511  516 3  599999999999999
 12 10  8  5  3  2  2  2  4  5  6  8  8  9  8  7  7  6  7  8 10 12 14 14201225SK1235  923 7 1499999999999999 550  21643  699999999999999
 14 12  9  6  3  0  0  0  1  3  5  7  8  9  9  9  8  8  8  9 10 12 14 16201226SK1341 102335 1699999999999999 619 -11725  899999999999999
 16 14 11  7  3  0 -2 -3 -2  0  2  5  7  9 10 10 10  9  9  9 10 12 14 16201227SK1429 10999999999999999999999 648 -318 8  999999999999999
 17 17 14  9  4  0 -3 -5 -4 -3  0  3  6  8 10 11 11 10  9  9 10 11 14 16201228SK 0 8 1715 9 1199999999999999 719 -51850  999999999999999
 18 18 17 13  7  2 -3 -6 -6 -5 -3  0  3  7  9 11 12 11 10  9  9 10 13 15201229SK 046 181546 1299999999999999 753 -61930  999999999999999
 17 19 19 16 11  5 -1 -5 -8 -8 -6 -3  0  4  7 10 11 11 10 10  9 10 11 14201230SK 125 191623 1299999999999999 830 -820 7  999999999999999
 16 19 20 19 15  9  2 -4 -7 -9 -8 -6 -3  1  4  8 10 11 11 10  9  9 10 12201231SK 2 4 2017 2 1199999999999999 910 -92039  999999999999999
