 16 17 18 20 21 22 21 19 16 12  8  5  3  2  3  5  8 12 14 16 17 16 16 1520 1 1SN 5 2 222010 179999999999999913 4  2999999999999999999999
 14 14 15 16 17 18 18 18 16 13 10  7  5  4  4  5  7 10 12 14 16 16 15 1420 1 2SN 540 192047 1699999999999999 014 141335  499999999999999
 13 13 12 13 13 14 15 15 14 13 11  9  7  6  5  6  7  9 12 14 15 16 16 1520 1 3SN 633 152114 1699999999999999 218 1214 1  599999999999999
 13 12 11 10 10 10 11 12 12 12 11 10  9  8  8  8  9 10 12 14 16 17 17 1620 1 4SN 812 122138 1799999999999999 346 101424  899999999999999
 14 12 10  9  8  7  8  8 10 11 11 11 11 11 10 10 11 11 13 15 16 18 18 1820 1 5SN1052 1122 2 1899999999999999 5 0  71446 1099999999999999
 16 14 11  9  6  5  4  5  7  9 10 12 13 13 13 13 13 13 14 15 17 19 20 2020 1 6SN2231 20999999999999999999999 554  4999999999999999999999
 19 16 13 10  6  4  2  2  3  6  9 11 13 15 15 15 15 15 15 16 18 20 21 2220 1 7SN23 6 22999999999999999999999 637  2999999999999999999999
 22 19 16 12  8  4  1  0  0  2  6 10 13 15 17 17 17 17 16 17 18 20 22 2420 1 8SN1459 172347 2499999999999999 718 -11743 1699999999999999
 24 23 20 16 11  6  1 -2 -3 -2  2  6 11 15 17 18 18 18 17 17 18 19 21 2420 1 9SN1532 18999999999999999999999 8 0 -31844 1799999999999999
 26 26 24 20 15  9  3 -1 -4 -5 -3  2  7 12 16 18 19 19 18 17 17 18 20 2320 110SN 033 2616 6 1999999999999999 843 -51933 1799999999999999
 25 27 27 24 20 14  7  1 -4 -6 -6 -3  2  8 13 17 19 19 18 17 16 17 18 2020 111SN 122 271641 1999999999999999 929 -72018 1699999999999999
 23 26 28 27 24 19 12  5 -2 -6 -8 -7 -4  2  9 14 17 18 18 17 15 15 15 1720 112SN 211 281718 18999999999999991016 -821 4 1599999999999999
 19 23 26 28 27 23 17 10  3 -3 -7 -9 -7 -3  3  9 14 17 17 16 15 13 13 1320 113SN 3 2 281754 179999999999999911 3 -92157 1399999999999999
 15 18 22 25 26 25 21 15  8  1 -4 -7 -8 -6 -1  5 10 14 16 16 14 12 11 1120 114SN 354 261831 16999999999999991150 -823 5 1199999999999999
 11 13 16 20 23 24 22 18 13  6  1 -4 -6 -6 -4  1  7 11 14 15 14 13 11  920 115SN 448 2419 7 15999999999999991235 -6999999999999999999999
  8  9 10 13 17 19 20 19 15 11  5  1 -2 -3 -3  0  5  9 12 14 15 13 11  920 116SN 549 201942 1599999999999999 025  81318 -399999999999999
  7  6  6  7 10 13 15 16 15 13  9  6  3  1  0  1  4  8 11 14 15 15 13 1020 117SN 7 2 162017 1599999999999999 141  61359  099999999999999
  8  6  4  3  4  6  9 11 12 12 11  9  7  6  5  4  6  8 11 14 16 16 15 1320 118SN 837 122054 1699999999999999 258  31436  499999999999999
 10  7  4  2  0  1  2  5  7  9 10 10 10  9  9  8  8 10 12 14 16 18 18 1620 119SN1042 102136 1899999999999999 421  015 8  899999999999999
 14 10  6  3  0 -2 -2 -1  1  5  7 10 11 11 11 11 11 12 13 14 16 18 19 1920 120SN2222 19999999999999999999999 541 -2999999999999999999999
 17 14 10  6  2 -2 -4 -5 -3  0  4  7 10 12 13 14 14 14 14 15 16 18 20 2120 121SN2313 21999999999999999999999 647 -5999999999999999999999
 20 18 15 10  5  0 -3 -6 -6 -4 -1  4  8 12 14 15 15 15 15 15 16 17 19 2120 122SN9999999999999999999999999999 741 -6999999999999999999999
 22 21 19 15 10  4 -1 -5 -7 -7 -4  0  5 10 13 15 15 15 15 15 15 16 18 2020 123SN 0 4 2216 7 1599999999999999 827 -719 0 1599999999999999
 22 23 22 19 14  8  3 -2 -6 -8 -7 -3  2  7 11 14 15 15 14 14 14 14 16 1820 124SN 054 231626 1599999999999999 9 9 -81942 1499999999999999
 21 23 23 22 18 12  6  0 -4 -7 -8 -6 -2  4  9 12 14 15 14 13 12 12 13 1520 125SN 140 231648 1599999999999999 948 -82018 1299999999999999
 18 21 23 23 20 16 10  4 -2 -6 -8 -7 -4  0  6 10 13 14 13 12 11 11 11 1220 126SN 222 231713 14999999999999991024 -82055 1199999999999999
 15 18 21 22 21 18 13  7  1 -4 -7 -8 -6 -3  3  7 11 12 13 12 10  9  9 1020 127SN 3 1 221739 13999999999999991057 -82134  999999999999999
 11 14 17 19 20 18 14  9  3 -2 -5 -7 -7 -4  0  5  8 11 12 11  9  8  7  720 128SN 338 2018 4 12999999999999991127 -72218  799999999999999
  8 10 13 16 17 17 14 10  6  1 -3 -5 -6 -5 -2  3  7  9 11 11  9  7  6  520 129SN 414 171828 11999999999999991153 -62312  599999999999999
  6  7  9 11 13 14 13 10  7  3 -1 -3 -4 -4 -2  2  5  8 10 10  9  8  6  420 130SN 449 141850 10999999999999991214 -4999999999999999999999
  4  4  5  7  9 11 11  9  7  4  1 -1 -2 -2 -1  2  5  8 10 10 10  8  6  420 131SN 528 1119 9 1099999999999999 019  41227 -299999999999999
  3  2  2  3  5  7  7  7  6  5  3  1  0  0  1  3  5  8 10 11 11 10  8  520 2 1SN 620  81928 1199999999999999 128  21230  099999999999999
  3  2  1  1  2  3  4  5  5  5  4  3  2  2  3  4  6  8 10 11 12 11 10  720 2 2SN 749  51952 1299999999999999 238  11220  299999999999999
  5  2  0 -1 -1 -1  1  2  3  4  4  4  4  5  5  6  7  9 11 12 13 13 12 1020 2 3SN2024 13999999999999999999999 352 -1999999999999999999999
  7  4  1 -1 -3 -3 -3 -2  0  2  4  5  6  7  7  8  9 10 11 13 14 14 14 1320 2 4SN2111 14999999999999999999999 5 5 -3999999999999999999999
 10  7  3  0 -3 -5 -6 -5 -3 -1  2  5  7  8  9 10 10 11 11 13 14 15 16 1620 2 5SN2211 16999999999999999999999 6 5 -6999999999999999999999
 14 11  7  3 -1 -5 -7 -8 -7 -4 -1  3  6  9 10 11 11 11 11 12 13 15 17 1820 2 6SN2315 18999999999999999999999 656 -8999999999999999999999
 17 15 12  7  2 -3 -7-10-10 -9 -5  0  4  8 10 11 12 11 11 11 12 13 16 1820 2 7SN1541 12999999999999999999999 744-101823 1199999999999999
 19 19 16 12  6  0 -5-10-12-12-10 -5  1  6  9 11 12 11 10 10 10 11 13 1620 2 8SN 017 191552 1299999999999999 831-131924 1099999999999999
 19 21 20 17 12  6 -1 -8-12-14-13-10 -4  2  7 10 12 11 10  8  8  8  9 1220 2 9SN 115 211615 1299999999999999 918-142016  799999999999999
 16 20 22 21 17 12  4 -3 -9-13-15-13 -9 -2  4  8 11 11 10  7  6  5  5  720 210SN 210 221642 119999999999999910 3-152110  599999999999999
 11 16 20 21 20 16 10  3 -5-10-13-14-12 -6  0  6  9 11 10  8  5  3  2  220 211SN 3 4 211710 11999999999999991047-142210  299999999999999
  5  9 14 18 20 18 14  8  1 -5-10-12-12 -9 -3  3  8 10 11  9  5  2  0 -120 212SN 359 201739 11999999999999991130-122316 -199999999999999
  0  2  7 12 16 17 15 12  6  0 -5 -8 -9 -8 -4  1  6 10 11 10  7  4  0 -220 213SN 458 1718 9 119999999999999912 9 -9999999999999999999999
 -3 -3  0  4  9 12 13 12  9  5  0 -3 -5 -5 -3  1  5  9 11 11 10  6  2 -120 214SN 6 4 131839 1199999999999999 022 -31245 -599999999999999
 -4 -5 -5 -3  1  5  7  8  8  6  4  2  0 -1  0  2  5  9 11 12 12  9  6  220 215SN 723  91912 1299999999999999 128 -51314 -199999999999999
 -2 -4 -6 -7 -5 -2  1  3  5  5  5  4  4  3  3  4  6  9 11 12 13 12  9  620 216SN 9 3  51950 1399999999999999 239 -71322  399999999999999
  2 -2 -5 -7 -8 -7 -5 -3  0  2  4  5  5  6  6  7  8  9 11 12 13 13 12 1020 217SN2037 13999999999999999999999 4 0 -8999999999999999999999
  6  3 -1 -5 -8 -9 -9 -7 -5 -2  1  4  6  7  8  8  9  9 10 11 13 14 14 1320 218SN2139 14999999999999999999999 527 -9999999999999999999999
 10  7  3 -1 -5 -8-10-10 -9 -6 -2  2  5  7  8  9 10 10 10 10 11 13 14 1420 219SN2249 14999999999999999999999 638-10999999999999999999999
 13 11  8  3 -1 -5 -9-11-11 -9 -5 -1  3  6  8  9  9  9  9  9 10 11 13 1420 220SN2353 15999999999999999999999 732-11999999999999999999999
 15 14 11  8  3 -2 -6-10-11-11 -8 -4  1  5  7  9  9  9  8  8  8  9 10 1320 221SN1544  9999999999999999999999 816-111915  899999999999999
 15 15 14 11  7  2 -4 -8-11-11-10 -6 -1  3  6  8  9  8  7  6  6  6  8 1020 222SN 048 151550  999999999999999 854-111951  699999999999999
 13 15 15 14 10  5  0 -6 -9-11-11 -8 -4  1  5  7  8  8  6  5  4  4  5  720 223SN 134 1616 5  899999999999999 928-112025  499999999999999
 10 14 15 15 12  8  3 -3 -7-10-11-10 -6 -1  3  6  8  8  6  4  2  2  2  420 224SN 216 151623  899999999999999 959-1121 2  299999999999999
  7 11 13 14 13 10  5  0 -5 -9-10-10 -8 -3  2  5  7  8  6  4  1  0  0  120 225SN 254 141641  8999999999999991026-112141  099999999999999
  3  7 10 12 13 11  7  2 -3 -7 -9 -9 -8 -4  0  4  7  7  7  4  1 -1 -2 -220 226SN 332 1317 0  7999999999999991049 -92224 -299999999999999
  0  3  6  9 11 10  8  4  0 -4 -7 -8 -7 -5 -1  3  6  7  7  5  2 -1 -3 -320 227SN 410 111716  89999999999999911 8 -82310 -399999999999999
 -3 -1  2  6  8  8  7  5  1 -2 -5 -6 -5 -4 -1  3  6  8  8  6  3  0 -3 -420 228SN 449  81730  8999999999999991121 -62358 -599999999999999
 -5 -4 -2  1  4  6  6  5  2  0 -2 -3 -3 -2  0  3  6  8  8  7  5  2 -1 -420 229SN 536  61744  9999999999999991123 -3999999999999999999999
 -5 -6 -5 -2  0  2  3  3  3  1  0 -1 -1  0  1  4  7  9  9  9  7  4  1 -320 3 1SN 637  418 1  999999999999999 050 -61116 -199999999999999
 -5 -6 -6 -6 -4 -1  0  1  2  2  1  1  1  2  3  5  7  9 10 10  9  6  3  020 3 2SN 8 9  21825 1099999999999999 147 -711 1  199999999999999
 -3 -5 -7 -7 -7 -5 -3 -1  0  1  2  2  3  4  5  6  7  9 10 11 10  9  6  320 3 3SN19 1 11999999999999999999999 253 -7999999999999999999999
  0 -3 -6 -8 -9 -8 -7 -5 -3  0  1  3  4  5  6  7  8  9 10 11 11 11  9  720 3 4SN20 1 11999999999999999999999 4 9 -9999999999999999999999
  3  0 -4 -7 -9-10-10 -9 -6 -3  0  2  4  6  7  7  8  8  9 10 11 11 11 1020 3 5SN2129 12999999999999999999999 525-10999999999999999999999
  8  4  0 -4 -8-11-12-12-10 -7 -3  1  4  6  7  8  8  7  8  8  9 11 12 1320 3 6SN2258 13999999999999999999999 628-12999999999999999999999
 12  9  6  1 -4 -9-12-14-14-11 -7 -2  2  5  7  8  7  6  6  6  7  8 11 1320 3 7SN1457  8999999999999999999999 722-141833  699999999999999
 15 14 11  7  1 -5-10-14-16-15-11 -6  0  4  7  8  7  6  4  3  3  4  7 1120 3 8SN 010 1515 6  899999999999999 811-161927  399999999999999
 15 16 16 12  7  1 -6-11-15-16-14-10 -4  2  6  8  8  6  3  1  0  0  2  620 3 9SN 112 161525  899999999999999 857-162020  099999999999999
 11 15 17 16 13  7  0 -7-12-15-15-12 -7  0  5  8  8  7  4  0 -3 -4 -3 -120 310SN 210 171547  899999999999999 941-152115 -499999999999999
  4 10 15 17 16 12  7  0 -6-11-13-12 -9 -3  4  8  9  9  6  1 -3 -6 -7 -620 311SN 3 9 171613  9999999999999991023-132214 -799999999999999
 -3  3  9 13 15 14 11  5 -1 -5 -8-10 -8 -4  2  7 10 10  8  4 -1 -5 -8-1020 312SN 410 151640 109999999999999911 2-102312-1099999999999999
 -9 -5  1  7 11 12 12  9  4  0 -3 -5 -5 -3  2  7 10 12 11  8  3 -3 -7-1020 313SN 516 1317 8 12999999999999991138 -5999999999999999999999
-11-10 -7 -1  4  7  9  9  7  4  1  0 -1  0  2  6 10 12 12 11  7  2 -3 -720 314SN 627  91738 1299999999999999 011-1112 8 -199999999999999
-10-12-11 -8 -3  1  4  6  6  5  4  3  3  3  4  6 10 12 13 12 10  6  1 -320 315SN 746  61810 1399999999999999 111-121224  399999999999999
 -7-10-12-11 -9 -5 -2  1  3  4  5  5  5  6  6  7  9 11 12 12 12  9  6  120 316SN1848 12999999999999999999999 216-12999999999999999999999
 -2 -6 -9-11-11-10 -7 -4 -1  2  4  5  6  7  7  8  9 10 11 11 12 11  9  620 317SN1940 12999999999999999999999 333-11999999999999999999999
  2 -1 -5 -8-10-11-10 -8 -5 -2  1  4  6  7  8  8  8  9  9 10 10 11 10  920 318SN21 1 11999999999999999999999 459-11999999999999999999999
  6  3 -1 -4 -7-10-11-10 -8 -5 -1  2  5  7  8  8  8  7  7  7  8  9 10 1020 319SN15 1  82233 1099999999999999 612-1118 3  799999999999999
  9  7  4  0 -4 -7-10-11-10 -7 -4  0  3  6  7  7  7  6  5  5  6  7  8 1020 320SN1446  72347 1099999999999999 7 6-111857  599999999999999
 10  9  7  4  0 -4 -8-10-10 -9 -6 -2  2  5  7  7  6  5  4  3  3  4  6  820 321SN1444  7999999999999999999999 749-101931  399999999999999
 10 11  9  7  3 -1 -5 -8-10-10 -7 -3  1  4  6  7  6  4  2  1  1  1  3  620 322SN 044 111452  799999999999999 824-1020 0  199999999999999
  9 11 11  9  6  2 -3 -6 -9 -9 -8 -5  0  4  6  7  6  4  2  0 -1 -1  0  320 323SN 131 1115 4  799999999999999 854 -92030 -199999999999999
  7 10 11 11  8  5  0 -4 -7 -8 -8 -6 -1  3  6  7  7  5  2 -1 -3 -3 -3  020 324SN 214 111518  799999999999999 921 -821 3 -399999999999999
  3  7 10 11 10  7  3 -1 -5 -7 -7 -5 -2  2  6  8  8  6  3  0 -3 -5 -5 -420 325SN 255 111533  899999999999999 944 -72138 -599999999999999
  0  4  8 10 10  8  5  1 -2 -4 -5 -4 -2  2  6  8  9  8  5  1 -3 -5 -7 -620 326SN 336 101548  99999999999999910 4 -52215 -799999999999999
 -4  0  5  8  9  9  7  4  0 -2 -3 -3 -1  2  6  9 10  9  7  3 -2 -5 -7 -820 327SN 420  916 2 10999999999999991019 -32254 -899999999999999
 -7 -4  1  5  7  8  7  5  3  0 -1 -1  1  3  6 10 11 11  9  5  1 -4 -7 -820 328SN 5 7  81617 11999999999999991026 -12335 -999999999999999
 -8 -7 -3  1  4  6  7  6  4  2  1  2  2  4  7 10 12 12 10  7  3 -1 -5 -820 329SN 6 1  71634 12999999999999991025  1999999999999999999999
 -9 -9 -6 -3  1  3  5  5  5  4  3  3  4  5  7 10 12 12 11  9  6  2 -3 -620 330SN 7 5  51656 1299999999999999 020 -91020  399999999999999
 -8 -9 -9 -6 -3  0  2  4  5  5  4  5  6  7  8  9 11 12 12 11  8  5  1 -320 331SN1723 12999999999999999999999 111 -9999999999999999999999
 -6 -8 -9 -9 -7 -4 -2  1  3  4  5  6  7  7  8  9 11 12 12 12 10  8  4  120 4 1SN18 1 12999999999999999999999 212 -9999999999999999999999
 -3 -6 -8 -9 -9 -8 -6 -3  0  3  4  6  7  8  9  9 10 10 11 11 11 10  8  520 4 2SN1913 11999999999999999999999 324-10999999999999999999999
  1 -2 -6 -8-10-10 -9 -7 -4  0  3  5  7  8  8  9  9  9  9 10 11 11 11  920 4 3SN2111 11999999999999999999999 443-10999999999999999999999
  6  3 -1 -5 -9-11-11-10 -7 -4  1  4  7  8  8  8  7  7  6  7  8 10 12 1220 4 4SN1352  82249 1299999999999999 552-111745  699999999999999
 11  8  4  0 -5 -9-11-12-10 -7 -2  2  6  8  8  8  6  5  4  3  4  7 10 1320 4 5SN1350  8999999999999999999999 650-121839  399999999999999
 14 13 10  6  1 -5 -9-11-11 -9 -5  0  5  8  9  8  6  3  1  0  0  2  5 1020 4 6SN 0 6 1414 2  999999999999999 740-121929  099999999999999
 14 16 15 12  7  1 -4 -8-10-10 -7 -1  4  8 10 10  8  4  0 -3 -4 -4 -1  420 4 7SN 112 161421 1199999999999999 826-102020 -499999999999999
 10 14 16 16 13  8  2 -3 -6 -7 -6 -2  3  9 12 12 11  7  2 -3 -6 -7 -7 -320 4 8SN 216 171444 1299999999999999 9 9 -72114 -899999999999999
  3  9 14 16 16 13  8  3 -1 -3 -4 -2  3  8 13 15 14 11  5 -1 -6 -9-10 -920 4 9SN 321 171511 1599999999999999 949 -422 8-1099999999999999
 -5  2  9 13 15 15 13  9  5  2  1  1  3  8 13 16 16 14 10  4 -2 -7-11-1220 410SN 428 161541 17999999999999991027  023 2-1299999999999999
-10 -6  1  7 11 14 14 12  9  6  5  4  5  8 13 16 18 17 14  9  3 -3 -8-1120 411SN 535 141612 189999999999999911 1  42356-1299999999999999
-12-11 -6  0  5  9 12 12 11  9  8  8  8  9 12 15 18 18 17 13  8  2 -4 -820 412SN 644 121645 18999999999999991126  8999999999999999999999
-11-12-10 -6 -1  3  7 10 11 10 10 10 10 11 12 14 16 17 17 15 12  7  2 -320 413SN 8 8 111719 1899999999999999 052-121026 1099999999999999
 -7 -9-10 -9 -6 -2  2  5  8  9 10 11 11 11 12 13 14 16 16 15 14 10  6  220 414SN1758 16999999999999999999999 152-10999999999999999999999
 -2 -5 -7 -8 -7 -5 -2  1  4  7  9 10 11 12 12 12 12 13 14 14 13 12  9  620 415SN1851 14999999999999999999999 3 0 -8999999999999999999999
  3  0 -3 -6 -7 -6 -5 -2  1  4  7  9 10 11 11 11 11 11 11 11 12 11 11  920 416SN1346 112025 1299999999999999 416 -71655 1199999999999999
  6  4  1 -2 -5 -6 -6 -4 -1  2  5  8 10 10 11 10  9  9  8  8  9 10 10 1020 417SN1334 112214 1099999999999999 526 -61815  899999999999999
  9  7  4  1 -2 -4 -5 -5 -3  0  4  7  9 10 10  9  8  7  6  6  6  7  9 1020 418SN1330 102338 1099999999999999 620 -51852  699999999999999
 10  9  7  4  1 -1 -3 -4 -3 -1  2  6  9 10 10  9  7  5  4  3  3  5  7  920 419SN1335 10999999999999999999999 7 2 -41922  399999999999999
 11 11 10  7  4  1 -1 -3 -3 -1  2  5  9 11 11 10  8  5  3  1  1  2  4  720 420SN 039 111344 1199999999999999 736 -31949  199999999999999
 10 11 12 10  7  4  1  0 -1 -1  2  5  9 11 12 11  9  5  2  0 -1 -1  1  520 421SN 130 121355 1299999999999999 8 4 -12018 -199999999999999
  8 11 12 12 10  7  4  2  1  1  3  6  9 12 13 13 11  7  3  0 -2 -3 -2  220 422SN 217 1314 9 1399999999999999 829  12049 -399999999999999
  6 10 12 13 13 10  7  5  3  3  4  6 10 13 15 15 13  9  5  0 -3 -4 -4 -120 423SN 3 3 131424 1599999999999999 851  32122 -499999999999999
  3  7 11 13 14 13 10  8  6  5  6  7 11 14 16 17 15 12  7  2 -2 -4 -5 -420 424SN 348 141440 1799999999999999 9 9  52157 -599999999999999
 -1  4  9 12 14 14 12 10  8  7  8  9 11 14 17 18 17 15 10  5  0 -4 -6 -620 425SN 435 141459 1899999999999999 923  72235 -699999999999999
 -4  1  6 10 12 14 14 12 10  9  9 10 12 15 17 19 19 17 13  8  3 -2 -5 -620 426SN 524 141522 1999999999999999 931  92315 -699999999999999
 -6 -3  2  6 10 12 13 13 12 11 11 11 13 15 17 19 20 18 16 11  6  1 -3 -620 427SN 618 131547 2099999999999999 936 112359 -699999999999999
 -6 -5 -2  2  6 10 12 13 13 12 12 13 13 15 16 18 20 19 17 14 10  4  0 -420 428SN 721 131616 2099999999999999 938 12999999999999999999999
 -6 -6 -5 -2  2  6  9 11 12 12 13 13 14 15 16 17 18 19 18 16 13  8  4  020 429SN1651 19999999999999999999999 050 -6999999999999999999999
 -3 -5 -6 -5 -2  2  5  8 10 12 13 13 14 15 15 16 17 17 17 17 15 12  8  420 430SN1741 18999999999999999999999 148 -6999999999999999999999
  0 -3 -5 -5 -4 -2  1  5  8 10 12 13 14 14 14 14 14 15 16 16 16 14 12  920 5 1SN1912 16999999999999999999999 254 -5999999999999999999999
  5  1 -2 -4 -5 -4 -2  1  5  8 11 13 14 14 13 13 12 12 13 14 15 15 15 1320 5 2SN1233 1421 8 1599999999999999 4 4 -51637 1299999999999999
 10  7  3 -1 -3 -4 -4 -1  2  6 10 13 14 14 13 11 10  9  9 10 12 14 16 1620 5 3SN1227 142246 1699999999999999 510 -41742  999999999999999
 15 12  9  4  1 -2 -3 -2  1  5  9 13 15 15 14 11  9  7  5  5  7 10 13 1620 5 4SN1238 15999999999999999999999 6 8 -31834  599999999999999
 18 17 14 11  7  3  1  0  1  4  9 13 16 17 16 13  9  6  3  2  2  4  8 1320 5 5SN 0 7 181256 1799999999999999 658  01924  199999999999999
 17 19 19 17 13  9  5  3  3  5  8 13 18 20 19 17 12  7  3 -1 -2 -1  2  820 5 6SN 120 191319 2099999999999999 744  32015 -299999999999999
 14 18 20 20 18 15 11  8  7  7  9 14 18 22 23 21 17 11  5  0 -3 -5 -4  120 5 7SN 230 211348 2399999999999999 827  721 6 -599999999999999
  7 14 18 21 21 19 16 13 11 11 11 14 19 23 25 25 22 17 10  3 -2 -5 -7 -520 5 8SN 339 211420 2599999999999999 9 6 112158 -799999999999999
  0  7 14 18 21 21 20 17 15 14 14 15 18 23 26 27 26 22 16  9  2 -3 -6 -720 5 9SN 444 221455 2799999999999999 942 142249 -799999999999999
 -5  1  7 13 18 20 21 20 18 17 17 17 19 22 25 27 27 25 21 15  8  2 -3 -620 510SN 548 211531 28999999999999991010 172341 -699999999999999
 -6 -4  2  7 13 17 19 20 19 19 18 19 19 21 23 26 27 27 24 20 14  7  2 -220 511SN 654 201610 27999999999999991011 18999999999999999999999
 -4 -4 -2  3  8 12 16 18 19 19 19 19 19 20 21 23 25 25 24 22 18 12  7  320 512SN1649 26999999999999999999999 033 -5999999999999999999999
 -1 -2 -2  0  4  8 12 15 17 18 19 19 19 19 20 21 22 23 23 22 19 16 11  720 513SN1731 23999999999999999999999 127 -3999999999999999999999
  4  1  0  0  2  5  8 12 14 16 18 18 19 19 18 19 19 20 20 20 19 17 14 1120 514SN1823 20999999999999999999999 224  0999999999999999999999
  8  5  3  2  2  3  6  9 12 15 16 17 18 18 17 17 16 16 17 17 17 17 15 1320 515SN1215 181946 1799999999999999 324  11629 1699999999999999
 11  9  6  4  3  3  5  7 10 13 15 17 18 17 16 15 14 14 13 14 15 15 15 1520 516SN12 9 182142 1599999999999999 422  31743 1399999999999999
 13 12  9  7  6  5  5  7  9 12 15 17 18 17 16 15 13 12 11 11 12 13 14 1520 517SN1214 182321 1599999999999999 513  51824 1199999999999999
 15 14 12 10  8  7  7  8  9 12 15 17 18 18 17 15 12 10  9  8  9 11 13 1520 518SN1223 19999999999999999999999 554  71856  899999999999999
 16 16 15 13 12 10  9  9 10 13 16 18 20 20 19 16 13 10  8  6  6  8 11 1420 519SN 034 161235 2099999999999999 628  91925  699999999999999
 16 17 17 16 15 13 12 11 12 14 16 19 21 22 21 18 14 11  7  5  5  6  8 1220 520SN 132 181248 2299999999999999 656 111955  599999999999999
 15 18 19 19 18 16 15 14 14 15 18 21 23 24 23 21 17 12  8  5  3  3  6  920 521SN 223 1913 5 2499999999999999 722 142027  399999999999999
 14 18 20 21 20 19 17 16 16 17 19 22 25 26 26 24 20 15 10  6  3  2  3  720 522SN 311 211324 2699999999999999 746 1621 1  299999999999999
 11 16 19 22 22 22 20 19 18 19 20 22 25 28 28 27 24 19 13  8  4  2  1  420 523SN 357 221348 2899999999999999 8 8 182138  199999999999999
  8 13 18 21 23 23 22 21 20 20 21 23 25 28 30 29 27 23 17 11  6  3  1  120 524SN 442 231417 3099999999999999 828 202217  199999999999999
  4  9 15 19 22 23 23 22 21 21 22 23 25 27 30 30 29 26 21 15  9  5  2  120 525SN 530 241449 3099999999999999 847 2123 0  199999999999999
  2  5 11 15 19 22 23 23 22 22 22 23 24 26 29 30 30 28 24 19 13  8  4  120 526SN 622 231525 3099999999999999 9 6 222347  199999999999999
  1  2  6 11 16 19 22 23 23 22 22 23 24 25 27 29 29 29 27 23 17 12  7  320 527SN16 6 299999999999999999999999999999999999999999999999999
  1  1  3  7 11 16 19 21 22 22 22 22 23 23 24 26 27 28 27 25 21 16 11  720 528SN1655 28999999999999999999999 038  1999999999999999999999
  4  2  2  4  7 12 16 19 21 22 22 22 22 22 22 23 24 25 26 25 23 20 16 1220 529SN18 0 26999999999999999999999 133  2999999999999999999999
  8  5  3  3  5  8 12 16 19 21 22 22 22 21 21 20 21 22 23 24 24 23 20 1720 530SN1032 221929 2499999999999999 230  31456 2099999999999999
 13  9  7  5  5  7 10 14 18 20 22 23 22 21 19 18 17 18 19 20 22 23 23 2120 531SN1050 232113 2399999999999999 328  51619 1799999999999999
 18 15 12  9  8  8 10 13 17 20 23 24 23 22 19 17 15 14 14 16 18 21 23 2320 6 1SN11 9 242251 2399999999999999 425  81725 1499999999999999
 22 20 17 14 12 11 11 13 16 20 24 26 26 24 21 18 14 12 10 11 13 16 20 2320 6 2SN1132 26999999999999999999999 518 111822 1099999999999999
 24 24 23 20 17 16 15 15 17 21 25 28 29 28 25 20 16 12  9  7  8 11 15 2020 6 3SN 020 251159 2999999999999999 6 8 151916  799999999999999
 24 26 26 25 23 21 19 19 20 22 26 30 32 32 30 25 20 14  9  6  4  6  9 1520 6 4SN 139 261230 3299999999999999 653 1920 7  499999999999999
 21 25 27 28 27 25 23 22 22 24 26 30 34 35 34 31 25 19 13  7  4  3  4  920 6 5SN 250 2813 6 3599999999999999 734 222058  399999999999999
 15 21 26 29 29 29 27 26 25 25 27 30 34 37 37 35 31 25 18 11  6  3  2  520 6 6SN 355 291345 3799999999999999 810 252148  299999999999999
 10 16 22 27 29 30 29 28 27 27 28 29 33 36 38 38 35 31 24 17 11  6  3  320 6 7SN 454 301426 3899999999999999 840 272237  399999999999999
  6 11 17 23 27 29 30 29 28 28 28 29 31 34 37 38 37 35 30 23 16 11  6  420 6 8SN 550 3015 9 3899999999999999 9 4 282326  499999999999999
  4  7 13 18 23 27 29 29 29 28 28 29 29 31 34 36 37 36 33 28 21 15 11  720 6 9SN 646 291552 3799999999999999 925 28999999999999999999999
  6  6  9 14 19 23 26 28 28 28 28 28 28 29 31 33 34 34 33 30 25 20 15 1120 610SN1634 35999999999999999999999 014  5999999999999999999999
  8  7  8 12 16 20 23 26 27 27 27 27 27 27 28 29 31 32 31 30 27 23 19 1520 611SN1717 32999999999999999999999 1 1  7999999999999999999999
 12 10 10 11 14 17 21 23 25 26 26 26 26 26 26 26 27 28 28 28 27 24 21 1820 612SN 944 2618 4 2899999999999999 146  91347 2699999999999999
 15 13 12 12 13 16 19 22 24 25 26 26 25 25 24 24 24 24 25 25 25 24 22 2020 613SN1015 261912 2599999999999999 229 121522 2499999999999999
 18 16 15 14 14 16 18 21 23 25 26 26 26 24 23 22 21 21 21 22 23 23 23 2220 614SN1036 2621 1 2399999999999999 310 141642 2199999999999999
 21 19 18 17 16 17 19 21 23 25 27 27 26 25 23 21 20 19 19 19 20 22 23 2320 615SN1052 2723 2 2399999999999999 348 161738 1899999999999999
 23 22 21 20 19 19 20 22 24 26 28 29 28 27 24 21 19 17 16 16 18 20 22 2320 616SN11 8 29999999999999999999999 424 191818 1699999999999999
 24 24 24 23 22 22 22 23 25 27 29 31 30 29 26 23 20 17 15 14 15 17 20 2320 617SN 033 241125 3199999999999999 458 221853 1499999999999999
 25 26 26 26 25 24 24 25 27 29 31 33 33 32 29 25 21 17 15 13 13 15 18 2220 618SN 140 261145 3399999999999999 533 241927 1399999999999999
 25 27 28 28 28 27 27 27 28 30 32 34 35 35 33 29 24 19 15 13 12 13 16 2020 619SN 232 2812 9 3599999999999999 6 8 2720 2 1299999999999999
 24 27 29 30 30 29 29 29 29 31 33 36 37 38 36 33 28 23 18 14 11 11 13 1720 620SN 317 301240 3899999999999999 643 292040 1199999999999999
 22 26 29 31 32 31 31 30 30 31 33 36 38 39 39 37 32 27 21 16 12 10 10 1320 621SN 358 321315 4099999999999999 718 302121 1099999999999999
 18 23 28 31 32 33 32 31 31 31 33 35 37 40 41 40 36 31 25 19 14 11  9 1020 622SN 440 331355 4199999999999999 753 3122 5  999999999999999
 14 19 25 29 32 33 33 32 31 31 32 33 36 39 41 41 39 35 30 24 17 13 10  920 623SN 523 331439 4199999999999999 828 312251  999999999999999
 11 15 20 25 29 32 33 32 31 31 31 32 33 36 39 41 40 38 34 28 22 16 12  920 624SN 6 7 331525 4199999999999999 9 7 312339  999999999999999
  9 11 16 21 26 29 31 32 31 31 30 31 31 33 35 38 39 39 36 32 27 21 15 1220 625SN 653 321615 3999999999999999 955 30999999999999999999999
 10 10 12 17 22 26 29 31 31 30 30 29 29 30 31 34 36 37 37 34 31 25 20 1620 626SN 738 311711 3799999999999999 028 101121 2999999999999999
 13 11 12 15 19 23 27 30 31 31 30 29 28 28 28 29 31 34 35 34 33 29 25 2120 627SN 820 311819 3599999999999999 117 111316 2899999999999999
 17 15 14 15 17 21 25 28 31 31 31 29 28 26 25 25 26 28 30 32 32 31 29 2620 628SN 857 311945 3299999999999999 2 6 141438 2599999999999999
 22 20 18 17 18 21 24 28 31 32 32 31 29 27 24 23 22 23 25 27 29 31 31 2920 629SN 930 322127 3199999999999999 254 171555 2299999999999999
 27 25 23 21 21 22 25 28 31 34 34 34 31 28 25 22 20 19 20 22 25 28 30 3120 630SN10 2 342313 3199999999999999 340 2117 7 1999999999999999
 31 29 28 26 25 25 27 29 32 35 37 37 35 32 28 24 20 18 16 17 20 23 27 3020 7 1SN1036 37999999999999999999999 427 251811 1699999999999999
 32 32 32 31 30 29 29 31 33 36 39 40 39 37 33 28 23 19 16 14 15 18 23 2720 7 2SN 050 321114 4099999999999999 513 2919 9 1499999999999999
 31 34 34 34 33 32 32 33 34 36 39 42 43 41 38 33 28 22 17 14 13 14 18 2320 7 3SN 211 341156 4399999999999999 559 3220 1 1399999999999999
 28 32 35 36 36 35 34 34 35 36 39 42 44 45 43 39 33 27 21 16 13 12 14 1920 7 4SN 315 361241 4599999999999999 643 342051 1299999999999999
 24 30 34 36 37 37 36 35 35 36 38 41 44 46 46 44 39 33 26 20 16 13 12 1520 7 5SN 4 6 371327 4699999999999999 723 352139 1299999999999999
 20 26 31 35 37 37 37 36 36 36 37 39 42 45 47 46 43 38 32 25 20 15 13 1320 7 6SN 450 371414 4799999999999999 8 2 362225 1399999999999999
 16 22 27 32 35 37 37 36 35 35 36 37 39 42 45 46 45 42 37 30 24 19 15 1420 7 7SN 530 371459 4699999999999999 839 3523 9 1499999999999999
 15 18 24 29 33 35 36 36 35 34 34 35 36 39 42 44 44 43 39 34 28 23 19 1620 7 8SN 6 8 361542 4499999999999999 919 342351 1599999999999999
 15 17 21 26 30 33 35 35 34 33 33 33 34 35 38 40 42 42 40 36 31 26 22 1920 7 9SN 645 351623 429999999999999910 5 33999999999999999999999
 17 17 19 23 27 31 33 34 34 33 32 32 32 33 34 36 38 39 38 36 33 29 25 2220 710SN 721 3417 4 3999999999999999 029 171115 3299999999999999
 20 19 20 22 26 29 32 33 34 33 32 31 31 31 31 32 34 35 36 35 33 30 27 2420 711SN 755 341748 3699999999999999 1 3 191254 3199999999999999
 22 21 21 23 25 28 31 33 34 33 33 31 30 29 29 29 30 32 32 33 32 31 29 2720 712SN 826 341849 3399999999999999 133 211413 2999999999999999
 25 24 24 24 26 28 31 33 34 34 34 32 31 29 28 27 27 28 29 30 30 30 30 2920 713SN 853 342031 3199999999999999 157 241527 2799999999999999
 28 27 27 27 28 29 31 33 35 35 35 34 32 30 28 26 25 25 26 27 28 29 30 3020 714SN 917 352251 3099999999999999 216 271634 2599999999999999
 30 30 29 29 30 31 32 34 36 37 37 36 34 32 29 26 24 23 23 24 26 28 30 3120 715SN 942 37999999999999999999999 230 291730 2399999999999999
 32 32 32 32 32 33 34 35 37 39 39 39 37 35 31 28 25 23 22 22 24 26 29 3120 716SN1010 399999999999999999999991816 22999999999999999999999
 33 34 34 34 34 35 35 36 38 40 41 41 40 38 35 31 27 23 21 20 21 24 27 3020 717SN1046 419999999999999999999991858 20999999999999999999999
 33 35 36 37 36 36 36 37 39 40 42 44 43 42 39 34 30 25 21 19 19 21 24 2820 718SN1127 449999999999999999999991939 19999999999999999999999
 32 35 37 38 38 38 37 38 38 40 42 45 46 45 43 39 34 28 23 20 18 18 21 2520 719SN 320 381213 4699999999999999 6 6 372022 1899999999999999
 30 34 37 39 39 39 38 38 38 39 41 44 46 47 46 43 39 33 27 22 18 16 17 2120 720SN 348 3913 1 4799999999999999 658 3821 7 1699999999999999
 26 31 35 38 39 39 38 37 37 38 39 42 45 48 48 47 43 38 31 25 20 17 16 1720 721SN 420 391350 4999999999999999 744 372153 1699999999999999
 22 27 32 36 39 39 38 37 36 36 37 39 42 46 48 49 47 43 37 30 23 19 16 1520 722SN 454 391440 4999999999999999 830 362240 1599999999999999
 18 23 29 34 37 38 38 37 36 35 35 36 38 42 45 48 48 46 41 35 28 22 18 1620 723SN 529 391531 4899999999999999 921 352327 1699999999999999
 16 19 25 30 35 37 38 37 36 34 33 33 34 37 40 44 46 46 44 39 33 27 22 1920 724SN 6 4 381625 47999999999999991026 33999999999999999999999
 18 18 22 27 32 36 38 38 36 34 32 31 31 32 35 38 42 44 44 41 38 32 27 2420 725SN 638 381726 4499999999999999 012 181149 3199999999999999
 21 20 22 26 30 34 37 38 38 36 33 31 30 29 30 32 36 39 40 41 39 36 32 2920 726SN 712 381839 4199999999999999 056 2013 6 2999999999999999
 26 24 24 26 30 33 37 39 39 38 35 32 30 28 27 27 29 32 35 37 38 37 35 3320 727SN 746 3920 8 3899999999999999 138 241419 2799999999999999
 31 29 28 29 31 34 37 39 40 40 38 35 32 29 27 25 25 27 29 32 34 36 36 3620 728SN 823 412154 3699999999999999 218 281534 2599999999999999
 35 34 33 33 33 35 37 40 42 42 42 39 36 32 29 26 23 23 24 26 29 33 35 3720 729SN 9 4 42999999999999999999999 257 331651 2399999999999999
 37 37 37 36 36 37 38 40 42 44 44 43 41 37 33 28 25 22 21 22 25 28 32 3520 730SN 0 9 37 951 4499999999999999 339 3618 3 2199999999999999
 38 39 39 39 39 39 39 40 42 44 46 46 45 42 38 33 28 24 21 20 21 24 28 3320 731SN1044 4699999999999999999999919 4 20999999999999999999999
 36 39 40 41 40 40 40 40 42 44 46 48 48 46 43 38 33 28 23 20 19 21 24 2920 8 1SN 256 411139 4899999999999999 538 401956 1999999999999999
 34 38 40 41 41 41 40 40 41 42 45 47 49 49 47 44 38 33 27 23 20 19 21 2620 8 2SN 325 411232 5099999999999999 633 402044 1999999999999999
 31 36 39 41 41 41 40 39 40 40 42 45 48 50 50 48 43 38 32 26 22 20 20 2320 8 3SN 351 411323 5099999999999999 717 392128 2099999999999999
 28 33 37 40 41 41 40 39 38 39 40 42 46 49 50 50 47 42 36 30 25 22 20 2120 8 4SN 417 4114 9 5099999999999999 757 3822 9 2099999999999999
 25 30 35 38 40 41 40 38 37 37 38 39 42 46 49 49 48 45 40 34 28 24 22 2120 8 5SN 445 411452 5099999999999999 836 372246 2199999999999999
 23 27 32 36 39 40 40 38 36 35 36 36 38 42 45 48 48 46 42 37 31 27 24 2220 8 6SN 513 401533 4899999999999999 918 352320 2299999999999999
 23 25 30 34 37 39 39 38 36 35 34 34 35 38 41 44 45 45 43 39 34 30 26 2420 8 7SN 540 391613 459999999999999910 6 342350 2499999999999999
 24 25 29 33 36 38 39 38 37 35 33 33 33 34 37 40 42 43 42 40 36 32 29 2720 8 8SN 6 5 391653 439999999999999911 4 33999999999999999999999
 26 27 29 32 35 37 39 39 37 35 33 32 32 32 33 36 38 39 40 39 37 34 31 2920 8 9SN 628 391740 4099999999999999 014 261211 3299999999999999
 29 29 30 32 35 37 39 39 38 36 34 32 31 30 31 32 34 36 37 37 36 35 33 3220 810SN 648 391843 3799999999999999 030 291316 3099999999999999
 31 31 32 33 36 38 39 40 39 38 36 34 32 30 29 30 31 32 34 35 35 35 35 3420 811SN 7 7 402020 3599999999999999 035 311420 2999999999999999
 34 34 34 35 37 38 40 41 41 40 38 36 33 31 29 28 28 29 31 32 34 35 35 3520 812SN 731 41999999999999999999999 019 341527 2899999999999999
 36 36 36 37 38 39 41 42 42 42 40 38 36 33 30 28 27 27 28 29 31 33 35 3620 813SN 8 5 429999999999999999999991635 27999999999999999999999
 37 38 38 39 39 40 41 42 43 44 43 41 39 36 32 29 27 26 25 27 29 31 34 3620 814SN 853 449999999999999999999991737 25999999999999999999999
 38 39 40 40 40 41 41 42 44 45 45 44 42 40 36 32 28 25 24 24 26 28 32 3520 815SN 955 459999999999999999999991830 24999999999999999999999
 38 40 41 41 41 41 41 42 43 45 46 47 46 44 40 36 31 27 24 22 23 25 29 3320 816SN1059 479999999999999999999991918 22999999999999999999999
 37 40 41 42 41 41 40 41 42 43 46 48 49 48 45 41 35 30 25 22 21 22 25 2920 817SN 3 0 4212 0 4999999999999999 6 8 4020 5 2199999999999999
 34 38 41 42 41 41 40 39 40 41 44 47 49 50 49 46 41 34 28 23 20 19 21 2520 818SN 316 421256 5099999999999999 658 392052 1999999999999999
 31 36 39 41 42 41 39 38 37 38 40 44 48 51 52 50 46 40 33 27 22 19 19 2220 819SN 339 421349 5299999999999999 744 372137 1999999999999999
 27 33 38 40 41 41 39 37 35 35 36 39 43 48 51 52 50 45 39 32 26 22 20 2020 820SN 4 6 411442 5299999999999999 834 352222 2099999999999999
 24 29 35 39 41 41 40 37 34 33 33 34 37 43 48 51 51 49 44 38 31 26 23 2120 821SN 434 411536 5199999999999999 930 3323 6 2199999999999999
 22 27 32 38 41 42 41 38 35 32 31 30 32 36 41 46 49 49 47 42 37 31 27 2520 822SN 5 3 421636 49999999999999991036 302347 2499999999999999
 24 26 31 36 40 42 42 40 37 33 30 29 28 30 34 39 43 46 46 44 41 36 32 3020 823SN 533 421744 46999999999999991145 28999999999999999999999
 28 28 31 35 39 42 43 42 40 36 32 29 27 26 28 31 36 40 42 43 42 40 37 3420 824SN 6 5 4319 2 4399999999999999 027 281252 2699999999999999
 33 32 33 36 39 42 44 44 43 39 35 31 28 26 25 26 29 33 36 39 40 40 39 3820 825SN 640 442032 4099999999999999 1 5 3214 0 2599999999999999
 37 36 36 37 39 42 44 45 45 43 40 36 32 29 26 24 25 27 30 33 36 38 39 4020 826SN 720 45999999999999999999999 142 361515 2499999999999999
 40 39 39 39 40 42 44 45 46 45 43 40 37 33 29 26 24 24 25 28 31 35 37 3920 827SN 812 469999999999999999999991637 24999999999999999999999
 40 41 41 41 41 42 43 44 46 46 46 44 41 38 34 30 26 24 23 24 27 30 34 3820 828SN 917 469999999999999999999991755 23999999999999999999999
 40 41 42 42 42 42 42 43 44 46 47 47 45 43 39 34 30 26 24 23 24 27 31 3520 829SN1030 479999999999999999999991856 23999999999999999999999
 39 41 42 42 42 41 41 41 42 44 46 48 48 46 43 39 34 30 26 23 23 24 28 3220 830SN 243 421137 4899999999999999 6 7 411947 2399999999999999
 37 40 41 42 41 40 40 39 40 41 44 47 48 48 47 43 39 34 29 25 23 23 25 3020 831SN 253 421233 4999999999999999 653 392030 2399999999999999
 34 38 41 41 41 40 38 38 38 39 41 44 47 49 49 46 43 37 32 28 25 23 24 2720 9 1SN 3 7 411322 4999999999999999 729 3721 9 2399999999999999
 32 37 40 41 41 40 38 36 36 36 37 40 44 48 49 48 45 41 35 30 27 24 24 2620 9 2SN 326 4114 6 4999999999999999 8 3 362143 2499999999999999
 30 35 38 40 41 40 38 35 34 34 35 37 41 45 47 48 47 43 39 33 29 26 25 2620 9 3SN 347 411447 4899999999999999 839 342214 2599999999999999
 28 33 37 40 41 40 38 35 33 32 32 34 37 41 44 46 46 44 41 36 32 28 27 2620 9 4SN 4 7 411527 4799999999999999 919 322240 2699999999999999
 28 32 36 39 41 40 39 36 33 31 31 31 33 36 41 44 45 44 42 38 34 31 29 2820 9 5SN 427 4116 8 459999999999999910 2 3123 2 2899999999999999
 29 32 35 39 41 41 40 37 34 31 30 29 30 33 36 40 42 43 42 39 36 33 31 3020 9 6SN 444 411652 43999999999999991048 292316 3099999999999999
 31 32 35 38 41 41 41 39 36 32 30 29 29 30 32 36 39 40 40 39 37 35 33 3320 9 7SN 459 411744 40999999999999991138 282319 3399999999999999
 33 34 36 39 41 42 42 40 37 34 31 29 28 28 29 32 35 37 38 38 38 36 35 3520 9 8SN 514 421850 38999999999999991230 2823 7 3599999999999999
 35 36 37 39 41 42 42 41 39 36 33 30 28 27 27 29 31 33 35 36 37 37 36 3620 9 9SN 531 432019 37999999999999991327 272245 3699999999999999
 37 37 38 40 41 43 43 42 41 39 36 32 30 28 27 27 28 30 32 34 35 36 37 3720 910SN 555 439999999999999999999991430 27999999999999999999999
 38 39 39 40 41 42 43 43 42 41 38 35 32 30 28 26 26 27 29 31 33 35 37 3820 911SN 633 439999999999999999999991543 26999999999999999999999
 39 40 40 41 41 42 43 43 43 43 41 39 36 33 30 27 25 25 25 27 30 33 35 3820 912SN 741 439999999999999999999991658 25999999999999999999999
 39 40 40 41 41 41 42 42 43 44 43 42 40 37 33 29 26 24 23 24 26 29 33 3620 913SN 917 4499999999999999999999918 1 23999999999999999999999
 39 40 41 40 40 40 40 41 42 43 45 45 44 41 37 33 29 25 22 21 23 26 30 3420 914SN 221 411043 4599999999999999 519 401855 2199999999999999
 37 40 40 40 39 38 38 38 39 41 44 46 47 46 43 38 33 28 23 21 20 22 26 3120 915SN 215 401152 4799999999999999 613 381944 2099999999999999
 36 39 40 40 39 37 36 35 36 38 41 45 48 49 47 44 38 32 27 22 20 20 23 2820 916SN 226 401251 4999999999999999 658 352029 2099999999999999
 33 38 40 40 39 37 34 33 32 33 36 41 46 49 50 48 44 38 32 26 22 21 21 2520 917SN 244 401347 5099999999999999 744 322113 2199999999999999
 31 36 40 41 40 38 34 31 29 29 31 35 40 46 49 50 48 44 38 31 26 23 22 2420 918SN 3 7 411444 5099999999999999 836 292156 2299999999999999
 29 35 39 42 42 40 36 31 28 26 26 28 33 39 45 49 49 47 43 37 32 28 26 2620 919SN 332 421545 4999999999999999 934 262237 2599999999999999
 28 33 39 42 43 42 39 34 29 26 24 24 26 31 38 43 46 47 46 42 37 33 30 2920 920SN 4 0 431651 47999999999999991034 232317 2999999999999999
 30 33 38 42 44 44 42 38 32 27 24 22 22 25 30 36 41 43 45 43 41 37 35 3420 921SN 430 4418 2 45999999999999991135 222354 3399999999999999
 33 34 37 41 44 45 45 42 37 32 27 24 21 21 24 28 33 37 40 42 41 40 38 3720 922SN 5 3 451918 42999999999999991237 21999999999999999999999
 37 37 38 41 44 45 46 44 41 37 32 27 24 22 21 23 27 31 34 37 39 40 39 3920 923SN 540 462059 4099999999999999 030 361342 2199999999999999
 39 39 39 41 43 44 45 45 44 41 37 32 28 25 23 22 23 25 28 32 35 37 39 4020 924SN 626 45999999999999999999999 1 5 391456 2299999999999999
 40 40 40 41 41 42 44 44 44 43 41 37 34 30 26 24 22 22 24 27 30 34 37 3920 925SN 730 449999999999999999999991620 22999999999999999999999
 40 41 41 40 40 40 41 42 43 43 43 41 38 35 31 27 24 23 22 24 27 30 34 3720 926SN 855 439999999999999999999991739 22999999999999999999999
 39 40 40 40 39 39 39 39 40 42 43 43 41 39 35 32 28 25 23 22 24 27 31 3520 927SN 149 401025 4399999999999999 531 391839 2299999999999999
 37 39 39 39 38 37 36 36 37 39 41 43 43 42 39 35 31 27 24 23 23 25 29 3320 928SN 154 391138 4399999999999999 624 361926 2399999999999999
 36 38 39 38 37 35 34 34 34 36 39 41 43 43 42 39 35 30 27 24 23 24 27 3120 929SN 2 1 391235 4399999999999999 7 2 3420 5 2399999999999999
 35 37 38 38 36 34 32 31 31 33 35 39 42 43 43 41 38 33 29 26 24 24 26 2920 930SN 213 381322 4499999999999999 734 312039 2499999999999999
 34 37 38 38 37 34 32 30 29 30 32 35 39 42 43 43 40 36 32 28 26 25 26 282010 1SN 228 3914 5 4399999999999999 8 6 2921 7 2599999999999999
 33 36 38 39 38 35 32 29 27 27 29 32 36 40 42 43 42 39 35 31 28 27 27 282010 2SN 244 391446 4399999999999999 839 272132 2699999999999999
 32 36 39 39 39 36 33 29 27 26 26 28 32 37 40 42 42 40 37 33 30 29 28 292010 3SN 3 1 391529 4299999999999999 914 262152 2899999999999999
 32 36 39 40 40 38 34 30 27 25 24 25 28 33 37 40 41 41 39 36 33 31 30 312010 4SN 317 401613 4199999999999999 951 2422 8 3099999999999999
 32 36 39 41 41 39 36 32 28 25 23 23 25 29 33 37 39 40 39 37 35 33 32 322010 5SN 333 4117 0 40999999999999991030 232215 3299999999999999
 33 36 39 41 42 41 38 34 30 26 24 23 23 25 29 33 36 38 38 38 36 34 34 342010 6SN 349 421752 38999999999999991112 232213 3499999999999999
 35 36 39 41 42 41 40 36 32 28 25 23 22 23 26 29 33 35 36 37 36 35 35 352010 7SN 4 8 421853 37999999999999991157 2222 8 3599999999999999
 36 37 39 41 42 42 41 38 35 31 27 24 22 22 23 26 29 32 34 35 36 36 35 362010 8SN 430 429999999999999999999991249 22999999999999999999999
 36 37 38 40 41 42 41 39 37 33 30 26 24 22 22 23 25 28 30 32 34 35 35 362010 9SN 457 429999999999999999999991349 22999999999999999999999
 37 37 38 39 40 41 41 40 38 36 33 29 26 24 22 21 22 24 26 29 31 33 35 36201010SN 535 4199999999999999999999915 0 21999999999999999999999
 37 37 38 38 38 39 39 40 39 38 36 33 30 27 24 22 21 21 22 25 28 31 33 35201011SN 651 409999999999999999999991618 21999999999999999999999
 36 37 37 37 37 37 37 38 39 39 38 37 34 31 27 24 21 20 20 21 24 28 31 34201012SN 853 399999999999999999999991728 19999999999999999999999
 36 36 36 36 35 34 34 35 37 39 40 40 38 35 31 27 23 20 19 19 21 25 29 33201013SN 118 361030 4099999999999999 522 341824 1999999999999999
 35 36 36 35 33 32 31 32 33 36 39 41 42 40 37 32 27 23 20 19 19 22 26 31201014SN 116 361144 4299999999999999 6 9 311914 1899999999999999
 35 36 36 35 32 30 28 28 28 31 35 39 42 43 42 38 33 28 23 21 20 21 24 30201015SN 128 371248 4399999999999999 655 281959 2099999999999999
 34 37 38 36 33 29 26 24 24 25 29 35 40 44 44 43 39 34 29 24 22 22 24 28201016SN 145 381350 4499999999999999 743 242042 2299999999999999
 34 38 39 39 36 31 26 23 21 20 22 27 34 40 44 45 43 39 34 30 26 25 25 28201017SN 2 9 391453 4599999999999999 836 202123 2599999999999999
 33 38 41 41 39 35 29 24 20 17 17 20 26 33 39 43 44 43 39 35 31 29 28 29201018SN 236 411559 4499999999999999 931 1722 3 2899999999999999
 33 38 42 43 42 39 34 27 21 17 15 16 19 25 32 38 41 43 42 39 35 33 32 32201019SN 3 7 4317 5 43999999999999991028 152240 3199999999999999
 33 37 41 44 44 43 39 33 26 20 17 14 15 18 24 30 35 39 40 40 38 36 35 34201020SN 342 451813 40999999999999991124 142316 3499999999999999
 35 36 40 43 45 44 42 38 32 26 20 17 15 15 18 23 29 33 36 38 38 37 36 36201021SN 419 451927 38999999999999991223 152347 3699999999999999
 36 37 38 41 43 44 43 41 36 31 26 21 18 16 16 19 23 27 31 34 36 36 36 37201022SN 5 1 449999999999999999999991325 16999999999999999999999
 37 37 37 39 40 42 42 41 39 35 31 27 23 19 18 17 19 22 25 29 32 34 35 36201023SN 552 429999999999999999999991434 17999999999999999999999
 36 36 36 37 37 38 39 39 39 37 34 31 27 24 21 19 18 19 22 25 28 31 33 35201024SN 7 0 399999999999999999999991551 18999999999999999999999
 35 36 35 35 34 35 35 36 37 37 36 34 31 28 25 22 20 19 20 22 25 28 31 33201025SN 049 36 831 3799999999999999 4 1 3417 5 1999999999999999
 34 34 34 33 32 32 32 32 34 35 36 35 34 32 29 25 23 21 20 20 23 26 29 32201026SN 051 341011 3699999999999999 527 3218 5 2099999999999999
 33 34 33 32 30 29 29 29 30 32 34 35 35 34 31 29 25 23 21 20 22 24 27 31201027SN 056 341132 3599999999999999 618 281850 2099999999999999
 33 33 33 31 29 27 26 26 26 28 31 33 35 35 34 31 28 25 23 22 22 23 27 30201028SN 1 4 331233 3599999999999999 655 261926 2199999999999999
 32 34 33 32 29 26 24 23 23 25 28 31 34 35 35 33 31 28 25 23 23 24 26 30201029SN 116 341323 3599999999999999 727 231956 2399999999999999
 33 34 34 33 30 26 24 22 21 22 24 28 32 35 36 35 33 30 27 25 24 25 26 30201030SN 130 3414 8 3699999999999999 757 212020 2499999999999999
 33 35 35 34 31 28 24 21 19 19 21 25 29 33 35 36 35 33 30 28 26 26 27 30201031SN 145 361452 3699999999999999 829 192041 2699999999999999
 33 36 37 36 33 30 25 21 19 18 19 22 26 31 34 36 36 35 32 30 28 28 28 302011 1SN 2 2 371536 3699999999999999 9 1 182059 2899999999999999
 33 36 38 38 36 32 27 22 19 17 17 19 22 27 32 35 36 36 34 32 30 29 30 312011 2SN 220 381620 3699999999999999 936 162114 2999999999999999
 33 36 39 39 37 34 30 25 20 17 16 16 19 24 28 32 34 35 35 33 31 31 31 322011 3SN 240 3917 6 35999999999999991013 162124 3199999999999999
 33 36 38 40 39 36 32 27 22 18 16 15 16 20 24 29 32 34 34 34 32 31 31 322011 4SN 3 3 401755 34999999999999991053 152130 3199999999999999
 33 35 38 39 39 38 35 30 25 20 17 15 15 17 20 25 28 31 32 33 32 32 32 322011 5SN 329 391851 33999999999999991137 152135 3299999999999999
 33 34 36 38 39 38 36 32 28 23 19 16 15 15 17 20 24 27 30 31 32 31 31 322011 6SN 359 399999999999999999999991226 15999999999999999999999
 33 33 35 36 37 37 36 34 30 26 22 18 16 15 15 17 20 23 26 28 30 30 31 312011 7SN 434 379999999999999999999991323 15999999999999999999999
 32 32 33 34 35 36 35 34 32 29 25 21 18 16 15 15 16 19 22 25 27 29 30 312011 8SN 522 369999999999999999999991427 14999999999999999999999
 31 31 31 32 32 33 33 34 33 31 28 25 22 19 16 14 14 16 18 21 24 27 29 302011 9SN 644 349999999999999999999991537 14999999999999999999999
 30 30 30 29 29 29 30 31 32 32 31 29 26 23 19 16 15 14 16 18 22 25 28 30201110SN 013 30 836 3299999999999999 353 291643 1499999999999999
 30 30 29 27 26 26 26 27 29 31 32 32 30 27 24 20 17 15 15 17 19 23 27 30201111SN 0 0 301017 3299999999999999 5 6 261742 1599999999999999
 31 30 29 26 24 23 22 23 25 28 31 33 33 32 29 25 22 19 17 17 19 22 27 30201112SN 0 9 311140 3499999999999999 6 0 221833 1799999999999999
 32 32 30 27 23 20 18 18 19 22 27 31 34 35 34 31 27 23 21 19 20 22 26 31201113SN 026 321252 3599999999999999 650 181920 1999999999999999
 34 34 33 30 25 20 17 14 14 16 20 26 32 35 36 35 32 29 25 23 22 23 26 31201114SN 050 3414 1 3699999999999999 742 1420 3 2299999999999999
 35 37 36 34 29 23 17 13 11 11 13 19 26 32 35 37 36 33 30 27 26 25 27 30201115SN 119 3715 8 3799999999999999 834 102044 2599999999999999
 35 38 39 38 34 28 21 15 11  8  9 12 18 25 31 35 37 36 34 31 29 28 28 30201116SN 153 391613 3799999999999999 927  82122 2899999999999999
 34 38 41 41 38 34 27 20 14  9  7  8 11 18 25 30 34 36 35 33 31 30 30 31201117SN 231 411715 36999999999999991021  72157 3099999999999999
 33 37 40 42 41 38 33 26 19 13  9  7  8 12 18 24 29 33 34 34 32 31 31 31201118SN 312 421817 34999999999999991115  72227 3199999999999999
 32 34 38 40 41 40 37 31 25 18 13  9  8  9 13 18 23 27 31 32 32 31 31 31201119SN 355 411923 329999999999999912 9  82242 3199999999999999
 31 32 34 37 39 39 38 34 29 24 18 14 11  9 10 14 18 22 26 29 30 30 30 30201120SN 442 3999999999999999999999913 6  9999999999999999999999
 30 30 31 33 35 36 36 34 32 27 23 18 15 12 11 12 14 18 21 25 27 28 29 29201121SN 532 3699999999999999999999914 5 11999999999999999999999
 29 29 29 29 30 31 32 32 31 29 26 22 19 16 14 13 13 15 18 21 24 26 27 28201122SN 631 322326 289999999999999915 7 13999999999999999999999
 28 27 27 26 26 27 28 29 29 28 27 24 22 19 17 15 14 15 16 19 22 24 26 27201123SN 751 292334 2799999999999999 328 2616 8 1499999999999999
 27 26 25 24 23 23 23 24 25 26 26 25 24 22 20 18 16 16 16 18 20 23 25 26201124SN 936 262347 2799999999999999 457 2317 4 1699999999999999
 27 26 25 23 21 20 20 20 22 23 24 25 25 24 22 20 19 17 17 18 20 22 25 26201125SN1116 25999999999999999999999 557 201750 1799999999999999
 27 26 25 23 20 18 17 17 18 20 22 24 25 25 24 23 21 20 19 19 20 22 25 27201126SN 0 1 271231 2599999999999999 638 171826 1999999999999999
 28 28 26 23 20 17 15 14 15 17 20 23 25 26 26 25 23 22 21 20 21 23 25 28201127SN 016 281330 2699999999999999 712 141856 2099999999999999
 29 29 28 25 21 17 15 13 12 14 17 20 24 26 27 27 26 24 23 22 22 24 26 28201128SN 032 291419 2799999999999999 743 121921 2299999999999999
 30 31 30 27 23 19 15 12 11 11 14 18 22 25 28 28 28 26 25 24 24 25 26 29201129SN 050 3115 4 2899999999999999 814 111945 2499999999999999
 31 33 32 30 26 21 16 12 10  9 11 14 19 23 27 29 29 28 27 25 25 25 27 29201130SN 111 331545 2999999999999999 847  920 7 2599999999999999
 32 34 34 32 29 24 19 14 10  8  8 11 16 21 25 28 29 29 28 27 26 26 27 292012 1SN 136 341626 2999999999999999 923  82029 2699999999999999
 31 34 35 34 31 27 22 16 11  8  7  8 12 17 22 26 28 29 28 27 26 26 26 282012 2SN 2 5 3517 8 299999999999999910 1  72049 2699999999999999
 30 33 35 35 33 30 25 19 13  9  7  6  8 13 18 22 25 27 28 27 26 26 26 272012 3SN 238 351752 28999999999999991041  621 8 2699999999999999
 28 31 33 34 34 32 28 22 16 11  8  6  6  9 13 18 22 25 26 27 26 25 25 262012 4SN 313 341842 27999999999999991125  62129 2599999999999999
 27 28 31 33 33 32 29 25 20 14 10  7  6  6  9 13 17 21 24 25 25 25 24 252012 5SN 352 331939 25999999999999991213  52156 2499999999999999
 25 26 28 30 31 31 30 27 23 18 13  9  7  6  6  9 13 17 20 22 24 24 24 242012 6SN 437 3199999999999999999999913 4  6999999999999999999999
 24 24 25 26 28 29 29 27 25 21 16 12  9  7  6  7 10 13 17 20 22 23 23 232012 7SN 532 292137 23999999999999991357  6999999999999999999999
 22 22 22 22 23 25 26 26 25 23 20 16 13 10  8  7  8 11 14 17 20 22 23 232012 8SN 646 2622 9 2399999999999999 148 221453  799999999999999
 22 21 20 19 19 20 22 23 24 24 22 20 17 14 11 10  9 10 13 16 19 22 23 232012 9SN 825 242235 2499999999999999 328 191549  999999999999999
 22 21 19 17 16 16 16 18 20 22 23 23 21 19 16 14 12 12 13 15 19 22 24 25201210SN1011 2323 0 2599999999999999 446 151645 1299999999999999
 24 22 19 16 14 12 11 12 15 18 21 23 24 23 21 19 16 15 15 16 19 22 25 27201211SN1148 242329 2799999999999999 550 111739 1599999999999999
 27 25 22 18 13 10  8  7  9 12 17 21 24 25 25 23 21 19 18 18 20 22 26 29201212SN1312 25999999999999999999999 647  71830 1899999999999999
 30 29 26 22 16 11  7  4  4  6 11 16 22 25 27 27 25 23 22 21 21 23 26 30201213SN 0 3 301425 2799999999999999 741  41916 2199999999999999
 32 33 31 27 21 15  9  4  2  2  4 10 16 22 26 28 28 26 25 23 23 24 26 29201214SN 041 331529 2899999999999999 833  11959 2399999999999999
 33 35 35 32 27 20 13  7  2  0  0  4 10 17 22 26 28 28 27 25 24 24 25 27201215SN 124 351627 2899999999999999 925  02037 2499999999999999
 31 35 36 35 32 26 19 12  6  1 -1  0  4 10 17 22 26 27 27 26 25 24 24 26201216SN 210 361719 27999999999999991016 -12112 2499999999999999
 28 32 35 36 35 31 25 18 11  5  1 -1  1  5 11 17 22 25 26 26 24 24 23 24201217SN 257 3618 9 269999999999999911 6 -12146 2399999999999999
 25 28 31 34 34 33 29 23 16 10  5  1  0  2  6 12 17 21 23 24 24 23 22 22201218SN 343 341857 24999999999999991155  02224 2299999999999999
 23 24 27 30 31 31 29 26 20 14  9  5  2  2  4  8 13 17 20 22 22 22 21 21201219SN 429 321945 22999999999999991242  22328 2199999999999999
 21 21 22 25 27 28 28 26 22 17 12  8  6  4  4  6 10 13 17 19 20 20 20 19201220SN 514 282033 21999999999999991327  4999999999999999999999
 19 19 19 20 22 23 24 23 21 18 15 11  9  7  6  6  8 11 14 17 19 19 19 19201221SN 6 1 242116 1999999999999999 1 8 191410  699999999999999
 18 17 17 17 17 18 19 20 19 18 16 13 11  9  8  8  9 11 13 15 17 19 19 19201222SN 7 0 202152 1999999999999999 237 171449  899999999999999
 18 16 15 14 14 14 15 16 16 16 16 15 13 12 11 10 10 11 13 15 17 19 19 19201223SN 838 162219 1999999999999999 4 5 141525 1099999999999999
 18 16 15 13 12 11 11 12 13 14 15 15 15 14 13 13 12 13 14 15 17 19 20 20201224SN1054 152242 2099999999999999 521 111559 1299999999999999
 19 17 15 13 10  9  8  8 10 11 13 15 15 16 15 15 15 15 15 16 18 20 21 22201225SN1250 1623 4 2299999999999999 612  81634 1599999999999999
 21 19 17 13 10  8  6  6  7  9 11 14 16 17 17 17 17 17 17 17 19 20 22 23201226SN14 7 172329 2399999999999999 650  61717 1799999999999999
 23 22 19 15 12  8  5  4  4  6  9 12 15 17 19 19 19 18 18 18 19 21 23 24201227SN1455 192357 2599999999999999 724  418 2 1899999999999999
 25 24 22 18 14  9  6  3  2  3  6 10 14 17 19 20 20 20 19 19 20 21 23 25201228SN1529 20999999999999999999999 758  21845 1999999999999999
 26 26 25 21 17 12  7  3  1  1  3  7 11 16 19 21 21 21 20 20 20 21 22 25201229SN 030 2716 0 2199999999999999 834  11923 2099999999999999
 27 28 27 25 20 15  9  4  1 -1  0  3  8 13 17 20 21 21 20 20 19 20 21 23201230SN 1 7 281631 2199999999999999 912 -11958 1999999999999999
 26 28 29 27 24 19 13  7  2 -1 -2  0  4  9 14 18 20 21 20 20 19 19 20 21201231SN 146 2917 6 2199999999999999 952 -22029 1999999999999999
