 26 26 35 50 70 91107116117113104 93 85 82 85 92102112118115104 89 71 5420 1 1SO 740117181311899999999999999 031 251258 8299999999999999
 41 35 39 49 64 81 98111116114108 99 90 82 80 82 87 95102106103 94 82 6820 1 2SO 81611619 310699999999999999 1 7 3514 2 8099999999999999
 57 49 48 53 63 77 92105113116112105 96 86 79 75 75 79 85 91 94 93 87 8020 1 3SO 8521162013 9499999999999999 143 471525 7499999999999999
 71 64 60 61 66 75 87100110116116111103 93 82 73 67 65 68 74 81 86 88 8620 1 4SO 93111622 6 8899999999999999 224 601650 6599999999999999
 83 79 75 73 73 78 86 96106114118117111101 89 76 64 56 53 56 63 73 81 8820 1 5SO1015118999999999999999999999 320 721757 5399999999999999
 91 91 89 86 84 83 87 94103112118121118111 99 83 66 52 42 40 45 55 69 8220 1 6SO 037 9111 212199999999999999 436 831849 4099999999999999
 93 99102100 96 92 91 94100108117123125121110 94 74 54 37 28 27 35 50 6920 1 7SO 2 4102115012599999999999999 551 911933 2699999999999999
 87101110112109103 98 96 99105114123130130123109 88 63 39 22 14 16 29 5020 1 8SO 255112123613199999999999999 656 962015 1399999999999999
 73 95111119120115107101 99102109120130137135124105 79 50 24  7  2  9 2720 1 9SO 337120131913799999999999999 750 992055  299999999999999
 53 81104119125124116106100100104113126138143138123 99 68 36 11 -3 -4  720 110SO 41812614 114399999999999999 836 992135 -699999999999999
 30 60 90112124128124113103 98 99106117132145147138119 91 57 24  1 -9 -620 111SO 458128144314899999999999999 916 982215 -999999999999999
 10 37 70 99117127127120107 97 94 98106121137149147134112 82 47 16 -3 -920 112SO 536128152515099999999999999 954 942254 -999999999999999
 -1 19 49 81106121126124113 99 90 89 95106122139148143127104 73 40 13 -120 113SO 61212616 8148999999999999991034 892331 -399999999999999
 -1 10 32 63 93112122123117104 89 82 84 91104121136141134118 95 66 36 1520 114SO 6441241653141999999999999991116 82999999999999999999999
  8 12 26 49 79103117122119109 94 80 75 78 86 99115128130122107 87 62 3820 115SO 7 9122174113199999999999999 0 6  812 3 7599999999999999
 24 22 30 45 68 94112121121114101 85 73 69 72 79 91105115116109 98 82 6220 116SO 730122183511799999999999999 041 221259 6999999999999999
 46 39 41 50 65 86107120123119110 95 78 67 63 64 70 80 92101102 98 91 8020 117SO 755123194310299999999999999 115 381410 6399999999999999
 68 58 56 60 69 83101117125125118106 90 74 62 56 55 59 67 78 86 90 90 8920 118SO 8261262142 9199999999999999 152 561544 5599999999999999
 84 78 73 73 77 86 98112123128125117105 89 72 58 49 45 47 53 64 74 82 8820 119SO 9 7128999999999999999999999 234 721715 4599999999999999
 91 92 90 88 87 91 98107118127130127118105 89 70 53 41 35 35 41 53 67 7920 120SO 047 93 95913099999999999999 335 871830 3499999999999999
 90 99103102 99 98 99104112121129132129121107 88 66 46 31 24 24 32 47 6520 121SO 22210311 313299999999999999 5 2 981930 2399999999999999
 83 97108113111106103103106112121131135133124108 86 61 38 22 15 16 27 4620 122SO 315113121113599999999999999 6291022019 1499999999999999
 69 90106117120116108102102105112122134140137125107 82 53 28 13  8 13 2820 123SO 355120131114099999999999999 74110121 0  899999999999999
 52 78100115123123116105 98 98102111124138144138124102 74 43 19  7  6 1520 124SO 43112414 214499999999999999 835 972136  599999999999999
 35 62 90110122126122110 98 92 93100112128142146137119 94 63 33 12  4  820 125SO 5 2126144614699999999999999 919 9222 8  499999999999999
 22 46 76102117124124116102 89 86 89 99114132145144131110 83 52 24  9  720 126SO 529125152714699999999999999 957 862238  699999999999999
 16 35 62 91112122124119106 91 81 80 87100117135143138121 98 70 41 19 1120 127SO 54812416 6143999999999999991034 7923 7 1199999999999999
 15 29 51 79103118123120110 95 81 74 77 86101119134137128109 86 59 35 2020 128SO 6 41231645138999999999999991111 742336 1899999999999999
 19 28 46 69 94113122121113100 84 73 69 75 87102119129127115 96 74 51 3420 129SO 6221221723130999999999999991149 69999999999999999999999
 27 32 45 64 87107119122116105 90 76 67 67 74 86101114120115103 85 66 4920 130SO 64412218 312099999999999999 0 3 271229 6699999999999999
 39 39 48 63 82101116122119110 96 81 69 64 66 73 84 97107109103 92 78 6420 131SO 7 8122184710999999999999999 030 381315 6499999999999999
 54 50 55 65 80 97112120121114103 89 75 66 62 63 70 80 90 97 98 94 86 7620 2 1SO 7341221942 9899999999999999 055 501411 6299999999999999
 68 63 64 71 81 95108118121118110 97 84 71 63 58 59 64 72 81 87 90 89 8520 2 2SO 8 212121 7 9099999999999999 118 631524 5899999999999999
 80 77 76 79 85 94105114120120115106 94 81 69 59 53 51 55 62 71 79 85 8820 2 3SO 834121999999999999999999999 141 761648 5199999999999999
 89 89 89 89 92 96103111117121120114105 93 80 65 53 44 41 44 52 63 75 8520 2 4SO 91712199999999999999999999918 3 41999999999999999999999
 93 98100101100101103107113118121121116108 95 78 60 44 33 28 32 42 57 7420 2 5SO102312299999999999999999999919 4 28999999999999999999999
 89101108111110107105106108113119124125121112 96 75 52 32 19 15 21 35 5520 2 6SO 3 5111114712599999999999999 6231051955 1599999999999999
 77 96110118119114109104104107113121129132128115 95 69 42 20  7  4 13 3320 2 7SO 337119125713299999999999999 7431042042  499999999999999
 59 85105119124121113104 99 99103113125136140133117 93 62 31  8 -3 -2 1220 2 8SO 4 9124135314099999999999999 834 982124 -499999999999999
 37 67 95114124126119106 96 91 92100113130143145136116 88 54 22  1 -7 -120 2 9SO 440126144214699999999999999 914 9122 4 -799999999999999
 17 47 79105121127123111 95 83 81 85 96114134147147134112 81 46 16 -1 -320 210SO 5 8127152814999999999999999 951 802240 -399999999999999
  8 31 63 94115125125116 99 80 70 70 78 93115136146143128105 73 40 15  620 211SO 5311261613147999999999999991029 692313  599999999999999
  9 24 50 82109123126120105 84 66 59 62 72 90113133140134119 96 67 39 2220 212SO 54812616591409999999999999911 8 592342 1999999999999999
 19 27 45 72101121128124112 93 70 54 50 55 67 86109125128121108 88 63 4320 213SO 6 41281746129999999999999991151 50999999999999999999999
 35 38 50 69 94118129129119104 81 59 46 45 51 63 81100113114108 98 82 6520 214SO 624130183811599999999999999 0 9 351239 4499999999999999
 53 52 59 72 91112128133127114 95 73 54 43 43 48 58 74 89 99100 97 91 8120 215SO 651133194110099999999999999 036 511336 4299999999999999
 71 67 70 79 92108124133132123108 90 70 53 44 42 45 53 65 77 85 88 89 8820 216SO 72413422 5 8999999999999999 1 3 671451 4299999999999999
 85 82 82 87 95105117128132129119105 89 71 56 46 41 41 46 55 66 75 81 8720 217SO 8 3132999999999999999999999 130 811630 4199999999999999
 91 93 94 95 98104111119126129125117105 91 75 59 47 39 36 38 46 57 69 8020 218SO 85512999999999999999999999918 4 36999999999999999999999
 90 99103104104104107110116121124123118109 96 79 61 45 34 29 31 39 53 6920 219SO10151259999999999999999999991916 29999999999999999999999
 85 98108112111107104103105110116122125122113100 80 59 40 27 22 25 37 5520 220SO 311112115712599999999999999 64110320 8 2299999999999999
 75 94108116117112104 98 96 98104114124129127117100 77 52 32 20 17 24 3920 221SO 338118131112999999999999999 758 962048 1799999999999999
 62 86105117121118107 96 88 87 91101115129134130117 97 70 43 23 15 16 2720 222SO 4 512114 413499999999999999 843 872122 1499999999999999
 48 75 99115122122113 98 84 78 79 87101120134138130113 89 60 34 17 14 2020 223SO 428123144613899999999999999 917 782150 1399999999999999
 37 62 90111121123117102 85 72 69 74 86105126138137125105 78 49 26 16 1820 224SO 444123152513999999999999999 949 692217 1699999999999999
 31 52 79105120123119107 89 71 61 63 72 89111130138132116 94 66 40 24 2120 225SO 45512416 3138999999999999991021 612243 2199999999999999
 29 46 71 97117124121111 94 74 58 54 60 74 93115131133123105 82 56 36 2820 226SO 5101241639134999999999999991053 5423 8 2899999999999999
 32 45 66 90112124124115 99 79 60 49 50 60 77 98117127125112 93 71 51 3920 227SO 5281251716128999999999999991126 482332 3799999999999999
 38 48 64 86107122126119105 86 66 50 45 50 62 80100115120114101 83 65 5220 228SO 54812617541209999999999999912 0 452354 4799999999999999
 47 53 66 83103119126123111 94 74 56 45 44 52 65 83 99110111104 92 78 6520 229SO 6 91261836111999999999999991236 44999999999999999999999
 58 61 70 83100115125125116101 83 64 50 44 45 53 66 82 95101101 95 87 7720 3 1SO 630126192510299999999999999 015 581317 4499999999999999
 70 70 76 86 98112122125120108 93 75 59 49 45 46 53 64 77 87 93 93 91 8620 3 2SO 6531252039 9399999999999999 034 691410 4499999999999999
 82 81 84 90 99108118123122114102 87 72 59 49 45 45 49 58 69 78 85 89 9120 3 3SO 720123999999999999999999999 051 811531 4499999999999999
 91 91 93 96101107113118120117110100 87 74 60 50 42 39 41 48 59 70 80 8920 3 4SO 75612099999999999999999999917 8 39999999999999999999999
 95100102103104106109112115116115110102 92 78 63 48 37 30 30 37 49 64 7920 3 5SO 8581169999999999999999999991830 29999999999999999999999
 93103109110109107106105107110114116115109 99 83 63 44 28 19 19 28 44 6420 3 6SO 256111111011699999999999999 6351051931 1899999999999999
 84101112117115109103 98 97100106114121123118106 86 61 37 18  9 11 23 4420 3 7SO 312117125012399999999999999 750 972021  999999999999999
 70 93110119120113102 92 86 86 92103117129132126111 87 57 29 11  4  9 2620 3 8SO 336121135313299999999999999 831 8521 4  499999999999999
 52 81105119123118105 88 76 71 74 84102122136139131112 84 52 24  8  6 1520 3 9SO 358123144414099999999999999 9 5 712141  599999999999999
 37 68 97116124122110 91 70 58 56 63 79103127141141130110 80 47 23 13 1620 310SO 417125153114399999999999999 940 562215 1299999999999999
 30 56 87113126126117 98 73 51 42 44 55 76104129140138126104 74 45 27 2420 311SO 4301271618141999999999999991015 412244 2499999999999999
 32 51 79108127131123107 82 54 35 30 36 51 75104126134130117 97 70 47 3820 312SO 44613117 4134999999999999991053 302310 3899999999999999
 42 54 75102126135131117 95 67 40 25 24 32 49 75102119123119108 90 69 5520 313SO 5 71351752123999999999999991133 222335 5399999999999999
 54 62 76 97121137138126108 83 55 31 21 23 33 50 74 96109111107 99 85 7220 314SO 5331391845111999999999999991217 21999999999999999999999
 66 71 81 96115132140134119 99 74 49 31 24 27 36 52 71 88 97 99 97 93 8520 315SO 6 31401957 9999999999999999 0 1 6613 6 2499999999999999
 79 79 86 97109124135136127111 92 70 49 36 31 33 40 52 66 79 86 89 91 9120 316SO 6371372228 9299999999999999 027 7814 8 3199999999999999
 89 88 91 98106115125130128119105 89 71 55 44 38 38 41 49 60 71 79 85 9120 317SO 715131999999999999999999999 050 881539 3799999999999999
 95 96 97 99103108113119121119112102 90 77 63 51 43 39 40 45 54 65 76 8620 318SO 8 61219999999999999999999991725 39999999999999999999999
 95101104104102102103105109112112110104 96 84 70 56 44 37 36 40 51 64 7920 319SO 216104 93911299999999999999 4471021845 3699999999999999
 92103109110105100 95 94 95 99105110112109102 90 73 55 41 33 32 38 51 6820 320SO 235110115711299999999999999 7 7 941940 3199999999999999
 87101111115111101 91 84 82 84 91102112117115107 92 71 51 35 28 30 39 5620 321SO 259115131411799999999999999 8 0 822020 2899999999999999
 78 98111117116106 92 79 71 71 77 89104118123119108 89 66 44 30 26 32 4620 322SO 32011814 412399999999999999 834 702052 2699999999999999
 68 91109118119112 96 78 64 59 62 73 91111125128120105 83 57 37 28 29 3920 323SO 335120144512899999999999999 9 4 592121 2799999999999999
 58 83106119122116102 81 61 50 50 58 74 97118130128117 98 74 50 34 31 3820 324SO 347122152213099999999999999 932 482147 3099999999999999
 53 75100118124119107 87 64 46 39 44 58 80105124131125110 90 65 45 36 3920 325SO 4 012415591319999999999999910 2 392213 3699999999999999
 51 70 94115126123112 93 70 47 34 33 44 62 87112127128118102 80 59 46 4420 326SO 4181261635129999999999999991031 322237 4499999999999999
 53 69 90111126127118100 77 52 34 27 32 47 70 95116125121110 93 73 58 5220 327SO 43712817121259999999999999911 1 2723 0 5299999999999999
 57 69 87107124130123107 86 61 39 26 26 35 53 77100115119113101 85 70 6220 328SO 4571301750119999999999999991132 242322 6199999999999999
 63 72 86104120129127114 95 72 48 31 24 28 41 60 82101111111105 94 82 7220 329SO 51713018311129999999999999912 4 242343 7099999999999999
 70 76 87101116127128120103 83 60 40 28 27 33 46 64 84 98104104 99 91 8220 330SO 5381291923105999999999999991240 26999999999999999999999
 79 81 89100111122127123110 93 73 54 38 31 31 37 49 65 80 91 96 97 95 9120 331SO 6 31272044 9799999999999999 0 4 791326 3099999999999999
 88 88 93100108116122122115102 86 69 53 41 35 34 38 48 60 73 83 90 94 9620 4 1SO 631123999999999999999999999 026 871435 3499999999999999
 95 95 97101106110115117115108 98 85 71 58 46 38 35 36 42 53 65 77 87 9520 4 2SO 7 61179999999999999999999991617 35999999999999999999999
100102103103104105106108110109105 98 90 78 65 51 40 32 30 35 45 60 75 8820 4 3SO 8121109999999999999999999991750 30999999999999999999999
100106109107103100 97 96 98101105106105 99 88 73 55 39 28 24 28 41 59 7820 4 4SO 2 110911 310699999999999999 648 961857 2499999999999999
 95107113112106 96 88 83 82 87 95105112114110 98 79 56 36 23 20 27 43 6520 4 5SO 222113125011499999999999999 738 821949 2099999999999999
 88105115117110 97 82 70 65 67 76 91108120124119104 82 56 34 22 22 32 5220 4 6SO 242117135512499999999999999 813 652032 2199999999999999
 78102117121116103 82 62 50 47 53 68 90113128132125108 82 55 35 27 31 4520 4 7SO 258121144813299999999999999 847 4721 9 2799999999999999
 68 96117126123111 89 63 40 30 31 42 63 92118133134126107 81 55 40 37 4520 4 8SO 313126153813599999999999999 922 292140 3799999999999999
 63 89115131131120101 73 42 21 15 21 36 63 95121132132123104 79 57 49 5320 4 9SO 331132162713399999999999999 958 1522 9 4999999999999999
 64 84110132139131113 88 55 25  8  7 16 36 65 97119127126117 99 77 63 6220 410SO 3541391716127999999999999991036  62236 6199999999999999
 70 84105128142140126103 74 41 14  3  6 18 40 69 97114119117109 94 78 7220 411SO 4221441810119999999999999991115  323 4 7299999999999999
 76 86101121139145136117 92 63 32 12  6 11 24 46 72 95106109108102 91 8220 412SO 4531451913110999999999999991157  62333 8099999999999999
 81 88 99113130141140127107 83 56 31 16 14 20 33 52 73 90 98101101 98 9120 413SO 5261432036102999999999999991243 14999999999999999999999
 87 90 97107119130136131116 98 77 54 36 26 25 30 40 55 72 84 91 95 98 9720 414SO 6 21362213 9899999999999999 0 5 871337 2499999999999999
 94 93 96102109117124125119107 92 75 58 45 37 35 38 45 56 69 80 88 94 9820 415SO 6431262358 9999999999999999 044 931451 3599999999999999
 99 98 97 98101104108112113108100 90 78 66 54 46 42 42 47 56 67 78 88 9620 416SO 738113999999999999999999999 2 2 971627 4299999999999999
102104102 99 96 94 94 97100102102 98 92 84 74 62 51 45 43 46 55 67 80 9220 417SO 1 1104 92210299999999999999 522 941752 4399999999999999
102107108103 95 88 83 82 84 89 95100101 98 91 80 66 53 44 42 46 56 71 8720 418SO 135108114610199999999999999 652 821851 4299999999999999
100109112109 99 87 76 69 69 73 83 94103107105 96 83 66 51 43 42 49 61 7920 419SO 2 011213 610799999999999999 738 681935 4299999999999999
 97110116114105 90 73 61 55 58 67 81 98110114110 99 82 63 49 43 45 55 7120 420SO 218116135811499999999999999 811 552011 4399999999999999
 91109118119111 96 76 57 45 44 50 65 85105117119112 98 79 60 48 46 52 6620 421SO 233119144111999999999999999 840 432042 4599999999999999
 85105119123117103 82 58 40 32 36 48 69 93113123121111 95 75 58 50 53 6320 422SO 250123151912399999999999999 9 9 322112 5099999999999999
 80101119127123110 89 64 40 25 23 33 51 77103120126120108 90 71 59 57 6420 423SO 3 9127155712699999999999999 939 232139 5699999999999999
 78 97116128128117 98 72 45 24 16 20 35 59 87111124125117102 84 69 63 6720 424SO 32913016351269999999999999910 8 1622 6 6399999999999999
 77 94113128132124107 83 55 29 14 12 22 42 68 96116123121111 96 81 71 7120 425SO 3511331713123999999999999991039 112230 7099999999999999
 79 92109125134130116 94 67 40 19 10 14 28 51 78102116119115105 91 80 7620 426SO 41213417541209999999999999911 9 102254 7699999999999999
 81 91105120132133123104 80 53 29 14 12 20 36 59 84103113114109100 89 8320 427SO 4361341840114999999999999991142 112319 8299999999999999
 84 91102114127132127113 92 68 44 24 15 17 26 43 65 86101107108104 97 9020 428SO 5 21321940108999999999999991220 152347 8899999999999999
 88 92100109120127127118102 83 61 40 26 20 23 32 48 67 84 96102103102 9720 429SO 53112921 11039999999999999913 6 20999999999999999999999
 94 94 99105112119122119109 95 78 59 43 31 27 29 36 49 65 80 91 9810210220 430SO 6 5122223610299999999999999 021 931410 2799999999999999
100 98 99101104108112114110102 91 78 63 49 39 33 32 37 48 62 77 89 9810320 5 1SO 651114235710599999999999999 116 981538 3299999999999999
105103100 98 97 97 99101103103 99 93 84 72 59 47 38 34 37 46 61 77 9110120 5 2SO 822104999999999999999999999 434 9717 5 3499999999999999
107109105 98 92 86 84 84 88 94 99101100 94 83 68 53 42 36 38 48 64 82 9820 5 3SO 04310911 810199999999999999 619 831813 3699999999999999
109113111103 90 78 69 66 68 75 87 99107109105 93 77 58 45 39 43 54 72 9220 5 4SO 111113125110999999999999999 7 8 6619 7 3999999999999999
109117118110 95 76 59 49 46 52 65 83102114118114102 83 63 49 46 52 65 8520 5 5SO 133119135911899999999999999 748 461951 4699999999999999
107121125120105 83 58 38 28 29 39 58 83107121126121107 86 66 56 56 64 8020 5 6SO 153125145712699999999999999 825 272029 5599999999999999
102123133130117 96 67 38 18 11 16 31 56 87112126129123109 88 71 65 69 7920 5 7SO 216133155212999999999999999 9 3 1121 2 6599999999999999
 97120137141130111 84 51 20  3  1  9 29 59 91115126128122107 88 76 75 8220 5 8SO 243141164612999999999999999 941  02134 7499999999999999
 95114135147143126102 71 36  8 -4 -3  9 32 64 95115124125118104 89 82 8520 5 9SO 3141471741125999999999999991020 -522 7 8299999999999999
 94108127145150139119 92 59 26  3 -4  1 15 40 71 98113119119113100 89 8720 510SO 34815018371209999999999999911 0 -42241 8799999999999999
 94104118135148146131109 82 50 22  5  3 10 25 50 77 98109113113107 97 9120 511SO 4241491933114999999999999991142  22318 9099999999999999
 92 99109123137143137121 99 73 46 24 13 13 21 37 58 81 96105108108103 9620 512SO 5 21432030109999999999999991226 12999999999999999999999
 93 95102111122132134125110 90 68 47 30 23 25 33 47 65 83 9510210510510120 513SO 542134213110699999999999999 0 2 931315 2399999999999999
 96 94 96101107115122121113100 85 67 51 39 35 36 43 55 69 84 9410110410520 514SO 628122223510599999999999999 059 941412 3599999999999999
102 97 94 94 96100105109109103 94 83 70 58 49 44 45 50 60 72 85 9610310620 515SO 728110233110799999999999999 237 931523 4499999999999999
106103 97 91 87 87 88 92 97 99 97 92 85 76 66 57 52 51 55 64 76 89 9910720 516SO 9 5 99999999999999999999999 448 871639 5199999999999999
110108103 94 84 77 74 76 80 87 93 96 95 91 83 73 63 56 55 59 68 81 9410620 517SO 0131101114 9699999999999999 611 741745 5599999999999999
112113109100 86 73 64 61 64 71 82 92 99101 97 90 78 67 60 59 64 74 8810320 518SO 044114124810199999999999999 7 1 611837 5899999999999999
113118115107 92 74 58 49 48 54 66 82 97106108104 94 81 69 63 64 71 83 9820 519SO 1 8118134910899999999999999 738 481921 6299999999999999
113121122114100 80 58 42 35 38 49 67 87104114115108 97 83 71 67 71 80 9420 520SO 132123143711599999999999999 811 3520 0 6799999999999999
110123127122108 88 63 41 27 24 32 49 72 96113120119110 97 83 74 73 79 9120 521SO 156127151912199999999999999 843 242034 7299999999999999
107122131129118 98 73 46 25 15 18 32 54 81105120125120110 95 83 77 80 9020 522SO 221132155912599999999999999 915 1521 7 7799999999999999
103120132135127109 84 56 29 13  9 17 36 63 91113124126119107 93 84 83 8920 523SO 246136163912699999999999999 948  92137 8299999999999999
100115131139135120 98 70 40 17  6  7 21 44 73100118125124116103 92 87 9020 524SO 3121391721125999999999999991021  522 5 8799999999999999
 98110126138140130111 85 56 28  9  4 11 27 53 82105118123120111100 91 9120 525SO 33914118 6123999999999999991055  42234 9099999999999999
 96106119133140136121100 73 44 20  8  7 17 36 62 88107116119116107 97 9320 526SO 4 91401856119999999999999991132  623 6 9399999999999999
 95102112124135137128111 89 64 38 19 11 14 25 44 69 91106113115111104 9720 527SO 4421371951115999999999999991212 112344 9599999999999999
 95 99105114125132130119102 82 58 36 22 18 22 33 51 73 9210411111210910220 528SO 5191322049112999999999999991259 18999999999999999999999
 96 96 99105112120124120110 95 78 58 40 29 26 30 41 57 76 9310410911110720 529SO 6 4124214511199999999999999 035 961355 2699999999999999
101 96 94 96 99104110113111103 93 79 63 49 39 36 39 48 63 80 9510511111120 530SO 7 5113223511299999999999999 155 9415 2 3699999999999999
107 99 92 88 86 87 91 97102103100 94 84 72 59 50 46 47 55 69 8610011011420 531SO 846103231611499999999999999 410 861615 4599999999999999
113106 96 85 77 72 72 76 83 92 98101 99 93 83 71 61 55 56 64 78 9410811720 6 1SO11 9101234911999999999999999 537 711720 5599999999999999
119115105 90 74 61 54 54 59 71 85 97105107104 95 82 70 64 66 74 8810511920 6 2SO1256107999999999999999999999 635 531816 6499999999999999
126125116101 80 58 43 35 36 45 62 82100111116114104 90 78 74 77 8610011720 6 3SO 021126141211699999999999999 722 3519 5 7499999999999999
130134129115 94 67 42 25 18 22 35 57 83104118123121111 96 85 82 87 9711220 6 4SO 054134151512399999999999999 8 6 181948 8299999999999999
129141141130111 85 53 26 10  6 13 31 57 87110123128125114 99 90 90 9610820 6 5SO 130143161112899999999999999 848  62029 8999999999999999
124141149144128105 74 40 14  1  1 11 32 62 93114125129125113100 94 9610420 6 6SO 2 714917 312999999999999999 930 -121 8 9499999999999999
116134149153143123 96 63 30  6 -2  1 14 39 70 99116125128122110 99 9610120 6 7SO 2461541752128999999999999991011 -32148 9699999999999999
109123140153152138115 87 54 24  5  0  7 23 49 79103117123124117105 97 9720 6 8SO 3261541838125999999999999991051  02230 9699999999999999
103113127143151146129106 78 47 21  8  8 17 35 61 87107116121119111101 9520 6 9SO 4 71521919121999999999999991131  72314 9599999999999999
 97103114128141145136119 97 71 44 24 16 19 30 48 72 94108115117114106 9720 610SO 4491451957118999999999999991210 16999999999999999999999
 93 95102112124134135125108 88 65 44 30 26 31 43 61 81 9911011511511010220 611SO 533136203311599999999999999 0 4 931251 2699999999999999
 94 91 93 99107117124122113 99 82 64 48 39 38 44 56 72 8910311111411310720 612SO 62112421 811499999999999999 1 2 911335 3799999999999999
 99 91 88 89 93100107112111103 92 79 66 55 49 50 56 66 81 9510711311511220 613SO 718112214811599999999999999 218 881424 4899999999999999
105 97 88 83 82 84 89 96101101 97 90 81 72 64 59 60 66 76 8810111111611620 614SO 837101222911699999999999999 351 821522 5999999999999999
112104 93 83 75 72 73 78 85 92 96 95 92 87 80 73 69 69 75 84 9510711511920 615SO1027 96231211999999999999999 514 721626 6999999999999999
117111101 88 75 64 60 61 68 77 88 95 99 98 95 89 82 77 77 82 9110211312020 616SO1223 99235212399999999999999 614 601729 7699999999999999
123119110 96 79 63 51 47 51 60 74 88 99106107103 96 88 83 84 89 9911012020 617SO1342107999999999999999999999 7 1 471826 8399999999999999
126126119105 87 66 48 37 36 43 57 75 93107114115110101 93 89 90 9610611820 618SO 029127143611599999999999999 740 351915 8899999999999999
128132128117 98 75 52 34 25 27 39 58 80101116122121114104 96 93 9610411520 619SO 1 4132152012299999999999999 818 251959 9399999999999999
127136137128111 88 61 37 20 16 22 39 63 89110123127124115104 97 9610111120 620SO 13713716 212799999999999999 855 152039 9699999999999999
123136142139125103 76 47 23 10 10 21 43 71 98117128129124113103 9810010620 621SO 210142164313099999999999999 932  92115 9899999999999999
118131143146137119 93 63 34 13  5  9 24 50 80105122129129121110101 9910320 622SO 24414617261309999999999999910 9  52150 9999999999999999
111124138147145132111 83 51 24  8  4 12 31 59 88111124129126117105 99 9920 623SO 32014818 9129999999999999991047  42226 9899999999999999
105115129142147141125102 73 42 19  7  8 19 41 69 96114124126121111101 9620 624SO 3571481852126999999999999991126  623 5 9699999999999999
 99106116130142143134116 93 65 38 19 12 16 29 52 79102116123123116105 9620 625SO 43714419321249999999999999912 6 122349 9399999999999999
 93 97104115128137135124108 86 61 38 24 21 27 42 64 88107118121119111 9920 626SO 52213720 8122999999999999991247 21999999999999999999999
 91 89 93 99110121127125115101 82 61 43 34 34 41 56 76 9711212012111610520 627SO 614128204012199999999999999 044 891331 3399999999999999
 94 86 83 85 91100110116114108 97 83 67 54 48 49 56 70 8810611812212011320 628SO 719116211212299999999999999 157 831420 4799999999999999
101 88 79 75 75 79 87 97104105103 97 88 76 67 62 64 71 8310011412312512120 629SO 852105214712699999999999999 330 741515 6299999999999999
112 98 83 71 64 61 64 72 83 93 99102101 96 88 81 77 78 84 9611012212912920 630SO1115102222913099999999999999 456 611616 7799999999999999
123111 95 77 61 50 47 49 58 72 86 97105108107101 93 89 90 9610611813013620 7 1SO1314108231613699999999999999 6 5 471720 8999999999999999
134125111 91 69 49 37 32 36 47 64 83 99110117117111103 98 9910411412613720 7 2SO1432117999999999999999999999 7 3 321821 9899999999999999
142139128110 86 60 37 24 20 26 40 61 8510411712412411710810310411011913220 7 3SO 0 7142153012599999999999999 754 20191810399999999999999
144148143129107 80 50 27 14 12 20 38 64 9011112413012811910910510711312320 7 4SO 057148161913099999999999999 841 12201010599999999999999
137150153144127103 72 41 18  8  9 20 42 71 9811712813212811710710310611420 7 5SO 14615317 213299999999999999 924  7205810399999999999999
126142154155143123 96 64 33 13  7 11 26 51 8110612213013212511210210010520 7 6SO 23215617411329999999999999910 4  7214310099999999999999
114128145156153138116 87 55 28 12 10 18 36 63 92114125130128118105 96 9720 7 7SO 3171561814130999999999999991041 102226 9699999999999999
103114130147153146130106 78 48 25 16 18 29 50 77103119126127122110 97 9120 7 8SO 4 01531841128999999999999991115 152310 9199999999999999
 93101114130144147137119 96 69 44 27 23 30 44 66 91112123126123114101 9020 7 9SO 44214719 1126999999999999991149 232354 8799999999999999
 87 91100113128138137125108 86 63 43 33 34 44 60 81103118124124118107 9420 710SO 5251391923125999999999999991222 32999999999999999999999
 85 83 88 97109122128125114 98 79 61 48 43 48 60 76 9511212212512111210120 711SO 610128195012599999999999999 043 831256 4399999999999999
 89 81 80 84 93103113117113104 91 77 64 57 56 63 75 9010611812412411710720 712SO 7 1117202112599999999999999 140 801331 5699999999999999
 96 85 78 76 79 86 95103107104 98 89 79 72 68 70 77 8810111412212512211420 713SO 8 5107205712599999999999999 249 761410 6899999999999999
104 92 81 73 70 72 78 86 94 99 99 96 91 86 82 81 83 89 9910911912512612120 714SO 937 99213712699999999999999 4 7 701457 8199999999999999
112101 88 76 66 62 63 68 77 87 94 99100 99 96 93 92 94 9910711512312712720 715SO1156100222412799999999999999 519 6116 3 9299999999999999
121111 98 83 68 57 51 52 60 71 84 9510310710810610310110110511212012613020 716SO1345108231713099999999999999 619 51172110099999999999999
129122110 94 76 58 45 40 42 53 67 84 9911111711711411010610610911612413120 717SO1440118999999999999999999999 7 9 40183310599999999999999
134132124108 88 66 46 33 29 34 48 68 8910711912512411911310810811211912820 718SO 011134152212599999999999999 754 29193310899999999999999
136140136124105 80 54 33 21 20 29 48 72 9611512713112812011210810811312220 719SO 1 114016 013199999999999999 837 19202310799999999999999
134143145138122 99 70 42 21 12 14 28 51 7910512313213312711710810510711420 720SO 147146163713499999999999999 918 1121 510599999999999999
126140149149138118 91 59 31 12  6 13 31 59 8911312813413212311110210110520 721SO 230151171413599999999999999 958  6214410199999999999999
115130145153150135112 82 50 23  8  7 17 40 70 99120131134128115102 95 9620 722SO 3121531748134999999999999991037  62222 9599999999999999
103115132148153146129105 74 42 20 10 13 28 53 84110126132130120105 92 8820 723SO 3551531818132999999999999991114 1023 1 8899999999999999
 91100114133146148139121 97 67 39 23 19 26 43 69 98119129131125111 94 8320 724SO 4391491842131999999999999991149 192345 8099999999999999
 80 85 95111129140140129113 90 64 42 32 33 43 62 87111126131128118101 8420 725SO 52614119 3131999999999999991222 31999999999999999999999
 74 74 79 90105121130128119105 86 66 51 46 51 63 81104123132131124111 9320 726SO 619130192613399999999999999 034 731256 4699999999999999
 77 68 67 72 82 96110117116110100 87 72 64 64 70 82 9911813113513112010520 727SO 721117195513599999999999999 134 671330 6399999999999999
 87 71 63 61 64 72 85 97104106104 99 92 84 80 82 88 9911312713613613011820 728SO 854106203213799999999999999 250 611410 8099999999999999
102 84 68 58 54 55 62 72 84 93 99102103100 97 95 9710211112213313913713020 729SO1143103211913999999999999999 419 5415 1 9599999999999999
118102 84 66 53 46 45 50 61 74 87 9710511011110910710711111712613514013920 730SO1343111221914099999999999999 541 45162010699999999999999
132120104 84 64 48 38 36 40 52 68 8510011111912111811311211411912613514120 731SO1448121233314299999999999999 651 36175411299999999999999
141135123105 83 59 41 30 27 33 47 67 8810611912712712211511211311712513520 8 1SO1532128999999999999999999999 749 27191411199999999999999
144146139126105 79 53 33 23 22 30 48 72 9611512713212912011110710811412420 8 2SO 04314616 913299999999999999 836 21201510799999999999999
137148150142126102 73 45 26 18 20 32 55 8210712313213412711410410010311020 8 3SO 141150164113499999999999999 917 1821 110099999999999999
124140152152141122 96 65 38 21 17 23 40 66 95117129134131120105 94 93 9820 8 4SO 23015417 913499999999999999 952 172141 9299999999999999
109126144154150136115 86 56 32 20 21 32 53 81108125132132124109 93 85 8720 8 5SO 3131541728133999999999999991023 202219 8599999999999999
 95109129146152145128104 76 48 29 25 31 46 70 98120131132127114 97 83 7820 8 6SO 3551521741132999999999999991052 252256 7899999999999999
 83 94111131145146135117 93 67 44 33 34 45 64 88112128132129119103 86 7520 8 7SO 4351471757132999999999999991121 322334 7399999999999999
 74 81 95112130140136124105 83 61 45 42 48 63 82105124132131122109 92 7720 8 8SO 5151401819133999999999999991149 41999999999999999999999
 69 72 81 95112126131125112 95 77 61 53 55 65 81100118130133126115 99 8320 8 9SO 557131184313399999999999999 014 691216 5299999999999999
 71 67 71 80 94108118120114103 89 76 66 65 71 82 98114127133130120107 9120 810SO 64212119 913399999999999999 059 671242 6499999999999999
 77 68 66 70 78 90102110110106 97 88 80 77 79 86 9811112313113212511410020 811SO 737111193713299999999999999 150 6613 6 7799999999999999
 86 74 66 64 67 74 85 94101103101 97 92 89 89 9310010911912713112912111020 812SO 85710320 713199999999999999 256 641328 8999999999999999
 97 83 72 64 60 62 68 77 87 94 9910110110110010210511011612312813012611920 813SO1138101204713099999999999999 414 60134710099999999999999
109 96 82 70 60 54 54 59 69 80 91 9910611011111111111211511912412812912620 814SO2148129999999999999999999999 532 53999999999999999999999
120110 97 81 65 52 44 43 50 61 76 9110411411912011811611511511912312813020 815SO1447120231913199999999999999 637 43181111599999999999999
130124113 97 78 58 42 33 33 41 57 76 9611212312712612111611311311612213020 816SO1514127999999999999999999999 732 32193011299999999999999
135136130116 96 72 48 31 22 24 36 57 8110312113013212711911110710711312320 817SO 038136154313299999999999999 819 21202110699999999999999
134142143135117 93 64 38 20 14 19 36 62 90113128135132123111101 9810111020 818SO 137144161213599999999999999 9 1 142059 9899999999999999
124140149148137116 87 55 29 13 11 21 43 72102123134135128113 98 89 89 9520 819SO 226150163913699999999999999 941 102135 8899999999999999
108127145154150135111 80 48 23 13 15 30 56 88115131136132119100 84 77 7920 820SO 31115417 2136999999999999991017 122211 7799999999999999
 89107129148154147130105 73 43 24 20 27 46 75105127136134124106 84 69 6620 821SO 3561541719136999999999999991050 202248 6699999999999999
 72 85106129146149140123 98 68 44 32 34 46 67 96122136137130114 92 69 5720 822SO 4411491736138999999999999991120 322329 5699999999999999
 57 66 81103126139139130114 92 67 51 47 53 68 90115135141135123103 79 5820 823SO 5281401757141999999999999991148 47999999999999999999999
 50 52 62 78 99119128127119107 89 72 63 65 75 90110131142141131115 93 7020 824SO 620128182314399999999999999 013 501216 6399999999999999
 53 47 50 59 73 92108115114110102 90 81 79 84 94108125140145139126108 8720 825SO 723115185514599999999999999 1 5 471243 7899999999999999
 66 52 47 49 56 68 83 96102104104101 96 92 9410010912113314214213412110520 826SO 927104193314399999999999999 211 471312 9299999999999999
 86 68 55 49 48 52 61 73 84 92 9810310510510410711111812513413913813112020 827SO2021139999999999999999999999 341 48999999999999999999999
106 89 73 59 50 46 47 53 64 76 87 9810611211411411411611912312913413413020 828SO2134134999999999999999999999 520 46999999999999999999999
122110 95 78 61 49 42 41 46 58 73 8810211412112211911511311411712212913220 829SO1442122232213399999999999999 639 40181711399999999999999
132126116100 80 60 45 36 35 42 56 75 9411112212712511811010610510911612620 830SO1511127999999999999999999999 738 34193610599999999999999
134137132120101 78 55 38 31 32 42 60 83105120129130123111100 95 9610211320 831SO 048137153813199999999999999 823 302023 9599999999999999
128139142135121 99 72 48 32 27 32 47 70 96116129133128116100 88 84 88 9820 9 1SO 14614216 113399999999999999 859 272059 8499999999999999
114133144145135117 92 63 40 29 29 39 58 85110127133131121104 86 76 75 8320 9 2SO 231146161713399999999999999 929 282131 7499999999999999
 98118138148144130109 82 55 36 31 36 51 74101123133133125109 89 72 65 7020 9 3SO 311148162813499999999999999 956 3122 3 6599999999999999
 82101124142147138122 99 72 49 37 38 49 67 93117132135128115 95 73 60 5920 9 4SO 3491471642135999999999999991023 362235 5899999999999999
 68 83106128142141130112 89 65 48 44 51 66 87111130136132119101 79 61 5320 9 5SO 42714317 1136999999999999991048 4423 9 5399999999999999
 56 69 88110129137133119101 80 62 53 56 68 85106125136135124108 87 66 5220 9 6SO 5 51371723137999999999999991114 532343 4999999999999999
 50 57 72 92113127130123109 93 76 65 64 72 85103121134137129114 95 75 5820 9 7SO 5441301745137999999999999991137 63999999999999999999999
 49 51 60 76 95112121120113101 88 78 74 78 88102117131136133121104 85 6620 9 8SO 62712218 613699999999999999 019 491159 7499999999999999
 54 50 54 64 78 94107113112106 97 89 84 85 92102115126134134125112 95 7820 9 9SO 717113182913599999999999999 059 501218 8499999999999999
 63 54 52 56 65 77 90100105105102 98 94 94 98105113122129132128118105 9020 910SO 832105185413299999999999999 149 521233 9499999999999999
 75 63 56 53 55 62 72 83 92 9810210310310310510911311812412712712211410220 911SO1927128999999999999999999999 3 3 53999999999999999999999
 90 77 66 57 52 51 56 64 75 86 9510310811111211411511611812112312211911320 912SO2023123999999999999999999999 439 51999999999999999999999
105 94 81 67 55 47 43 46 55 69 83 9610811611911911711511311311511812012120 913SO1429120224112199999999999999 6 2 43183411399999999999999
118112100 84 67 50 38 33 37 49 65 8410211612412512111510910510410811412120 914SO1444125999999999999999999999 7 5 33193610499999999999999
126126120106 86 63 43 29 25 31 46 68 92111125129126117106 97 93 9410111320 915SO 03212715 612999999999999999 754 252014 9299999999999999
126135136127110 85 58 35 22 20 31 51 77103122131131122106 91 81 79 84 9720 916SO 135137152713299999999999999 837 202046 7899999999999999
115133144143131110 82 52 30 20 23 38 63 92117131134127111 90 72 63 65 7520 917SO 226145154613499999999999999 915 202119 6399999999999999
 94118139149146132108 77 48 30 26 34 53 81111131137132118 95 70 53 48 5420 918SO 31314916 113799999999999999 949 262153 4899999999999999
 69 93122142149143128103 73 49 37 39 52 74103128140138126105 77 51 37 3720 919SO 3581491618141999999999999991019 372229 3699999999999999
 47 66 94123140144137122 98 72 54 51 58 73 97123142144134116 91 61 37 2820 920SO 4451441639145999999999999991046 5023 8 2799999999999999
 31 44 66 94120133134127114 94 74 65 68 79 95118139149143127106 78 49 3020 921SO 53313517 6149999999999999991112 652351 2599999999999999
 25 31 45 67 93114123122118107 92 80 79 86 98114133147149137119 96 69 4420 922SO 6281231736150999999999999991139 78999999999999999999999
 30 28 35 48 67 89104111111109103 94 90 93101112126140147143129111 89 6620 923SO 74711218 914799999999999999 038 2812 6 9099999999999999
 46 36 35 40 51 66 82 94100103105103100100104111120129138141134121106 8820 924SO10 0105184814199999999999999 136 351233 9999999999999999
 69 54 45 43 45 52 63 75 86 9310010510710710811111511912513013112511610520 925SO1937131999999999999999999999 3 1 43999999999999999999999
 91 77 63 54 48 47 50 58 70 81 9110110911311311211111111211511912111911520 926SO133711421 612199999999999999 449 47163611199999999999999
108 98 85 71 58 49 45 47 55 67 81 9510711611911711110610210110310911411820 927SO14 3119233311999999999999999 614 45184610199999999999999
118114105 91 74 59 47 42 44 54 69 87103116123122115104 95 89 88 9210111220 928SO1428123999999999999999999999 713 421939 8899999999999999
121124121110 94 73 55 43 39 44 57 76 97114124127121108 92 80 75 77 85 9920 929SO 058124145012799999999999999 756 392015 7599999999999999
116127130125112 91 68 49 40 40 49 66 89110124129126114 95 77 65 63 69 8220 930SO 15013015 612999999999999999 829 392045 6399999999999999
102122134134125109 85 62 45 40 45 58 79104123131129119101 79 60 52 54 662010 1SO 232135151813299999999999999 858 402113 5299999999999999
 85109129138134122102 78 56 45 46 56 73 96119132133124108 85 61 45 43 512010 2SO 3 9138153313499999999999999 925 442142 4299999999999999
 68 92117135138131116 94 71 55 50 57 71 91114131136129114 92 66 45 35 392010 3SO 346139155113699999999999999 951 502212 3599999999999999
 52 73100124136135124107 87 68 58 61 71 88109128138134120100 75 50 34 312010 4SO 4221371612138999999999999991016 582243 3099999999999999
 40 57 82108127133128116 99 81 69 67 74 88106124137138126108 84 59 38 292010 5SO 4591331633139999999999999991041 662314 2899999999999999
 32 45 65 90113126127120108 93 80 74 78 89104120134139132115 94 70 47 332010 6SO 53812816541399999999999999911 4 742346 2999999999999999
 30 37 52 73 95113121119112102 90 83 84 91103116129137134122103 81 59 412010 7SO 6201211715137999999999999991125 82999999999999999999999
 33 34 43 59 78 97109114112106 99 92 90 95103113124132133125111 93 73 542010 8SO 711114173813499999999999999 021 321146 9099999999999999
 41 37 40 49 62 79 93103107107104100 97 99104111119126129126116102 86 692010 9SO 82910718 412999999999999999 1 4 3712 6 9799999999999999
 55 45 42 44 51 62 75 87 96101104105104105107111115119122122118109 98 85201010SO1835122999999999999999999999 2 5 42999999999999999999999
 72 60 51 46 45 48 57 69 81 91100106110111111111111112112114114111106 99201011SO1930114999999999999999999999 344 45999999999999999999999
 90 78 66 55 47 42 43 51 63 77 91103111116116113109105102102104106108108201012SO1330116223310999999999999999 519 42184110299999999999999
105 99 87 73 57 44 37 37 46 60 78 96110119121117109 99 92 88 88 93102110201013SO1351121999999999999999999999 629 361922 8799999999999999
116116109 96 77 57 41 33 35 45 63 85105119125122112 97 83 73 71 75 85101201014SO 031116141112599999999999999 721 321954 7099999999999999
116125126118102 79 56 39 33 37 52 74 98118128128118101 80 62 53 53 63 80201015SO 137127142912999999999999999 8 5 332026 5299999999999999
103124135135124105 79 55 41 38 47 65 90115131134126109 84 58 40 34 39 54201016SO 230136144513499999999999999 842 382059 3499999999999999
 79108130140138127105 79 57 48 50 62 83110132140135119 95 64 36 21 20 30201017SO 31914115 414099999999999999 915 472134 1999999999999999
 51 81112134141137125103 79 62 59 66 81104129145145131109 79 45 19  8 12201018SO 4 7141152814799999999999999 944 592211  899999999999999
 26 51 84115132136132120100 80 71 74 84101123144152143123 97 64 31  9  4201019SO 4581361556152999999999999991012 712250  499999999999999
 12 28 55 87113126129125114 97 84 82 89101117138152151136113 85 53 24  8201020SO 5521291627154999999999999991041 812332  699999999999999
  8 17 35 61 89109118120117108 97 90 93101113128144151144126103 76 47 25201021SO 65912017 0151999999999999991111 90999999999999999999999
 15 17 26 42 65 88102109111111105 98 96101109119132142143133116 95 72 49201022SO 820112173714499999999999999 017 141144 9699999999999999
 32 26 28 36 50 68 85 96102106107104101102106112119127133131121107 90 72201023SO 948107181913399999999999999 1 9 26122510199999999999999
 55 43 38 39 44 54 68 81 91 99104107107105104106108112117120118111102 90201024SO1119107191312099999999999999 219 38134210499999999999999
 77 64 54 48 47 49 56 67 80 90 99107110110107103100 99100103106107105101201025SO1224111205310799999999999999 355 471710 9999999999999999
 94 85 74 63 55 51 51 57 68 81 94104112115112105 97 90 86 85 89 95101104201026SO13 3115233210599999999999999 524 501835 8599999999999999
104101 93 81 68 57 51 52 58 71 86101112118118111 99 86 75 71 71 78 89100201027SO1330119999999999999999999999 627 511921 7099999999999999
108111108 99 84 69 57 52 54 62 77 95111120123118105 87 70 59 56 60 72 88201028SO 058111135112399999999999999 713 511955 5699999999999999
105115118113101 84 67 56 53 58 70 88107121127124112 94 71 53 44 45 54 72201029SO 15111814 712799999999999999 749 532024 4399999999999999
 93112122123116101 82 65 57 58 67 82101120130129119101 77 53 36 32 38 54201030SO 233124142413199999999999999 821 562052 3299999999999999
 77102121128125115 98 79 65 61 67 79 96116131134125109 85 58 35 24 25 38201031SO 311128144513499999999999999 851 612121 2399999999999999
 59 86112127131124111 93 76 67 69 78 93112129137132117 94 67 40 21 16 242011 1SO 34713115 613799999999999999 920 672151 1699999999999999
 42 68 97120130129121106 89 76 73 79 92108126138137125104 78 49 25 13 152011 2SO 424131152913999999999999999 947 732221 1299999999999999
 28 51 79106124129125115100 86 80 82 91105121135140132114 89 61 35 17 122011 3SO 5 11291552140999999999999991013 792252 1299999999999999
 19 37 61 89112124125120109 96 87 85 92103117131139136122101 75 48 26 152011 4SO 5401261615139999999999999991038 852324 1499999999999999
 16 27 46 71 96113120119113104 94 90 93101112124135136127110 88 63 39 232011 5SO 62512016401379999999999999911 2 902359 1899999999999999
 18 23 35 55 78 98110114114109101 95 95101108118127132129116 98 78 56 372011 6SO 71911517 7132999999999999991129 95999999999999999999999
 26 24 30 43 60 80 96105109110106101 99101106112118124125118106 90 72 542011 7SO 833110173812699999999999999 040 2412 3 9999999999999999
 40 32 31 36 47 62 79 92101106108107104103104107110113116115109 99 86 722011 8SO10 0108181811699999999999999 135 31125610399999999999999
 58 46 39 38 40 49 62 77 90100107110109106104102101101103105105102 96 892011 9SO1119110193210599999999999999 255 38162710199999999999999
 78 67 55 47 42 42 49 61 76 90102110113112106100 94 89 87 89 92 96 99 99201110SO12 9113223110099999999999999 426 4218 7 8799999999999999
 96 88 77 64 53 45 44 50 63 79 96109116117112102 90 79 71 69 73 81 92101201111SO1241118999999999999999999999 540 441852 6999999999999999
106106100 88 72 58 49 48 55 69 88106118123120109 92 73 58 50 50 58 73 91201112SO 03010713 512399999999999999 637 471929 4999999999999999
107116117111 97 79 62 54 55 64 80101119129128118100 76 52 35 29 33 47 69201113SO 142118132613099999999999999 724 5320 5 2999999999999999
 94114125126119103 83 67 62 65 77 95117133137130113 87 57 30 15 12 21 40201114SO 240127135013899999999999999 8 4 622041 1299999999999999
 69 99120131132123106 86 73 72 79 92112133145142127104 72 38 11  0  2 15201115SO 335132141814699999999999999 839 712119 -199999999999999
 40 73104124133132123106 88 81 83 92108128147152142121 93 57 23 -1 -8 -2201116SO 429134144915299999999999999 912 802158 -899999999999999
 15 44 78108124131130120104 91 88 94105121141154153136112 81 45 13 -5 -7201117SO 523131152415699999999999999 945 882239 -899999999999999
  2 22 51 84109121126124115101 93 94102114130147155147128102 71 37 10 -1201118SO 61912616 0155999999999999991019 922320 -299999999999999
  0 11 32 60 88107116120118110 99 95 99108119134147149137117 92 63 35 15201119SO 7151201639150999999999999991057 95999999999999999999999
  8 12 24 43 68 91105112115113105 98 97101109119131139137124106 84 60 37201120SO 810115172014099999999999999 0 3  81141 9699999999999999
 23 20 25 36 54 74 92103108111109103 98 97100106114122127123112 97 79 61201121SO 9 711118 612799999999999999 049 201237 9799999999999999
 44 35 33 38 48 62 79 93102107109107102 97 95 96 99104109112110102 91 79201122SO10 410919 311299999999999999 142 3314 9 9599999999999999
 65 53 46 45 48 56 68 82 95103109110108102 95 90 88 88 90 95 99 99 95 90201123SO10571102033 9999999999999999 246 451631 8799999999999999
 82 72 63 57 54 56 63 74 86 98107112113109101 91 82 76 74 76 82 88 93 94201124SO11411132257 9499999999999999 4 2 541757 7499999999999999
 93 88 81 72 64 61 62 68 79 92104113117115108 96 82 69 61 59 63 72 83 92201125SO1215117999999999999999999999 514 601849 5999999999999999
 98 99 96 88 78 69 65 67 74 85 99112120121116104 87 68 54 46 46 54 67 83201126SO 047 99124212199999999999999 612 651927 4599999999999999
 97105107103 94 83 73 69 73 81 94108120126123113 95 74 52 37 33 37 50 69201127SO 15110713 912699999999999999 7 0 6920 0 3399999999999999
 89105114114109 98 85 76 74 80 90104119129130121105 82 57 35 23 23 32 51201128SO 237115133513099999999999999 741 742031 2199999999999999
 75 98114121119111 98 85 79 80 88100115129135129115 93 66 39 20 13 18 34201129SO 31712114 213599999999999999 818 7921 3 1399999999999999
 57 85108122126121110 97 86 83 88 98112127137137125104 78 48 23  8  7 18201130SO 354126142813899999999999999 852 832134  699999999999999
 40 68 96117126127120107 95 88 88 96108123136141134116 91 62 32 11  3  82012 1SO 431128145514199999999999999 923 8722 7  399999999999999
 24 49 79105121127125116103 93 90 94104117132141140127105 77 47 20  5  32012 2SO 5 9127152314299999999999999 953 902240  299999999999999
 12 33 60 89111122125120110 99 93 94100111125137141134116 92 63 35 13  42012 3SO 5501251552141999999999999991022 922314  499999999999999
  7 21 43 71 96113121121115106 97 94 98106117129137136124104 80 53 28 122012 4SO 6341221623138999999999999991053 942350  899999999999999
  8 15 30 53 79100112117117111102 96 96101109118128133127113 94 71 46 262012 5SO 7231181657133999999999999991128 95999999999999999999999
 16 16 24 40 61 84101111115113107100 96 97101108116123123116103 86 66 462012 6SO 815115173712499999999999999 031 151214 9599999999999999
 30 24 25 34 48 68 88102110113111105 98 94 95 97102108112112106 95 82 662012 7SO 9 7113182911399999999999999 117 231322 9499999999999999
 50 39 34 36 43 56 74 91104111113110103 96 91 88 88 90 95100101 98 92 832012 8SO 956113195010199999999999999 214 341532 8899999999999999
 72 60 50 46 46 52 64 80 96108114114110101 91 82 76 74 75 80 86 92 94 942012 9SO10381152217 9599999999999999 324 451714 7399999999999999
 90 82 72 63 57 57 62 73 88103114119117110 98 83 69 59 55 56 64 75 86 95201210SO1115119999999999999999999999 436 561815 5599999999999999
 99100 95 85 75 68 67 72 83 98113123125120109 91 71 52 40 35 39 50 66 84201211SO 032100115112599999999999999 541 6619 4 3599999999999999
 99108110107 97 85 77 77 83 94109124132132123106 82 56 34 20 17 24 40 63201212SO 157111122713399999999999999 636 761948 1799999999999999
 86105116120116105 92 85 86 93105120135142137123100 71 40 16  4  4 14 35201213SO 3 012013 414299999999999999 724 852031  399999999999999
 64 91112123127122109 97 92 94102115132146149139120 93 59 26  3 -6 -3 11201214SO 356127134414999999999999999 8 8 912113 -799999999999999
 37 69 98117127129123109 98 96100109123141153152137114 83 47 15 -5-10 -4201215SO 447130142415499999999999999 849 952154-1099999999999999
 14 43 77103120128128120107 98 98104114130147156150132106 74 38  8 -7 -8201216SO 53512915 615699999999999999 929 972234 -999999999999999
  2 23 54 85108120126124114102 96 98105117134149154143123 97 65 31  7 -2201217SO 6201261548154999999999999991011 952313 -399999999999999
  1 13 36 66 93110119122118107 96 93 97105118134146146133112 87 57 29 11201218SO 7 01221630148999999999999991055 932351  799999999999999
  7 13 27 50 77 99112117118112101 92 90 95103115129137134120101 78 52 31201219SO 7361181714138999999999999991143 90999999999999999999999
 19 19 28 43 65 87104113116114106 95 88 87 91 99109120125120107 91 71 52201220SO 8 611618 012599999999999999 028 181238 8799999999999999
 36 30 34 43 58 77 95108114114110102 92 85 83 86 92100108111106 96 83 69201221SO 836114185311199999999999999 1 7 301347 8399999999999999
 55 46 43 48 57 71 87102111114113108 99 89 81 78 79 82 89 95 98 95 89 81201222SO 91011520 2 9899999999999999 149 431521 7899999999999999
 72 63 57 56 61 69 81 95107114116113106 97 85 76 70 68 71 76 83 88 89 87201223SO 9501162151 8999999999999999 237 561654 6899999999999999
 83 78 73 69 68 72 79 90101111117117113105 93 80 67 59 56 58 65 74 82 88201224SO1036118999999999999999999999 339 6818 3 5699999999999999
 91 91 88 84 79 78 81 87 97107116120120114103 88 71 56 46 43 47 57 70 83201225SO 027 91112212199999999999999 451 781853 4399999999999999
 93 98100 98 93 87 85 87 94103112121124122113 98 79 59 42 33 32 39 53 71201226SO 15610012 612499999999999999 559 851934 3199999999999999
 88101108109106 99 93 90 93 99109119127129123110 91 67 44 27 20 23 36 55201227SO 246109124612999999999999999 657 902011 2099999999999999
 77 97110117116110102 95 94 97105115126133132122104 80 53 29 14 11 19 36201228SO 326117132413499999999999999 747 932047 1199999999999999
 61 86106119123119111102 96 96101111123134138133118 95 66 38 16  5  6 19201229SO 4 1123135913899999999999999 830 952123  499999999999999
 42 70 96115124125119109100 96 98105117130140141130110 83 52 24  5 -1  6201230SO 437126143314299999999999999 9 8 962158 -199999999999999
 24 50 80105120126124116105 97 96101110124138144140124101 71 39 13 -1 -2201231SO 51412615 714499999999999999 942 962234 -399999999999999
