 17 17 19 20 21 22 21 19 16 12  8  5  3  3  4  6  9 12 14 16 16 16 16 1520 1 1T1 459 2220 9 16999999999999991256  3999999999999999999999
 15 15 16 16 18 18 19 18 16 13 10  7  6  4  4  6  8 10 13 15 16 16 15 1520 1 2T1 541 192042 1699999999999999 0 8 151329  499999999999999
 14 13 13 13 14 15 15 15 15 13 11  9  8  7  6  7  8 10 12 14 16 16 16 1520 1 3T1 640 1521 4 1699999999999999 2 7 131357  699999999999999
 14 13 11 11 11 11 12 12 13 13 12 11 10  9  9  9  9 11 13 15 16 17 17 1620 1 4T1 814 132126 1799999999999999 341 111423  899999999999999
 15 13 11  9  8  8  8  9 10 11 12 12 12 11 11 11 11 12 13 15 17 18 19 1820 1 5T11034 122150 1999999999999999 454  81447 1199999999999999
 16 14 11  9  7  6  5  6  8  9 11 12 13 13 13 13 13 13 14 16 18 19 20 2020 1 6T12219 20999999999999999999999 544  5999999999999999999999
 19 16 13 10  7  4  3  3  4  7  9 12 14 15 15 15 15 15 16 17 18 20 22 2220 1 7T12255 22999999999999999999999 627  3999999999999999999999
 21 19 16 12  8  4  1  0  1  3  7 10 13 15 16 17 17 16 17 17 18 20 22 2420 1 8T12336 24999999999999999999999 7 9  0999999999999999999999
 24 23 19 15 10  5  1 -2 -2 -1  2  7 11 15 17 18 18 18 17 17 18 20 22 2420 1 9T11532 18999999999999999999999 752 -21824 1799999999999999
 26 26 23 19 14  8  2 -2 -4 -5 -2  2  7 12 16 18 18 18 18 17 17 18 20 2320 110T1 022 2616 2 1899999999999999 836 -51912 1799999999999999
 26 27 27 24 19 12  6  0 -5 -7 -6 -3  2  8 13 16 18 18 17 17 16 17 18 2120 111T1 110 271634 1899999999999999 922 -71956 1699999999999999
 24 27 28 27 23 17 10  3 -2 -7 -8 -7 -3  3  9 13 16 17 17 16 15 15 16 1720 112T1 2 0 2817 9 179999999999999910 9 -82042 1599999999999999
 20 24 27 28 26 22 16  8  1 -4 -8 -9 -7 -2  4  9 13 16 16 15 14 13 13 1420 113T1 252 281744 16999999999999991056 -92141 1399999999999999
 16 19 23 26 26 25 20 14  7  0 -4 -8 -8 -6 -1  5 10 13 15 15 13 12 11 1120 114T1 345 261820 15999999999999991142 -82256 1199999999999999
 12 14 17 21 23 24 22 18 12  5  0 -4 -6 -6 -3  2  7 11 14 14 13 12 10  920 115T1 441 241855 14999999999999991228 -6999999999999999999999
  9  9 11 14 18 20 20 19 15 10  5  1 -2 -3 -2  1  5  9 12 14 14 13 11  920 116T1 543 201931 1499999999999999 013  91312 -399999999999999
  7  6  6  8 11 13 16 16 15 13  9  6  4  2  1  2  5  8 12 14 15 15 13 1020 117T1 655 1620 7 1599999999999999 130  61356  199999999999999
  8  6  4  3  4  7  9 11 13 13 11 10  8  6  6  5  6  9 12 14 16 16 15 1320 118T1 828 132046 1699999999999999 251  31437  599999999999999
 10  7  4  2  1  1  3  5  8 10 11 11 11 10 10  9  9 10 12 15 17 18 18 1620 119T11042 112128 1899999999999999 416  11515  999999999999999
 14 10  6  3  0 -2 -2  0  2  5  8 10 12 12 12 12 12 13 13 15 17 19 20 1920 120T12213 20999999999999999999999 534 -2999999999999999999999
 17 14 10  6  2 -2 -4 -4 -2  1  5  8 11 13 14 14 14 15 15 15 17 19 21 2120 121T123 3 21999999999999999999999 638 -4999999999999999999999
 21 18 14 10  5  0 -3 -5 -6 -3  1  5  9 12 14 15 15 15 15 16 16 18 20 2220 122T12353 22999999999999999999999 732 -6999999999999999999999
 22 21 18 14  9  4 -1 -5 -7 -6 -3  1  6 10 13 15 15 15 15 15 16 17 18 2120 123T19999999999999999999999999999 818 -7999999999999999999999
 23 23 22 18 13  7  2 -3 -6 -7 -6 -2  3  8 12 14 15 15 15 14 14 15 16 1920 124T1 042 231624 1599999999999999 9 0 -71913 1499999999999999
 21 23 23 21 17 11  5  0 -4 -7 -7 -5 -1  5  9 12 14 14 14 13 13 13 14 1620 125T1 129 231640 1499999999999999 938 -81951 1399999999999999
 19 21 23 22 20 15  9  3 -2 -6 -8 -7 -4  1  6 10 13 13 13 12 11 11 12 1320 126T1 213 2317 1 13999999999999991014 -82030 1199999999999999
 15 19 21 22 20 17 12  6  0 -4 -7 -7 -5 -2  3  8 11 12 12 11 10  9  9 1020 127T1 254 221725 12999999999999991047 -72114  999999999999999
 12 15 18 20 20 18 14  8  3 -2 -5 -6 -6 -3  1  5  9 11 11 10  9  8  8  820 128T1 333 201750 11999999999999991117 -722 4  899999999999999
  9 11 14 16 17 17 14 10  5  1 -3 -5 -5 -4 -1  3  7  9 10 10  9  7  6  620 129T1 411 171814 10999999999999991144 -523 3  699999999999999
  6  8 10 12 14 14 13 11  7  3  0 -2 -3 -3 -1  3  6  8 10 10  9  7  6  520 130T1 450 141836 109999999999999912 8 -3999999999999999999999
  5  5  6  8 10 11 11 10  7  5  2  0 -1 -1  0  3  6  8 10 10 10  8  6  520 131T1 532 111857 1099999999999999 0 8  51228 -199999999999999
  4  3  3  4  6  7  8  8  7  5  4  2  1  1  2  4  6  8 10 11 11 10  8  620 2 1T1 626  81919 1199999999999999 114  31240  199999999999999
  4  2  2  2  3  4  5  6  6  6  5  4  4  4  4  5  7  9 11 12 12 11 10  720 2 2T1 749  61945 1299999999999999 225  21231  499999999999999
  5  3  1  0  0  1  2  3  4  5  5  5  6  6  6  7  8 10 11 13 13 13 12 1020 2 3T12019 13999999999999999999999 342  0999999999999999999999
  7  4  2  0 -2 -2 -2  0  2  3  5  6  7  8  8  9  9 10 12 13 14 15 14 1320 2 4T121 6 15999999999999999999999 454 -2999999999999999999999
 10  7  4  0 -2 -4 -5 -4 -2  1  3  6  8  9 10 10 10 11 12 13 14 16 16 1620 2 5T122 4 16999999999999999999999 554 -5999999999999999999999
 14 11  7  3 -1 -5 -7 -7 -6 -3  0  4  7  9 10 11 11 11 11 12 13 15 17 1820 2 6T123 6 18999999999999999999999 647 -7999999999999999999999
 17 15 11  6  1 -3 -7 -9-10 -8 -4  1  5  8 10 11 11 11 11 11 12 14 16 1820 2 7T19999999999999999999999999999 736-10999999999999999999999
 19 19 16 11  6  0 -6-10-12-12 -9 -4  1  6  9 11 11 11 10  9 10 11 13 1720 2 8T1 0 6 191543 1199999999999999 824-1219 6  999999999999999
 20 21 20 16 11  4 -2 -8-12-14-13 -9 -3  2  7 10 11 10  9  8  7  8  9 1320 2 9T1 1 4 2116 2 1199999999999999 910-1420 1  799999999999999
 17 20 22 20 16 10  3 -4-10-14-15-13 -8 -2  4  8 10 10  8  6  5  5  5  820 210T1 2 0 221627 1099999999999999 955-152059  599999999999999
 12 17 20 21 20 15  9  1 -5-11-14-14-11 -6  1  6  9 10  9  6  4  2  2  320 211T1 256 211655 10999999999999991039-1422 1  299999999999999
  5 10 15 19 20 18 13  7  0 -6-10-12-12 -8 -2  3  8 10  9  7  4  2  0 -120 212T1 352 201724 10999999999999991121-1223 5 -199999999999999
  0  3  8 13 16 17 15 11  5  0 -4 -7 -9 -7 -3  2  6  9 10  9  6  3  0 -220 213T1 451 171755 109999999999999912 2 -9999999999999999999999
 -3 -2  1  5  9 12 13 12  9  4  1 -2 -4 -4 -2  1  6  9 11 11  9  5  2 -120 214T1 555 131828 1199999999999999 0 9 -31240 -499999999999999
 -4 -5 -4 -2  2  5  8  9  9  7  4  3  1  0  1  3  6  9 11 12 11  9  5  220 215T1 711  919 3 1299999999999999 117 -51314  099999999999999
 -2 -4 -6 -6 -4 -2  1  4  6  6  6  5  5  5  5  5  7  9 11 13 13 12  9  620 216T1 9 1  61943 1399999999999999 231 -61334  499999999999999
  2 -1 -4 -7 -7 -6 -4 -2  1  3  5  6  7  7  8  8  8 10 11 13 14 14 12 1020 217T12032 14999999999999999999999 356 -7999999999999999999999
  7  3 -1 -4 -7 -8 -8 -6 -4  0  3  5  7  8  9 10 10 10 11 12 13 14 14 1320 218T12134 14999999999999999999999 521 -8999999999999999999999
 11  7  3 -1 -5 -8 -9 -9 -7 -4 -1  3  6  8  9 10 10 10 10 11 12 13 14 1520 219T12242 15999999999999999999999 630 -9999999999999999999999
 13 11  8  3 -1 -5 -8-10-10 -7 -4  0  4  7  9 10 10 10 10 10 10 12 13 1520 220T12344 15999999999999999999999 723-10999999999999999999999
 15 14 11  7  3 -2 -6 -9-11-10 -7 -2  2  5  8  9  9  9  8  8  8  9 11 1320 221T11544  9999999999999999999999 8 7-111913  899999999999999
 15 15 14 11  6  1 -4 -8-10-11 -9 -5  0  4  7  8  8  8  7  6  6  7  8 1120 222T1 038 151542  899999999999999 845-111942  699999999999999
 14 15 15 13  9  4 -1 -6 -9-11-10 -7 -3  2  5  7  8  7  6  5  4  4  6  820 223T1 126 161552  899999999999999 918-112013  499999999999999
 11 14 15 14 12  7  2 -3 -8-10-11 -9 -5  0  4  6  7  7  5  4  2  2  3  520 224T1 2 9 1516 8  799999999999999 948-112050  299999999999999
  8 11 14 14 13  9  4 -1 -5 -9-10 -9 -7 -2  2  5  7  7  5  3  1  0  0  120 225T1 250 141626  7999999999999991015-102131  099999999999999
  4  7 11 13 13 10  7  2 -3 -6 -8 -9 -7 -3  1  4  7  7  6  3  1 -1 -1 -120 226T1 329 131644  7999999999999991040 -92215 -299999999999999
  1  4  7 10 11 10  8  4  0 -4 -6 -7 -6 -3  0  4  6  7  6  4  1 -1 -2 -320 227T1 4 9 1117 2  79999999999999911 2 -723 0 -399999999999999
 -2  0  3  6  8  9  8  5  2 -1 -4 -5 -4 -3  0  4  6  8  7  6  3  0 -2 -420 228T1 450  91719  8999999999999991121 -52348 -499999999999999
 -4 -3 -1  2  5  6  6  5  3  1 -1 -2 -2 -1  1  4  7  8  8  7  4  1 -1 -320 229T1 536  61736  8999999999999991134 -2999999999999999999999
 -5 -5 -4 -1  1  3  4  4  3  2  1  0  0  1  3  5  7  9  9  8  6  4  1 -220 3 1T1 634  41755  999999999999999 039 -51129  099999999999999
 -4 -5 -5 -4 -2  0  1  3  3  3  2  2  2  3  4  6  7  9 10 10  8  6  3  020 3 2T1 8 2  31820 1099999999999999 135 -61048  299999999999999
 -3 -5 -6 -6 -5 -4 -2  0  1  2  3  3  4  5  6  6  8  9 10 10 10  8  6  320 3 3T11857 10999999999999999999999 242 -6999999999999999999999
  0 -3 -5 -7 -7 -7 -5 -3 -1  1  3  4  5  6  7  7  8  9 10 11 11 10  9  620 3 4T11959 11999999999999999999999 4 0 -7999999999999999999999
  3  0 -3 -6 -8 -9 -9 -7 -5 -2  1  3  5  6  7  8  8  8  9 10 11 11 11 1020 3 5T12126 12999999999999999999999 516 -9999999999999999999999
  8  4  0 -4 -7-10-11-11 -9 -6 -2  2  4  6  7  7  7  7  7  8  9 11 12 1320 3 6T12248 13999999999999999999999 620-11999999999999999999999
 12  9  5  0 -5 -9-12-14-13-10 -6 -1  3  5  7  7  7  6  5  6  7  9 11 1420 3 7T11446  72359 1599999999999999 715-141820  599999999999999
 15 13 10  6  0 -6-11-14-15-14-10 -5  0  4  6  7  6  5  3  3  3  5  8 1220 3 8T11452  7999999999999999999999 8 4-151916  399999999999999
 15 16 15 11  6  0 -7-12-15-16-14 -9 -3  2  6  7  6  4  2  0 -1  0  2  620 3 9T1 1 2 161510  799999999999999 849-162011 -199999999999999
 12 16 17 16 12  6 -1 -7-12-15-15-12 -6  0  5  7  7  5  2 -1 -3 -4 -3  020 310T1 2 3 171533  899999999999999 933-1521 7 -499999999999999
  5 11 15 17 15 11  5 -1 -7-11-13-12 -8 -2  4  7  9  7  4  0 -4 -6 -7 -620 311T1 3 2 171559  9999999999999991014-1322 3 -799999999999999
 -2  4 10 14 15 14 10  4 -1 -5 -8 -9 -7 -3  3  7 10 10  7  2 -2 -6 -9-1020 312T1 4 2 151628 10999999999999991053 -923 0-1099999999999999
 -8 -4  2  7 11 13 12  8  4  0 -3 -5 -5 -2  2  7 10 11 10  6  1 -3 -7-1020 313T1 5 4 131658 11999999999999991131 -52359-1199999999999999
-11-10 -6  0  5  8 10  9  7  4  2  0  0  0  3  7 10 12 12 10  6  1 -4 -820 314T1 612 101730 129999999999999912 5  0999999999999999999999
-10-12-10 -7 -3  2  5  7  7  6  5  4  4  4  5  7 10 12 13 12  9  5  1 -320 315T1 738  718 4 1399999999999999 1 0-121230  499999999999999
 -7-10-11-10 -8 -5 -1  2  4  5  6  6  6  7  7  8  9 11 12 12 11  9  6  220 316T11844 12999999999999999999999 2 9-11999999999999999999999
 -2 -6 -9-10-10 -9 -6 -3  0  3  5  6  7  8  9  9  9 10 11 12 12 11  9  620 317T11939 12999999999999999999999 330-10999999999999999999999
  3 -1 -4 -7 -9-10 -9 -7 -4 -1  2  5  7  8  9  9  9  9  9 10 11 11 10  920 318T121 1 11999999999999999999999 456-10999999999999999999999
  7  3  0 -4 -7 -9-10 -9 -7 -4  0  3  6  7  8  8  8  8  8  8  9 10 10 1020 319T115 4  82228 1199999999999999 6 7-101816  899999999999999
  9  7  4  0 -4 -7 -9-10 -9 -6 -3  1  4  6  7  8  7  7  6  6  6  7  9 1020 320T11448  82338 1199999999999999 7 0-101858  699999999999999
 10  9  7  4  0 -4 -7 -9-10 -8 -5 -1  3  5  7  7  6  5  4  4  4  5  7  920 321T11439  7999999999999999999999 741-101927  499999999999999
 11 11  9  6  3 -2 -5 -8 -9 -9 -6 -2  2  5  6  6  6  4  3  2  1  2  4  720 322T1 035 111442  799999999999999 815 -91953  199999999999999
  9 11 11  9  5  1 -3 -6 -8 -9 -7 -4  0  4  6  7  6  4  2  0 -1 -1  1  420 323T1 123 111452  799999999999999 844 -92021 -199999999999999
  7 10 11 10  8  4 -1 -4 -7 -8 -7 -5 -1  3  6  7  6  4  1 -1 -2 -3 -2  020 324T1 2 7 1115 6  799999999999999 910 -82054 -399999999999999
  4  8 10 11  9  6  2 -2 -5 -6 -6 -5 -1  3  6  8  7  5  2 -1 -3 -5 -5 -320 325T1 249 111522  899999999999999 934 -72129 -599999999999999
  1  5  8 10 10  8  5  1 -2 -4 -5 -4 -1  3  6  8  9  7  4  0 -3 -5 -6 -620 326T1 331 101538  999999999999999 956 -522 6 -699999999999999
 -3  1  5  8  9  9  7  4  1 -1 -2 -2  0  3  7  9 10  9  6  2 -2 -5 -7 -720 327T1 413  91554 10999999999999991016 -22245 -799999999999999
 -6 -3  2  5  8  8  7  5  3  1  0  0  1  4  7 10 11 10  8  4  0 -4 -6 -820 328T1 459  81610 11999999999999991034  02327 -899999999999999
 -8 -6 -2  2  5  7  7  6  5  3  3  3  3  5  7 10 11 11 10  7  3 -2 -5 -720 329T1 550  71628 12999999999999991039  3999999999999999999999
 -8 -8 -5 -2  1  4  6  6  6  5  4  5  5  6  8 10 12 12 11  9  5  1 -2 -520 330T1 655  61649 1299999999999999 011 -81012  499999999999999
 -7 -8 -7 -5 -2  1  3  5  5  5  6  6  7  7  8 10 11 12 12 10  8  4  1 -320 331T11717 12999999999999999999999 1 2 -8999999999999999999999
 -6 -7 -8 -8 -6 -3 -1  2  4  5  6  7  7  8  9 10 11 11 12 11 10  7  4  120 4 1T11758 12999999999999999999999 2 3 -8999999999999999999999
 -3 -5 -7 -8 -8 -7 -4 -2  1  3  5  7  8  8  9  9 10 10 11 11 11 10  8  520 4 2T11915 11999999999999999999999 318 -8999999999999999999999
  1 -2 -5 -8 -9 -9 -8 -6 -3  1  4  6  7  8  8  8  8  8  9 10 11 11 11  920 4 3T121 7 11999999999999999999999 437 -9999999999999999999999
  6  2 -1 -5 -8-10-10 -9 -6 -2  1  5  7  8  8  7  7  6  6  7  8 10 12 1220 4 4T11340  82240 1299999999999999 546-101733  699999999999999
 11  8  4 -1 -5 -8-11-11 -9 -6 -1  3  6  8  8  7  5  4  3  3  5  7 10 1320 4 5T11335  82356 1499999999999999 644-111828  399999999999999
 14 13 10  5  0 -5 -8-11-11 -8 -4  1  6  8  9  7  5  3  1  0  0  2  6 1020 4 6T11348  9999999999999999999999 733-111919  099999999999999
 14 15 14 11  6  1 -4 -8 -9 -9 -6  0  5  9 10  9  7  3 -1 -3 -4 -4 -1  520 4 7T1 1 4 1514 8 1099999999999999 818-102011 -499999999999999
 10 15 16 15 12  7  2 -3 -6 -7 -6 -1  4  9 12 12  9  5  0 -4 -7 -8 -7 -320 4 8T1 2 9 161434 1299999999999999 9 1 -721 4 -899999999999999
  4 10 14 16 16 12  7  3 -1 -3 -3 -1  4  9 13 14 13  9  4 -2 -6 -9-11 -920 4 9T1 312 1615 3 1499999999999999 941 -32157-1199999999999999
 -4  3  9 14 16 15 12  8  5  2  1  1  4  9 13 16 16 14  9  2 -3 -8-11-1220 410T1 415 161533 16999999999999991020  12250-1299999999999999
-10 -5  2  8 12 14 14 12  9  7  6  5  6  9 13 16 18 17 13  8  2 -4 -8-1120 411T1 520 1416 6 18999999999999991056  52345-1299999999999999
-12-10 -5  1  6 10 12 12 11 10  9  9  9 10 13 16 18 18 16 12  7  1 -4 -820 412T1 633 121640 18999999999999991126  9999999999999999999999
-10-11 -9 -5  0  4  8 10 11 11 11 11 11 11 13 15 16 17 17 15 11  7  2 -320 413T11716 18999999999999999999999 042-11999999999999999999999
 -6 -9 -9 -8 -5 -1  3  6  9 10 11 12 12 13 13 14 15 16 16 15 14 10  7  320 414T11756 16999999999999999999999 145 -9999999999999999999999
 -1 -4 -7 -7 -7 -4 -1  2  5  8 10 11 12 13 13 13 13 13 14 14 14 12 10  720 415T11854 14999999999999999999999 258 -7999999999999999999999
  4  0 -3 -5 -6 -6 -4 -1  2  5  8 10 11 12 12 12 11 11 11 12 12 12 11 1020 416T11349 122029 1299999999999999 417 -61717 1199999999999999
  7  4  1 -1 -4 -5 -5 -3  0  3  6  9 10 11 11 11 10  9  9  9 10 11 11 1120 417T11338 1122 8 1199999999999999 525 -51815  999999999999999
 10  7  5  2 -1 -3 -4 -4 -2  1  5  7  9 10 10 10  9  8  7  6  7  8 10 1120 418T11328 102326 1199999999999999 617 -41848  699999999999999
 11 10  8  5  2 -1 -3 -3 -2  0  3  7  9 10 10  9  8  6  5  4  4  6  8 1020 419T11328 10999999999999999999999 657 -31916  499999999999999
 11 11 10  7  4  2 -1 -2 -2  0  3  6  9 11 11 10  7  5  3  2  2  3  5  820 420T1 028 111334 1199999999999999 728 -21941  299999999999999
 11 12 12 10  7  4  2  0 -1  0  3  6 10 12 12 11  8  5  3  1  0  0  2  620 421T1 120 121345 1299999999999999 754 -120 9  099999999999999
  9 12 13 12 10  7  4  2  1  2  4  7 10 13 13 13 10  6  3  0 -2 -2  0  320 422T1 2 7 131359 1399999999999999 817  12040 -299999999999999
  7 10 13 13 12 10  7  5  4  3  5  7 11 14 15 15 12  9  4  0 -2 -3 -3  020 423T1 253 131415 1599999999999999 840  32114 -499999999999999
  4  8 12 13 14 12 10  8  6  6  6  8 11 15 16 17 15 11  7  2 -2 -4 -5 -320 424T1 337 141433 1799999999999999 9 3  62149 -599999999999999
  1  5  9 12 14 14 12 10  9  8  8  9 12 15 17 18 17 14 10  4  0 -3 -5 -520 425T1 422 141453 1899999999999999 924  82227 -599999999999999
 -3  2  6 10 13 14 14 12 11 10 10 11 13 15 18 19 19 16 13  8  3 -2 -4 -620 426T1 511 141515 1999999999999999 938 1023 8 -699999999999999
 -5 -2  3  7 11 13 14 13 12 12 12 12 13 15 18 19 20 18 15 11  6  1 -2 -520 427T1 6 7 141540 2099999999999999 929 122352 -599999999999999
 -5 -4 -1  3  7 10 12 13 13 13 13 13 14 15 17 19 20 19 17 14  9  5  0 -320 428T116 9 209999999999999999999999999999999999999999999999999
 -5 -5 -4  0  3  7  9 11 13 13 13 14 15 15 16 18 19 19 18 16 13  8  4  020 429T11646 19999999999999999999999 043 -5999999999999999999999
 -2 -4 -5 -3 -1  3  6  9 11 12 13 14 15 15 15 16 17 18 18 17 15 12  8  420 430T11741 18999999999999999999999 142 -5999999999999999999999
  1 -2 -4 -4 -3 -1  2  5  9 11 13 13 14 14 14 14 15 15 16 16 16 15 12  920 5 1T11914 16999999999999999999999 250 -4999999999999999999999
  5  2 -1 -3 -4 -3 -1  2  6  9 12 13 14 14 13 13 12 12 13 14 15 16 15 1320 5 2T11223 1421 3 1699999999999999 4 1 -41623 1299999999999999
 10  7  3  0 -2 -3 -2  0  3  7 11 13 14 14 13 11 10  9  9 10 12 15 16 1620 5 3T11211 142236 1799999999999999 5 7 -31729  999999999999999
 15 12  9  5  2 -1 -2 -1  2  6 10 13 15 15 13 11  8  6  5  6  7 11 14 1720 5 4T11222 152357 1899999999999999 6 3 -21822  599999999999999
 18 17 14 11  7  3  1  1  2  5 10 14 17 17 15 12  9  5  3  1  2  5  9 1420 5 5T11243 17999999999999999999999 653  11914  199999999999999
 18 19 19 16 12  9  6  4  4  6 10 14 18 20 19 16 11  6  2 -1 -2 -1  3  920 5 6T1 111 1913 9 2099999999999999 738  420 5 -299999999999999
 14 18 20 20 18 14 11  9  8  8 10 15 19 22 23 20 16 10  4 -1 -4 -5 -3  220 5 7T1 220 211340 2399999999999999 821  82056 -599999999999999
  8 14 19 21 21 19 16 14 12 11 12 15 20 23 25 24 21 15  9  2 -2 -6 -6 -420 5 8T1 326 211413 2599999999999999 9 1 112148 -699999999999999
  1  8 14 19 21 21 20 18 16 15 15 16 20 23 26 27 25 21 15  8  2 -3 -6 -720 5 9T1 430 211449 2799999999999999 938 152239 -799999999999999
 -4  2  8 14 18 21 21 20 19 18 18 18 20 23 26 28 27 25 20 14  7  2 -3 -520 510T1 537 211526 28999999999999991010 182331 -699999999999999
 -5 -2  3  8 14 17 20 20 20 20 19 20 20 22 24 26 27 27 24 19 13  7  2 -220 511T1 656 2016 4 27999999999999991016 19999999999999999999999
 -4 -3 -1  4  9 13 16 18 19 20 20 20 20 21 22 24 25 26 25 22 17 12  8  320 512T11645 26999999999999999999999 024 -4999999999999999999999
  0 -1 -1  1  5  9 12 16 18 19 19 20 20 21 21 22 23 23 23 22 20 16 12  820 513T11729 24999999999999999999999 121 -2999999999999999999999
  5  2  1  1  3  6  9 12 15 17 18 19 20 20 20 20 20 20 21 21 20 18 15 1220 514T11827 21999999999999999999999 222  1999999999999999999999
  9  6  4  3  3  4  7 10 13 15 17 18 19 19 18 18 17 17 18 18 18 18 17 1520 515T11225 191953 1899999999999999 326  31641 1799999999999999
 12 10  7  5  4  5  6  8 11 14 16 18 18 18 17 16 15 15 15 15 16 17 17 1620 516T11212 182134 1799999999999999 425  41742 1599999999999999
 14 12 10  8  7  6  6  8 10 13 16 18 18 18 17 15 14 13 12 12 13 15 16 1620 517T11210 1823 5 1699999999999999 512  61820 1299999999999999
 16 15 13 11  9  8  8  9 11 13 16 18 19 19 17 15 13 11 10 10 11 12 14 1620 518T11214 19999999999999999999999 549  81849 1099999999999999
 17 17 16 14 12 11 10 10 12 14 17 19 20 20 19 16 13 11  9  8  8 10 12 1520 519T1 019 171223 2099999999999999 617 101917  899999999999999
 17 18 18 17 15 13 12 12 13 15 18 20 22 22 21 18 15 11  8  6  6  7 10 1320 520T1 119 181236 2299999999999999 642 121947  699999999999999
 16 19 19 19 18 16 15 14 15 16 19 22 24 25 24 21 17 13  9  6  4  5  7 1120 521T1 212 191254 2599999999999999 7 7 142019  499999999999999
 15 18 20 21 20 19 18 17 17 18 20 23 25 27 26 24 20 15 10  7  4  3  5  820 522T1 259 211316 2799999999999999 733 172053  399999999999999
 12 17 20 22 22 21 20 19 19 19 21 23 26 28 29 27 24 19 13  8  5  3  2  520 523T1 345 221341 2999999999999999 759 192131  299999999999999
  9 14 18 21 23 23 22 21 21 21 22 23 26 29 30 29 27 22 17 11  7  3  2  220 524T1 432 231410 3099999999999999 821 212211  299999999999999
  6 10 15 19 22 23 23 22 22 22 22 24 26 28 30 31 29 26 21 15  9  5  2  120 525T1 522 231442 3199999999999999 831 222255  199999999999999
  3  7 11 16 20 22 23 23 23 23 23 24 25 27 29 31 30 28 24 19 13  8  4  220 526T11518 319999999999999999999992342  1999999999999999999999
  2  4  7 12 16 20 22 23 23 23 23 24 24 26 28 29 30 29 27 23 18 12  8  420 527T116 0 309999999999999999999999999999999999999999999999999
  2  2  4  8 12 16 19 21 22 23 23 23 24 24 25 27 28 29 28 25 21 17 12  820 528T11650 29999999999999999999999 033  2999999999999999999999
  5  3  3  5  8 12 16 19 21 22 22 23 23 23 23 24 25 26 27 26 24 21 16 1220 529T11758 27999999999999999999999 129  3999999999999999999999
  9  6  4  5  6  9 13 17 20 21 22 22 22 21 21 21 22 23 24 25 25 23 21 1720 530T11036 221926 2599999999999999 227  41440 2199999999999999
 14 10  8  6  7  8 11 15 18 21 23 23 22 21 20 19 18 18 20 22 23 24 23 2120 531T11038 2321 4 2499999999999999 326  616 6 1899999999999999
 19 15 12 10  9  9 11 14 18 21 23 24 23 22 19 17 15 15 15 17 19 22 24 2420 6 1T11055 242240 2499999999999999 423  91714 1499999999999999
 23 20 18 15 13 12 13 15 18 22 25 26 26 24 21 17 14 12 11 11 14 18 21 2420 6 2T11119 26999999999999999999999 516 121812 1199999999999999
 25 25 23 20 18 17 16 17 19 22 26 29 29 28 25 20 16 12  9  8  8 12 16 2120 6 3T1 0 9 251147 2999999999999999 6 4 1619 6  899999999999999
 25 27 27 25 23 21 20 20 21 23 27 31 32 32 29 25 19 14  9  6  5  6 11 1620 6 4T1 129 271221 3399999999999999 648 201958  599999999999999
 22 26 28 28 27 26 24 23 24 25 28 31 34 35 34 30 25 18 12  7  4  3  5 1020 6 5T1 241 281257 3599999999999999 729 232049  399999999999999
 17 22 27 29 29 29 27 26 26 27 28 31 35 37 37 35 31 24 17 11  6  3  3  620 6 6T1 346 301337 3899999999999999 8 4 262139  399999999999999
 11 17 23 27 30 30 29 28 28 28 29 31 34 37 39 38 35 30 24 17 11  6  4  420 6 7T1 446 301419 3999999999999999 829 282228  399999999999999
  7 12 18 24 27 29 30 29 29 29 29 30 32 35 38 39 38 34 29 22 16 11  7  520 6 8T1 547 3015 2 3999999999999999 834 292317  599999999999999
  5  9 14 19 24 27 29 29 29 29 29 30 31 33 35 37 37 36 32 27 21 16 11  820 6 9T11545 379999999999999999999999999999999999999999999999999
  6  7 11 15 20 24 27 28 28 28 29 29 29 30 32 34 35 35 33 30 25 20 15 1220 610T11629 35999999999999999999999 0 5  6999999999999999999999
  9  8 10 13 17 20 24 26 27 28 28 28 28 29 29 31 32 33 32 31 27 23 19 1620 611T11714 33999999999999999999999 054  8999999999999999999999
 13 11 11 12 15 18 21 24 26 27 27 27 27 27 27 27 28 29 30 29 28 25 22 1920 612T118 6 30999999999999999999999 142 11999999999999999999999
 16 14 13 13 14 17 20 22 25 26 27 27 26 26 25 25 25 26 26 27 27 25 24 2220 613T11036 271915 2799999999999999 227 131520 2599999999999999
 19 17 16 15 16 17 19 22 24 26 27 27 26 25 24 23 23 23 23 24 24 25 24 2320 614T11038 272050 2599999999999999 3 9 151643 2399999999999999
 22 20 19 18 18 18 20 22 24 26 28 28 27 26 24 22 21 20 20 21 22 23 24 2420 615T11045 282239 2499999999999999 344 181735 2099999999999999
 24 23 22 21 20 20 21 23 25 27 29 30 29 27 25 23 20 19 18 18 20 21 23 2420 616T11056 30999999999999999999999 414 201812 1899999999999999
 25 25 24 23 23 23 23 25 27 29 31 32 31 29 27 24 21 18 16 16 17 19 22 2420 617T1 015 251111 3299999999999999 442 231845 1699999999999999
 26 27 27 26 25 25 25 26 28 30 32 34 34 32 30 26 22 18 16 15 15 17 20 2320 618T1 129 271132 3499999999999999 513 251919 1499999999999999
 26 28 29 28 28 27 27 28 29 31 34 36 36 35 33 29 25 20 16 14 13 14 17 2120 619T1 225 291159 3699999999999999 547 271955 1399999999999999
 25 28 30 30 30 30 29 29 30 32 34 37 38 38 36 33 28 23 18 14 12 12 14 1820 620T1 312 301231 3899999999999999 622 292035 1299999999999999
 22 27 30 31 32 31 31 31 31 32 34 37 39 40 39 37 32 27 21 16 12 11 11 1420 621T1 354 3213 7 4099999999999999 656 312116 1199999999999999
 19 24 28 31 32 32 32 31 31 32 33 36 39 41 41 40 36 31 25 19 14 11 10 1120 622T1 436 321347 4199999999999999 725 3122 0 1099999999999999
 15 20 25 29 31 32 32 32 32 32 33 34 37 40 42 42 39 35 30 23 17 13 10  920 623T1 521 321430 4299999999999999 752 322247  999999999999999
 11 15 21 25 29 31 32 32 31 32 32 33 35 37 40 41 41 38 34 28 22 16 12 1020 624T11517 429999999999999999999992335  9999999999999999999999
  9 12 16 21 26 29 31 31 31 31 31 31 32 34 37 39 40 40 37 32 26 21 16 1220 625T116 8 409999999999999999999999999999999999999999999999999
 10 11 13 18 22 26 29 31 31 30 30 30 30 31 33 35 37 38 38 35 31 25 20 1620 626T1 740 3117 5 3899999999999999 023 101045 3099999999999999
 13 12 13 15 19 24 27 30 31 30 30 29 29 28 29 31 33 35 36 35 33 30 25 2120 627T1 818 311814 3699999999999999 113 1213 0 2899999999999999
 18 16 15 16 18 22 26 29 31 31 31 29 28 27 26 26 28 30 32 33 33 32 29 2620 628T1 850 311937 3399999999999999 2 2 151426 2699999999999999
 23 20 19 18 19 22 25 29 31 33 32 31 29 27 25 24 23 24 26 29 31 32 31 3020 629T1 921 332114 3299999999999999 251 181546 2399999999999999
 28 26 24 23 22 24 26 29 32 34 35 34 32 29 26 23 21 20 21 23 26 29 31 3220 630T1 952 3523 1 3299999999999999 339 221659 2099999999999999
 31 30 28 27 27 27 28 30 33 36 38 38 36 32 28 24 21 18 17 18 21 24 28 3120 7 1T11027 38999999999999999999999 425 2618 4 1799999999999999
 33 33 32 31 31 30 31 32 34 37 40 41 40 37 33 28 23 19 16 15 16 19 24 2820 7 2T1 044 3311 5 4199999999999999 5 9 3019 1 1599999999999999
 32 34 35 34 34 33 33 34 35 38 41 43 43 42 38 33 27 22 17 14 13 15 19 2420 7 3T1 211 351147 4399999999999999 548 331954 1399999999999999
 29 33 35 36 36 36 35 35 36 38 40 43 45 45 43 39 33 27 21 16 13 13 15 2020 7 4T1 316 361232 4699999999999999 621 352044 1399999999999999
 25 30 34 36 37 37 36 36 37 37 39 42 45 47 46 44 39 32 26 20 16 13 13 1620 7 5T1 4 6 371318 4799999999999999 651 362131 1399999999999999
 21 27 32 35 37 37 37 36 36 37 38 40 43 46 47 46 43 38 31 25 19 15 13 1420 7 6T1 447 3714 5 4799999999999999 722 362217 1399999999999999
 17 23 28 32 35 37 37 36 36 36 37 38 40 44 46 47 45 42 36 30 24 19 16 1420 7 7T1 526 371451 4799999999999999 756 3623 1 1499999999999999
 16 19 24 29 33 35 36 36 35 35 35 36 38 40 43 45 45 43 39 34 28 23 19 1620 7 8T1 6 4 361535 4599999999999999 834 352342 1699999999999999
 16 18 22 26 30 33 35 35 34 34 34 34 35 37 39 41 43 42 40 36 31 26 22 1920 7 9T1 643 351618 4399999999999999 921 34999999999999999999999
 18 18 20 24 28 31 33 34 34 34 33 33 33 34 36 38 39 40 39 37 33 29 25 2220 710T1 722 3417 1 4099999999999999 021 171040 3399999999999999
 20 20 21 23 26 29 32 33 34 33 33 32 32 32 33 34 35 36 37 36 34 31 28 2520 711T1 756 341748 3799999999999999 056 201231 3299999999999999
 23 22 22 24 26 29 31 33 34 34 33 32 31 31 31 31 32 33 34 34 33 32 30 2820 712T1 825 341848 3499999999999999 127 221359 3199999999999999
 26 25 25 25 27 29 31 33 35 35 34 33 32 30 29 29 29 29 30 31 32 32 31 3020 713T1 848 352015 3299999999999999 152 251521 2999999999999999
 29 28 27 28 29 30 32 34 36 36 36 35 33 31 29 28 27 27 27 29 30 31 31 3120 714T1 9 9 362226 3199999999999999 213 271632 2799999999999999
 31 30 30 30 31 32 33 35 37 38 38 37 35 33 30 28 26 25 25 26 28 29 31 3220 715T1 933 38999999999999999999999 230 301725 2599999999999999
 33 33 33 33 33 33 35 36 38 40 40 40 38 35 32 29 26 24 23 24 25 27 30 3220 716T110 2 409999999999999999999991810 23999999999999999999999
 34 34 35 35 35 35 36 37 39 41 42 42 41 39 35 31 27 24 22 21 22 25 28 3120 717T11038 429999999999999999999991852 21999999999999999999999
 34 35 36 36 36 36 37 38 39 41 43 44 44 42 39 34 30 25 22 20 20 22 25 2920 718T11118 449999999999999999999991934 20999999999999999999999
 33 35 37 38 38 37 37 38 39 41 43 45 46 46 43 39 34 28 23 20 18 19 21 2520 719T112 3 469999999999999999999992018 18999999999999999999999
 30 34 37 38 38 38 38 38 38 40 42 45 47 48 47 43 38 32 26 21 18 16 18 2120 720T1 351 381250 4899999999999999 624 3821 4 1699999999999999
 26 31 35 37 38 38 38 37 38 38 40 43 46 49 49 47 43 37 30 24 19 16 15 1720 721T1 419 381339 4999999999999999 7 9 372149 1599999999999999
 22 27 32 36 38 38 38 37 36 37 38 40 43 47 49 49 47 42 36 29 23 18 15 1520 722T1 450 381429 4999999999999999 755 362235 1599999999999999
 18 23 28 33 36 37 37 36 35 35 36 37 39 43 47 49 48 45 40 34 27 22 18 1620 723T1 522 381521 4999999999999999 851 352321 1599999999999999
 16 19 25 30 34 36 37 36 35 34 34 34 35 38 42 45 47 46 44 39 33 27 22 1920 724T1 555 371617 479999999999999910 9 34999999999999999999999
 17 19 22 27 32 35 37 37 36 34 33 32 32 33 36 40 43 44 44 41 37 32 27 2420 725T1 629 371717 4499999999999999 0 5 171137 3299999999999999
 21 20 22 26 30 34 37 38 37 35 33 31 30 30 31 33 37 40 41 41 39 36 32 2920 726T1 7 3 381827 4199999999999999 049 201254 3099999999999999
 26 25 25 27 30 34 37 39 39 37 35 33 30 29 28 28 30 33 36 38 38 37 36 3320 727T1 738 391952 3899999999999999 132 241410 2899999999999999
 31 30 29 29 31 34 37 39 41 40 38 36 33 30 27 26 26 27 30 33 35 37 37 3620 728T1 816 412144 3799999999999999 214 291530 2599999999999999
 35 34 33 33 34 35 38 40 42 43 42 40 36 33 29 26 24 23 25 27 30 33 36 3720 729T1 858 43999999999999999999999 255 331648 2399999999999999
 37 37 37 37 37 37 39 41 43 45 45 44 41 37 33 29 25 22 22 23 25 29 33 3620 730T1 016 37 945 4599999999999999 335 371758 2299999999999999
 38 39 39 39 39 39 40 41 43 45 47 47 45 42 38 33 28 24 21 20 21 25 29 3320 731T11037 479999999999999999999991858 20999999999999999999999
 37 39 40 41 41 40 41 41 42 45 47 49 49 47 43 38 33 28 23 20 20 21 25 3020 8 1T11130 499999999999999999999991950 20999999999999999999999
 34 38 40 41 41 41 41 41 42 43 46 48 50 50 47 43 38 32 27 22 20 20 22 2620 8 2T11222 509999999999999999999992038 19999999999999999999999
 31 36 39 40 41 40 40 40 40 41 43 46 49 51 50 47 42 37 31 25 22 20 20 2320 8 3T1 352 411312 5199999999999999 639 402121 1999999999999999
 28 33 37 39 40 40 39 39 39 39 41 43 47 49 50 49 46 41 35 29 24 21 20 2120 8 4T1 412 401359 5099999999999999 721 3922 0 2099999999999999
 25 30 34 38 40 40 39 38 37 38 38 40 43 47 49 50 48 44 38 33 27 23 21 2120 8 5T1 437 401444 5099999999999999 8 4 372237 2199999999999999
 23 27 32 36 38 39 39 37 36 36 36 37 40 43 46 48 48 45 41 36 30 26 23 2220 8 6T1 5 3 391526 4899999999999999 851 362310 2299999999999999
 23 26 30 34 37 38 38 37 36 35 35 35 37 39 42 45 46 45 42 38 33 29 26 2420 8 7T1 529 3916 7 4699999999999999 947 352340 2499999999999999
 24 26 29 32 36 38 38 37 36 35 34 34 34 36 38 41 42 43 42 39 36 32 29 2720 8 8T1 555 381649 43999999999999991052 34999999999999999999999
 26 27 29 32 35 37 38 38 37 35 34 33 33 33 34 37 39 40 40 39 37 34 32 3020 8 9T1 619 381736 4099999999999999 0 6 261158 3399999999999999
 29 29 30 32 35 37 39 39 38 36 35 33 32 31 32 33 35 36 37 37 37 35 34 3220 810T1 642 391835 3899999999999999 027 2913 4 3199999999999999
 32 31 32 34 36 38 39 40 39 38 36 34 32 31 30 31 32 33 34 35 36 36 35 3420 811T1 7 5 4020 2 3699999999999999 042 311411 3099999999999999
 34 34 34 35 37 39 40 41 41 40 38 36 34 32 30 29 29 30 32 33 34 35 36 3620 812T1 733 41999999999999999999999 045 341523 2999999999999999
 36 36 36 37 38 39 41 42 42 42 41 39 36 33 31 29 28 28 29 30 32 34 35 3720 813T1 8 9 429999999999999999999991633 28999999999999999999999
 37 38 38 38 39 40 41 42 44 44 43 42 39 36 33 30 28 26 26 27 29 32 34 3620 814T1 856 449999999999999999999991733 26999999999999999999999
 38 39 39 40 40 40 41 42 44 45 45 45 43 39 36 32 28 26 24 24 26 29 32 3520 815T1 952 459999999999999999999991825 24999999999999999999999
 38 39 40 40 40 40 41 42 43 45 47 47 46 43 40 35 31 27 24 22 23 25 29 3320 816T11051 479999999999999999999991914 22999999999999999999999
 36 39 40 40 40 40 40 41 42 44 46 48 49 47 44 40 34 29 24 21 20 21 25 2920 817T11148 4999999999999999999999920 1 20999999999999999999999
 34 37 40 40 40 39 39 39 40 42 44 47 50 50 48 45 39 33 27 22 19 19 21 2520 818T1 315 401242 5099999999999999 628 392047 1999999999999999
 30 35 38 40 40 39 38 37 37 38 41 44 48 51 51 49 44 38 31 25 21 18 18 2120 819T1 334 401336 5199999999999999 719 372132 1899999999999999
 26 32 36 39 40 39 37 36 35 35 37 40 44 49 51 51 49 44 37 30 24 20 18 1920 820T1 358 401430 5299999999999999 814 352215 1899999999999999
 23 29 34 38 40 39 38 35 33 33 33 35 38 43 48 50 50 47 42 36 29 25 21 2020 821T1 425 401526 5199999999999999 918 332258 2099999999999999
 22 26 32 36 39 40 39 36 33 31 30 31 32 37 42 46 48 48 45 41 35 30 26 2420 822T1 454 401625 49999999999999991028 302339 2399999999999999
 23 26 30 35 39 41 41 38 35 32 30 28 28 30 34 39 43 45 45 43 39 35 32 2920 823T1 525 411729 46999999999999991135 28999999999999999999999
 28 28 31 35 39 41 42 41 38 35 31 29 27 26 28 32 36 40 42 42 41 39 36 3420 824T1 558 421844 4299999999999999 020 271243 2699999999999999
 33 32 33 35 39 41 43 43 42 39 35 31 28 26 25 26 29 33 36 39 40 40 39 3820 825T1 635 442021 4099999999999999 1 0 321355 2599999999999999
 37 36 36 37 39 42 44 45 44 42 39 36 32 28 26 24 25 27 30 33 36 38 39 3920 826T1 718 45999999999999999999999 138 361514 2499999999999999
 39 39 39 39 40 42 43 45 46 45 43 40 37 33 29 26 24 24 25 28 31 34 37 3920 827T1 811 469999999999999999999991638 24999999999999999999999
 40 41 41 41 41 42 43 44 46 46 46 44 41 38 33 29 26 23 23 24 27 30 34 3720 828T1 916 479999999999999999999991752 23999999999999999999999
 40 41 42 42 42 42 42 43 44 46 47 47 45 42 38 34 29 26 23 22 24 27 31 3520 829T11024 479999999999999999999991852 22999999999999999999999
 38 40 41 42 41 41 41 41 42 44 46 48 48 46 43 38 33 29 25 23 22 24 28 3220 830T1 258 421127 4899999999999999 555 411941 2299999999999999
 36 39 40 41 41 40 39 39 40 42 44 47 48 48 46 42 37 32 28 24 22 23 25 2920 831T1 257 411222 4899999999999999 637 392023 2299999999999999
 34 37 39 40 40 39 38 38 38 39 41 44 47 49 48 45 41 36 31 26 23 22 24 2720 9 1T1 3 4 401311 4999999999999999 711 3821 0 2299999999999999
 32 36 38 40 39 38 37 36 36 36 38 41 45 47 48 47 44 39 34 29 25 23 23 2520 9 2T1 319 401356 4899999999999999 745 362133 2399999999999999
 29 34 37 39 39 38 36 35 34 34 35 37 41 45 47 47 45 42 37 32 28 25 24 2520 9 3T1 338 401438 4799999999999999 823 3422 3 2499999999999999
 28 32 36 39 39 39 36 34 33 32 33 34 37 41 44 46 45 43 39 34 30 27 26 2620 9 4T1 358 391519 4699999999999999 9 6 322229 2599999999999999
 28 31 35 38 39 39 37 35 32 31 31 31 34 37 40 43 44 43 40 37 33 30 28 2820 9 5T1 418 3916 1 4499999999999999 952 312252 2899999999999999
 29 31 35 38 39 40 38 36 33 31 30 30 31 33 37 40 41 42 41 38 35 32 31 3020 9 6T1 438 401645 42999999999999991040 302312 3099999999999999
 30 32 35 38 40 40 39 37 34 32 30 29 29 30 33 36 38 40 40 38 36 35 33 3220 9 7T1 456 401735 40999999999999991130 292327 3299999999999999
 33 34 36 38 40 41 41 39 36 33 31 29 28 28 30 32 35 37 38 38 37 36 35 3520 9 8T1 514 411836 38999999999999991223 282328 3599999999999999
 35 35 37 39 40 41 42 40 38 36 33 30 29 28 28 29 31 33 35 36 37 36 36 3620 9 9T1 534 429999999999999999999991320 28999999999999999999999
 36 37 38 39 41 42 42 42 40 38 35 32 30 28 27 27 28 30 32 34 35 36 37 3720 910T1 6 1 429999999999999999999991426 27999999999999999999999
 38 38 39 39 41 42 42 42 42 40 38 35 32 30 28 26 26 27 29 31 33 35 36 3720 911T1 643 429999999999999999999991542 26999999999999999999999
 38 39 39 40 40 41 42 42 43 42 41 38 35 32 29 27 25 25 25 27 30 32 35 3720 912T1 752 439999999999999999999991655 25999999999999999999999
 38 39 39 40 40 40 41 42 43 43 43 42 39 36 32 29 25 23 23 24 26 29 33 3520 913T1 917 439999999999999999999991757 23999999999999999999999
 38 39 39 39 39 39 39 40 41 43 44 44 43 40 36 32 27 24 21 21 22 25 29 3320 914T11033 459999999999999999999991850 21999999999999999999999
 36 38 39 39 38 37 37 37 39 41 44 46 46 44 41 36 31 26 22 20 19 21 25 3020 915T1 210 391138 4699999999999999 550 371938 1999999999999999
 34 37 38 38 37 36 35 34 35 38 41 45 47 48 46 41 36 30 25 21 19 19 22 2720 916T1 218 381238 4899999999999999 639 342022 1899999999999999
 32 36 38 38 37 35 33 32 32 33 36 41 45 48 49 46 42 35 29 24 21 19 20 2420 917T1 236 391336 4999999999999999 731 3121 5 1999999999999999
 30 35 38 39 38 35 32 30 28 28 30 35 40 45 48 49 46 41 35 29 25 22 21 2320 918T1 258 391434 4999999999999999 827 282147 2199999999999999
 28 33 38 40 40 37 33 29 27 25 25 28 33 39 45 47 48 45 40 35 30 26 24 2420 919T1 325 401534 4899999999999999 926 252228 2499999999999999
 27 32 37 41 42 40 36 32 27 24 23 23 26 31 38 43 45 46 43 39 35 32 29 2820 920T1 354 421636 46999999999999991026 2323 8 2899999999999999
 29 32 37 41 43 43 40 36 31 26 23 21 21 24 30 35 40 42 43 41 39 36 34 3320 921T1 425 431745 43999999999999991126 212347 3299999999999999
 32 34 37 40 43 44 43 40 35 30 26 23 21 21 23 28 33 37 39 40 40 39 37 3720 922T1 5 0 4419 6 40999999999999991229 20999999999999999999999
 36 36 38 40 43 44 45 43 40 35 31 27 23 21 21 23 26 30 34 36 38 39 39 3920 923T1 539 45999999999999999999999 025 361338 2099999999999999
 39 39 39 40 42 43 44 44 43 40 36 32 28 24 22 21 22 24 28 31 34 37 38 3920 924T1 627 449999999999999999999991456 21999999999999999999999
 40 40 40 40 41 42 43 44 44 42 40 37 33 29 26 23 21 22 23 26 30 33 36 3820 925T1 732 449999999999999999999991621 21999999999999999999999
 39 40 40 40 40 40 40 42 43 43 42 40 38 34 30 26 23 22 21 23 26 30 33 3620 926T1 856 439999999999999999999991736 21999999999999999999999
 38 39 39 39 38 38 38 39 40 42 43 42 41 38 34 30 27 24 22 22 23 27 30 3420 927T1 156 391019 4399999999999999 531 381834 2199999999999999
 36 38 38 38 37 36 36 36 37 39 41 42 42 41 38 34 30 26 23 22 22 24 28 3220 928T1 157 381127 4399999999999999 619 361920 2299999999999999
 35 37 37 37 36 35 34 33 34 36 39 41 42 42 40 37 33 29 25 23 22 23 26 3020 929T1 159 371222 4399999999999999 655 331957 2299999999999999
 34 36 37 36 35 33 32 31 31 33 35 39 41 42 42 39 36 31 28 25 23 23 25 2920 930T1 2 7 371310 4299999999999999 726 312028 2399999999999999
 33 36 37 37 35 33 31 29 29 30 32 35 39 41 42 41 38 34 30 27 25 24 25 282010 1T1 220 371354 4299999999999999 756 292055 2499999999999999
 32 35 37 37 36 33 30 28 27 27 28 32 36 39 41 41 40 36 32 29 27 25 26 282010 2T1 235 371437 4299999999999999 829 272119 2599999999999999
 31 35 37 38 37 34 31 28 26 25 26 28 32 36 39 41 40 38 35 31 29 27 27 292010 3T1 252 381519 4199999999999999 9 5 252140 2799999999999999
 31 35 38 39 38 36 32 29 26 24 24 25 28 32 36 39 40 39 37 34 31 30 29 302010 4T1 310 3916 2 4099999999999999 943 242159 2999999999999999
 32 35 38 39 39 38 34 30 27 24 23 23 25 29 33 36 38 39 37 35 33 32 31 322010 5T1 327 401648 39999999999999991023 232216 3199999999999999
 33 35 38 40 40 39 36 32 28 25 23 22 23 25 29 33 35 37 37 36 35 34 33 332010 6T1 344 401740 379999999999999911 5 222223 3399999999999999
 34 36 38 40 41 40 38 35 31 27 24 22 22 23 26 29 32 34 35 36 35 35 34 352010 7T1 4 3 411845 36999999999999991151 222154 3499999999999999
 35 36 38 40 41 40 39 37 33 29 26 24 22 22 23 25 28 31 33 34 35 35 35 352010 8T1 424 419999999999999999999991243 22999999999999999999999
 36 37 38 39 40 40 40 38 35 32 29 26 24 22 22 23 25 27 29 32 33 34 35 362010 9T1 453 409999999999999999999991345 22999999999999999999999
 36 37 37 38 39 39 39 39 37 35 32 29 26 23 22 21 22 23 26 28 31 33 34 35201010T1 536 399999999999999999999991458 21999999999999999999999
 36 36 37 37 37 38 38 38 38 37 35 32 29 26 23 21 20 20 22 24 27 30 33 34201011T1 7 0 389999999999999999999991616 20999999999999999999999
 35 36 36 35 35 36 36 37 38 38 37 35 33 29 26 23 20 19 19 21 24 27 31 33201012T1 850 389999999999999999999991722 19999999999999999999999
 34 35 35 34 33 33 33 34 36 38 39 39 37 34 30 26 22 19 18 18 20 24 28 32201013T1 1 7 351018 3999999999999999 5 7 331817 1899999999999999
 34 35 34 33 31 30 30 31 32 35 38 40 40 38 35 30 26 21 19 17 18 21 26 30201014T1 1 3 351131 4099999999999999 556 3019 5 1799999999999999
 34 35 34 33 30 28 27 26 27 30 35 39 41 41 39 36 31 26 22 19 18 20 24 29201015T1 114 351236 4299999999999999 644 261950 1899999999999999
 33 36 36 34 31 27 24 23 23 24 29 34 39 42 42 40 36 31 26 23 21 21 23 28201016T1 134 361340 4399999999999999 735 222032 2199999999999999
 33 37 38 37 33 29 24 21 19 19 22 27 33 39 42 43 41 37 32 28 25 24 24 28201017T1 159 381442 4399999999999999 828 192113 2499999999999999
 33 37 40 40 37 32 26 21 18 16 16 20 26 33 38 41 42 40 37 33 30 28 27 29201018T1 229 401545 4299999999999999 923 162153 2799999999999999
 32 37 41 42 41 37 31 25 19 16 14 14 18 25 31 37 40 41 39 37 34 32 31 31201019T1 3 1 421650 41999999999999991018 142232 3199999999999999
 33 36 40 43 43 41 36 30 24 19 15 13 14 18 24 30 34 38 39 38 36 35 34 34201020T1 336 4318 1 39999999999999991115 132310 3499999999999999
 34 36 39 42 43 43 40 35 29 24 19 15 14 14 18 23 28 32 35 36 37 36 36 36201021T1 414 431933 37999999999999991214 132346 3699999999999999
 36 36 38 40 42 43 42 39 35 29 24 20 17 15 15 18 22 26 30 33 35 35 36 36201022T1 457 439999999999999999999991319 15999999999999999999999
 36 36 37 38 39 41 41 40 38 34 30 25 22 18 17 16 18 21 25 28 31 33 35 36201023T1 548 419999999999999999999991432 16999999999999999999999
 36 36 36 36 37 37 38 39 38 36 34 30 27 23 20 18 17 18 21 24 27 30 33 34201024T1 659 399999999999999999999991552 17999999999999999999999
 35 35 35 34 34 34 35 36 36 36 35 33 31 27 24 21 19 18 19 21 24 27 30 32201025T1 050 35 832 3699999999999999 421 3417 4 1899999999999999
 34 34 33 33 32 31 31 32 33 34 35 35 33 31 28 24 22 20 19 20 22 25 28 31201026T1 053 3410 4 3599999999999999 531 3118 0 1999999999999999
 32 33 32 31 30 29 28 28 30 32 33 34 34 33 30 27 24 22 20 20 21 24 27 30201027T1 053 331119 3499999999999999 616 281842 2099999999999999
 32 32 32 30 28 27 26 25 26 28 31 33 34 34 32 30 27 24 22 21 21 23 26 30201028T1 057 321220 3499999999999999 651 251916 2199999999999999
 32 33 32 30 28 26 24 23 23 25 28 31 33 34 34 32 29 26 24 22 22 23 26 29201029T1 1 6 331311 3499999999999999 721 231942 2299999999999999
 32 33 33 31 28 25 23 21 21 22 24 28 31 34 34 33 31 29 26 24 24 24 26 30201030T1 118 331357 3499999999999999 750 2120 4 2499999999999999
 32 34 34 33 30 26 22 20 19 19 21 25 29 32 34 34 33 31 28 26 26 26 27 30201031T1 133 341441 3499999999999999 820 192024 2599999999999999
 33 35 36 35 32 28 23 20 18 17 18 21 26 30 33 34 34 33 31 29 27 27 28 302011 1T1 150 361525 3599999999999999 853 172044 2799999999999999
 33 36 37 36 34 30 25 21 18 16 16 18 22 27 31 33 34 34 32 30 29 29 29 312011 2T1 210 3716 9 3499999999999999 928 1621 4 2999999999999999
 33 36 38 38 36 32 28 23 19 16 15 16 19 23 27 31 33 34 33 32 31 30 30 312011 3T1 231 381655 349999999999999910 6 152120 3099999999999999
 33 36 38 38 37 35 30 25 21 17 15 14 16 19 24 28 31 32 33 32 31 31 31 322011 4T1 253 381748 33999999999999991047 142119 3199999999999999
 33 35 37 38 38 36 33 28 23 19 16 14 14 16 20 24 27 30 31 32 31 31 31 322011 5T1 319 389999999999999999999991131 14999999999999999999999
 33 34 36 37 37 37 34 31 26 22 18 16 14 14 17 20 23 26 29 30 31 31 31 322011 6T1 348 389999999999999999999991221 14999999999999999999999
 32 33 34 35 36 36 35 32 29 25 21 18 15 14 15 16 19 22 25 27 29 30 30 312011 7T1 424 369999999999999999999991318 14999999999999999999999
 31 32 32 33 34 34 34 33 31 28 24 21 18 15 14 14 16 18 21 24 27 28 29 302011 8T1 516 349999999999999999999991423 14999999999999999999999
 30 31 31 31 31 32 32 33 32 30 27 24 21 18 15 14 14 15 18 21 24 27 28 292011 9T1 643 339999999999999999999991533 14999999999999999999999
 29 29 29 28 28 28 29 30 31 31 30 28 25 21 18 16 14 14 15 18 21 25 27 29201110T1 0 2 29 831 312343 299999999 351 281638 1499999999999999
 29 28 27 26 25 25 25 27 29 31 31 31 29 26 22 19 17 15 15 16 20 23 27 29201111T110 6 322352 3099999999999999 457 251734 1599999999999999
 30 29 27 25 23 21 21 22 24 27 30 32 32 30 27 24 20 18 17 17 19 22 27 30201112T11128 32999999999999999999999 551 211824 1699999999999999
 31 31 28 25 22 19 17 17 18 22 26 31 33 33 32 29 25 22 20 19 20 22 26 30201113T1 012 311242 3499999999999999 642 171910 1999999999999999
 33 33 31 28 23 18 15 13 13 15 20 26 31 34 35 33 30 27 24 23 22 23 26 31201114T1 038 331352 3599999999999999 733 121953 2299999999999999
 34 36 35 32 27 21 15 11  9 10 13 19 25 31 34 35 34 32 29 27 25 25 27 31201115T1 1 9 361457 3599999999999999 825  92034 2599999999999999
 35 38 38 36 32 25 19 13  9  7  7 11 18 25 30 34 35 34 32 30 28 28 28 30201116T1 144 3816 1 3599999999999999 918  72114 2899999999999999
 34 38 40 40 37 31 24 17 12  7  6  7 11 18 24 30 33 34 34 32 31 30 30 31201117T1 222 4017 5 34999999999999991011  52150 3099999999999999
 33 36 40 41 40 36 30 23 17 11  7  6  7 11 17 23 28 32 33 32 32 31 31 31201118T1 3 3 411813 339999999999999911 5  62222 3199999999999999
 32 34 37 39 40 38 35 29 23 16 12  8  7  8 12 17 23 27 30 31 31 31 31 31201119T1 347 4099999999999999999999912 0  7999999999999999999999
 31 32 34 36 38 38 36 33 28 22 17 13 10  9 10 13 17 22 25 28 29 30 30 30201120T1 434 389999999999999999999991258  9999999999999999999999
 30 30 31 33 34 35 35 33 30 26 22 17 14 11 11 11 14 17 21 24 26 28 29 29201121T1 526 3599999999999999999999914 1 11999999999999999999999
 29 29 29 29 30 31 32 32 30 28 25 21 18 15 13 12 13 15 18 21 24 26 27 28201122T1 629 322341 289999999999999915 6 12999999999999999999999
 28 27 27 26 26 27 27 28 28 28 26 24 21 19 16 15 14 14 16 19 21 24 26 27201123T1 751 282338 2799999999999999 347 2616 9 1499999999999999
 27 26 25 24 23 23 23 24 25 26 26 25 23 21 19 17 16 15 16 18 20 23 25 26201124T1 929 262342 2699999999999999 5 7 2317 2 1599999999999999
 26 26 24 23 21 20 20 20 22 23 24 25 24 23 22 20 18 17 17 18 20 22 25 26201125T111 3 252350 2799999999999999 559 201742 1799999999999999
 27 26 24 22 20 18 17 17 18 20 22 24 25 25 24 22 20 19 19 19 20 23 25 27201126T11219 25999999999999999999999 636 171812 1999999999999999
 28 27 25 22 20 17 15 14 15 17 20 22 24 25 25 24 23 21 21 20 21 23 26 28201127T1 0 1 281320 2599999999999999 7 6 141835 2099999999999999
 29 29 27 24 20 17 14 13 12 14 17 20 23 25 26 26 25 23 22 22 23 24 26 29201128T1 015 291411 2699999999999999 735 121856 2299999999999999
 30 31 29 26 22 18 14 11 10 11 14 18 21 25 27 27 27 25 24 24 24 25 27 29201129T1 034 311456 2799999999999999 8 6 101920 2499999999999999
 32 32 31 29 24 20 15 11  9  9 11 14 19 23 26 28 28 27 26 25 25 25 27 29201130T1 057 321538 2899999999999999 839  91946 2599999999999999
 32 33 33 31 27 22 17 13  9  8  8 11 15 20 24 27 28 28 27 26 26 26 27 292012 1T1 124 341620 2899999999999999 915  82012 2699999999999999
 31 34 34 33 30 25 20 15 10  7  7  8 12 16 21 25 27 28 27 26 26 26 27 282012 2T1 154 3417 3 2899999999999999 954  72031 2699999999999999
 30 33 34 34 32 28 23 17 12  8  6  6  8 12 17 21 25 26 27 26 26 26 26 272012 3T1 226 341752 27999999999999991035  62041 2699999999999999
 29 31 33 34 33 30 26 21 15 11  7  5  6  9 13 17 21 24 25 26 25 25 25 262012 4T1 3 2 349999999999999999999991120  5999999999999999999999
 27 29 31 32 32 31 28 24 18 13  9  6  5  6  9 13 17 20 23 24 24 24 24 252012 5T1 341 3399999999999999999999912 7  5999999999999999999999
 25 26 28 29 31 30 29 26 21 17 12  9  6  5  6  9 13 16 20 22 23 23 23 232012 6T1 427 319999999999999999999991258  5999999999999999999999
 24 24 25 26 27 28 28 27 24 20 16 12  9  7  6  7 10 13 17 19 21 22 22 222012 7T1 525 282145 23999999999999991352  6999999999999999999999
 22 22 22 22 23 24 25 26 25 22 19 16 12 10  8  8  9 11 14 18 20 22 22 222012 8T1 643 262159 2299999999999999 149 221448  899999999999999
 21 20 19 19 19 20 21 23 24 23 22 19 16 14 11 10 10 11 13 16 19 22 23 232012 9T1 820 242220 2399999999999999 324 191545 1099999999999999
 22 20 18 16 15 15 16 18 20 22 23 22 20 18 16 14 13 12 13 16 19 22 24 25201210T110 1 232245 2599999999999999 439 151640 1299999999999999
 24 21 18 15 13 11 11 12 15 18 21 23 23 22 20 18 17 16 16 17 19 23 26 27201211T11138 232315 2799999999999999 541 111732 1599999999999999
 27 24 21 16 12  9  7  7  9 12 17 21 24 25 24 23 21 19 19 19 20 23 27 29201212T113 4 252351 3099999999999999 638  71821 1999999999999999
 30 29 25 20 15 10  6  3  3  6 11 16 21 25 26 26 24 23 22 21 22 24 27 30201213T11418 26999999999999999999999 731  319 7 2199999999999999
 32 32 30 25 19 13  7  3  1  1  4 10 16 22 25 27 27 26 24 23 23 24 26 30201214T1 030 331522 2799999999999999 823  01949 2399999999999999
 33 35 34 31 25 18 11  5  1 -1  0  4 10 17 22 26 27 27 26 25 24 24 25 28201215T1 114 351619 2799999999999999 915 -12027 2499999999999999
 31 34 36 34 31 24 17 10  4  0 -2  0  4 11 17 22 25 26 26 25 25 24 25 26201216T1 159 361713 279999999999999910 5 -22059 2499999999999999
 29 32 35 35 34 29 23 16  9  4  0 -1  1  5 11 17 21 24 25 25 24 24 24 24201217T1 247 3518 5 25999999999999991055 -12126 2499999999999999
 26 29 32 34 34 32 27 21 14  8  4  1  0  2  7 12 17 21 23 23 23 23 23 23201218T1 334 3419 0 23999999999999991145  02154 2399999999999999
 23 25 27 30 31 31 29 24 19 13  8  4  2  2  4  8 13 17 20 21 22 21 21 21201219T1 421 319999999999999999999991233  2999999999999999999999
 21 22 23 25 27 28 27 25 21 17 12  8  5  4  4  6 10 13 17 19 20 20 20 20201220T1 5 9 282051 20999999999999991320  4999999999999999999999
 20 19 20 21 22 23 24 23 21 18 15 12  9  7  6  7  9 11 14 17 19 19 19 19201221T1 6 0 242130 1999999999999999 1 1 1914 6  699999999999999
 18 18 17 17 18 19 19 20 19 18 16 14 12 10  9  8  9 11 13 16 18 19 19 19201222T1 7 3 202154 1999999999999999 240 171447  899999999999999
 18 17 16 15 14 15 15 16 17 17 16 15 14 12 11 11 11 12 13 15 17 19 20 19201223T1 834 172212 2099999999999999 416 141522 1199999999999999
 18 17 15 13 12 12 12 12 13 15 15 15 15 14 14 13 13 13 14 16 18 19 20 20201224T11042 152228 2199999999999999 525 111548 1399999999999999
 19 18 15 13 11  9  9  9 10 12 14 15 16 16 16 15 15 15 16 17 19 20 22 22201225T11247 162248 2299999999999999 6 9  91611 1599999999999999
 21 19 17 13 11  8  7  6  7  9 12 14 16 17 17 17 17 17 17 18 19 21 23 24201226T12312 24999999999999999999999 644  6999999999999999999999
 23 22 19 15 11  8  6  4  5  7  9 13 15 17 18 19 18 18 18 19 20 22 24 25201227T12342 25999999999999999999999 716  4999999999999999999999
 25 24 21 18 13  9  5  3  3  4  7 10 14 17 19 20 20 19 19 19 20 22 24 26201228T11532 20999999999999999999999 750  31814 1999999999999999
 27 26 24 21 16 11  6  3  1  1  3  7 12 16 18 20 21 20 20 20 20 21 23 25201229T1 017 2716 0 2199999999999999 826  11857 2099999999999999
 27 28 27 24 19 14  9  4  1 -1  0  3  8 13 17 19 20 21 20 20 19 20 22 24201230T1 055 281630 2199999999999999 9 5 -11935 1999999999999999
 27 28 28 27 23 18 12  6  1 -2 -2  0  4  9 13 17 19 20 20 19 19 19 20 22201231T1 134 2917 6 2099999999999999 946 -220 3 1999999999999999
