 16 17 18 20 22 22 21 19 16 12  8  5  3  3  4  7 10 13 15 17 17 17 16 1520 1 1T2 451 221952 17999999999999991241  3999999999999999999999
 14 14 15 17 18 19 19 18 16 13 10  8  5  4  5  6  9 11 14 16 17 17 16 1520 1 2T2 536 192031 1799999999999999 0 7 141318  499999999999999
 14 13 13 13 14 15 16 16 15 14 12 10  8  7  6  7  9 11 13 15 17 17 17 1520 1 3T2 640 162059 1799999999999999 143 131351  699999999999999
 14 12 11 11 11 12 13 13 14 14 13 12 11  9  9  9 10 11 13 15 17 18 18 1720 1 4T2 821 142124 1899999999999999 315 111426  999999999999999
 15 13 11  9  8  8  9 10 12 13 13 13 13 12 11 11 11 12 14 16 18 19 19 1920 1 5T21023 132149 1999999999999999 434  815 9 1199999999999999
 17 14 11  9  7  6  6  7  9 11 12 14 14 14 14 13 13 13 14 16 18 20 21 2120 1 6T21219 142219 2199999999999999 529  516 6 1399999999999999
 19 17 13 10  6  4  3  3  5  8 11 13 15 16 16 15 15 15 15 16 18 21 23 2320 1 7T21339 162253 2399999999999999 614  317 8 1599999999999999
 22 20 16 12  7  4  1  0  1  4  8 12 15 17 17 17 17 16 16 16 18 20 23 2520 1 8T21426 182334 2599999999999999 655  018 3 1699999999999999
 25 23 20 15 10  5  1 -2 -2  0  4  8 13 16 18 19 18 17 16 16 17 19 22 2520 1 9T215 3 19999999999999999999999 736 -21852 1699999999999999
 27 26 24 19 14  8  2 -2 -5 -4 -1  4  9 14 17 19 19 18 17 16 16 17 20 2420 110T2 018 271537 1999999999999999 819 -51936 1699999999999999
 27 28 27 24 18 12  5 -1 -5 -7 -5 -1  4 10 15 18 19 19 17 16 15 15 17 2120 111T2 1 5 281612 1999999999999999 9 4 -72021 1599999999999999
 25 28 29 27 23 17 10  3 -3 -7 -8 -6 -1  5 11 15 18 18 18 16 14 13 14 1720 112T2 154 291648 1899999999999999 949 -821 6 1399999999999999
 21 25 28 28 26 22 15  8  1 -5 -8 -8 -5  0  6 12 16 17 17 16 14 12 12 1320 113T2 245 281725 17999999999999991035 -82156 1299999999999999
 16 20 24 27 27 24 20 13  6  0 -5 -8 -7 -4  2  7 12 15 16 16 14 12 10 1020 114T2 337 2718 3 16999999999999991122 -82251 1099999999999999
 11 14 18 22 24 24 22 17 12  6  0 -4 -6 -5 -1  4  9 13 15 16 15 13 10  920 115T2 432 251842 169999999999999912 8 -62355  899999999999999
  8  9 12 15 19 21 21 19 15 11  6  1 -2 -3 -1  2  7 11 14 16 15 14 12  920 116T2 532 211922 16999999999999991253 -3999999999999999999999
  7  6  7  9 12 15 17 18 16 14 10  6  3  1  1  3  6 10 13 15 16 16 14 1120 117T2 644 1820 2 1699999999999999 1 7  61338  199999999999999
  8  6  4  4  6  8 11 13 14 14 13 11  8  6  5  5  7  9 13 15 17 17 16 1420 118T2 817 142044 1899999999999999 228  41425  599999999999999
 11  7  4  2  2  2  5  7 10 12 13 13 12 11 10  9  9 10 13 15 18 19 19 1720 119T21018 132127 1999999999999999 356  21517  999999999999999
 14 11  7  3  0 -1 -1  1  5  8 11 12 13 13 13 12 12 12 13 15 18 20 21 2020 120T21240 132212 2199999999999999 515 -11620 1299999999999999
 18 15 10  6  2 -2 -3 -3 -1  3  7 10 13 14 15 15 14 14 14 15 17 19 22 2220 121T21418 1523 0 2299999999999999 620 -31726 1499999999999999
 21 19 15 10  5  0 -3 -5 -4 -2  3  7 11 14 16 16 16 15 15 15 16 18 21 2320 122T215 6 162348 2399999999999999 714 -51820 1499999999999999
 23 22 19 14  9  4 -1 -5 -6 -5 -1  3  8 12 15 16 16 16 15 14 15 16 19 2220 123T21534 16999999999999999999999 8 0 -619 5 1499999999999999
 24 24 22 18 13  7  2 -3 -6 -7 -5  0  5 10 13 15 16 15 14 13 13 14 16 1920 124T2 037 241555 1699999999999999 842 -71944 1399999999999999
 22 24 24 21 17 11  5  0 -5 -7 -6 -4  1  6 11 14 15 15 14 12 12 12 13 1620 125T2 123 241615 1599999999999999 921 -72020 1199999999999999
 19 22 23 23 19 15  9  3 -2 -6 -7 -6 -2  3  8 12 14 14 13 11 10 10 10 1320 126T2 2 7 231637 1499999999999999 956 -72057 1099999999999999
 16 19 22 22 21 17 12  6  0 -4 -6 -6 -4  0  5  9 12 13 12 11  9  8  8  920 127T2 248 2217 2 13999999999999991030 -72134  899999999999999
 12 15 18 20 20 18 14  8  3 -2 -5 -6 -5 -2  3  7 10 12 12 11  9  7  7  720 128T2 327 201728 129999999999999911 1 -62215  799999999999999
  9 11 14 17 18 17 14 10  6  1 -3 -5 -5 -3  1  5  8 11 11 11  9  7  6  520 129T2 4 5 181755 11999999999999991130 -523 0  599999999999999
  6  8 10 13 15 15 14 11  7  4  0 -2 -3 -2  1  4  7 10 11 11  9  8  6  520 130T2 443 151820 11999999999999991156 -32351  499999999999999
  4  5  7  9 11 12 12 11  8  6  3  0 -1  0  1  4  7  9 11 11 10  9  7  520 131T2 525 131844 11999999999999991219 -1999999999999999999999
  4  3  4  6  7  9 10 10  9  7  5  3  2  2  3  5  7 10 11 12 12 10  8  620 2 1T2 618 1019 9 1299999999999999 050  31239  299999999999999
  4  3  2  3  4  6  7  8  8  7  6  5  5  4  5  6  8 10 12 13 13 12 10  820 2 2T2 742  81938 1399999999999999 159  21252  499999999999999
  6  3  2  1  1  2  3  5  6  7  7  7  7  7  7  8  9 11 12 14 14 14 13 1120 2 3T22017 15999999999999999999999 321  1999999999999999999999
  8  5  3  0 -1 -1  0  2  3  5  7  8  9  9  9  9 10 11 12 14 15 16 15 1420 2 4T221 6 16999999999999999999999 439 -1999999999999999999999
 11  8  4  1 -1 -3 -3 -2  0  3  5  8  9 10 11 11 11 11 12 13 15 17 17 1720 2 5T222 3 17999999999999999999999 541 -3999999999999999999999
 15 11  7  3 -1 -4 -6 -6 -4 -1  2  6  9 11 12 12 12 11 11 12 14 16 18 1920 2 6T21443 1223 3 1999999999999999 634 -61736 1199999999999999
 18 16 12  7  2 -3 -7 -9 -9 -6 -2  3  7 10 12 12 12 11 10 10 11 14 17 1920 2 7T21457 12999999999999999999999 722 -91836 1099999999999999
 20 19 16 11  6  0 -6-10-12-11 -7 -2  3  8 11 12 12 11  9  8  8 10 13 1720 2 8T2 0 2 201517 1299999999999999 8 8-121926  899999999999999
 20 21 20 16 11  4 -3 -9-13-14-12 -7 -1  4  9 11 12 10  8  7  5  6  9 1320 2 9T2 1 0 211541 1299999999999999 853-142014  599999999999999
 17 21 22 20 16 10  2 -5-11-14-15-12 -6  0  6 10 11 10  8  6  4  3  4  720 210T2 156 2216 7 1199999999999999 937-1521 2  399999999999999
 12 17 20 21 19 15  8  1 -6-12-14-14-10 -4  2  7 10 10  9  6  3  1  0  120 211T2 250 221636 10999999999999991020-152154  099999999999999
  5 10 16 19 20 17 13  6 -1 -7-11-13-11 -7 -1  5  9 10  9  7  4  0 -2 -320 212T2 344 2017 7 109999999999999911 2-132248 -399999999999999
 -1  3  8 13 17 17 15 10  5 -1 -6 -9-10 -7 -3  3  7 10 10  9  6  2 -1 -420 213T2 439 171740 10999999999999991142-102347 -499999999999999
 -4 -3  1  6 10 13 13 12  8  4  0 -4 -6 -5 -2  2  6 10 11 11  8  5  1 -220 214T2 540 141815 11999999999999991220 -6999999999999999999999
 -5 -6 -4 -1  3  7  9 10  9  7  4  2  0 -1  0  2  6  9 11 12 11  9  5  120 215T2 655 101853 1299999999999999 052 -61256 -199999999999999
 -2 -5 -6 -6 -3  0  3  5  7  7  6  5  4  3  3  4  6  9 11 13 13 12  9  620 216T2 844  71938 1399999999999999 2 8 -61330  399999999999999
  2 -2 -5 -7 -7 -6 -3  0  3  5  6  7  7  7  7  7  8  9 11 13 14 14 12 1020 217T22032 14999999999999999999999 336 -7999999999999999999999
  6  3 -1 -5 -7 -8 -7 -5 -2  1  4  6  8  9  9  9  9  9 10 12 13 14 14 1320 218T22135 15999999999999999999999 5 3 -8999999999999999999999
 11  7  3 -1 -5 -8 -9 -9 -7 -3  1  4  7  9 10 10 10  9  9 10 12 13 15 1520 219T21451 102240 1599999999999999 614 -91722  999999999999999
 14 11  7  3 -2 -6 -9-10-10 -7 -3  1  5  8  9 10 10  9  8  8  9 11 13 1520 220T215 5 102342 1599999999999999 7 9-101825  899999999999999
 15 14 11  7  2 -3 -7-10-11-10 -6 -2  3  6  8  9  9  8  7  6  7  8 11 1320 221T21513  9999999999999999999999 753-1119 7  699999999999999
 15 15 13 10  6  0 -5 -9-11-11 -9 -5  0  4  7  8  8  7  5  4  4  5  7 1120 222T2 036 151520  899999999999999 831-111943  499999999999999
 13 15 15 12  8  3 -2 -7-10-12-11 -7 -3  2  5  7  7  6  4  3  2  2  4  720 223T2 123 151531  799999999999999 9 3-122017  299999999999999
 10 13 14 13 10  6  0 -5 -9-12-12 -9 -5 -1  4  6  7  6  4  1  0 -1  0  320 224T2 2 5 141547  799999999999999 933-122052 -199999999999999
  7 10 13 13 11  8  3 -2 -7-11-12-10 -7 -3  2  5  6  5  3  1 -1 -3 -3 -120 225T2 245 1316 6  69999999999999910 0-122128 -399999999999999
  3  6 10 12 11  9  5  0 -5 -9-11-10 -8 -4  0  4  6  6  4  1 -1 -3 -4 -420 226T2 323 121626  6999999999999991025-1122 6 -499999999999999
 -1  2  6  9 10  9  6  2 -2 -6 -8 -9 -8 -5 -1  3  5  6  5  2 -1 -3 -5 -520 227T2 4 0 101645  6999999999999991049 -92246 -699999999999999
 -4 -1  2  5  8  8  6  4  0 -3 -6 -7 -6 -4 -1  3  6  7  6  4  1 -2 -4 -620 228T2 439  817 3  7999999999999991111 -72328 -699999999999999
 -6 -4 -1  2  4  6  6  4  2 -1 -3 -4 -4 -3  0  3  6  7  7  5  3  0 -3 -520 229T2 522  61721  7999999999999991130 -4999999999999999999999
 -6 -6 -4 -2  1  3  4  4  3  1  0 -1 -1 -1  1  4  6  8  8  7  5  2 -1 -420 3 1T2 617  41742  899999999999999 015 -61143 -199999999999999
 -6 -7 -6 -5 -2  0  1  2  3  2  2  1  1  2  3  5  7  8  9  9  7  5  2 -120 3 2T2 747  318 9  999999999999999 110 -71142  199999999999999
 -4 -6 -7 -7 -5 -4 -2  0  1  2  3  3  3  4  4  6  7  8 10 10  9  8  5  220 3 3T21851 10999999999999999999999 219 -7999999999999999999999
 -1 -4 -6 -8 -8 -7 -5 -3 -1  1  2  4  4  5  6  6  7  8  9 10 10 10  8  620 3 4T21957 10999999999999999999999 343 -8999999999999999999999
  2 -1 -4 -7 -9-10 -9 -7 -5 -2  1  3  5  6  6  6  6  7  7  9 10 11 11  920 3 5T22123 11999999999999999999999 5 3-10999999999999999999999
  6  3 -1 -5 -9-11-12-12 -9 -6 -2  2  4  6  6  6  6  5  5  6  8 10 11 1220 3 6T21413  62244 1299999999999999 6 7-121733  599999999999999
 10  7  3 -2 -6-11-14-15-14-11 -6 -1  2  5  6  6  5  3  2  2  4  6 10 1220 3 7T21418  62356 1399999999999999 7 1-151831  299999999999999
 13 12  8  4 -2 -8-13-16-17-15-11 -6  0  4  6  6  4  2  0 -1 -1  1  5 1020 3 8T21432  6999999999999999999999 748-171920 -199999999999999
 13 14 13  9  3 -3-10-15-18-18-15-10 -4  1  5  6  4  2 -1 -4 -5 -4 -1  420 3 9T2 059 141452  699999999999999 833-1820 8 -599999999999999
  9 13 15 13  9  2 -4-11-16-18-17-13 -7 -1  3  6  5  2 -1 -5 -8 -9 -7 -320 310T2 157 151516  699999999999999 914-182057 -999999999999999
  3  9 13 14 12  8  1 -5-11-15-17-15-10 -4  2  6  6  4  0 -4 -8-11-12-1020 311T2 253 141543  699999999999999 954-172147-1299999999999999
 -5  2  8 12 13 11  6  1 -5-10-13-13-10 -5  1  5  7  6  3 -1 -6-10-13-1420 312T2 348 131612  7999999999999991032-142240-1499999999999999
-11 -6  0  6  9 10  8  5  0 -4 -8-10 -9 -5  0  5  8  8  6  3 -2 -7-12-1520 313T2 446 101644  89999999999999911 9-102336-1599999999999999
-15-12 -8 -2  3  6  7  6  4  1 -2 -5 -5 -3  0  4  8  9  9  6  2 -3 -7-1220 314T2 553  71717 10999999999999991142 -5999999999999999999999
-14-15-13 -9 -4  0  3  4  4  3  2  0 -1  0  1  4  7  9 10  9  6  2 -2 -720 315T2 722  41753 1099999999999999 037-151212 -199999999999999
-11-13-14-13-10 -6 -2  0  2  3  3  3  3  3  3  5  7  9 10 10  9  6  3 -120 316T2 944  31837 1099999999999999 148-141232  399999999999999
 -5 -9-12-13-12-11 -8 -4 -1  1  3  4  5  5  5  6  6  7  9  9  9  9  7  420 317T21937  9999999999999999999999 312-13999999999999999999999
  0 -4 -8-11-12-12-11 -9 -6 -2  1  3  5  6  6  6  6  6  7  7  8  9  8  720 318T221 3  9999999999999999999999 439-13999999999999999999999
  4  1 -3 -7-10-12-13-12 -9 -6 -2  1  4  5  6  6  5  5  4  5  6  7  8  820 319T21414  62228  899999999999999 553-131746  499999999999999
  7  4  1 -3 -7-10-12-13-12 -9 -5 -1  2  4  5  5  4  3  2  2  3  5  7  820 320T21418  52338  899999999999999 648-131835  299999999999999
  8  7  4  1 -4 -8-11-13-13-11 -7 -3  1  3  4  4  3  1  0 -1  0  1  4  620 321T21420  4999999999999999999999 729-1319 9 -199999999999999
  8  8  6  3 -1 -5 -9-12-13-12 -9 -5 -1  2  4  3  2  0 -2 -3 -3 -2  0  320 322T2 033  81426  499999999999999 8 2-131939 -499999999999999
  6  8  7  5  1 -3 -7-11-13-13-11 -7 -3  1  3  3  2 -1 -3 -5 -6 -6 -3  020 323T2 119  81436  399999999999999 830-132010 -699999999999999
  4  6  7  6  3 -1 -5 -9-12-13-12 -8 -4  0  3  3  2  0 -3 -6 -8 -9 -7 -420 324T2 2 0  71451  399999999999999 855-132042 -999999999999999
  0  4  6  7  5  2 -3 -7-10-12-12 -9 -5 -1  3  4  3  1 -3 -6 -9-11-10 -720 325T2 240  715 8  499999999999999 919-122116-1199999999999999
 -4  1  4  6  6  3  0 -4 -8-10-10 -9 -5 -1  3  4  4  2 -1 -5 -9-11-12-1020 326T2 319  61525  599999999999999 943-102152-1299999999999999
 -7 -3  1  4  5  4  2 -1 -5 -7 -8 -7 -5 -1  3  5  6  4  1 -3 -7-10-12-1220 327T2 358  51543  69999999999999910 5 -82228-1399999999999999
-10 -6 -2  2  4  4  3  1 -2 -4 -6 -5 -4  0  3  6  7  6  3 -1 -5 -9-11-1320 328T2 441  416 0  7999999999999991027 -623 7-1399999999999999
-12 -9 -5 -1  2  3  3  2  0 -1 -3 -3 -2  1  4  6  8  8  5  2 -2 -6 -9-1220 329T2 529  31620  8999999999999991045 -32349-1299999999999999
-12-11 -8 -5 -1  1  2  2  2  1  0  0  0  2  4  7  8  9  7  5  1 -3 -7-1020 330T2 635  21643  9999999999999991058  0999999999999999999999
-12-12-10 -8 -5 -2  0  1  2  2  2  2  2  3  5  7  8  9  9  7  4  1 -3 -720 331T21712  9999999999999999999999 038-12999999999999999999999
-10-11-11-10 -8 -6 -3 -1  1  2  3  3  4  4  5  6  7  8  9  8  6  4  1 -320 4 1T21754  9999999999999999999999 140-12999999999999999999999
 -6 -9-11-12-11 -9 -7 -4 -2  1  2  4  4  5  5  5  6  7  8  8  8  7  4  120 4 2T21911  8999999999999999999999 259-12999999999999999999999
 -2 -6 -9-11-13-12-11 -8 -5 -2  1  3  4  5  5  4  4  4  5  6  7  8  7  520 4 3T21320  521 2  899999999999999 422-131614  499999999999999
  2 -2 -6 -9-12-14-14-12 -9 -5 -1  2  4  5  4  3  2  1  1  2  4  6  8  820 4 4T21311  52236  899999999999999 533-141732  199999999999999
  7  4 -1 -5-10-13-15-15-13 -9 -4  0  3  4  4  3  1 -1 -3 -2 -1  3  6  920 4 5T21319  42352 1099999999999999 630-161824 -399999999999999
  9  8  5  0 -5-10-14-16-16-13 -8 -2  2  4  5  3  0 -3 -6 -7 -6 -3  1  620 4 6T21335  5999999999999999999999 719-161912 -799999999999999
  9 11  9  6  0 -5-10-14-16-14-10 -5  1  4  6  4  1 -3 -7-10-11-10 -6  020 4 7T2 058 111357  699999999999999 8 2-161959-1199999999999999
  6 10 11 10  6  1 -5-10-13-14-11 -6 -1  4  7  7  4 -1 -6-11-14-15-13 -820 4 8T2 158 111423  799999999999999 843-142048-1599999999999999
 -1  5 10 11 10  6  1 -4 -8-11-10 -7 -2  4  8  9  7  3 -3 -9-14-17-17-1420 4 9T2 256 111451  999999999999999 921-112137-1899999999999999
 -9 -2  5  9 10  9  5  1 -3 -6 -7 -6 -2  4  8 11 10  7  2 -4-10-15-18-1820 410T2 355 101522 1199999999999999 957 -72229-1999999999999999
-15 -9 -2  4  8  9  8  5  2 -1 -3 -3 -1  3  8 11 12 11  7  1 -5-11-16-1820 411T2 458  91555 12999999999999991031 -32323-1899999999999999
-18-15 -9 -3  2  6  7  7  5  3  2  1  2  4  7 11 13 13 11  6  1 -5-10-1520 412T2 615  71629 139999999999999911 3  1999999999999999999999
-17-16-13 -9 -4  1  4  5  6  6  5  4  4  5  7 10 12 13 12 10  6  1 -4 -920 413T2 8 0  617 5 1399999999999999 021-171130  499999999999999
-12-14-14-12 -9 -4 -1  2  4  6  6  6  6  6  7  9 10 11 12 11  9  6  2 -320 414T21747 12999999999999999999999 126-15999999999999999999999
 -7-10-12-12-11 -8 -5 -2  2  4  6  7  7  7  7  8  8  9 10 10  9  8  5  220 415T21847 10999999999999999999999 241-12999999999999999999999
 -1 -5 -8-10-11-10 -8 -5 -2  2  4  6  7  7  7  7  7  7  7  7  8  8  7  520 416T213 5  72032  899999999999999 4 0-111627  699999999999999
  3  0 -4 -7 -9-10 -9 -8 -5 -1  2  5  6  7  7  6  5  4  4  4  5  6  7  720 417T213 9  722 9  799999999999999 512-101747  499999999999999
  5  3  0 -3 -6 -9 -9 -9 -7 -3  0  3  5  6  6  5  3  2  1  1  2  4  6  720 418T21312  62323  799999999999999 6 6 -91827  199999999999999
  6  5  3  0 -4 -7 -8 -9 -8 -5 -1  2  5  6  6  4  2  0 -1 -2 -1  1  3  520 419T21315  6999999999999999999999 645 -91857 -299999999999999
  7  6  5  2 -1 -4 -7 -8 -8 -6 -2  1  4  6  6  4  2 -1 -3 -5 -4 -3  0  320 420T2 021  71323  699999999999999 716 -81925 -599999999999999
  6  7  6  4  1 -2 -5 -7 -7 -6 -3  1  4  7  7  5  2 -1 -4 -6 -7 -6 -3  020 421T2 110  71336  799999999999999 742 -81955 -799999999999999
  4  6  7  6  4  0 -3 -5 -6 -5 -3  1  5  7  8  7  4  0 -4 -7 -9 -9 -7 -320 422T2 154  71351  899999999999999 8 6 -62026 -999999999999999
  1  5  7  7  6  3  0 -3 -4 -4 -2  1  5  8 10  9  6  2 -3 -7-10-11-10 -620 423T2 236  714 9 1099999999999999 830 -52059-1199999999999999
 -2  3  6  8  7  6  3  0 -2 -2 -1  2  5  9 11 11  9  5  0 -5 -9-11-11 -920 424T2 318  81428 1199999999999999 855 -22134-1299999999999999
 -5  0  4  7  8  7  6  3  1  0  0  3  6 10 12 13 11  8  3 -2 -7-10-12-1120 425T2 4 2  81448 1399999999999999 920  02210-1299999999999999
 -8 -3  1  5  8  8  7  6  4  3  3  4  6 10 13 14 13 11  6  1 -4 -8-11-1120 426T2 450  81511 1499999999999999 944  22249-1299999999999999
-10 -6 -2  3  6  8  8  8  7  6  5  5  7 10 13 15 15 13 10  5  0 -5 -8-1120 427T2 548  81537 159999999999999910 7  52331-1199999999999999
-11 -9 -5 -1  3  6  8  8  8  7  7  7  8 10 12 14 15 15 12  8  4 -1 -5 -820 428T2 715  816 6 15999999999999991026  7999999999999999999999
-10-10 -8 -4  0  3  6  7  8  8  8  8  9 10 11 13 15 15 14 11  8  3 -1 -520 429T21643 15999999999999999999999 021-10999999999999999999999
 -8 -9 -9 -7 -4 -1  3  5  7  8  9  9  9 10 10 11 13 14 14 13 10  7  3 -120 430T21735 14999999999999999999999 120 -9999999999999999999999
 -4 -7 -8 -8 -7 -4 -1  2  5  7  9  9 10  9  9  9 10 11 12 12 12 10  8  420 5 1T219 3 12999999999999999999999 231 -9999999999999999999999
  0 -3 -6 -8 -8 -7 -5 -1  2  6  8  9 10  9  8  7  7  7  8 10 11 11 11  920 5 2T21149 102057 1199999999999999 346 -81610  799999999999999
  5  2 -2 -5 -8 -8 -7 -4 -1  3  7  9 10  9  8  6  4  3  4  5  8 10 12 1220 5 3T21159 102232 1299999999999999 454 -81718  399999999999999
 10  7  3 -1 -4 -7 -8 -6 -3  1  6  9 10 10  8  5  3  0 -1  0  2  6 10 1220 5 4T21215 112350 1399999999999999 552 -81811 -199999999999999
 13 12  8  4  0 -3 -6 -6 -4  0  5  9 12 12 10  7  3 -1 -4 -5 -4 -1  4  920 5 5T21237 12999999999999999999999 641 -619 0 -599999999999999
 13 14 13 10  6  2 -2 -4 -3 -1  4  9 13 14 13 10  5  0 -5 -8 -9 -7 -2  420 5 6T2 059 1413 3 1499999999999999 724 -41949 -999999999999999
 10 14 15 14 11  7  4  1 -1  0  4  9 14 17 17 14  9  3 -3 -8-11-12 -9 -320 5 7T2 2 2 151333 1799999999999999 8 4 -12037-1299999999999999
  4 10 14 16 15 12  9  6  3  3  5  9 14 18 20 18 14  8  2 -5-10-13-13 -920 5 8T2 3 4 1614 6 2099999999999999 842  32126-1499999999999999
 -3  4 10 14 16 15 13 10  8  6  7  9 14 18 21 22 19 14  8  1 -6-11-13-1320 5 9T2 4 7 161440 2299999999999999 917  62217-1399999999999999
 -9 -3  4 10 14 15 15 13 11 10  9 10 13 17 21 23 22 19 14  7  1 -6-10-1220 510T2 516 151517 2399999999999999 951  923 9-1299999999999999
-11 -7 -1  5 10 13 15 15 14 13 12 12 13 16 19 22 23 21 18 13  7  1 -4 -820 511T2 636 151554 23999999999999991023 12999999999999999999999
-10 -9 -5  0  5  9 12 14 14 14 14 13 14 15 17 20 21 21 20 16 12  7  2 -320 512T2 8 7 141634 2199999999999999 0 4-101053 1399999999999999
 -6 -7 -6 -3  1  5  9 12 13 14 14 14 14 15 16 17 19 19 19 18 15 11  7  320 513T21717 19999999999999999999999 1 2 -7999999999999999999999
 -1 -3 -4 -4 -1  2  5  9 12 13 14 15 15 14 15 15 16 16 17 17 16 14 11  720 514T21816 17999999999999999999999 2 4 -4999999999999999999999
  4  1 -1 -2 -2  0  3  6  9 12 14 14 14 14 14 13 13 13 14 14 14 14 13 1020 515T21139 151955 1499999999999999 3 9 -21550 1399999999999999
  8  5  2  1  0  0  2  4  7 10 13 14 14 14 13 12 11 10 10 11 12 13 13 1220 516T21149 142136 1399999999999999 411  01715 1099999999999999
 10  8  6  3  2  1  2  4  6  9 12 14 14 14 13 11  9  8  7  8  9 11 12 1320 517T21156 152258 1399999999999999 5 2  11759  799999999999999
 12 10  8  6  4  3  3  4  6  9 12 14 15 15 13 11  8  6  5  5  6  8 10 1220 518T212 6 15999999999999999999999 542  21832  599999999999999
 13 12 11  9  7  5  4  4  6  9 12 15 16 16 14 11  8  5  3  2  3  5  8 1120 519T2 0 5 131218 1699999999999999 614  419 2  299999999999999
 13 14 13 11  9  7  6  6  7 10 13 16 18 18 16 13  9  6  2  0  0  2  5  920 520T2 1 1 141233 1899999999999999 642  61933  099999999999999
 12 14 15 14 12 10  9  8  8 10 14 17 20 20 19 16 12  7  3  0 -2 -1  2  620 521T2 151 151252 2099999999999999 7 9  820 5 -299999999999999
 11 14 16 16 15 13 11 10 10 11 14 18 21 22 22 19 15 10  5  1 -2 -2  0  420 522T2 238 161314 2399999999999999 738 102039 -399999999999999
  8 13 16 17 17 16 14 13 12 12 15 18 22 24 24 22 18 13  8  3 -1 -3 -2  120 523T2 323 171339 2599999999999999 8 8 122115 -399999999999999
  5 10 15 17 18 18 17 15 14 14 15 18 22 25 26 25 22 17 12  6  1 -2 -3 -220 524T2 411 1814 8 2699999999999999 838 142154 -399999999999999
  2  7 12 16 18 19 19 18 16 16 16 18 21 25 27 27 25 21 16 10  5  0 -3 -320 525T2 5 3 191439 2799999999999999 9 9 162235 -399999999999999
 -1  4  9 13 17 19 19 19 18 17 17 18 21 23 26 28 27 24 20 15  9  4  0 -220 526T2 6 4 191514 2899999999999999 940 172321 -299999999999999
 -2  1  5 10 14 17 19 19 19 19 18 19 20 22 24 27 27 26 23 19 13  8  3  020 527T2 718 191554 27999999999999991014 18999999999999999999999
 -1 -1  2  6 10 14 17 19 19 19 19 19 19 20 22 24 26 26 25 22 18 13  8  420 528T21641 26999999999999999999999 011 -2999999999999999999999
  1  0  0  3  7 11 14 17 19 19 19 19 19 19 20 21 23 24 24 23 21 17 13  920 529T2 933 201745 2499999999999999 1 7  01223 1999999999999999
  5  2  1  2  4  8 11 15 18 19 20 19 19 18 17 18 19 20 22 22 22 20 17 1420 530T210 7 201915 2299999999999999 2 8  11415 1799999999999999
 10  7  4  3  3  6  9 13 16 19 20 20 19 18 16 15 15 15 17 19 21 21 20 1820 531T21030 202058 2199999999999999 311  31548 1599999999999999
 15 12  9  6  5  6  8 11 15 19 21 21 21 19 16 13 12 11 12 14 17 19 21 2120 6 1T21051 222231 2199999999999999 412  517 0 1199999999999999
 20 17 14 11  9  8  8 11 15 19 22 23 23 21 17 14 10  8  7  8 11 15 19 2120 6 2T21116 242355 2299999999999999 5 9  81758  799999999999999
 22 21 19 16 14 12 11 12 15 19 23 26 26 24 21 16 11  7  4  3  5  9 14 1920 6 3T21145 26999999999999999999999 559 111850  399999999999999
 22 24 23 21 19 16 14 14 16 19 23 27 29 29 25 21 15  9  4  1  1  3  8 1420 6 4T2 110 241217 2999999999999999 643 141940  199999999999999
 19 23 25 25 23 21 19 17 17 20 24 28 31 32 30 26 20 14  7  2 -1 -1  3  820 6 5T2 218 251253 3299999999999999 724 172029 -199999999999999
 15 20 24 26 26 24 22 21 20 21 23 28 32 34 34 31 26 20 13  6  1 -1 -1  320 6 6T2 321 261331 3499999999999999 8 2 202117 -299999999999999
  9 16 21 25 26 26 25 24 22 22 24 27 31 34 36 35 31 26 19 12  6  1 -1  120 6 7T2 422 271411 3699999999999999 838 2222 6 -199999999999999
  5 11 17 22 25 27 26 25 24 23 24 26 29 32 35 36 34 30 25 18 12  6  2  120 6 8T2 523 271452 3699999999999999 914 232255  199999999999999
  3  7 12 18 22 25 26 26 25 25 24 25 27 30 33 35 35 33 29 24 18 12  7  420 6 9T2 624 261534 3599999999999999 949 242345  399999999999999
  3  5  9 14 19 22 25 26 26 25 25 25 26 27 30 32 33 33 31 27 22 17 12  820 610T2 728 261617 33999999999999991028 25999999999999999999999
  6  6  8 11 16 19 23 24 25 25 25 25 25 25 27 29 30 31 30 28 25 21 17 1320 611T2 831 2517 2 3199999999999999 034  61120 2599999999999999
 10  8  9 10 13 17 20 23 24 25 25 25 24 24 25 25 27 28 28 27 26 23 20 1720 612T2 924 251757 2899999999999999 123  81248 2499999999999999
 14 12 11 11 13 16 19 21 24 25 25 25 24 24 23 23 23 24 25 25 25 24 22 2020 613T2 959 251914 2599999999999999 211 111438 2399999999999999
 17 15 14 13 14 15 18 20 23 25 26 26 25 24 22 21 21 21 22 22 23 24 23 2220 614T21021 262053 2499999999999999 257 131615 2199999999999999
 20 18 17 16 15 16 18 20 23 25 27 27 26 24 22 20 19 18 18 19 21 22 23 2320 615T21037 272229 2399999999999999 340 151717 1899999999999999
 22 21 20 18 18 18 19 21 24 26 28 28 28 26 23 20 18 16 16 16 18 20 22 2320 616T21054 282355 2499999999999999 421 181759 1699999999999999
 24 23 22 21 20 20 20 22 24 27 29 30 30 28 25 22 18 16 14 14 15 18 21 2320 617T21112 30999999999999999999999 459 201834 1499999999999999
 25 25 25 24 23 22 22 23 25 28 31 32 33 31 28 24 20 16 13 12 13 15 18 2220 618T2 1 5 251133 3399999999999999 536 2219 8 1299999999999999
 25 26 27 27 26 25 24 24 26 29 32 34 35 34 31 27 22 18 14 11 11 12 16 2020 619T2 2 1 271159 3599999999999999 613 241943 1099999999999999
 24 27 28 29 28 27 26 26 27 29 32 35 37 37 35 31 26 21 16 12  9 10 13 1720 620T2 249 291230 3899999999999999 651 262020  999999999999999
 22 26 29 30 30 29 28 27 27 29 32 35 38 39 38 35 30 25 19 13 10  8 10 1320 621T2 332 3013 5 3999999999999999 728 2721 0  899999999999999
 18 23 28 30 31 31 30 29 28 29 31 34 38 40 41 39 35 29 23 17 12  9  8 1020 622T2 414 311343 4199999999999999 8 6 282142  899999999999999
 15 20 25 29 31 32 31 30 29 29 30 32 36 39 41 41 38 34 28 21 15 11  8  820 623T2 458 321425 4199999999999999 845 292226  899999999999999
 11 16 21 26 29 31 31 31 30 29 29 31 33 37 40 41 40 37 32 26 20 14 10  820 624T2 546 3115 9 4199999999999999 926 292313  899999999999999
  9 12 17 22 27 30 31 31 30 29 29 29 31 33 37 39 40 39 36 31 25 19 14 1120 625T2 635 311558 40999999999999991015 29999999999999999999999
  9 11 14 19 23 27 30 31 31 30 29 28 29 30 32 35 38 38 37 34 30 24 19 1520 626T2 725 311653 3899999999999999 0 1  91117 2899999999999999
 12 11 13 16 20 25 28 30 31 31 30 28 28 27 29 31 33 35 36 35 33 29 24 2020 627T2 8 9 3118 0 3699999999999999 051 111235 2799999999999999
 17 14 14 16 19 23 26 29 31 32 31 29 28 26 26 26 28 30 32 33 33 32 29 2520 628T2 846 321925 3399999999999999 142 1414 2 2699999999999999
 22 19 18 17 19 22 25 29 32 33 33 31 29 26 24 23 23 24 27 29 31 32 31 3020 629T2 919 3321 4 3299999999999999 235 171528 2399999999999999
 27 25 22 21 21 23 25 29 32 34 35 34 32 28 25 22 20 20 21 24 27 30 31 3220 630T2 952 352246 3299999999999999 329 211645 2099999999999999
 31 29 27 26 25 25 26 29 33 36 38 37 35 32 28 24 20 17 17 18 21 25 29 3220 7 1T21026 38999999999999999999999 425 251749 1799999999999999
 33 33 32 30 29 28 28 30 33 37 39 41 40 37 32 27 22 18 15 14 16 20 25 2920 7 2T2 022 3311 3 4199999999999999 518 281845 1499999999999999
 33 34 35 34 33 31 31 31 33 37 40 43 43 41 37 32 26 21 16 13 13 15 20 2520 7 3T2 144 351144 4399999999999999 6 6 311936 1299999999999999
 30 34 36 36 35 34 33 33 34 36 40 43 45 45 42 38 32 25 19 14 12 12 15 2020 7 4T2 248 361227 4699999999999999 650 332024 1299999999999999
 26 31 35 37 37 36 35 34 34 35 38 42 45 47 46 43 37 31 24 18 14 12 13 1620 7 5T2 338 371311 4799999999999999 730 342111 1299999999999999
 22 28 33 36 37 37 36 35 34 34 36 40 43 46 47 46 42 36 30 23 18 14 12 1420 7 6T2 421 371357 4799999999999999 8 9 342156 1299999999999999
 18 24 29 34 36 37 36 35 34 34 35 37 40 44 46 47 45 40 35 28 22 17 14 1420 7 7T2 5 0 371441 4799999999999999 847 342240 1499999999999999
 16 20 26 31 34 36 36 35 34 33 33 35 37 40 43 45 45 43 38 33 27 22 18 1620 7 8T2 538 361525 4599999999999999 927 332321 1599999999999999
 16 19 23 28 32 34 35 35 34 33 33 33 34 37 40 42 43 42 40 36 31 26 21 1820 7 9T2 618 3516 7 43999999999999991011 33999999999999999999999
 17 18 21 25 29 32 34 35 34 33 33 32 33 34 36 38 40 40 39 37 33 29 25 2220 710T2 659 351650 4099999999999999 0 0 1711 4 3299999999999999
 20 20 21 24 28 31 33 34 34 34 33 32 32 32 33 35 36 37 38 36 34 31 28 2520 711T2 739 351738 3899999999999999 037 201210 3299999999999999
 23 22 23 25 27 30 32 34 35 35 34 33 32 31 31 32 33 34 35 35 34 33 31 2820 712T2 815 351840 3599999999999999 110 221330 3199999999999999
 26 25 25 26 28 30 32 34 36 36 35 34 32 31 30 29 30 31 32 33 33 33 32 3120 713T2 845 362014 3399999999999999 141 251459 2999999999999999
 29 28 28 28 29 31 33 35 37 37 37 36 34 32 30 28 28 28 29 30 31 32 33 3220 714T2 911 372215 3399999999999999 211 281620 2899999999999999
 32 31 31 31 31 32 34 36 38 39 39 38 36 34 31 28 27 26 26 27 29 31 32 3320 715T2 937 39999999999999999999999 244 311718 2699999999999999
 34 34 33 33 33 34 35 37 39 41 42 41 39 36 33 30 27 25 24 24 26 29 31 3420 716T2 017 3410 5 4299999999999999 331 3318 3 2499999999999999
 35 36 36 36 35 35 36 38 40 42 44 44 42 40 36 32 28 24 22 22 23 26 29 3320 717T2 140 361039 4499999999999999 432 351844 2299999999999999
 35 37 38 38 37 37 37 38 40 42 45 46 46 43 40 35 30 26 22 20 20 23 26 3120 718T2 223 381118 4699999999999999 529 361924 2099999999999999
 34 37 39 39 39 38 37 37 39 41 45 47 48 47 44 39 34 28 23 20 18 19 23 2720 719T2 255 3912 1 4899999999999999 619 3720 4 1899999999999999
 32 36 39 40 40 39 38 37 38 40 43 46 49 49 48 44 38 32 26 21 18 17 19 2320 720T2 324 401246 5099999999999999 7 5 372047 1799999999999999
 28 33 37 39 40 39 38 37 36 38 40 44 48 50 50 48 43 37 30 24 19 16 16 1920 721T2 354 401334 5099999999999999 749 362130 1699999999999999
 24 30 35 38 40 39 38 37 36 36 37 40 45 48 50 50 47 42 35 29 22 18 15 1620 722T2 426 401423 5199999999999999 834 362214 1599999999999999
 20 25 31 36 38 39 39 37 35 34 35 37 40 44 48 50 49 46 40 34 27 21 17 1620 723T2 5 0 391513 5099999999999999 923 342258 1699999999999999
 18 22 27 33 36 38 39 38 36 34 33 33 36 39 43 47 48 47 44 39 33 27 22 1920 724T2 535 3916 5 48999999999999991018 332342 1899999999999999
 18 20 24 30 34 37 39 38 37 35 33 32 32 34 38 42 45 46 45 42 37 32 27 2320 725T2 612 3917 3 46999999999999991120 32999999999999999999999
 21 21 24 28 32 36 39 39 38 36 34 32 31 31 32 35 39 42 43 42 40 36 33 2920 726T2 650 391810 4399999999999999 026 211229 3099999999999999
 26 25 25 28 32 35 39 40 40 39 37 34 31 29 29 30 32 35 38 40 40 39 37 3420 727T2 730 401937 4099999999999999 110 251348 2999999999999999
 31 30 29 30 32 35 39 41 42 42 40 37 34 31 28 27 28 29 32 35 37 38 38 3720 728T2 813 422130 3899999999999999 155 291513 2799999999999999
 36 35 34 33 34 36 39 42 44 44 43 41 38 34 30 27 25 25 27 29 33 36 38 3920 729T2 858 442340 3999999999999999 245 331636 2599999999999999
 39 38 38 37 37 38 39 42 44 46 47 45 42 39 34 30 26 23 23 24 27 31 35 3820 730T2 946 47999999999999999999999 345 371746 2399999999999999
 40 41 41 40 39 39 40 42 44 47 48 49 47 44 39 34 29 25 22 21 23 27 31 3520 731T2 128 411036 4999999999999999 451 391844 2199999999999999
 39 41 42 42 41 40 40 41 43 46 49 50 50 48 44 39 33 28 23 21 20 23 27 3220 8 1T2 227 421127 5099999999999999 549 401935 2099999999999999
 37 40 42 43 42 41 40 40 41 44 47 50 51 51 48 44 38 32 27 22 20 20 23 2820 8 2T2 3 2 431218 5299999999999999 636 402021 2099999999999999
 33 38 41 42 42 41 40 39 40 41 44 48 51 52 51 48 43 37 31 25 21 20 21 2520 8 3T2 327 4213 6 5299999999999999 718 3921 2 2099999999999999
 30 35 39 41 42 41 40 38 38 39 41 44 48 51 52 50 46 41 35 29 24 21 20 2220 8 4T2 349 421353 5299999999999999 757 382141 2099999999999999
 27 32 37 40 41 41 39 38 37 36 38 41 44 48 50 50 48 44 38 32 27 23 21 2220 8 5T2 412 411436 5199999999999999 835 362216 2199999999999999
 25 29 34 38 40 40 39 37 36 35 35 37 40 44 47 49 48 45 41 36 30 26 23 2220 8 6T2 438 401517 4999999999999999 915 352249 2299999999999999
 24 27 32 36 39 40 39 37 36 34 34 35 37 40 43 46 47 45 42 38 33 29 26 2420 8 7T2 5 5 401557 4799999999999999 958 342319 2499999999999999
 24 27 30 34 37 39 39 38 36 35 33 33 34 36 39 42 44 44 42 39 36 32 29 2720 8 8T2 532 391637 44999999999999991045 332346 2699999999999999
 26 27 30 34 37 39 39 39 37 36 34 33 33 34 36 38 40 41 41 40 37 34 32 3020 8 9T2 6 0 391721 41999999999999991138 33999999999999999999999
 29 29 31 34 37 39 40 40 39 37 35 33 32 32 33 35 37 38 39 39 38 36 34 3320 810T2 626 401818 3999999999999999 010 291238 3299999999999999
 32 32 33 35 37 39 41 41 40 39 37 35 33 32 32 32 33 35 36 37 37 37 36 3520 811T2 653 411953 3799999999999999 030 321350 3299999999999999
 35 35 35 36 38 40 41 42 42 41 39 37 35 33 31 31 31 32 33 35 36 37 37 3720 812T2 725 42999999999999999999999 043 351513 3199999999999999
 37 37 37 38 39 41 42 43 44 44 42 40 37 35 32 30 29 29 30 32 34 36 37 3820 813T2 8 6 449999999999999999999991630 29999999999999999999999
 39 39 39 40 40 41 42 44 45 46 45 43 41 37 34 31 29 27 27 29 31 34 36 3820 814T2 856 469999999999999999999991729 27999999999999999999999
 40 41 41 41 41 41 42 44 45 47 47 46 44 41 37 33 29 27 25 26 27 30 34 3720 815T2 952 479999999999999999999991819 25999999999999999999999
 40 41 42 42 41 41 41 42 44 46 48 49 48 45 41 36 31 27 24 23 24 27 31 3520 816T2 220 421049 4999999999999999 513 4119 4 2399999999999999
 38 41 42 42 41 40 40 40 42 45 48 50 50 49 45 40 35 29 24 21 21 22 26 3120 817T2 233 421145 5099999999999999 6 9 401947 2199999999999999
 36 39 41 42 41 40 39 38 39 41 45 49 51 51 49 45 39 33 27 22 19 19 22 2720 818T2 250 421239 5199999999999999 656 382030 1999999999999999
 32 37 40 42 41 40 38 36 36 37 41 45 49 52 52 49 44 38 31 25 20 18 19 2220 819T2 312 421332 5299999999999999 742 362112 1899999999999999
 28 34 38 41 41 40 37 35 33 34 36 40 45 49 52 52 48 43 36 29 23 19 18 2020 820T2 337 411424 5299999999999999 830 332154 1899999999999999
 24 30 36 39 41 40 38 35 32 31 31 34 39 44 49 51 50 47 41 35 28 23 20 2020 821T2 4 5 411516 5199999999999999 920 312235 1999999999999999
 22 27 33 38 41 41 39 36 33 30 29 29 32 37 43 47 49 48 44 39 34 28 24 2220 822T2 434 411611 49999999999999991015 292315 2299999999999999
 23 26 31 36 40 42 41 38 35 32 29 27 28 31 35 40 44 46 45 42 38 34 30 2720 823T2 5 6 421710 46999999999999991113 272354 2699999999999999
 26 28 31 35 40 42 42 41 38 35 31 28 26 27 29 33 37 41 42 42 41 38 35 3320 824T2 541 431823 43999999999999991218 26999999999999999999999
 31 31 32 36 39 42 44 43 42 39 35 31 28 26 26 28 31 34 37 39 40 40 39 3720 825T2 621 4420 7 4099999999999999 033 311333 2699999999999999
 36 35 35 37 39 42 44 45 45 43 40 36 32 28 26 25 26 28 31 34 37 39 40 4020 826T2 7 9 452239 4099999999999999 113 351459 2599999999999999
 39 39 38 39 40 42 44 45 46 46 44 41 37 33 29 26 24 24 26 29 32 36 38 4020 827T2 8 8 46999999999999999999999 2 2 381626 2499999999999999
 41 41 41 41 41 41 43 45 46 47 47 45 42 38 34 29 26 23 23 25 28 31 35 3920 828T2 916 479999999999999999999991741 23999999999999999999999
 41 42 42 42 41 41 41 43 45 47 48 48 46 43 39 34 29 25 22 22 24 27 32 3620 829T2 152 421024 4899999999999999 458 411840 2299999999999999
 39 41 42 42 41 40 40 41 42 45 47 48 48 46 43 38 33 28 24 22 22 24 28 3320 830T2 218 421125 4999999999999999 558 401928 2199999999999999
 37 40 41 42 41 39 38 38 39 41 44 47 49 48 46 42 37 31 26 23 21 22 25 3020 831T2 234 421220 4999999999999999 642 3820 8 2199999999999999
 34 38 40 41 40 38 37 36 36 38 41 44 47 49 48 45 40 35 29 25 22 21 23 2720 9 1T2 246 4113 7 4999999999999999 719 362043 2199999999999999
 32 36 39 40 39 37 35 34 33 34 37 41 44 47 48 46 43 38 32 27 23 21 22 2520 9 2T2 3 0 401350 4899999999999999 754 332114 2199999999999999
 29 34 37 39 39 37 35 32 31 31 33 36 40 44 46 46 44 40 35 30 25 23 22 2420 9 3T2 317 391430 4799999999999999 829 312143 2299999999999999
 28 32 36 38 39 37 35 32 30 29 30 32 36 40 43 45 44 41 37 32 28 25 23 2420 9 4T2 337 3915 9 4599999999999999 9 6 2922 9 2399999999999999
 27 31 35 38 39 38 35 33 30 28 28 29 32 36 40 42 43 42 38 34 31 27 25 2520 9 5T2 358 391547 4399999999999999 945 282233 2599999999999999
 27 30 34 37 39 38 36 34 31 29 27 27 29 32 36 39 41 41 39 36 33 30 28 2720 9 6T2 419 391628 41999999999999991026 272254 2799999999999999
 28 31 34 37 39 39 38 35 33 30 28 27 27 29 32 35 38 39 38 37 35 33 31 3020 9 7T2 438 391713 39999999999999991110 272313 3099999999999999
 31 32 35 38 39 40 39 37 35 32 29 27 27 28 29 32 35 36 37 37 36 35 34 3320 9 8T2 456 401812 37999999999999991158 272327 3399999999999999
 33 34 36 38 40 41 41 39 37 34 32 29 27 27 28 29 31 33 35 35 36 36 35 3520 9 9T2 517 412013 36999999999999991256 272323 3599999999999999
 35 36 37 39 40 42 42 41 39 37 34 32 29 28 27 27 28 30 32 33 35 36 36 3720 910T2 544 4299999999999999999999914 9 27999999999999999999999
 37 37 38 39 40 41 42 42 41 40 37 35 32 29 27 26 26 27 29 30 33 34 36 3720 911T2 628 429999999999999999999991534 26999999999999999999999
 38 39 39 39 40 41 42 42 42 42 40 38 35 32 29 26 25 24 25 27 29 32 35 3720 912T2 743 429999999999999999999991650 24999999999999999999999
 38 39 39 39 39 39 40 41 42 43 43 41 38 35 31 28 24 22 22 23 25 29 32 3620 913T2 914 439999999999999999999991749 22999999999999999999999
 38 39 39 38 38 37 37 39 40 42 44 44 42 39 35 30 26 22 20 19 21 25 29 3320 914T2 141 391031 4499999999999999 516 371839 1999999999999999
 36 38 39 38 36 35 34 35 37 40 43 45 45 43 39 34 29 24 20 17 18 20 25 3020 915T2 147 391136 4599999999999999 6 6 341924 1799999999999999
 34 37 38 37 35 33 32 31 32 35 39 43 46 46 44 39 33 27 22 18 16 17 21 2620 916T2 2 1 381235 4699999999999999 652 3120 6 1699999999999999
 32 36 38 37 35 32 30 28 28 30 34 39 44 47 47 44 39 32 26 20 17 16 18 2320 917T2 220 381331 4799999999999999 737 272046 1699999999999999
 29 34 37 38 36 33 29 26 24 24 27 32 38 44 46 46 43 37 31 25 20 17 18 2120 918T2 243 381425 4799999999999999 824 242125 1799999999999999
 26 32 37 39 38 34 30 26 23 21 22 25 31 37 43 45 45 41 36 31 25 21 20 2120 919T2 3 9 391519 4699999999999999 914 2122 4 2099999999999999
 25 31 36 39 39 37 33 28 24 20 18 20 24 30 36 41 43 43 40 35 31 27 24 2420 920T2 338 401616 439999999999999910 7 182241 2399999999999999
 26 30 35 39 41 40 37 32 27 22 19 17 19 23 28 34 38 40 40 38 35 32 29 2820 921T2 410 411721 419999999999999911 3 172317 2899999999999999
 28 31 35 39 41 42 40 37 32 27 22 19 17 18 22 27 31 35 37 38 37 36 34 3220 922T2 444 421847 389999999999999912 5 172353 3299999999999999
 32 33 35 38 41 42 42 40 37 32 28 23 20 18 19 21 25 29 32 35 36 37 36 3620 923T2 523 4321 2 37999999999999991316 18999999999999999999999
 35 35 36 38 40 42 42 42 40 37 33 29 25 21 19 19 20 23 27 30 33 35 37 3720 924T2 611 42999999999999999999999 030 351440 1999999999999999
 37 37 37 37 38 40 41 42 42 40 38 35 31 26 23 20 19 20 22 25 29 32 35 3720 925T2 722 4299999999999999999999916 8 19999999999999999999999
 38 38 38 37 37 38 38 40 41 41 41 39 36 32 28 24 21 19 19 21 24 28 32 3520 926T2 053 38 856 4199999999999999 350 371724 1999999999999999
 37 38 38 37 36 35 36 37 38 40 41 41 39 36 32 28 24 20 19 19 21 25 29 3320 927T2 120 381020 4199999999999999 517 351823 1899999999999999
 35 37 37 36 35 33 33 33 35 37 39 41 41 39 36 32 27 23 20 18 19 22 26 3020 928T2 135 371126 4199999999999999 6 8 3319 7 1899999999999999
 34 35 36 35 33 31 30 30 31 33 36 39 40 40 38 34 30 25 21 19 18 20 24 2820 929T2 144 361220 4099999999999999 644 301942 1899999999999999
 32 34 35 34 32 30 28 27 27 29 32 36 39 40 39 36 32 28 23 20 19 19 22 2620 930T2 153 3513 5 4099999999999999 716 272011 1999999999999999
 30 33 35 34 32 29 26 24 24 25 28 32 36 39 39 37 34 30 26 22 19 19 21 252010 1T2 2 6 351346 3999999999999999 748 242037 1999999999999999
 29 33 34 34 32 29 26 23 21 22 24 28 32 36 38 38 36 32 28 24 21 20 21 242010 2T2 221 351425 3899999999999999 820 2121 0 2099999999999999
 28 32 34 35 33 30 26 23 20 20 21 24 28 33 36 37 36 34 30 26 23 22 22 242010 3T2 239 3515 3 3799999999999999 854 202123 2299999999999999
 28 32 34 35 34 31 27 24 20 19 19 21 25 29 33 36 36 35 32 29 26 24 24 252010 4T2 257 351543 3699999999999999 929 182145 2499999999999999
 28 32 35 36 36 33 29 25 22 19 18 19 21 26 30 33 35 35 33 31 29 27 26 272010 5T2 315 361626 359999999999999910 6 1822 6 2699999999999999
 29 32 35 37 37 35 32 28 24 21 18 18 19 22 26 30 32 34 33 32 31 29 28 282010 6T2 333 371715 34999999999999991045 182224 2899999999999999
 30 32 35 37 38 37 34 30 27 23 20 18 18 20 23 27 30 32 32 32 32 31 30 302010 7T2 352 381825 32999999999999991128 182237 3099999999999999
 31 33 35 37 38 38 36 33 29 26 22 20 19 19 21 23 26 29 30 31 32 32 32 322010 8T2 414 389999999999999999999991218 19999999999999999999999
 32 33 35 36 38 38 37 35 32 29 25 22 20 19 19 21 23 25 27 29 31 32 32 332010 9T2 442 389999999999999999999991321 19999999999999999999999
 33 34 35 35 36 37 37 36 34 32 29 25 23 20 19 19 20 21 24 26 28 30 32 33201010T2 524 379999999999999999999991442 19999999999999999999999
 33 34 34 34 35 35 36 36 35 34 32 29 26 23 20 18 17 18 20 22 25 28 31 32201011T2 645 3699999999999999999999916 4 17999999999999999999999
 33 33 33 32 32 32 33 34 35 35 35 33 30 26 22 19 17 16 16 18 21 25 29 31201012T2 044 33 847 3599999999999999 4 7 321712 1699999999999999
 32 33 32 31 30 29 29 31 33 35 36 36 34 30 26 22 18 15 14 15 18 22 26 30201013T2 041 331018 3699999999999999 511 2918 6 1499999999999999
 32 32 31 29 27 26 25 26 28 32 35 37 37 35 31 26 21 17 14 13 15 18 23 28201014T2 048 321130 3799999999999999 558 251852 1399999999999999
 31 32 31 29 26 23 21 21 22 26 31 35 38 38 35 31 26 21 16 14 13 16 21 26201015T2 1 3 321233 3899999999999999 643 211934 1399999999999999
 30 33 32 30 26 22 19 16 17 19 24 30 35 38 38 36 31 26 21 16 14 15 19 24201016T2 124 331331 3999999999999999 728 162014 1499999999999999
 30 33 34 32 28 23 18 14 12 13 17 23 30 35 38 38 35 31 26 21 18 17 19 23201017T2 150 341427 3999999999999999 815 122052 1799999999999999
 29 33 36 35 32 26 21 15 11  9 11 15 22 29 35 38 37 35 31 27 23 20 20 23201018T2 218 361525 3899999999999999 9 5  92129 2099999999999999
 28 33 37 38 36 31 25 19 13  9  8 10 15 21 28 33 36 36 34 31 28 25 24 25201019T2 250 381627 3699999999999999 956  822 5 2499999999999999
 28 32 36 39 39 35 30 24 18 12  9  8 10 14 21 27 31 34 34 33 31 29 27 27201020T2 324 391739 34999999999999991051  82240 2799999999999999
 29 32 35 38 40 38 35 30 24 18 13 10  9 10 15 20 25 29 32 33 32 31 30 30201021T2 4 1 401918 33999999999999991151  92316 3099999999999999
 30 31 34 37 39 39 37 34 30 25 19 15 12 10 12 15 19 24 27 30 31 32 32 31201022T2 441 392120 32999999999999991258 102357 3199999999999999
 31 32 33 34 36 37 37 36 33 30 25 21 17 14 12 13 15 18 22 26 28 31 32 32201023T2 530 379999999999999999999991414 12999999999999999999999
 32 32 32 32 33 34 35 35 34 33 30 26 22 19 16 14 14 15 18 21 25 28 30 31201024T2 644 359999999999999999999991535 14999999999999999999999
 32 32 31 30 30 30 31 32 33 33 32 30 27 23 20 17 15 14 15 18 21 25 28 30201025T2 0 3 32 834 3399999999999999 355 301650 1499999999999999
 31 31 30 29 28 27 27 28 30 31 32 31 30 27 24 20 17 15 15 16 19 22 26 28201026T2 024 3110 7 3299999999999999 515 271747 1599999999999999
 30 30 29 27 26 24 24 24 26 28 30 31 31 29 27 23 20 17 15 15 17 20 24 27201027T2 036 301118 3199999999999999 6 1 241830 1599999999999999
 29 29 28 27 24 22 21 20 22 24 27 30 31 30 28 25 22 19 17 16 16 19 23 26201028T2 045 301214 3199999999999999 636 2019 1 1699999999999999
 29 29 28 26 23 20 18 17 18 20 24 27 29 30 30 27 24 21 18 17 17 19 22 26201029T2 056 2913 0 3099999999999999 7 6 171927 1699999999999999
 28 30 29 27 23 20 17 15 15 16 20 24 27 30 30 29 26 23 20 18 17 19 22 25201030T2 1 9 301343 3099999999999999 736 151950 1799999999999999
 29 30 30 28 24 20 17 14 12 13 16 20 25 28 30 30 28 25 22 20 19 19 22 25201031T2 125 311424 3099999999999999 8 6 122013 1999999999999999
 29 31 32 30 26 22 17 14 11 11 13 17 21 26 29 30 29 27 25 22 21 20 22 252011 1T2 143 3215 4 3099999999999999 838 112036 2099999999999999
 29 32 33 32 29 24 19 15 11 10 11 14 18 23 27 29 30 29 27 25 23 22 23 252011 2T2 2 3 331547 3099999999999999 912 1021 0 2299999999999999
 29 32 34 34 31 27 22 17 13 10  9 11 15 19 24 27 29 29 28 27 25 24 24 262011 3T2 224 341633 2999999999999999 948  92125 2499999999999999
 29 32 34 35 33 30 25 20 15 12 10 10 12 16 21 25 27 29 29 28 27 26 26 262011 4T2 247 351728 29999999999999991026  92148 2699999999999999
 29 31 34 35 34 32 28 23 18 14 11 10 11 13 17 21 25 27 28 28 28 27 27 272011 5T2 312 351846 289999999999999911 8 1022 9 2799999999999999
 28 30 33 34 34 33 30 26 22 17 14 11 10 12 14 18 21 24 26 27 28 28 28 282011 6T2 341 359999999999999999999991155 10999999999999999999999
 28 29 31 33 33 33 31 28 25 21 17 14 12 11 12 14 17 20 23 25 26 27 28 282011 7T2 416 339999999999999999999991253 11999999999999999999999
 28 28 29 30 31 32 31 30 27 24 20 17 14 12 11 12 14 16 19 22 24 26 27 272011 8T2 5 4 3299999999999999999999914 2 11999999999999999999999
 27 27 27 27 28 29 30 30 29 27 24 21 17 14 12 11 11 13 16 19 22 24 26 272011 9T2 628 302319 27999999999999991516 11999999999999999999999
 27 26 25 25 24 25 26 27 28 28 27 25 21 18 15 12 11 11 13 16 19 23 25 27201110T2 829 282329 2799999999999999 344 241625 1199999999999999
 27 25 24 22 21 20 21 23 25 27 28 28 26 22 19 15 12 11 11 13 17 21 24 27201111T210 6 282344 2799999999999999 451 201723 1199999999999999
 27 26 23 21 18 16 16 17 20 24 27 29 29 27 23 20 16 13 12 12 15 19 24 27201112T21124 29999999999999999999999 543 161813 1199999999999999
 28 27 25 21 17 14 11 11 14 18 23 27 30 30 28 25 21 17 14 13 14 18 23 27201113T2 0 5 281233 3099999999999999 631 111857 1399999999999999
 30 30 27 23 18 13  9  7  7 11 16 23 28 31 31 29 26 22 18 16 16 18 22 27201114T2 032 301336 3199999999999999 719  71938 1599999999999999
 31 32 31 27 21 15  9  5  3  5  9 15 22 28 31 31 29 26 23 20 18 19 22 26201115T2 1 2 321437 3199999999999999 8 7  32016 1899999999999999
 31 34 34 32 26 20 13  7  3  1  3  8 15 22 28 31 31 30 27 24 22 21 22 26201116T2 136 351538 3199999999999999 857  12054 2199999999999999
 30 34 36 36 32 26 19 12  5  1  0  3  8 15 22 27 30 30 29 27 25 23 23 25201117T2 213 371642 3099999999999999 948  02131 2399999999999999
 29 33 36 37 35 31 25 18 11  5  2  1  4  9 15 22 26 29 29 29 27 26 25 25201118T2 252 371754 29999999999999991041  122 8 2599999999999999
 28 31 34 36 37 34 30 24 18 11  6  3  3  5 10 16 21 25 27 28 28 27 26 26201119T2 333 371916 28999999999999991137  32247 2699999999999999
 27 28 31 34 35 35 32 28 23 18 12  8  5  5  7 11 16 20 23 26 27 27 26 26201120T2 418 352041 27999999999999991237  52340 2699999999999999
 26 27 28 30 31 32 32 30 27 23 18 13 10  8  7  9 12 16 19 22 25 26 26 26201121T2 5 9 322158 26999999999999991340  7999999999999999999999
 25 25 25 26 27 28 29 29 27 25 22 18 15 12 10  9 10 13 16 19 22 24 25 25201122T2 617 292245 2599999999999999 115 251447  999999999999999
 25 24 23 23 23 24 25 26 26 25 24 21 19 16 13 11 11 12 14 17 20 22 24 25201123T2 755 262311 2599999999999999 315 231552 1199999999999999
 25 24 22 21 20 20 20 22 23 24 24 23 21 19 16 14 13 12 13 15 18 21 23 24201124T2 934 242326 2599999999999999 445 201648 1299999999999999
 24 23 22 20 18 17 16 17 19 21 22 23 22 21 19 17 15 13 13 15 17 20 23 24201125T21057 232340 2599999999999999 540 161731 1399999999999999
 25 24 22 19 16 14 13 14 15 18 20 22 23 22 21 19 17 15 15 15 17 20 23 25201126T212 5 232354 2699999999999999 618 1318 4 1599999999999999
 26 25 22 19 16 13 11 10 12 14 17 20 22 23 22 21 19 17 16 16 17 20 23 26201127T213 1 23999999999999999999999 650 101832 1699999999999999
 27 26 24 20 17 13 10  8  8 11 14 18 21 23 23 23 21 19 18 17 18 20 23 26201128T2 011 271350 2399999999999999 720  81858 1799999999999999
 28 28 26 23 18 14 10  7  6  8 11 15 19 22 24 24 23 21 20 19 19 21 23 27201129T2 031 281434 2499999999999999 751  61925 1999999999999999
 29 30 29 25 21 16 11  7  5  5  8 12 17 21 24 25 25 23 22 20 20 21 23 26201130T2 054 301517 2599999999999999 824  51954 2099999999999999
 29 31 31 28 24 18 13  8  5  4  5  9 13 18 22 25 25 25 23 22 21 21 23 262012 1T2 119 311559 2599999999999999 858  42024 2199999999999999
 29 31 32 30 27 22 16 11  6  4  3  6 10 15 20 23 25 25 25 23 22 22 22 252012 2T2 148 321645 2599999999999999 935  32055 2299999999999999
 28 31 32 32 29 25 20 14  9  5  3  4  7 11 16 20 23 25 25 24 23 22 22 242012 3T2 220 321735 25999999999999991015  32127 2299999999999999
 26 29 31 32 31 28 23 17 12  7  4  3  4  8 12 17 20 23 24 24 23 23 22 232012 4T2 254 321834 24999999999999991057  322 1 2299999999999999
 24 27 29 31 31 29 25 21 16 11  7  4  3  5  8 13 17 20 22 23 23 23 22 222012 5T2 333 311940 23999999999999991144  32244 2299999999999999
 23 24 26 28 29 29 27 23 19 14 10  6  4  4  6  9 13 17 19 21 22 22 22 222012 6T2 417 292040 22999999999999991235  42352 2199999999999999
 21 22 23 25 26 27 27 25 22 18 14 10  7  5  5  7 10 13 17 19 21 22 22 212012 7T2 513 272122 22999999999999991331  5999999999999999999999
 20 20 20 21 22 23 24 24 23 21 18 14 10  8  6  6  8 11 14 17 20 21 22 212012 8T2 633 252150 2299999999999999 132 201431  699999999999999
 20 19 17 17 17 18 20 22 23 22 21 18 15 12  9  8  8  9 12 15 19 21 22 222012 9T2 816 232215 2299999999999999 3 8 171532  899999999999999
 21 18 16 14 13 13 14 17 19 21 22 21 19 16 14 11 10 10 12 14 18 21 23 24201210T2 957 222241 2499999999999999 425 131633 1099999999999999
 22 20 16 13 10  9  9 11 14 18 21 22 22 21 18 16 14 12 13 14 18 21 25 26201211T21126 222312 2699999999999999 527  81728 1299999999999999
 25 23 19 14 10  6  4  5  7 12 17 21 23 24 22 20 18 16 15 15 18 21 25 28201212T21246 242346 2999999999999999 622  41817 1599999999999999
 29 27 23 17 12  6  2  0  1  5 10 16 21 24 25 24 22 20 18 17 18 21 25 29201213T21356 25999999999999999999999 713  019 2 1799999999999999
 31 31 28 23 16 10  4 -1 -2 -1  4 10 16 22 25 26 25 23 21 19 19 20 24 28201214T2 024 311458 2699999999999999 8 3 -21944 1999999999999999
 32 33 32 28 22 15  8  2 -2 -4 -2  3 10 17 22 25 26 25 23 21 20 20 22 26201215T2 1 6 331556 2699999999999999 853 -42024 2099999999999999
 30 33 34 32 28 21 14  7  1 -3 -4 -1  4 11 17 22 25 25 24 23 21 20 21 24201216T2 150 341651 2599999999999999 943 -421 3 2099999999999999
 27 31 34 34 31 26 20 13  6  1 -3 -3  0  5 12 17 22 24 24 23 22 21 20 21201217T2 235 341744 24999999999999991033 -32144 2099999999999999
 24 27 31 33 32 29 25 19 12  6  1 -1 -1  2  7 13 17 21 22 23 22 21 20 20201218T2 322 331837 23999999999999991123 -22229 2099999999999999
 21 23 26 29 30 30 27 22 17 11  6  2  1  1  4  9 13 17 20 21 21 20 19 19201219T2 4 9 301930 21999999999999991212  12324 1999999999999999
 19 20 22 24 26 27 26 24 20 15 11  7  4  3  4  7 10 14 17 19 20 20 19 18201220T2 459 272021 209999999999999913 1  3999999999999999999999
 18 18 18 20 22 23 23 23 21 18 14 11  8  6  5  6  9 12 15 17 19 19 19 18201221T2 554 2321 5 1999999999999999 036 181348  599999999999999
 17 16 16 16 17 18 19 20 19 18 16 13 11  9  8  8  9 11 13 16 18 19 19 19201222T2 7 6 202138 1999999999999999 2 7 161433  899999999999999
 17 16 15 14 14 14 15 16 17 17 16 15 13 12 10 10 10 11 13 15 18 19 20 19201223T2 842 1722 4 2099999999999999 344 141517 1099999999999999
 18 16 14 12 11 11 11 12 14 15 16 16 15 14 13 12 12 12 13 15 18 20 21 21201224T21029 162226 2199999999999999 5 1 111559 1299999999999999
 19 17 15 12 10  8  8  9 10 12 14 15 16 16 15 14 14 14 14 16 18 20 22 22201225T21211 162247 2299999999999999 551  81640 1499999999999999
 21 19 16 13 10  7  6  6  7  9 12 15 16 17 17 17 16 15 15 17 18 21 23 24201226T21329 172312 2499999999999999 628  61722 1599999999999999
 23 21 18 14 10  7  4  3  4  7 10 13 16 18 18 18 18 17 17 17 19 21 23 25201227T21421 182341 2699999999999999 7 2  318 2 1799999999999999
 25 24 21 17 12  8  4  2  2  3  7 11 15 17 19 20 19 18 18 17 18 21 23 26201228T215 0 20999999999999999999999 736  11842 1799999999999999
 27 26 24 20 15 10  5  2  0  1  4  8 12 16 19 20 20 20 18 18 18 19 22 25201229T2 013 271534 2099999999999999 811  01921 1899999999999999
 27 28 27 23 18 13  7  3 -1 -1  0  4  9 14 18 20 21 20 19 18 17 18 20 24201230T2 050 2816 7 2199999999999999 848 -11959 1799999999999999
 27 29 29 26 22 17 11  5  0 -2 -2  0  5 10 15 18 20 20 20 18 17 17 19 21201231T2 128 291643 2099999999999999 928 -32035 1799999999999999
