106 77 51 36 34 45 68 98126148159158146128108 93 85 88 9911513214314613820 1 1TJ1023160214514799999999999999 339 331616 8599999999999999
121 98 74 56 47 49 63 84109132148154150138122105 91 85 87 9611012313213420 1 2TJ11 6154224213499999999999999 418 461716 8599999999999999
127113 96 78 66 61 65 78 96117135146150145133118101 88 81 81 8810011212120 1 3TJ1155150999999999999999999999 5 3 611828 8099999999999999
125122113100 87 78 74 78 88104120135145148143131115 97 82 73 71 77 8810220 1 4TJ 0 3125125214899999999999999 6 1 741943 7199999999999999
114122124119110 99 89 85 86 94107122136146149144130111 90 72 60 57 64 7820 1 5TJ 145124135114999999999999999 716 842047 5799999999999999
 96113126132130121110 98 91 90 96109125140151153145128104 78 56 43 41 5120 1 6TJ 314132144615399999999999999 838 892139 4099999999999999
 71 95119136145143132117102 92 90 97111129147158159147124 93 62 38 24 2620 1 7TJ 418145153316099999999999999 945 902223 2399999999999999
 42 69101130150159154139119101 89 88 97116138157167164146115 78 43 17  720 1 8TJ 5 71591617168999999999999991038 8723 5  799999999999999
 15 39 74112145166171161141117 96 85 86101124149169176167142104 61 23 -120 1 9TJ 5501711659176999999999999991123 842345 -799999999999999
 -7  9 41 83126160179179163137110 89 80 87106134161180183167134 89 43  520 110TJ 63018117401849999999999999912 4 80999999999999999999999
-16-14  9 49 97142174188181159129100 81 77 89114145173189186163123 74 2720 111TJ 710188182319099999999999999 026-181245 7699999999999999
 -8-23-14 17 62112156184191178150118 90 75 76 93122154180192184155111 6120 112TJ 75019119 619299999999999999 1 8-231326 7399999999999999
 16-14-22 -6 30 78128167188188169138106 81 70 76 97128160183190176144 9920 113TJ 829191195119099999999999999 150-2214 8 7099999999999999
 51 11-12-12  9 48 96141173187180157126 95 74 67 7710013015917818116513220 114TJ 9 9187203918299999999999999 232-151454 6799999999999999
 90 48 15 -1  5 29 68112150175181169144114 86 69 65 76 9912715316816815220 115TJ 949182213117099999999999999 315 -11543 6599999999999999
122 86 51 26 17 27 52 87125156173173158133105 80 65 63 74 9411914115415420 116TJ1031175223115599999999999999 4 0 171639 6299999999999999
140117 88 62 44 40 50 73103133156167164148125 99 76 62 59 68 8410512513820 117TJ1116168234614199999999999999 447 391744 5999999999999999
141133117 96 77 64 62 71 89113137154161157142120 95 73 58 53 58 71 9010920 118TJ12 8161999999999999999999999 542 6119 1 5399999999999999
125133132123109 95 84 81 86100118136150157153140119 94 70 52 43 45 56 7520 119TJ 12513313 915799999999999999 653 812021 4399999999999999
 97117131137134124111 99 93 94103118134148156153141119 92 65 43 31 31 4320 120TJ 3 8137141715699999999999999 821 922131 2999999999999999
 64 91117137147147137122107 97 95102116134150159157143118 88 56 31 18 1820 121TJ 427148152115999999999999999 945 952228 1699999999999999
 33 60 92123147159158145126107 94 91 99115136155165162144115 79 45 18  620 122TJ 5231601617165999999999999991048 912315  599999999999999
 10 31 63101136160170164146123101 87 86 98119143163171165142107 67 31  620 123TJ 6 717017 5171999999999999991135 852356 -399999999999999
 -3  8 36 75116150172175163139112 90 80 83100126152171176164135 95 52 1720 124TJ 6431761747177999999999999991215 79999999999999999999999
 -3 -4 14 49 92133164179174155126 98 79 74 84107136163178177157122 79 3720 125TJ 716179182618099999999999999 033 -61250 7499999999999999
  6 -6  2 29 68112150174179166140110 84 70 73 90118148171180171144105 6120 126TJ 74618019 118099999999999999 1 7 -61322 6999999999999999
 24  2 -1 16 49 91132163177173152122 93 72 66 76 99128157175176159127 8620 127TJ 814178193517899999999999999 139 -31354 6699999999999999
 47 17  4 11 36 73114149170174160134104 79 65 66 8210813716117216614310920 128TJ 84117520 917299999999999999 2 9  41426 6399999999999999
 70 38 18 15 30 60 97133160170164144116 89 69 62 69 8911614215916315112520 129TJ 9 8171204416499999999999999 238 141459 6299999999999999
 92 60 36 26 32 53 84118146163164151128101 78 64 62 74 9511914115215013520 130TJ 935166212215399999999999999 3 7 261536 6199999999999999
110 82 57 42 41 53 76105133153160154137114 90 71 62 65 77 9711813414113620 131TJ10 416022 614199999999999999 337 401618 6299999999999999
122101 79 62 55 59 74 96119140152153143126104 83 68 62 65 77 9411112412920 2 1TJ103615423 312999999999999999 4 9 5517 9 6299999999999999
125114 99 84 74 71 77 91109127140147145135118 99 81 67 61 63 72 8610111420 2 2TJ1116147999999999999999999999 448 711815 6199999999999999
120120114105 95 89 87 92102114127137142140131116 97 79 64 56 55 62 75 9120 2 3TJ 029121121114299999999999999 545 871935 5599999999999999
106117122122117110103 99100105114125134140139132117 98 77 58 46 42 49 6320 2 4TJ 226123132814099999999999999 722 992052 4299999999999999
 82103121132135132123113105101103110122134143145138122 98 71 47 31 26 3420 2 5TJ 358135144614599999999999999 9111012154 2699999999999999
 53 79107131147151145132116103 95 96106122139152156147126 96 62 32 12  820 2 6TJ 4551511549156999999999999991022 952245  899999999999999
 21 47 82118147164166155134112 94 86 89104127149165169156128 89 48 14 -620 2 7TJ 5391671643169999999999999991112 852331 -999999999999999
 -6 14 49 92134165179175156129101 81 75 84106135163180181161125 79 32 -320 2 8TJ 6171801732183999999999999991154 75999999999999999999999
-20-14 14 58108152181190178150116 86 67 66 82112146177193188162118 66 1820 2 9TJ 654190181819499999999999999 014-211234 6499999999999999
-15-26-12 25 75127169193193172137 99 69 55 60 83119157187199189156108 5420 210TJ 73019619 319999999999999999 056-261314 5499999999999999
  8-19-22  1 43 96147183197188159119 81 54 46 57 87126164191198182145 9620 211TJ 8 5197194919999999999999999 136-241355 4599999999999999
 46  7-12 -7 22 68119163190194175141100 65 43 41 58 9012916518718916913220 212TJ 840195203519199999999999999 216-131437 3999999999999999
 87 44 14  4 17 49 93138173189183158122 84 53 37 40 60 9312915917617415420 213TJ 914190212417799999999999999 256  41521 3699999999999999
121 83 50 30 29 46 77116151175181168141106 72 48 37 43 63 9112214715915620 214TJ 948181221816099999999999999 335 2716 9 3799999999999999
139113 86 63 52 56 74101131156170168152126 96 68 48 40 46 63 8611113014120 215TJ1024171232614299999999999999 415 5217 4 4099999999999999
140129113 95 81 76 81 96116137153159155140118 92 69 52 45 47 59 77 9611320 216TJ11 6159999999999999999999999 5 0 761814 4499999999999999
125130127119109101 97100108121134144148145134116 95 74 57 47 45 51 64 8220 217TJ 1 613012 314899999999999999 6 5 971944 4599999999999999
100116127132130124117111108110117126135141141134120101 80 60 45 38 41 5320 218TJ 313132133314299999999999999 8 21082113 3899999999999999
 72 95116134143143137126114106104108117129140144141128107 82 57 37 28 3020 219TJ 43414415 614499999999999999 9521042218 2799999999999999
 45 69 98125146156154143126109 97 93 99113130145153149134108 78 48 26 1720 220TJ 5211561613153999999999999991052 9323 6 1799999999999999
 23 44 75109140160166158140117 96 84 83 95115138156163156135103 67 35 1520 221TJ 55616617 2163999999999999991132 822345 1099999999999999
 10 24 52 89127156172171154128101 80 72 78 97124150168172158129 91 52 2220 222TJ 62517417431729999999999999912 5 72999999999999999999999
  6 10 32 68109147171178167142110 82 65 64 79106137164178174152116 74 3720 223TJ 652178181817999999999999999 018  51234 6399999999999999
 11  5 19 50 91132165180176154122 89 65 55 63 87119152175182169139 98 5720 224TJ 717181185118299999999999999 049  513 2 5599999999999999
 24  8 13 37 74117154177181165135100 69 51 51 69 99134164181179157121 8020 225TJ 741182192318299999999999999 117  71330 4999999999999999
 43 19 14 30 61101141170181172147112 78 53 44 54 7911314617117916814010220 226TJ 8 3181195517999999999999999 144 141359 4499999999999999
 64 35 23 29 53 89127159177175156125 90 60 43 44 61 9112515417117015212120 227TJ 826179202817399999999999999 210 221428 4199999999999999
 86 55 37 35 51 79114147169174162136103 71 49 41 49 7110113215516415613520 228TJ 84917521 216499999999999999 236 3415 0 4199999999999999
106 77 55 47 54 75104134158169164145117 86 60 44 44 57 8010813415015214120 229TJ 912169214115399999999999999 3 2 471534 4299999999999999
121 97 76 63 63 76 97123145160161150128101 75 55 46 49 64 8510912914013920 3 1TJ 938162222914199999999999999 330 621614 4599999999999999
129113 96 83 78 82 95114133147154150136116 92 71 56 50 54 66 8410411912820 3 2TJ10 7154233813099999999999999 4 2 7817 6 5099999999999999
129124114103 96 94 99109122134142145140128111 92 73 60 53 54 63 77 9310820 3 3TJ1049145999999999999999999999 447 941821 5299999999999999
120126126122117111109110114121128134137135127114 97 79 63 51 47 52 64 8120 3 4TJ 13512712 613799999999999999 6171091959 4799999999999999
 99117130137137132124117111110113119128135139136125107 84 62 44 34 36 4920 3 5TJ 33313714 413999999999999999 8511102121 3499999999999999
 70 96122142153153145131116104 98101111126141150150139116 86 55 30 17 1920 3 6TJ 4341541530152999999999999991010 982222 1699999999999999
 37 66101135159170167151128105 88 83 89107131153168168152122 83 44 14  120 3 7TJ 5161711632170999999999999991058 832311  099999999999999
  7 32 71114153178185174148116 87 69 67 81108141170186184161122 75 30  020 3 8TJ 5521851723188999999999999991138 662355-1099999999999999
-10  4 38 85134173194193171135 96 65 49 54 77114154186201193163116 64 1920 3 9TJ 6261971811201999999999999991217 49999999999999999999999
 -8-11 11 54106156191204191158115 73 43 33 46 78122166198209194158107 5520 310TJ 7 0204185720999999999999999 036-131255 3399999999999999
 14 -6  0 30 78131176202203179138 91 50 26 24 45 84130174202207187147 9720 311TJ 732206194220899999999999999 116 -71334 2299999999999999
 50 17  7 22 57105153189204193160115 69 33 16 22 49 9013617519719617313420 312TJ 8 4204202819999999999999999 155  71414 1599999999999999
 90 52 30 29 50 87130169193195175138 93 52 24 15 27 56 9613716918417915720 313TJ 835197211518499999999999999 232 271456 1599999999999999
123 89 62 50 57 80113148176187179154117 78 45 24 21 36 64 9813215616616020 314TJ 9 618722 716699999999999999 3 9 501539 2099999999999999
142117 94 77 74 84104131156171174161135103 71 46 32 33 46 69 9612114014720 315TJ 938175231214799999999999999 347 731629 3199999999999999
144133118104 96 96105120138152160157144123 98 74 55 44 44 53 69 8910812420 316TJ1014160999999999999999999999 429 951732 4399999999999999
133135132125118113112116124134141145142133119101 83 67 56 52 55 65 79 9620 317TJ 05213511 614599999999999999 53611219 3 5299999999999999
113126134137135130124119117118122128132134131123110 94 77 63 54 51 57 7020 318TJ 3 5137125613499999999999999 8 71172046 5199999999999999
 89109128141148146138127116108105109117126134137133121103 82 63 49 44 5020 319TJ 418148145713799999999999999 9561052158 4499999999999999
 66 89115138154159153139121104 93 91 98112129143149145130106 79 55 39 3620 320TJ 45715916 7149999999999999991043 912246 3699999999999999
 46 68 98129153166166152130106 86 77 80 95116139156161153131101 70 44 3020 321TJ 5271681654161999999999999991116 772323 2999999999999999
 32 50 80115147169175165142113 86 68 65 76 99128154170170154125 90 56 3320 322TJ 5531751732172999999999999991144 642354 2699999999999999
 26 36 63 99136166180176156124 91 65 53 59 80111144169180173148113 74 4320 323TJ 61718118 6180999999999999991211 53999999999999999999999
 27 29 50 84123159180184168137100 67 47 44 61 91127161182184167135 96 5920 324TJ 640185183818699999999999999 023 251237 4399999999999999
 35 28 41 71110148176187177150112 74 46 35 44 70107145174187180155118 8020 325TJ 7 118719 918899999999999999 050 2813 4 3599999999999999
 49 35 39 62 97136168186184162126 86 52 32 32 50 8412315918218516913810120 326TJ 723187194118699999999999999 116 341331 2999999999999999
 68 47 43 58 87124158181185170139100 62 36 26 36 6310013816818117615412220 327TJ 745186201318299999999999999 142 421359 2699999999999999
 88 63 52 59 81112146171182175151115 77 46 28 28 46 7711414816917416213820 328TJ 8 7183204717599999999999999 2 8 521429 2699999999999999
108 82 67 65 79104133160175175158129 94 61 37 29 37 59 9012315016416314820 329TJ 830177212516599999999999999 234 6415 1 2999999999999999
125102 84 77 83 99123147164170161140111 79 53 37 35 47 70 9812614515415020 330TJ 855170221115499999999999999 3 3 771539 3499999999999999
137119103 93 92100116134150160158146125 99 74 54 43 44 55 75 9912113614320 331TJ 924161231514399999999999999 336 911627 4299999999999999
141133121111106106113124136146150147136118 98 77 61 51 50 58 73 9211112620 4 1TJ10 4150999999999999999999999 4241051736 4999999999999999
136139137131124118116118123129136139139133121105 87 70 57 51 53 64 8010020 4 2TJ 1 1139112314099999999999999 6 31161914 5199999999999999
120135145148144136126118113112116124132138139133119100 78 58 45 42 50 6920 4 3TJ 254148133914099999999999999 8361122046 4299999999999999
 93120143158163157143126109 98 95101115132147154151136111 82 54 35 29 3820 4 4TJ 356163151415599999999999999 949 952153 2999999999999999
 62 94129158175177165142115 91 77 76 88111138161174170151118 80 46 23 1820 4 5TJ 4391781619174999999999999991035 742245 1899999999999999
 33 64105145176191186164131 95 67 53 58 80113149179193186160120 75 37 1520 4 6TJ 5151921712193999999999999991115 532330 1299999999999999
 15 37 76123166195202187153110 69 41 32 45 77120163195207195162116 68 3120 4 7TJ 55020218 1207999999999999991154 32999999999999999999999
 14 22 51 96145186207204177134 85 43 19 18 40 81130175205213195158110 6420 4 8TJ 623209184821399999999999999 012 141233 1599999999999999
 33 23 38 74121167200211196159110 59 21  4 12 42 8813918320821018714810320 4 9TJ 655211193421299999999999999 053 231312  499999999999999
 64 41 41 62100145184206204179136 86 40  9  0 15 50 9714518320219817413820 410TJ 727208202020399999999999999 132 381352  099999999999999
100 70 57 64 89125162191201189158114 67 29  7  6 26 6110514717718918216020 411TJ 75920121 718999999999999999 210 571433  399999999999999
130101 81 76 87112143171188188170137 96 57 28 14 19 40 7311014316517216520 412TJ 830190215917299999999999999 247 761515 1499999999999999
148126106 95 95108128151169176170150120 87 57 36 28 35 54 8111013515115720 413TJ 9 317623 115799999999999999 327 9416 2 2899999999999999
152141127115109111120134149159160152135111 87 65 50 45 50 64 8410512513820 414TJ 941161999999999999999999999 41510817 0 4599999999999999
145145140132124119119123131138144144139127111 94 77 65 59 60 68 82 9911620 415TJ 029146103614599999999999999 5331191820 5899999999999999
131141146145139131124119117119124129133133128118105 90 76 67 63 67 78 9420 416TJ 218146123013399999999999999 7531171959 6399999999999999
113131144152152145133120110104105110120129135136129116 99 82 68 61 63 7520 417TJ 329153143413699999999999999 9261042116 6199999999999999
 93116138154161158145127109 94 88 91102118134145147140124102 80 63 56 6020 418TJ 4111611546148999999999999991012 8822 9 5699999999999999
 76100127151166169159138114 91 76 73 82101124145158159147125 98 73 56 5220 419TJ 4421691635160999999999999991045 722248 5299999999999999
 62 84114144166177171152123 93 70 59 63 81108137160171167148120 89 64 5120 420TJ 5 91771714171999999999999991114 582321 4999999999999999
 53 70 99133162180181165136101 69 50 46 60 88122153175180168142109 78 5620 421TJ 5341831748180999999999999991141 452351 5099999999999999
 50 61 87121154179187177150113 75 47 34 41 65101139170186183163131 97 6820 422TJ 55718718221879999999999999912 9 34999999999999999999999
 54 57 76108144173189186164127 86 50 29 27 44 78118156182191179152118 8520 423TJ 620190185419199999999999999 020 531236 2599999999999999
 64 58 70 97131164186191175143101 61 31 19 28 55 9413617018918816913810520 424TJ 644191192719199999999999999 048 5813 5 1999999999999999
 78 65 69 89120153179190183157118 76 41 20 18 36 7011215117818817915612520 425TJ 7 719020 118899999999999999 116 651334 1699999999999999
 96 77 74 85110140168185185168135 95 57 28 17 25 50 8712616017918116714320 426TJ 732187203718399999999999999 145 7314 6 1799999999999999
115 93 83 86103128154174182173149114 77 45 25 22 36 6410013516217417115520 427TJ 759182211717599999999999999 215 821440 2199999999999999
133111 96 93101118141161173173158132 99 67 42 29 31 48 7610813715816516120 428TJ 82817522 616699999999999999 248 921520 2899999999999999
147129113104104113128145159165160144120 92 65 46 37 42 58 8210913415015720 429TJ 9 4165231015799999999999999 3301031610 3799999999999999
154144131120113113120130142151154149136117 94 72 55 47 49 61 8110512714420 430TJ 955154999999999999999999999 4301121717 4699999999999999
153154148138128120116117123131139144144136122104 83 65 54 52 59 76 9812120 5 1TJ 037154112514599999999999999 6141161844 5199999999999999
142155160157147133120110106108117128139146145136118 96 74 57 50 54 69 9320 5 2TJ 2 5160132614699999999999999 8 71062010 5099999999999999
121146164171167153132111 95 87 89101120140155160153134108 80 57 45 48 6620 5 3TJ 3 7171145716099999999999999 916 862118 4499999999999999
 94127157178184174152123 94 72 63 70 89117146169178170148116 81 54 41 4620 5 4TJ 35318416 41789999999999999910 5 632214 4199999999999999
 68102140173192193175143105 69 46 40 53 82120157184194184156119 80 52 4120 5 5TJ 43319517 0194999999999999991048 4023 2 4199999999999999
 51 78117158190204196168127 81 43 22 22 44 82128170198206191159118 79 5320 5 6TJ 5102041750206999999999999991129 192347 4799999999999999
 47 62 95136176203209191154105 56 20  4 12 42 87137180206210191156115 7920 5 7TJ 5452091839211999999999999991210  4999999999999999999999
 59 59 79115156191209205178134 82 35  4 -4 11 48 9614618620820618414911220 5 8TJ 620211192621099999999999999 030 561251 -499999999999999
 82 69 75 99135171199208194160113 63 22 -2 -3 19 5810615318720219717414120 5 9TJ 654208201320399999999999999 111 681332 -599999999999999
110 88 82 93118150180198198178141 95 51 17  2  8 33 7211615518219218316220 510TJ 72920121 019299999999999999 151 811414  199999999999999
135110 96 95109132159181190183159123 83 47 22 14 23 49 8412215417417917020 511TJ 8 5190215017999999999999999 232 941457 1499999999999999
152131113104107120140160174177166142111 78 50 33 30 41 64 9412414916416620 512TJ 843177224516799999999999999 3161041543 2999999999999999
159145130117112115125140154162161150130106 80 59 47 47 57 7610012414315520 513TJ 926163235115899999999999999 4 91121634 4599999999999999
158153143131121116117123133142148147139125107 87 71 62 61 68 8310212213920 514TJ1026149999999999999999999999 5211161737 6099999999999999
150155152144133123115112115121129136138135126113 97 83 73 70 75 8610312120 515TJ 1 7155115813899999999999999 7 01121855 7099999999999999
138151157155146133119108102102108118128136137133122107 92 80 74 77 8710420 516TJ 216157134713899999999999999 8271012012 7499999999999999
124143157162159146129110 95 87 88 97112128140145142131114 96 82 75 77 8920 517TJ 3 616215 814599999999999999 923 862114 7499999999999999
109132152166169160141118 94 77 71 76 91112134150156152137116 95 80 73 7920 518TJ 34516916 41569999999999999910 3 7122 2 7399999999999999
 95119144165175172156130100 74 58 57 69 92120146163167158139114 91 76 7420 519TJ 4171761649168999999999999991037 562242 7399999999999999
 84106133159177181170144111 78 53 42 48 69100133161176175160136108 86 7420 520TJ 44618217281789999999999999911 9 422318 7499999999999999
 77 94121150174186181160126 88 54 34 31 46 76114150175186178157129101 8220 521TJ 51418618 5186999999999999991139 302351 7699999999999999
 76 86109138167186189174143103 64 34 20 27 52 89130166187190176150119 9420 522TJ 5411901840191999999999999991210 20999999999999999999999
 81 82 99126156181192185161123 80 42 19 15 31 6410614717819218816813911120 523TJ 6 9192191619399999999999999 023 791242 1499999999999999
 91 84 93114143171189191175143101 59 27 12 17 41 7912216018519218115813020 524TJ 637192195319299999999999999 056 841315 1199999999999999
105 91 91105130157180190184160123 82 44 19 12 25 54 9413516818618717214820 525TJ 7 8191203218999999999999999 129 891351 1299999999999999
122103 95101118142166183186172144107 68 36 18 18 36 6810714417118317916320 526TJ 742186211518399999999999999 2 5 951430 1699999999999999
140119105101110128149169179177160131 96 62 36 24 28 48 7911514716917717120 527TJ 81918022 417799999999999999 2461011514 2399999999999999
156136119108107116132150165171166149122 92 63 41 33 39 59 8711914716517220 528TJ 9 517123 117299999999999999 33510616 5 3399999999999999
167153136121111110116129144156161157143121 95 70 51 44 49 66 9212014516320 529TJ10 6162999999999999999999999 44010917 6 4399999999999999
170166154138122111106109119132145153153144127104 81 63 54 56 70 9312014520 530TJ 0 7170113115499999999999999 6 51061817 5399999999999999
164172169157139120104 95 95104118134148154151138117 94 74 62 61 73 9512220 531TJ 115172131015499999999999999 730 941932 6099999999999999
149169178175160137112 91 78 76 86104127148161163152131106 83 68 65 76 9920 6 1TJ 214178143816399999999999999 839 752041 6499999999999999
128156177186180160130 99 72 56 55 69 94124153171176166144116 89 72 69 8120 6 2TJ 3 5186155017799999999999999 934 542142 6899999999999999
105137167188194182155118 80 50 34 36 56 88127161184190178153121 93 75 7320 6 3TJ 3501941650190999999999999991023 332236 7299999999999999
 88116149180198198180145102 60 29 15 23 49 89133171194199185157123 95 7920 6 4TJ 43220117442009999999999999911 8 152326 7799999999999999
 80 98129163191205198172131 83 40 12  3 17 50 95142180202203185155122 9620 6 5TJ 5122051833205999999999999991152  3999999999999999999999
 84 89111142175199206193160115 66 26  2  0 20 5810515118720420118115011920 6 6TJ 552206192020599999999999999 012 831235 -299999999999999
 97 90 99123154184202202182145 99 53 17  0  4 29 7011615919020119417214220 6 7TJ 63120520 620199999999999999 056 901318 -199999999999999
115 99 96110134163188199193168130 85 44 16  6 16 44 8412816518819418316120 6 8TJ 710200204919499999999999999 138 9514 0  699999999999999
135113101103119142167186191180153116 76 42 21 18 32 61 9913716718318417120 6 9TJ 750192213318699999999999999 2201001441 1799999999999999
150128111104109125146167180180166139106 72 46 32 34 50 7911214316617717420 610TJ 832181221717799999999999999 3 41041523 3199999999999999
161142123110107113127145161169166152128100 73 54 46 51 68 9312214716417020 611TJ 91617023 317099999999999999 35210716 7 4699999999999999
165153136121110107113125139152157154141122 99 79 65 60 67 8310512814816120 612TJ10 9157235516599999999999999 4491071654 6099999999999999
165160148133119108105109118130141146145136121103 87 76 74 80 9311213214920 613TJ1118147999999999999999999999 5581051749 7399999999999999
160163158146131115103 98100108120131139141136125111 97 87 84 8910011713520 614TJ 051163124614199999999999999 713 981855 8499999999999999
151162164158144126108 94 87 88 97111126138143142133120106 95 91 9410512120 615TJ 147164141614499999999999999 820 8620 4 9199999999999999
140156166167158141119 97 80 73 75 88106126142151151142127112 99 94 9710920 616TJ 236168152815299999999999999 913 7221 8 9499999999999999
127147163172170156133106 81 64 58 65 83107132152162161150132114100 9510020 617TJ 319173162316399999999999999 957 5822 1 9599999999999999
114135156172178171150121 89 62 46 45 58 84115144165174169154133112 98 9520 618TJ 35717817 9174999999999999991035 442246 9599999999999999
104123146168181182167140105 70 43 31 37 58 91127158178183174153129108 9720 619TJ 4321841749184999999999999991112 312326 9599999999999999
 97111133159179189182160125 85 50 26 21 34 6410314217318918917314912310320 620TJ 5 71891828191999999999999991148 20999999999999999999999
 96102120146172189192178148108 66 32 14 16 38 7411715718519618916814111620 621TJ 54119319 619699999999999999 0 4 961224 1399999999999999
100 97109131159183195192170134 90 49 20  9 18 47 8813216919319718516113320 622TJ 617196194519899999999999999 041 9613 2  999999999999999
110 98101117142169190197187159119 75 37 13  9 26 5910214517919619417715120 623TJ 655197202519799999999999999 119 971342  899999999999999
125105 98106125151176192194178147106 64 31 13 16 37 7311615618419518816920 624TJ 73619521 719599999999999999 159 981424 1299999999999999
143118103100110130155177190187168136 97 59 32 20 27 51 8712816318519118120 625TJ 821191215119199999999999999 244 9915 8 2099999999999999
160136114101100111131154174183178159129 94 61 38 31 41 6610113716718418620 626TJ 911183223818799999999999999 334 991555 3199999999999999
175154130110 99 98109127148165174169153126 96 69 50 46 57 8011214316918220 627TJ1011174232918499999999999999 432 971647 4699999999999999
182170149126106 94 92101117137154164163151129104 81 66 62 72 9312014817020 628TJ1124165999999999999999999999 539 921746 6299999999999999
181180167146122100 86 82 89104124143156160154138117 96 81 77 8410212715220 629TJ 023182125216099999999999999 652 821852 7799999999999999
172182180166143117 92 74 68 73 89111134153163162150131111 95 89 9410913120 630TJ 120183142316499999999999999 8 3 6820 5 8999999999999999
155175185182166140110 81 60 51 56 74101130155170173163145123106 9710011420 7 1TJ 217185154217399999999999999 9 7 512116 9699999999999999
136160180189185166136100 67 44 35 42 64 9613116118018417415413111110010320 7 2TJ 31119016481849999999999999910 4 35221910099999999999999
118141166187195187164129 89 53 29 21 32 59 9713717019019418115813211110120 7 3TJ 4 21951742194999999999999991054 21231410199999999999999
105122147174194199187159119 76 39 17 13 29 6210414618019919918315712910820 7 4TJ 4501991830201999999999999991141 12999999999999999999999
100107128155182200201184151107 63 28  9 11 33 7111615818920319817814912220 7 5TJ 535203191320499999999999999 0 21001225  899999999999999
104100111135164189203199177139 95 52 21  9 17 45 8513017019520219216813920 7 6TJ 618204195320399999999999999 045 9913 6  999999999999999
114100101117143171194202193166126 82 44 20 15 30 6110314517919719718115520 7 7TJ 7 0202202919999999999999999 125 991345 1499999999999999
127106 98104124150176194197182151112 72 41 25 27 47 8112115818419418716720 7 8TJ 73919821 419499999999999999 2 4 981422 2399999999999999
141117101 98109130155178190187168137100 67 43 35 44 6810213816818518717520 7 9TJ 819190213818899999999999999 242 971458 3599999999999999
153129109 98100113134157174181173153124 92 66 51 50 64 8912115017218217820 710TJ 859181221218299999999999999 323 971533 4899999999999999
163142120104 97101115134154167169160140115 90 71 63 68 8410813515817317720 711TJ 943170224817799999999999999 4 7 9716 9 6399999999999999
169153133114100 96101114131147157158149133113 94 81 78 8510112214416217120 712TJ1036158232917299999999999999 458 961650 7899999999999999
171162146127109 97 93 97109124138147149143131116103 94 9310011413114816220 713TJ1144149999999999999999999999 559 931739 9399999999999999
168167157141123105 93 87 9010111512914014514313612511410710511012113515020 714TJ 018169131414599999999999999 7 8 87184410599999999999999
162167165155139119 99 85 78 80 9110612413914815014513612511711311612413720 715TJ 115167144715099999999999999 815 7820 511399999999999999
151163169166155136113 90 73 65 68 8110112414315616115614613312211611712520 716TJ 214169155916199999999999999 914 65212111599999999999999
139155168174170155132104 78 59 51 57 7510112915316917316715213612111411520 717TJ 3 817416521739999999999999910 3 51222011399999999999999
126143161176181173154124 91 62 42 38 49 7410714016718318417315413311711020 718TJ 3561811736185999999999999991047 3723 711099999999999999
114129150171186188176149113 75 44 27 27 46 7811815518219519117415012611020 719TJ 4411891815195999999999999991128 25234910699999999999999
106115135160183197194175141100 59 28 15 22 49 8813217119620319316914111720 720TJ 52319818532039999999999999912 9 15999999999999999999999
103103118143172195205197171131 85 43 16  9 24 5710214818520520618916013020 721TJ 6 6205193120899999999999999 0281011249  899999999999999
106 96103123152182204210196163119 71 32 10 10 32 7111916419721020318014820 722TJ 64921020 821099999999999999 1 8 961330  799999999999999
118 97 92103128160189208209189153107 62 28 12 19 47 9013717820420919516820 723TJ 733211204621099999999999999 148 921411 1299999999999999
135106 90 89105132164191206203180143 99 58 31 22 36 6710915318820520318420 724TJ 819207212420799999999999999 231 871453 2299999999999999
154122 97 84 88106133163188199192169134 95 62 42 40 57 8912816519220219420 725TJ 9 919922 320299999999999999 318 841536 3899999999999999
172142112 90 81 86104130157178187180160130 99 73 59 62 8010914317319219620 726TJ10 4187224419699999999999999 4 8 801621 5899999999999999
184161133105 86 78 83 99122147165174170154132108 89 80 8410112515217518820 727TJ1111174233019099999999999999 5 6 781711 8099999999999999
188176154127102 83 74 77 9011113315116216315514012210810110411613515617320 728TJ1236164999999999999999999999 614 74181310099999999999999
183182171150125100 80 69 69 79 9711914015616316115213812511711612413815520 729TJ 026184141716399999999999999 731 67193511699999999999999
170180180170151125 99 76 61 58 66 8410813415516917216515213712612112513620 730TJ 133181154717299999999999999 848 5721 412199999999999999
152169180183174154126 96 69 51 45 54 7510413516217918417716114212711912120 731TJ 243183165318499999999999999 953 45221711999999999999999
133151171185188179156124 90 59 39 35 46 7210714317319119418316214012111320 8 1TJ 3471891742194999999999999991047 34231111299999999999999
116132154177192195183156119 80 48 29 28 45 7711715618620119918215613011120 8 2TJ 4421961822202999999999999991134 26235510599999999999999
105114134161186201200183150109 68 37 23 28 52 8913217119820619717314411720 8 3TJ 5292031857206999999999999991215 22999999999999999999999
101101115141171195207201177139 95 56 30 22 35 6610815118620520518715912820 8 4TJ 611207192920799999999999999 033 991251 2299999999999999
104 94100121151181202208195165124 81 47 28 30 51 8713016919720619717214120 8 5TJ 649209195920699999999999999 1 7 941325 2699999999999999
112 94 91104130161189205204184149108 70 43 34 45 7311115218420220118315420 8 6TJ 726207202620399999999999999 140 901357 3499999999999999
123 99 87 92111139170193202193168132 94 63 46 47 66 9813517019319918916520 8 7TJ 8 1202205320099999999999999 213 871427 4599999999999999
136108 90 85 96119147174191192178151117 86 64 57 67 9012215518119419117420 8 8TJ 837194211919599999999999999 247 851456 5799999999999999
148120 97 85 87102125151173183179162137109 85 73 74 8811314216818518917920 8 9TJ 915183214718999999999999999 323 841525 7199999999999999
159134109 92 85 90106128150166172166149128107 92 87 9310913215517418318020 810TJ 958172221718399999999999999 4 3 851557 8799999999999999
167147124103 90 86 9310812714415716015514212711310410311112614416117317620 811TJ1053160225417699999999999999 451 86163410399999999999999
171157139119101 90 87 9210512013614715215014313312411811912513614916016820 812TJ1212152234417099999999999999 552 87172711899999999999999
170164153136118101 89 84 87 9711112714014915215014413713213013213814715720 813TJ14 3152999999999999999999999 7 8 84185813099999999999999
164166163153138119100 85 76 77 8610112013915316116215714914013413213514320 814TJ 059166153816299999999999999 827 75205113299999999999999
154163169168159141118 95 75 64 63 74 9411914416417517616815514113012612920 815TJ 222170163617699999999999999 932 6222 412699999999999999
140155169178178166144115 85 61 48 49 65 9212515617919018817415513512111720 816TJ 3291791719190999999999999991024 46225311799999999999999
124140161180191189173143107 71 44 32 38 61 9713717219620319417314712310920 817TJ 4231921756203999999999999991110 31233410799999999999999
108121144172194205200176139 95 55 27 20 33 6610915419121121119416513310820 818TJ 5112061831214999999999999991152 19999999999999999999999
 96101122152185209218206174130 81 40 16 15 37 7812717420722121218615011520 819TJ 55621819 622199999999999999 012 961232 1399999999999999
 92 85 98126162197220224206168118 68 31 13 21 51 9714819221922320517113120 820TJ 641226194022499999999999999 050 851312 1399999999999999
 97 78 78 97131171206226224199157107 61 30 21 36 7212116920722421719115220 821TJ 726228201422499999999999999 129 751352 2199999999999999
112 81 68 75100136176208223216188146100 61 39 38 60 9814418621422020517320 822TJ 811223204722199999999999999 210 681431 3699999999999999
133 96 71 63 75103139176202212202175137 99 70 56 63 8712416319621221018820 823TJ 9 0212212121499999999999999 253 631510 5699999999999999
155118 86 67 64 78104138169190197187164134105 85 80 9011314417519720419520 824TJ 953197215720499999999999999 340 631551 8099999999999999
173141109 83 68 67 8010313115717418017315713711810510411413315617719119320 825TJ1056180223819399999999999999 433 66163710399999999999999
182161134107 85 72 71 80 9812014215816616515814613412612413114315917218120 826TJ1225167233318299999999999999 538 70173912499999999999999
181173156135112 91 78 73 77 8910712714515816516415814914113713814315316320 827TJ1424165999999999999999999999 7 2 73192213799999999999999
172175170159141119 97 80 70 69 78 9511714015917217517116114913913413614420 828TJ 057175155717599999999999999 834 68211613499999999999999
155167175175166149125100 77 63 59 68 8811514316718318718016514813212412520 829TJ 233176165118799999999999999 947 59222312499999999999999
135151169181184176155127 96 69 53 50 63 8812115418119519518216113711911120 830TJ 3471851730197999999999999991040 4923 811199999999999999
116132154177192194182156122 87 58 43 46 65 9713517119620519717614812110420 831TJ 44119518 2205999999999999991123 42234310099999999999999
101112136164189203202183150111 74 47 38 48 7611415518820720719016112910320 9 1TJ 5242051830210999999999999991158 38999999999999999999999
 91 95115145177202211202176137 95 61 41 41 60 9513717620321220117514010820 9 2TJ 6 2211185621299999999999999 014 901230 3899999999999999
 87 83 97125159191211213195162120 80 52 42 52 8112016119421120818715311820 9 3TJ 636215192121299999999999999 044 8313 0 4299999999999999
 90 77 82105138173201214207182144103 70 51 52 7210614618320621019616613020 9 4TJ 7 9214194421199999999999999 112 761327 4999999999999999
 97 76 73 87116152185206210194164126 91 66 59 70 9713317019720820117714320 9 5TJ 74221120 620899999999999999 141 721354 5999999999999999
108 82 70 75 97129163190203199178146112 85 71 74 9312315718620220218515620 9 6TJ 815204202920499999999999999 211 691420 7099999999999999
122 92 73 70 83108140169189194184161132105 88 84 9411714617319319818916620 9 7TJ 849195205219899999999999999 242 691446 8399999999999999
136106 83 72 75 92117146169182182169148125107 9810111613716118119018817320 9 8TJ 928184211719199999999999999 316 711514 9899999999999999
149122 98 81 76 8310012214616317116915714112611511311913315116817918217520 9 9TJ1015171214618299999999999999 356 76154611299999999999999
159138115 96 84 82 8810312114015316015915214313412812813414415616617217120 910TJ1122160222617399999999999999 447 81162912799999999999999
164151134116100 89 85 89 9911413014315215615515114614214014214615315916320 911TJ1317157234216499999999999999 6 0 8518 014099999999999999
164160151138122105 92 84 83 9010311913715116216616415915214514114014415020 912TJ1514166999999999999999999999 737 82203614099999999999999
158164165160147129109 89 75 70 76 9011213715817418117816815414113112813320 913TJ 144165161318199999999999999 9 0 70215212899999999999999
144159171177174159136107 80 61 54 62 8211214517319119618817014812811511420 914TJ 310177165219699999999999999 959 54223611399999999999999
125144167186195189169137100 67 44 39 52 82121160192208207190163132108 9720 915TJ 4101951726210999999999999991047 392314 9699999999999999
101120149180204213203174133 89 51 30 30 52 91137181211222211183146110 8620 916TJ 4592131759222999999999999991130 272350 7999999999999999
 79 92121159196221227210173125 77 40 23 32 63109159202226227205167123 8620 917TJ 5462271832230999999999999991210 23999999999999999999999
 66 66 89126171210233233209166115 67 35 27 44 83133182219233222190144 9920 918TJ 63123619 423399999999999999 028 631249 2799999999999999
 65 51 60 90134181218237231202156106 64 41 42 6610915820122823020916812120 919TJ 716238193623399999999999999 1 6 501328 3899999999999999
 77 49 43 60 95141186219231220189146102 70 56 65 9413617921222721918914620 920TJ 8 223120 822799999999999999 146 4214 6 5699999999999999
100 63 43 44 65102145185211218204175139105 83 79 9312115819221421720116820 921TJ 849218204021899999999999999 227 411444 7899999999999999
127 88 59 45 51 7310714517719720018816413711410210311814317119420520118120 922TJ 942201211420699999999999999 312 45152410099999999999999
151116 85 63 55 62 8110913916417918217415914212812212513715517318719118420 923TJ1046182215319199999999999999 4 2 55161012199999999999999
166142115 91 74 67 72 8610612814816216816716015114313813914615616617417620 924TJ1219169224817699999999999999 5 5 67172013899999999999999
170158141121102 87 78 78 85 9911613515116216816816215514814414314715315920 925TJ1425168999999999999999999999 634 77193614399999999999999
164164159148132114 97 84 78 80 9010712714816517517717216114813813213313920 926TJ 035165154517899999999999999 817 77212513299999999999999
149160167167160144123101 83 72 72 8310312915417518618617615813912411611820 927TJ 234168162918899999999999999 932 71221611699999999999999
130147164176179171151125 98 76 64 66 8110713916818919619017114612210610120 928TJ 34617917 2196999999999999991023 63225210199999999999999
109128152175189190177152119 88 66 57 65 88121156185201201185158127102 8820 929TJ 43519217292039999999999999911 2 572322 8799999999999999
 90107135165190202197176144107 76 57 56 72103141176201208197171137104 8220 930TJ 5142021754209999999999999991134 542350 7599999999999999
 76 87114148181203209196168130 93 65 55 63 89125164195211207184149112 812010 1TJ 54920918172129999999999999912 4 55999999999999999999999
 66 71 93127165196213210188153114 80 61 61 79112151186209212195163123 872010 2TJ 621214184021399999999999999 017 661231 5899999999999999
 63 59 74105144181207215202173135 99 73 64 75102138175202213203175137 972010 3TJ 65321519 121399999999999999 044 581257 6499999999999999
 67 53 59 84121160193211209189156120 90 74 76 961271621932092071861511112010 4TJ 724213192321099999999999999 111 531323 7399999999999999
 76 54 51 67 98137173199207197172139109 88 83 941191501812012061921631262010 5TJ 756207194520699999999999999 139 501349 8399999999999999
 90 63 51 57 80114150180197197182156128105 94 981151401681902001941731412010 6TJ 83019920 820099999999999999 2 9 511415 9499999999999999
107 77 58 55 68 941261571801891841671441231091061151341561771901901771542010 7TJ 9 7189203219299999999999999 241 55144310699999999999999
124 95 73 62 65 801051321571731771701561391251181211311471641771821771622010 8TJ 95117721 018299999999999999 318 61151611899999999999999
139115 92 76 70 74 891091321511631661621521421341311341421521631701701642010 9TJ1054166213817199999999999999 4 4 7016 113199999999999999
151134114 96 83 78 80 91106124141153160161157151145141141143148154159160201010TJ1237161225416099999999999999 511 78174014199999999999999
157150137122106 91 82 80 85 97114132149161167168163155146139136137141148201011TJ1432168999999999999999999999 649 80201913699999999999999
155159157149135116 96 81 72 73 85104128152170181181173158142128120120128201012TJ 116159153318299999999999999 822 71212811999999999999999
142158169173166148123 96 73 60 60 75101133163186196192176152127107 98103201013TJ 252173161319799999999999999 928 582211 9899999999999999
119143168186192183159126 90 62 47 51 72106145181204210197170136104 82 76201014TJ 3551931648210999999999999991019 462249 7699999999999999
 88115150183206211197165123 82 51 39 49 78120165201220217193155112 76 56201015TJ 44721217222229999999999999911 3 392326 5499999999999999
 58 80117161199223224203164117 74 45 39 57 94141187219229214179131 84 50201016TJ 5342271754229999999999999991145 39999999999999999999999
 36 46 78124173213233229202158110 70 48 50 75117165206230228202157105 59201017TJ 621235182723299999999999999 0 5 361225 4599999999999999
 29 23 43 82133183220235226194150105 72 59 68 99141185218231218183133 82201018TJ 7 723519 023199999999999999 044 2213 5 5899999999999999
 40 19 21 47 90141187219228214182142105 81 76 92123163199221222200160112201019TJ 753228193322499999999999999 124 171344 7599999999999999
 66 32 19 28 57100146186210214199170138110 95 97115144176202213206179140201020TJ 84221520 621499999999999999 2 6 191423 9499999999999999
 97 59 35 28 41 69107146177195196183161137119111117133157180196199186161201021TJ 934198204219999999999999999 250 2815 611199999999999999
127 92 63 46 43 56 80111141165179180171157141130126131143159174182181169201022TJ1037181212318399999999999999 339 43155612699999999999999
148122 96 74 62 60 69 87110133152165169166158148140136137143152160165164201023TJ12 3169222216699999999999999 438 59171613699999999999999
157143125106 89 78 74 78 89106125142156165167163155146138134134138144150201024TJ1349167999999999999999999999 559 74192913499999999999999
154153146134119103 89 81 80 87101119139156168173169159145132123119122130201025TJ 01715415 217399999999999999 738 8021 211999999999999999
141151156155146130112 94 82 78 83 98119143163177180172157136118105102108201026TJ 217157154718099999999999999 856 78215010299999999999999
123140157166166156137114 92 77 73 82101127154176187185170146120 98 86 88201027TJ 330167162018899999999999999 950 732225 8599999999999999
101123148168178176161136109 85 71 71 85111141170189194183159128 98 77 70201028TJ 4191791648194999999999999991030 702255 7099999999999999
 79102132161182190181159130 99 77 68 75 96127160187199194172139103 74 58201029TJ 45919017131999999999999999911 4 682323 5799999999999999
 60 79111146177195196180152118 89 71 70 86114148180199202185153114 77 53201030TJ 5341981737203999999999999991134 692351 4699999999999999
 46 59 88126164192203196172139106 81 71 79103136170195205195167128 87 54201031TJ 6 720318 02059999999999999912 3 71999999999999999999999
 38 42 65102144180202205189160125 96 78 78 95124158187204202180144101 632011 1TJ 639206182320599999999999999 018 371231 7699999999999999
 37 32 47 79120161192205199177145113 90 82 91114146176198203189159118 772011 2TJ 711205184720499999999999999 046 311258 8299999999999999
 45 30 35 58 96137174197201188162131105 91 92108134164188200194171135 952011 3TJ 744202191120099999999999999 115 291326 9099999999999999
 59 36 31 44 74112151180195191174148122104 981061251511751911931791501142011 4TJ 819195193719499999999999999 146 301355 9899999999999999
 78 50 36 39 58 891251581801871791601381191081081201391611781861801611322011 5TJ 85718720 518699999999999999 219 35142710699999999999999
 99 69 49 42 50 711011321581741761681521341211161191311471631741751661462011 6TJ 942177203917699999999999999 257 4215 511699999999999999
120 93 69 55 52 61 811061331541661681611491371271241271361471581641631542011 7TJ1041168212416599999999999999 344 5116 012499999999999999
138117 95 76 64 61 68 841061281471591631611531431341291281321391461521542011 8TJ12 4163224615499999999999999 446 61173812899999999999999
149138122104 86 72 67 70 821001221421581661671601501371271201191241321422011 9TJ1334167999999999999999999999 610 66194011999999999999999
150152147135117 97 79 68 66 76 94118143163175177169153133115103100106119201110TJ 051152144017899999999999999 738 65205210099999999999999
137153163162151131105 81 65 60 70 91120150175188187173148120 95 79 77 88201111TJ 229164152619099999999999999 849 602140 7699999999999999
110137163179181167142110 80 60 55 68 94129164190201194170135 98 68 52 55201112TJ 33818216 620199999999999999 946 552223 5199999999999999
 74107144177196197180148111 77 57 55 72105145182206210193159115 72 40 28201113TJ 4341991642211999999999999991035 5323 4 2899999999999999
 38 67109154191211209186150109 75 57 61 84122164199217212185141 90 45 17201114TJ 5252131718218999999999999991121 562344 1099999999999999
 11 29 67116165203220213186147106 75 63 73101141181211220206169119 66 24201115TJ 61322017542219999999999999912 4 63999999999999999999999
  1  3 29 73125174209221210180141104 80 74 89120159195216216192150 98 48201116TJ 7 1221183021999999999999999 026 -11246 7499999999999999
 11 -4  5 36 83134179208215200171135105 87 88107137172200213204175131 81201117TJ 74921519 621399999999999999 1 8 -51328 8599999999999999
 37  8  0 15 48 93140178200203187160131108 97102122150178198202187156115201118TJ 837204194420299999999999999 151  01410 9799999999999999
 71 36 15 13 31 63103143173189188174152129112107114132155175188186169140201119TJ 927191202418999999999999999 235 12145510799999999999999
105 70 42 28 31 48 76110142165176175163146129118115121135152166173169154201120TJ102217721 917399999999999999 322 27154811599999999999999
130101 75 55 45 49 63 87113138157166165157144131122119122131142152157154201121TJ112616722 815799999999999999 414 45165911999999999999999
143125104 84 69 62 64 75 93114134150159161155145133123116116120128137143201122TJ1241161233814499999999999999 517 61183611599999999999999
144138127112 96 82 74 74 82 96114133149159162157146132118108104106114124201123TJ1352162999999999999999999999 633 7320 710499999999999999
134140140133121106 92 82 79 84 97115135152163166159144125107 93 88 91102201124TJ 129141144616699999999999999 752 7921 7 8899999999999999
118133144148143130113 97 85 80 85100120142160170170158137112 90 75 71 79201125TJ 255148152617299999999999999 857 802149 7199999999999999
 96118139153158151136116 96 83 80 88105129153171177170151123 93 69 56 58201126TJ 35415816 017799999999999999 948 802224 5599999999999999
 73 97126150166168157137113 92 80 81 93116143166181181165137103 70 48 41201127TJ 4401681630183999999999999991029 792256 4199999999999999
 50 74106139165177174158133107 87 79 85104130158179187178153117 79 47 30201128TJ 51917816581879999999999999911 5 792326 2899999999999999
 31 50 83121155178185176153125 99 83 81 94118147173189187168134 93 55 28201129TJ 5541861725190999999999999991138 802357 1999999999999999
 19 30 58 97138171188188171144115 92 82 88107135164185192180151111 69 34201130TJ 6291901753192999999999999991210 82999999999999999999999
 15 15 36 72115154182192184162133106 89 86 98122151177191188167131 88 482012 1TJ 7 3192182119299999999999999 028 121241 8599999999999999
 19  9 20 48 89131167187190175150122100 89 94111137164184190178150110 682012 2TJ 737191185119099999999999999 1 0  91312 8999999999999999
 33 13 12 30 64105145174187182164138114 97 94103124149172185182164131 922012 3TJ 814187192218699999999999999 134 101346 9399999999999999
 54 26 14 20 43 79118153175182172153129109 991001131341561731791711481162012 4TJ 853182195717999999999999999 210 131423 9899999999999999
 79 47 26 20 31 57 921271561731741631441241091021071201381561681701581362012 5TJ 937175203817099999999999999 250 2015 610299999999999999
105 74 47 31 30 43 691001321561681681571401231101051091201351501591591482012 6TJ1028169213016099999999999999 335 2916 310599999999999999
128102 75 53 41 41 54 771051321531641641551401241111051061141261381471492012 7TJ1128166224415099999999999999 429 39172110499999999999999
142127106 83 64 52 51 61 81107132153164165156141124108 98 951001111251372012 8TJ1235166999999999999999999999 535 501850 9599999999999999
144143134117 96 76 62 59 66 84108134155167169160142120 99 83 77 81 931122012 9TJ 024145133817099999999999999 650 5820 8 7799999999999999
131145151146131110 88 71 64 69 86111138161175176163140111 83 63 54 59 77201210TJ 2 2151143317799999999999999 8 5 6421 7 5499999999999999
102129151163161146123 97 77 67 72 89116146171184182164133 97 63 39 31 40201211TJ 321164152218599999999999999 912 672158 3199999999999999
 64 98133162177176159132103 80 70 75 95125157182193185160121 78 40 16 11201212TJ 42517916 6193999999999999991010 692245 1099999999999999
 26 57 99141174190187167137105 81 72 80104137170193199184151106 58 19 -3201213TJ 52119116481999999999999999911 2 722330 -699999999999999
 -3 19 58105151184199193169136104 82 76 88115149181200200178139 89 40  3201214TJ 6121991730203999999999999991149 76999999999999999999999
-15 -9 20 64114160191202192165132101 83 81 98127160189202196168124 73 26201215TJ 7 0202181120399999999999999 015-151235 8099999999999999
 -6-17 -5 28 75125167193199185157125 98 85 88107137168192199186154109 60201216TJ 745199185219999999999999999 058-171318 8499999999999999
 18 -7-11  6 42 88135171190190173146117 96 88 95116144171189190172138 95201217TJ 829193193419299999999999999 141-1314 1 8899999999999999
 52 17  0  2 23 59102142171183179160135111 94 91101122147169180176156123201218TJ 912184201618199999999999999 224 -21444 9199999999999999
 85 49 23 12 20 43 77114147168174166148126106 94 94105124145161168160141201219TJ 95517421 016899999999999999 3 5 121531 9399999999999999
112 80 52 33 29 40 62 92123148162164155138119103 95 96106121137149153145201220TJ1039165214915399999999999999 347 291624 9499999999999999
128104 80 59 47 47 58 79104128147157156147132115101 94 94101113126136139201221TJ1126158225113999999999999999 431 461729 9399999999999999
133120103 85 70 62 64 74 91112131146153151143128112 98 89 87 92102114124201222TJ1220153999999999999999999999 521 621845 8799999999999999
129127119107 93 82 76 77 85 99116132145151150141126108 92 80 76 80 90103201223TJ 016129131815299999999999999 623 7520 1 7699999999999999
116125128124115104 93 86 85 91103119134147153151140122101 81 67 62 67 79201224TJ 157128141415399999999999999 737 8421 1 6299999999999999
 96114128135133125113100 91 89 94105122139152157152137114 89 66 51 47 55201225TJ 32113515 215799999999999999 851 882148 4799999999999999
 73 96119137145144134119103 92 89 95109128146159162152131102 72 48 34 34201226TJ 420146154416299999999999999 951 892228 3299999999999999
 49 74103130150157153138119101 90 88 97115136156167165148120 86 53 29 19201227TJ 5 61571622168999999999999991039 8723 5 1999999999999999
 26 48 81115145163167157138115 96 86 89102124148166173164140105 66 33 12201228TJ 5451671657173999999999999991119 862340  899999999999999
  9 24 55 93131160174172156132107 90 84 92111136160176176159127 86 46 15201229TJ 6221751731178999999999999991156 84999999999999999999999
  0  5 29 67109147172180171149122 98 85 85 98122149172181174149111 67 27201230TJ 65718018 618199999999999999 014 -11230 8399999999999999
  1 -6  8 40 82126160180180165139112 91 83 89108135161179182167135 93 49201231TJ 732182184118399999999999999 050 -613 4 8399999999999999
