 18 19 20 22 23 24 24 22 18 14 11  7  5  5  5  7 11 14 16 18 19 19 18 1720 1 1TY 5 3 242012 199999999999999913 3  5999999999999999999999
 17 17 17 18 20 21 21 20 18 15 12 10  7  6  6  7  9 12 15 17 18 18 18 1720 1 2TY 544 212048 1899999999999999 013 171334  699999999999999
 16 15 15 15 16 17 17 17 17 15 13 11 10  8  8  8 10 12 14 16 18 18 18 1720 1 3TY 640 172113 1899999999999999 216 1514 0  899999999999999
 16 15 13 13 12 13 14 14 15 15 14 13 12 11 10 10 11 12 14 16 18 19 19 1820 1 4TY 816 152136 1999999999999999 350 121422 1099999999999999
 17 15 13 11 10 10 10 11 12 13 14 14 13 13 13 12 13 14 15 17 19 20 20 2020 1 5TY1047 1422 0 2099999999999999 5 4 101444 1299999999999999
 18 16 13 11  9  7  7  7  9 11 13 14 15 15 15 15 15 15 16 17 19 21 22 2220 1 6TY2230 22999999999999999999999 556  7999999999999999999999
 21 18 15 12  9  6  4  4  5  8 11 13 15 17 17 17 17 17 17 18 20 22 23 2420 1 7TY23 6 24999999999999999999999 639  4999999999999999999999
 23 21 18 14 10  6  3  2  2  4  7 11 15 17 19 19 19 18 18 19 20 22 24 2520 1 8TY2348 26999999999999999999999 721  1999999999999999999999
 26 25 22 18 13  8  3  0 -1  0  3  8 12 16 19 20 20 20 19 19 20 21 23 2620 1 9TY1538 20999999999999999999999 8 3 -11843 1999999999999999
 27 27 26 22 17 11  5  1 -2 -3 -1  3  9 14 18 20 21 21 20 19 19 20 22 2420 110TY 034 281611 2199999999999999 847 -31931 1999999999999999
 27 29 29 26 22 16  9  3 -2 -5 -5 -2  3  9 15 19 21 21 20 19 18 19 20 2220 111TY 122 291646 2199999999999999 932 -52016 1899999999999999
 25 28 30 29 26 21 14  7  0 -4 -6 -5 -2  4 10 16 19 20 20 19 18 17 17 1920 112TY 211 301722 20999999999999991018 -621 2 1799999999999999
 21 25 28 30 28 25 19 12  5 -1 -5 -7 -5 -1  5 11 16 19 19 19 17 16 15 1620 113TY 3 0 301758 199999999999999911 4 -72155 1599999999999999
 17 20 24 27 28 27 23 17 10  3 -2 -5 -6 -4  1  7 12 16 18 18 17 15 14 1320 114TY 352 281835 18999999999999991150 -623 4 1399999999999999
 14 15 19 22 25 26 24 21 15  9  3 -1 -4 -4 -1  4  9 13 16 18 17 15 13 1220 115TY 447 261910 18999999999999991235 -4999999999999999999999
 11 11 13 16 19 22 22 21 18 13  8  4  1 -1  0  3  7 11 15 17 17 16 14 1220 116TY 549 221946 1799999999999999 023 111318 -199999999999999
 10  9  9 10 13 15 18 18 18 15 12  9  6  4  3  4  7 10 14 16 18 17 16 1320 117TY 7 4 182021 1899999999999999 141  914 0  399999999999999
 11  8  7  6  7  9 11 13 15 15 14 12 10  8  7  7  8 11 14 16 18 19 18 1620 118TY 840 152057 1999999999999999 3 0  61438  799999999999999
 13 10  7  5  3  3  5  7 10 12 13 13 13 12 11 11 11 12 14 16 19 20 20 1920 119TY1047 132138 2099999999999999 423  31513 1199999999999999
 16 13  9  6  3  1  0  2  4  7 10 12 14 14 14 14 14 14 15 17 19 21 22 2220 120TY2223 22999999999999999999999 542  0999999999999999999999
 20 17 13  9  4  1 -1 -2 -1  2  6 10 13 15 16 16 16 16 17 17 19 20 22 2320 121TY2313 23999999999999999999999 647 -2999999999999999999999
 23 21 17 13  8  3 -1 -3 -4 -2  2  6 11 14 16 17 17 17 17 17 18 20 22 2420 122TY9999999999999999999999999999 741 -4999999999999999999999
 24 24 21 17 12  7  1 -2 -5 -4 -2  2  7 12 15 17 18 18 17 17 17 18 20 2220 123TY 0 4 241617 1899999999999999 828 -51852 1799999999999999
 25 25 24 21 16 11  5  0 -4 -5 -4 -1  4  9 13 16 17 18 17 16 16 17 18 2020 124TY 053 251634 1899999999999999 910 -51936 1699999999999999
 23 25 25 24 20 15  9  3 -2 -5 -6 -4  0  6 11 14 16 17 16 15 15 15 16 1720 125TY 139 251654 1799999999999999 949 -62015 1599999999999999
 20 23 25 25 22 18 12  6  0 -3 -5 -5 -2  3  8 12 15 16 16 15 13 13 13 1520 126TY 221 251718 16999999999999991025 -62055 1399999999999999
 17 20 23 24 23 20 15  9  3 -1 -4 -5 -4  0  5 10 13 15 15 14 12 11 11 1220 127TY 3 1 241742 15999999999999991058 -52136 1199999999999999
 14 16 19 21 22 20 17 12  6  1 -3 -4 -4 -2  2  7 11 13 14 14 12 10 10 1020 128TY 338 2218 7 14999999999999991127 -52222 1099999999999999
 11 12 15 18 19 19 17 13  8  3 -1 -3 -3 -2  1  5  9 12 13 13 12 10  9  820 129TY 415 191830 13999999999999991153 -32317  899999999999999
  8  9 11 14 16 16 15 13  9  5  2 -1 -2 -1  1  4  8 11 12 13 12 10  8  720 130TY 452 161852 13999999999999991214 -2999999999999999999999
  7  7  8 10 12 13 13 12 10  7  4  2  1  1  2  4  7 10 12 13 13 11  9  720 131TY 533 131911 1399999999999999 021  71230  099999999999999
  6  5  5  6  8  9 10 10  9  8  5  4  3  3  4  5  8 10 12 13 13 12 10  820 2 1TY 627 101931 1499999999999999 128  51236  399999999999999
  6  5  4  4  4  6  7  8  8  7  7  6  5  5  6  7  9 11 13 14 14 14 12 1020 2 2TY 755  81954 1499999999999999 239  41229  599999999999999
  8  5  3  2  2  2  3  5  6  7  7  7  7  7  8  9 10 12 13 15 16 16 14 1320 2 3TY2025 16999999999999999999999 356  2999999999999999999999
 10  7  4  2  0  0  0  1  3  5  7  8  9  9 10 11 12 13 14 15 16 17 17 1520 2 4TY2111 17999999999999999999999 5 9  0999999999999999999999
 13 10  6  3  0 -2 -3 -2 -1  2  5  7  9 11 12 12 13 13 14 15 17 18 18 1820 2 5TY2211 18999999999999999999999 6 9 -3999999999999999999999
 16 13 10  6  1 -2 -5 -5 -4 -2  2  5  9 11 13 13 14 14 14 15 16 17 19 2020 2 6TY2316 20999999999999999999999 7 0 -5999999999999999999999
 20 18 14  9  4 -1 -5 -7 -8 -6 -3  2  7 10 13 14 14 14 14 14 14 16 18 2020 2 7TY1548 14999999999999999999999 747 -81824 1499999999999999
 22 21 19 14  9  3 -3 -7-10-10 -7 -3  3  8 12 14 14 14 13 12 12 13 15 1820 2 8TY 018 221559 1499999999999999 834-101924 1299999999999999
 21 23 22 19 14  8  1 -5-10-12-11 -8 -2  4  9 13 14 14 12 11 10 10 12 1420 2 9TY 114 231620 1499999999999999 920-122016 1099999999999999
 18 22 24 23 19 14  7 -1 -7-11-13-11 -7  0  6 11 13 14 12 10  8  7  8  920 210TY 2 9 241646 149999999999999910 5-132111  799999999999999
 13 18 22 23 22 19 13  5 -2 -8-11-12-10 -4  3  8 12 13 13 10  7  5  5  520 211TY 3 3 231714 13999999999999991048-122212  599999999999999
  7 11 17 21 22 21 17 11  4 -3 -7-10-10 -6  0  6 10 13 13 11  8  5  3  220 212TY 359 221743 13999999999999991130-102317  299999999999999
  2  5  9 14 18 19 18 14  9  3 -2 -5 -7 -6 -2  4  9 12 13 13 10  6  3  120 213TY 459 191813 14999999999999991210 -7999999999999999999999
  0  0  2  7 11 14 15 14 12  7  3  0 -2 -2 -1  3  8 12 14 14 12  9  5  220 214TY 6 6 151843 1499999999999999 022 -11246 -299999999999999
 -1 -2 -2  0  4  7 10 11 11  9  7  5  3  2  3  5  8 11 14 15 14 12  9  520 215TY 725 111916 1599999999999999 128 -21317  299999999999999
  2 -1 -3 -3 -2  1  4  6  8  9  8  7  7  6  6  7  9 11 14 15 16 15 12  920 216TY 9 6  91952 1699999999999999 239 -41328  699999999999999
  5  2 -1 -4 -5 -4 -2  0  3  5  7  8  9  9  9 10 11 12 14 15 16 16 15 1320 217TY2038 16999999999999999999999 4 2 -5999999999999999999999
  9  6  2 -1 -4 -6 -6 -4 -2  1  4  7  9 10 11 12 12 13 13 14 16 16 17 1620 218TY2139 17999999999999999999999 528 -6999999999999999999999
 13 10  6  2 -2 -5 -7 -7 -5 -3  1  5  8 10 11 12 13 13 13 14 14 16 17 1720 219TY2249 17999999999999999999999 639 -7999999999999999999999
 16 14 11  6  2 -2 -6 -8 -8 -6 -2  2  6  9 11 12 13 12 12 12 13 14 16 1720 220TY2352 18999999999999999999999 733 -8999999999999999999999
 18 17 14 10  6  1 -3 -7 -8 -8 -5 -1  4  7 10 12 12 12 11 11 11 12 13 1620 221TY1554 12999999999999999999999 817 -81911 1199999999999999
 17 18 17 14 10  4 -1 -5 -8 -9 -7 -4  1  6  9 11 12 11 10  9  9  9 11 1320 222TY 046 181559 1299999999999999 855 -91950  999999999999999
 16 18 18 16 13  8  2 -3 -7 -9 -9 -6 -2  3  7 10 11 11  9  7  7  7  8 1020 223TY 133 181611 1199999999999999 929 -92027  799999999999999
 13 16 17 17 15 11  5  0 -5 -8 -9 -7 -4  1  6  9 10 10  9  7  5  4  5  620 224TY 215 171627 1199999999999999 959 -921 5  499999999999999
  9 13 16 16 15 12  8  2 -3 -6 -8 -8 -5 -1  4  8 10 10  9  6  4  3  2  320 225TY 255 161645 10999999999999991026 -82146  299999999999999
  5  9 12 15 15 13 10  5  0 -4 -6 -7 -6 -2  3  7  9 10  9  7  4  2  1  120 226TY 334 1517 2 10999999999999991050 -72228  199999999999999
  2  5  9 12 13 12 10  7  2 -2 -4 -5 -5 -2  2  6  9 10 10  8  5  2  0 -120 227TY 413 131718 10999999999999991110 -52314 -199999999999999
  0  1  5  8 10 11 10  8  4  1 -2 -3 -3 -1  2  6  9 10 10  9  6  3  0 -120 228TY 454 111733 10999999999999991124 -3999999999999999999999
 -2 -1  1  4  7  8  8  7  5  3  1 -1 -1  1  3  6  9 11 11 10  8  5  1 -120 229TY 542  91747 1199999999999999 0 1 -21129 -199999999999999
 -2 -3 -2  0  3  5  6  6  6  4  3  2  2  3  4  7  9 11 12 11 10  7  4  120 3 1TY 644  618 3 1299999999999999 052 -31124  299999999999999
 -2 -3 -3 -2 -1  2  3  4  5  5  4  4  4  5  6  8 10 12 13 13 11  9  6  320 3 2TY 812  51827 1399999999999999 148 -311 8  499999999999999
  0 -2 -4 -4 -3 -2  0  2  3  4  5  5  6  7  8  9 10 12 13 13 13 12  9  620 3 3TY19 1 13999999999999999999999 254 -4999999999999999999999
  3  0 -3 -4 -5 -5 -4 -2  0  3  5  6  7  8  9 10 11 12 13 14 14 13 12 1020 3 4TY1957 14999999999999999999999 413 -5999999999999999999999
  7  3  0 -3 -6 -7 -7 -6 -3  0  3  5  7  9 10 10 11 11 12 13 14 14 14 1320 3 5TY2126 14999999999999999999999 529 -7999999999999999999999
 11  7  3 -1 -4 -7 -9 -9 -7 -4  0  4  7  9 10 11 11 11 11 11 12 13 15 1520 3 6TY2257 15999999999999999999999 631 -9999999999999999999999
 15 12  8  4 -1 -6 -9-11-11 -9 -4  0  5  8 10 11 10  9  9  9  9 11 13 1620 3 7TY15 4 11999999999999999999999 724-111836  999999999999999
 17 16 13  9  4 -2 -7-11-13-12 -9 -3  2  7  9 10 10  9  7  6  6  7 10 1320 3 8TY 0 9 171511 1099999999999999 812-131931  699999999999999
 17 18 18 15 10  3 -3 -9-12-13-12 -7 -1  5  9 10 10  9  6  4  2  3  4  820 3 9TY 111 181529 1199999999999999 858-132024  299999999999999
 13 17 19 18 15 10  3 -4 -9-12-13-10 -4  2  7 10 11 10  6  3  0 -1 -1  220 310TY 210 191551 1199999999999999 942-132119 -199999999999999
  6 12 17 19 18 15  9  2 -4 -8-10-10 -6  0  6 10 12 11  8  4  0 -3 -5 -420 311TY 310 191616 12999999999999991023-112216 -599999999999999
 -1  5 11 16 17 17 13  8  2 -3 -6 -7 -6 -1  5 10 12 13 11  7  2 -3 -6 -720 312TY 413 171643 139999999999999911 2 -72314 -799999999999999
 -6 -3  3  9 13 15 14 12  7  3 -1 -3 -3 -1  4  9 13 14 13 10  5  0 -4 -720 313TY 519 151711 14999999999999991139 -3999999999999999999999
 -9 -8 -4  1  6 10 12 12 10  7  4  2  2  2  5  9 12 15 15 13 10  5  0 -520 314TY 629 121741 1599999999999999 011 -91210  299999999999999
 -7 -9 -8 -5  0  4  7  9  9  8  7  6  6  6  7  9 12 14 15 15 13  9  4  020 315TY 747  91813 1599999999999999 110 -91228  699999999999999
 -4 -7 -8 -8 -6 -2  1  4  6  7  8  8  8  9  9 10 12 14 15 15 14 12  9  520 316TY1849 15999999999999999999999 216 -8999999999999999999999
  1 -3 -6 -7 -8 -6 -4 -1  2  5  7  8  9 10 11 11 12 13 14 14 14 14 12  920 317TY1937 15999999999999999999999 334 -8999999999999999999999
  6  2 -2 -5 -7 -7 -7 -5 -2  1  4  7  9 10 11 12 12 12 12 13 13 14 13 1220 318TY2056 14999999999999999999999 5 2 -7999999999999999999999
  9  6  3 -1 -4 -6 -7 -7 -5 -2  2  5  8 10 11 11 11 11 11 11 11 12 13 1320 319TY1518 112230 1399999999999999 614 -71811 1199999999999999
 12 10  7  3 -1 -4 -6 -7 -7 -4 -1  3  6  9 10 10 10  9  9  9  9 10 11 1320 320TY1459 102345 1399999999999999 7 8 -719 3  999999999999999
 13 12 10  7  3 -1 -5 -7 -7 -6 -3  1  5  8  9 10  9  8  7  6  6  7  9 1120 321TY1454 10999999999999999999999 750 -71935  699999999999999
 13 13 12  9  6  1 -3 -6 -7 -7 -5 -1  3  7  9 10  9  7  5  4  4  4  6  920 322TY 042 131459 1099999999999999 825 -720 4  499999999999999
 11 13 13 11  8  4  0 -4 -6 -7 -6 -2  2  6  9  9  9  7  5  3  1  1  3  520 323TY 130 1315 9 1099999999999999 855 -72034  199999999999999
  9 12 13 13 11  7  2 -2 -5 -6 -6 -3  1  5  8 10  9  8  5  2  0 -1  0  220 324TY 214 131522 1099999999999999 921 -621 7 -199999999999999
  5  9 12 13 12  9  5  1 -2 -4 -5 -3  0  5  8 10 10  9  6  2 -1 -3 -3 -220 325TY 257 131536 1099999999999999 944 -52142 -399999999999999
  2  6 10 12 12 11  8  4  0 -2 -3 -2  0  4  8 11 11 10  7  3 -1 -3 -4 -420 326TY 340 121549 119999999999999910 5 -32219 -599999999999999
 -2  2  6 10 11 11  9  6  3  0 -1  0  1  5  8 11 12 11  9  5  1 -3 -5 -620 327TY 424 1116 3 12999999999999991021 -12258 -699999999999999
 -5 -2  3  7  9 10 10  8  5  3  2  2  3  5  9 12 13 13 11  8  3 -1 -4 -620 328TY 512 101618 13999999999999991030  22338 -699999999999999
 -6 -4 -1  3  7  8  9  9  7  5  4  4  5  6  9 12 14 14 13 10  6  1 -2 -520 329TY 6 5  91635 14999999999999991030  4999999999999999999999
 -6 -6 -4  0  3  6  7  8  8  7  6  6  7  8 10 12 14 15 14 12  9  5  0 -320 330TY 7 8  81656 1599999999999999 023 -61024  699999999999999
 -5 -6 -6 -3  0  2  5  7  7  8  7  8  8  9 11 12 14 15 15 14 11  8  4  020 331TY1721 15999999999999999999999 113 -6999999999999999999999
 -3 -5 -6 -6 -4 -1  1  4  6  7  8  9  9 10 11 12 14 15 15 14 13 11  7  420 4 1TY1756 15999999999999999999999 212 -6999999999999999999999
  0 -3 -5 -6 -6 -5 -3  0  3  6  7  9 10 11 12 12 13 13 14 14 14 13 11  820 4 2TY19 1 14999999999999999999999 325 -6999999999999999999999
  4  1 -2 -5 -7 -7 -6 -4 -1  3  6  8 10 11 11 12 12 12 12 13 13 14 13 1220 4 3TY21 3 14999999999999999999999 445 -7999999999999999999999
  9  5  2 -2 -5 -8 -8 -7 -5 -1  3  7  9 11 11 11 10 10  9 10 11 13 14 1420 4 4TY1359 112247 1499999999999999 554 -81751  999999999999999
 13 11  7  2 -2 -6 -8 -9 -8 -4  0  5  9 11 11 11  9  7  6  6  7  9 12 1520 4 5TY1354 11999999999999999999999 650 -91845  699999999999999
 16 15 12  8  3 -2 -6 -8 -9 -7 -2  3  8 11 12 11  9  6  4  2  2  4  7 1220 4 6TY 0 5 1614 5 1299999999999999 740 -91934  299999999999999
 15 17 17 14  9  4 -1 -5 -7 -7 -4  1  7 11 13 13 10  7  3  0 -2 -2  1  620 4 7TY 113 171424 1399999999999999 826 -72024 -299999999999999
 11 16 18 18 15 10  5  0 -4 -5 -4  0  5 11 14 15 13  9  4 -1 -4 -6 -5 -220 4 8TY 218 181447 1599999999999999 9 9 -52117 -699999999999999
  4 11 16 18 18 15 11  5  1 -1 -2  0  5 10 15 17 16 13  8  2 -4 -7 -8 -720 4 9TY 325 181514 1799999999999999 950 -22210 -899999999999999
 -3  4 10 15 17 17 15 11  7  4  3  3  5 10 15 18 19 17 13  6  0 -5 -9-1020 410TY 432 181543 19999999999999991028  223 3-1099999999999999
 -9 -4  3  9 13 16 16 14 11  9  7  6  7 10 15 18 20 19 17 12  5 -1 -6 -920 411TY 537 161615 209999999999999911 2  62356-1099999999999999
-10 -8 -4  2  8 12 14 15 13 12 11 10 10 11 14 18 20 20 19 16 11  5 -1 -520 412TY 645 151647 20999999999999991127 10999999999999999999999
 -8 -9 -7 -3  2  6 10 12 13 13 12 12 13 13 14 17 19 20 20 18 14 10  5  020 413TY1720 20999999999999999999999 051 -9999999999999999999999
 -4 -6 -7 -6 -3  1  5  8 11 12 13 13 14 14 15 16 17 18 19 18 16 13  9  520 414TY1756 19999999999999999999999 151 -7999999999999999999999
  1 -2 -4 -5 -4 -2  1  4  7 10 12 13 14 15 15 15 16 16 17 17 16 15 12  920 415TY1844 17999999999999999999999 3 0 -5999999999999999999999
  6  3  0 -2 -3 -3 -2  1  4  7 10 12 13 14 14 14 14 14 14 14 15 14 13 1220 416TY2014 15999999999999999999999 419 -4999999999999999999999
  9  7  4  1 -1 -3 -3 -1  1  5  8 11 12 13 14 13 13 12 11 12 12 13 13 1320 417TY1349 1422 7 1399999999999999 529 -31826 1199999999999999
 12 10  7  4  1 -1 -2 -2  0  3  6  9 12 13 13 12 11 10  9  9  9 10 12 1320 418TY1341 132333 1399999999999999 622 -219 0  999999999999999
 13 12 10  7  4  1  0 -1 -1  2  5  8 11 13 13 12 10  9  7  6  6  7  9 1120 419TY1342 13999999999999999999999 7 3 -11927  699999999999999
 13 13 12 10  7  4  1  0  0  1  4  8 11 13 13 12 10  8  5  4  3  4  6  920 420TY 037 131348 1399999999999999 735  01954  399999999999999
 12 13 13 12 10  7  4  2  1  2  4  8 11 13 14 13 11  8  5  2  1  1  3  620 421TY 130 131358 1499999999999999 8 3  12022  199999999999999
 10 13 14 14 12  9  6  4  3  3  5  8 11 14 15 15 13  9  5  2  0 -1  0  320 422TY 219 141411 1599999999999999 827  32053 -199999999999999
  7 11 14 15 14 12  9  7  5  5  6  8 12 15 17 16 15 11  7  2 -1 -2 -2  020 423TY 3 7 151425 1799999999999999 849  52126 -399999999999999
  4  9 13 15 15 14 12  9  8  7  7  9 12 16 18 18 17 14  9  4  0 -3 -4 -320 424TY 353 151442 1899999999999999 9 8  722 1 -499999999999999
  1  6 10 14 15 16 14 12 10  9  9 10 13 16 19 20 19 17 12  7  2 -2 -4 -420 425TY 439 1615 0 2099999999999999 923  92239 -499999999999999
 -2  2  7 11 14 16 15 14 12 11 11 12 14 16 19 21 21 19 15 10  5  0 -3 -420 426TY 528 161522 2199999999999999 932 112319 -499999999999999
 -4 -1  4  8 12 14 15 15 14 13 13 14 15 17 19 21 22 21 18 14  9  3 -1 -320 427TY 620 161547 2299999999999999 937 13999999999999999999999
 -4 -3  0  4  8 12 14 15 15 14 14 15 16 17 19 21 22 22 20 17 12  7  3 -120 428TY 723 151615 2299999999999999 0 2 -4 938 1499999999999999
 -3 -3 -2  1  5  8 11 13 15 15 15 16 16 17 18 20 21 21 21 19 15 11  6  320 429TY1648 21999999999999999999999 051 -4999999999999999999999
 -1 -2 -3 -2  1  4  8 11 13 14 15 16 17 17 18 19 20 20 20 19 18 15 11  720 430TY1733 20999999999999999999999 148 -3999999999999999999999
  3  0 -2 -2 -1  1  4  7 10 13 15 16 16 17 17 17 17 18 18 19 18 17 14 1120 5 1TY19 0 19999999999999999999999 253 -2999999999999999999999
  8  4  1 -1 -2 -1  1  4  8 11 14 15 16 16 16 15 15 15 15 16 17 18 17 1520 5 2TY1241 1621 2 1899999999999999 4 4 -21640 1599999999999999
 12  9  5  2  0 -1 -1  1  5  9 13 15 16 16 16 14 13 12 12 12 14 16 18 1820 5 3TY1230 172244 1899999999999999 511 -11748 1299999999999999
 17 14 11  7  3  1  0  1  3  7 12 15 17 17 16 14 11  9  8  8  9 12 15 1820 5 4TY1240 18999999999999999999999 6 7  01838  799999999999999
 19 19 16 13  9  5  3  2  3  6 11 15 18 19 18 16 12  8  5  3  4  6 10 1520 5 5TY 0 8 191258 1999999999999999 657  21927  399999999999999
 19 21 20 18 15 11  7  6  5  7 10 15 19 22 21 19 15  9  5  1  0  0  3  920 5 6TY 123 211322 2299999999999999 743  52017 -199999999999999
 15 19 22 22 20 17 13 10  9  9 11 15 20 23 24 23 19 13  7  2 -2 -3 -2  220 5 7TY 235 221350 2499999999999999 826  921 8 -399999999999999
  8 15 20 22 23 21 18 15 13 12 13 16 20 24 27 26 24 19 12  5  0 -4 -5 -320 5 8TY 343 231422 2799999999999999 9 5 122159 -599999999999999
  2  8 15 20 22 23 22 19 17 16 16 17 20 24 28 29 27 24 18 11  4 -1 -4 -520 5 9TY 447 231457 2999999999999999 941 162250 -599999999999999
 -3  2  9 15 19 22 23 22 20 19 19 19 20 23 27 29 29 27 23 17 10  4 -1 -420 510TY 550 231533 299999999999999910 7 192341 -499999999999999
 -4 -2  3  9 14 19 21 22 21 21 20 20 21 23 25 28 29 28 26 22 16 10  4  020 511TY 656 221611 299999999999999910 5 20999999999999999999999
 -2 -2  0  5 10 14 18 20 21 21 21 21 22 22 24 26 27 28 27 24 20 15 10  520 512TY1649 28999999999999999999999 033 -2999999999999999999999
  2  0  0  2  6 10 14 17 19 20 21 21 22 22 23 23 25 25 25 24 22 18 14 1020 513TY1729 25999999999999999999999 127  0999999999999999999999
  7  4  2  3  4  7 10 14 17 19 20 21 21 21 21 21 22 22 23 23 22 20 17 1420 514TY1818 23999999999999999999999 224  2999999999999999999999
 11  8  6  4  4  6  8 11 14 17 19 20 20 21 20 20 19 19 20 20 20 19 18 1620 515TY1232 211937 2099999999999999 326  41645 1999999999999999
 14 11  9  7  6  6  7 10 13 15 18 19 20 20 19 18 17 17 16 17 17 18 18 1720 516TY1221 202131 1899999999999999 426  61754 1699999999999999
 16 14 12 10  8  7  8  9 12 15 17 19 20 20 19 17 16 14 14 14 14 16 17 1720 517TY1222 202314 1799999999999999 515  71831 1499999999999999
 17 16 14 13 11 10  9 10 12 14 17 19 21 20 19 17 15 13 11 11 11 13 15 1720 518TY1228 21999999999999999999999 554  919 0 1199999999999999
 18 18 17 15 13 12 11 11 12 15 17 20 22 22 20 18 15 12 10  9  9 10 13 1520 519TY 031 181237 2299999999999999 626 111928  899999999999999
 18 19 19 18 16 15 13 13 14 16 18 21 23 23 22 20 16 13  9  7  6  7 10 1320 520TY 133 191249 2399999999999999 653 131958  699999999999999
 17 19 20 20 19 18 16 15 16 17 19 22 24 25 25 22 19 14 10  7  5  5  7 1120 521TY 227 2013 6 2599999999999999 718 152030  599999999999999
 15 19 21 22 22 20 19 18 18 18 20 23 26 27 27 25 22 17 12  8  5  3  4  820 522TY 315 221326 2899999999999999 743 1821 5  399999999999999
 12 17 20 23 23 23 21 20 20 20 21 23 26 29 29 28 25 21 15 10  6  3  3  520 523TY 4 1 231350 2999999999999999 8 6 202142  399999999999999
  9 14 19 22 24 24 23 22 21 21 22 24 27 29 31 31 28 24 19 13  8  4  2  320 524TY 446 241418 3199999999999999 827 212222  299999999999999
  6 11 16 20 23 25 25 24 23 23 23 24 26 29 31 32 31 28 23 17 11  7  4  220 525TY 533 251450 3299999999999999 845 2323 5  299999999999999
  3  7 12 17 21 23 25 25 24 24 24 25 26 28 30 32 32 30 26 21 15 10  6  320 526TY 625 251525 3299999999999999 9 3 242351  399999999999999
  3  4  8 13 17 21 23 24 24 24 24 25 26 27 29 31 32 31 29 25 20 14  9  620 527TY16 4 329999999999999999999999999999999999999999999999999
  4  3  5  9 13 17 21 23 24 24 24 25 25 26 27 28 30 30 29 27 23 19 14  920 528TY1651 30999999999999999999999 040  3999999999999999999999
  6  4  4  6 10 14 18 21 23 24 24 24 24 25 25 26 27 28 28 28 26 22 18 1420 529TY1754 28999999999999999999999 133  4999999999999999999999
 10  7  6  6  8 11 14 18 21 23 24 24 24 24 23 23 23 24 26 26 26 25 22 1920 530TY1041 241924 2699999999999999 230  61446 2399999999999999
 15 12  9  8  8  9 12 16 20 23 24 25 24 23 22 21 20 20 21 23 24 25 25 2320 531TY1054 252110 2599999999999999 329  81621 2099999999999999
 20 17 14 11 10 10 12 15 19 22 25 26 25 24 22 19 17 16 16 18 20 23 24 2520 6 1TY1112 262252 2599999999999999 426 101729 1699999999999999
 24 22 19 16 14 13 14 15 19 22 26 28 28 26 23 20 16 14 12 13 14 18 22 2520 6 2TY1134 28999999999999999999999 519 131825 1299999999999999
 26 26 24 22 19 18 17 17 19 23 27 30 31 30 27 23 18 13 10  9  9 12 16 2120 6 3TY 022 2612 1 3199999999999999 6 8 171917  999999999999999
 25 27 28 27 24 22 21 20 21 24 27 31 33 33 31 27 22 16 11  7  6  7 10 1620 6 4TY 143 281232 3499999999999999 652 2020 9  699999999999999
 22 26 29 29 29 27 25 24 24 25 28 31 35 36 35 32 27 21 14  9  5  4  6 1020 6 5TY 256 2913 8 3699999999999999 731 242059  499999999999999
 16 22 27 30 31 30 28 27 27 27 28 31 35 38 38 37 33 27 20 13  8  5  4  620 6 6TY 4 0 311347 3899999999999999 8 6 272149  499999999999999
 11 17 23 28 30 31 31 29 29 28 29 31 34 37 39 39 37 32 26 19 12  8  5  420 6 7TY 458 311428 4099999999999999 835 282239  499999999999999
  7 12 19 24 28 31 31 31 30 29 30 31 32 35 38 40 39 36 31 25 18 12  8  620 6 8TY 554 311510 4099999999999999 858 292327  599999999999999
  6  9 14 20 25 28 30 31 30 30 30 30 31 33 36 38 39 37 34 29 23 18 13  920 6 9TY 650 311552 3999999999999999 919 30999999999999999999999
  7  8 11 16 21 25 28 29 30 30 29 30 30 31 33 35 36 36 35 32 27 22 17 1320 610TY1634 37999999999999999999999 014  7999999999999999999999
 11  9 11 14 18 22 25 27 29 29 29 29 29 29 30 32 33 34 34 32 29 25 21 1720 611TY1717 34999999999999999999999 1 1  9999999999999999999999
 14 12 12 13 16 19 22 25 27 28 28 28 28 28 28 29 29 30 31 30 29 27 23 2020 612TY18 4 31999999999999999999999 146 12999999999999999999999
 17 15 14 14 15 18 21 24 26 27 28 28 28 27 27 26 26 27 27 28 28 26 25 2320 613TY1030 2819 9 2899999999999999 230 141523 2699999999999999
 20 18 17 16 16 18 20 23 25 27 28 28 28 27 26 25 24 24 24 25 25 25 25 2420 614TY1044 282051 2599999999999999 311 161649 2499999999999999
 23 21 20 19 18 19 21 23 25 27 29 29 28 27 25 24 22 21 21 22 23 24 25 2520 615TY1057 292252 2599999999999999 349 181742 2199999999999999
 24 24 22 21 21 21 22 24 26 28 30 30 30 28 26 24 21 19 18 19 20 22 23 2520 616TY1110 30999999999999999999999 423 211821 1899999999999999
 26 26 25 24 24 23 24 25 27 29 31 32 32 31 28 25 22 19 17 16 17 19 22 2420 617TY 028 261125 3299999999999999 456 231855 1699999999999999
 26 27 28 27 26 26 26 27 28 30 32 34 34 33 31 27 23 19 16 15 15 16 20 2320 618TY 139 281145 3499999999999999 530 261930 1599999999999999
 26 28 29 30 29 28 28 28 29 31 34 36 37 36 34 30 26 21 17 14 13 14 17 2120 619TY 235 301211 3799999999999999 6 5 2820 6 1399999999999999
 25 28 30 31 31 31 30 30 30 32 34 37 38 39 37 34 30 24 19 15 13 12 14 1820 620TY 321 311242 3999999999999999 641 302045 1299999999999999
 22 27 30 32 33 33 32 31 31 32 34 37 39 41 40 38 34 29 23 17 13 11 12 1420 621TY 4 3 331318 4199999999999999 716 312126 1199999999999999
 19 24 29 32 34 34 33 32 32 33 34 36 39 41 42 41 38 33 27 21 16 12 11 1120 622TY 445 341357 4299999999999999 750 3222 9 1199999999999999
 15 20 26 30 33 34 34 33 33 33 33 35 37 40 42 42 41 37 32 25 19 14 11 1020 623TY 527 341439 4399999999999999 824 322255 1099999999999999
 12 16 21 27 30 33 34 34 33 32 33 34 35 38 40 42 42 40 36 30 24 18 14 1120 624TY 612 341524 4299999999999999 9 1 322342 1199999999999999
 11 13 17 22 27 31 33 33 33 32 32 32 33 35 37 40 41 41 38 34 29 23 18 1420 625TY 658 331613 4199999999999999 948 32999999999999999999999
 12 12 14 19 24 28 31 33 33 32 32 31 31 32 34 36 38 39 39 36 33 27 22 1820 626TY 744 3317 9 3999999999999999 030 1111 5 3199999999999999
 15 13 14 16 21 25 29 31 33 33 32 31 30 30 30 32 34 36 37 36 35 31 27 2320 627TY 825 331817 3799999999999999 118 1313 7 3099999999999999
 19 17 16 17 19 23 27 30 32 33 33 31 30 29 28 28 29 31 33 34 34 33 31 2820 628TY 9 1 331944 3499999999999999 2 6 161436 2899999999999999
 24 22 20 19 20 23 26 30 32 34 34 33 31 29 27 25 25 25 27 29 31 33 33 3120 629TY 934 342127 3399999999999999 255 191556 2599999999999999
 29 27 25 24 23 24 27 30 33 35 36 36 33 31 27 24 22 21 22 24 27 30 32 3320 630TY10 5 362315 3399999999999999 343 2317 9 2199999999999999
 32 31 30 28 27 27 28 31 34 37 38 39 37 34 30 26 22 20 18 19 21 25 29 3220 7 1TY1039 39999999999999999999999 430 271812 1899999999999999
 34 34 34 32 31 31 31 32 35 37 40 41 41 39 35 30 25 20 17 16 17 20 24 2920 7 2TY 054 341116 4199999999999999 516 3119 9 1699999999999999
 33 35 36 36 35 34 34 34 36 38 41 43 44 43 40 35 29 24 19 16 14 16 19 2420 7 3TY 216 361158 4499999999999999 6 0 3420 2 1499999999999999
 30 34 36 37 37 37 36 36 36 38 40 43 46 46 44 41 35 29 23 18 15 14 15 2020 7 4TY 321 381243 4699999999999999 641 362052 1499999999999999
 25 31 35 38 39 38 37 37 37 38 40 42 45 47 47 45 41 35 28 22 17 14 14 1620 7 5TY 412 391329 4899999999999999 719 372141 1499999999999999
 21 27 32 36 38 39 38 37 37 37 38 40 43 46 48 47 45 40 34 27 21 17 15 1520 7 6TY 455 391415 4899999999999999 757 372227 1499999999999999
 18 23 29 33 37 38 38 37 37 37 37 38 41 44 46 48 46 43 38 32 26 21 17 1520 7 7TY 535 3815 0 4899999999999999 836 372311 1599999999999999
 16 20 25 30 34 37 38 37 36 36 36 37 38 40 43 45 46 44 41 36 30 25 20 1820 7 8TY 613 381543 4699999999999999 916 362352 1799999999999999
 17 18 22 27 31 34 36 37 36 35 35 35 36 37 40 42 44 43 42 38 33 28 24 2120 7 9TY 650 371624 449999999999999910 4 35999999999999999999999
 19 19 21 25 29 32 35 36 36 35 34 34 34 35 36 38 40 41 40 38 35 31 27 2420 710TY 727 3617 6 4199999999999999 030 191112 3499999999999999
 22 21 22 24 27 31 33 35 35 35 34 33 33 33 33 34 36 37 38 37 35 33 29 2720 711TY 8 0 351752 3899999999999999 1 3 211247 3399999999999999
 24 23 23 25 27 30 32 34 35 35 35 33 32 32 31 32 32 34 35 35 34 33 31 2920 712TY 830 351852 3599999999999999 133 2314 9 3199999999999999
 27 26 26 26 28 30 32 34 36 36 35 34 33 31 30 29 30 30 31 32 33 33 32 3120 713TY 855 362026 3399999999999999 157 261527 2999999999999999
 30 29 28 29 29 31 33 35 36 37 37 36 34 32 30 28 28 27 28 29 31 32 32 3220 714TY 917 372239 3299999999999999 216 281637 2799999999999999
 32 31 31 31 32 33 34 36 38 39 39 38 36 34 31 29 27 25 25 26 28 30 32 3320 715TY 941 39999999999999999999999 232 311732 2599999999999999
 34 34 34 34 34 34 35 37 39 40 41 40 39 36 33 30 27 25 24 24 25 28 30 3320 716TY1011 419999999999999999999991818 23999999999999999999999
 35 36 36 36 36 36 37 38 40 41 43 43 42 40 36 32 29 25 23 22 23 25 28 3220 717TY1047 4399999999999999999999919 0 22999999999999999999999
 35 37 38 38 38 38 38 39 40 42 44 45 45 43 40 36 31 27 23 21 20 22 25 2920 718TY1129 459999999999999999999991943 20999999999999999999999
 33 37 39 39 39 39 39 39 40 42 44 46 47 46 44 40 35 30 25 21 19 19 22 2620 719TY 326 391215 4799999999999999 6 6 392027 1999999999999999
 31 35 38 40 40 40 39 39 39 41 43 45 48 49 48 45 40 34 28 23 19 18 19 2220 720TY 355 4013 2 4999999999999999 656 392111 1899999999999999
 27 32 37 39 41 40 40 39 39 39 41 43 46 49 50 48 45 39 33 27 21 18 17 1820 721TY 427 411350 5099999999999999 741 392157 1799999999999999
 23 28 34 37 40 41 40 39 38 38 39 41 44 47 50 50 48 44 38 31 25 20 17 1720 722TY 5 0 411439 5099999999999999 827 382243 1799999999999999
 19 24 30 35 38 40 40 39 37 36 37 38 40 43 47 49 49 47 43 37 30 24 20 1820 723TY 534 401530 5099999999999999 918 362329 1799999999999999
 18 21 26 32 36 39 40 39 37 36 35 35 36 38 42 46 48 48 45 41 35 29 24 2120 724TY 6 9 401624 48999999999999991023 35999999999999999999999
 19 20 24 29 34 37 39 39 38 36 34 33 33 34 37 40 44 45 45 43 39 34 29 2620 725TY 643 391726 4699999999999999 013 191147 3399999999999999
 23 22 24 27 32 36 38 40 39 38 35 33 32 31 32 34 38 41 42 43 41 38 34 3120 726TY 717 401840 4399999999999999 057 2213 5 3199999999999999
 28 26 26 28 31 35 38 40 41 40 37 35 32 30 29 29 31 34 37 39 40 39 38 3520 727TY 751 412010 4099999999999999 139 261419 2999999999999999
 33 31 30 31 32 35 38 41 42 42 40 38 34 31 29 27 27 29 31 34 36 38 39 3820 728TY 827 422156 3999999999999999 221 301535 2799999999999999
 37 36 35 35 35 37 39 41 43 44 44 41 38 35 31 28 26 25 26 28 31 35 37 3920 729TY 9 7 44999999999999999999999 3 1 351652 2599999999999999
 39 39 39 38 38 39 40 42 44 46 46 45 43 39 35 31 27 24 23 24 27 30 34 3720 730TY 0 8 39 953 4699999999999999 344 3818 3 2399999999999999
 39 41 41 41 41 41 41 42 44 46 48 48 47 44 40 35 30 26 23 22 23 26 30 3420 731TY1046 4899999999999999999999919 4 22999999999999999999999
 38 41 42 42 42 42 42 42 44 46 48 49 50 48 45 40 35 30 25 22 21 23 26 3120 8 1TY1140 509999999999999999999991957 21999999999999999999999
 36 39 42 43 43 42 42 42 43 44 46 49 51 51 49 45 40 34 29 24 22 21 23 2720 8 2TY 334 431233 5199999999999999 627 422045 2199999999999999
 32 37 41 42 43 43 42 41 41 42 44 47 50 52 51 49 45 39 33 28 24 22 22 2420 8 3TY 359 431322 5299999999999999 712 412130 2199999999999999
 29 34 39 41 43 42 41 40 40 40 42 44 47 50 52 51 48 44 38 32 27 23 22 2320 8 4TY 424 4314 9 5299999999999999 754 402210 2299999999999999
 26 31 36 40 42 42 41 40 39 39 39 41 44 47 50 51 49 46 41 35 30 26 23 2320 8 5TY 451 421452 5199999999999999 836 392248 2399999999999999
 24 28 33 38 40 41 41 40 38 37 37 38 40 43 47 49 49 47 44 39 33 29 25 2420 8 6TY 518 411534 4999999999999999 920 372321 2499999999999999
 24 27 31 36 39 40 41 40 38 36 36 36 37 39 43 45 47 46 44 41 36 31 28 2620 8 7TY 544 411615 47999999999999991010 362351 2699999999999999
 26 27 30 34 37 40 40 40 38 36 35 35 35 36 39 41 44 44 43 41 38 34 31 2920 8 8TY 6 9 401657 449999999999999911 8 35999999999999999999999
 28 28 30 33 37 39 40 40 39 37 35 34 34 34 35 37 40 41 41 41 39 36 33 3120 8 9TY 631 401745 4299999999999999 015 281212 3399999999999999
 30 30 31 34 37 39 40 41 40 38 36 34 33 32 33 34 36 38 39 39 38 37 35 3420 810TY 652 411849 3999999999999999 034 301315 3299999999999999
 33 33 33 35 37 39 41 41 41 40 38 36 34 32 31 32 33 34 36 37 37 37 37 3620 811TY 712 422019 3899999999999999 044 331419 3199999999999999
 35 35 36 37 38 40 42 43 43 42 40 38 35 33 31 30 30 31 33 34 36 37 37 3720 812TY 736 43999999999999999999999 039 351528 3099999999999999
 37 38 38 39 40 41 42 43 44 44 42 40 38 35 32 30 29 29 30 31 33 35 37 3820 813TY 810 449999999999999999999991639 29999999999999999999999
 39 39 40 40 41 42 43 44 45 45 45 43 41 38 35 32 29 28 27 28 31 33 36 3820 814TY 857 459999999999999999999991740 27999999999999999999999
 40 41 41 42 42 42 43 44 45 46 47 46 44 41 38 34 30 28 26 26 27 30 34 3720 815TY 956 479999999999999999999991833 26999999999999999999999
 40 41 42 43 42 42 43 43 45 46 48 48 48 45 42 38 33 29 26 24 24 26 30 3420 816TY11 0 489999999999999999999991921 24999999999999999999999
 38 41 43 43 43 42 42 42 43 45 47 49 50 49 46 42 37 32 27 24 22 23 26 3120 817TY 3 7 4312 0 5099999999999999 6 5 4220 8 2299999999999999
 36 40 42 43 43 42 41 41 41 43 45 48 51 52 50 47 42 36 30 25 22 21 22 2620 818TY 323 431255 5299999999999999 656 412054 2199999999999999
 32 37 41 43 43 42 41 39 39 40 42 45 49 52 53 51 47 41 35 28 24 21 21 2320 819TY 346 431347 5399999999999999 744 392140 2099999999999999
 28 34 39 42 43 42 41 38 37 37 38 40 45 49 52 53 51 47 40 34 27 23 21 2120 820TY 412 431440 5399999999999999 834 372224 2199999999999999
 25 30 36 40 42 43 41 38 36 35 35 36 39 44 49 52 52 50 45 39 33 27 24 2320 821TY 439 431536 5299999999999999 931 3423 7 2399999999999999
 24 28 34 39 42 43 42 40 36 34 32 32 34 37 42 47 50 50 48 44 38 33 29 2620 822TY 5 8 431636 50999999999999991038 322349 2699999999999999
 26 28 32 37 41 43 43 42 38 35 32 30 30 31 35 40 45 47 48 46 43 38 34 3120 823TY 539 441746 48999999999999991146 30999999999999999999999
 30 30 32 36 41 43 45 44 41 38 34 31 29 28 30 33 38 41 44 45 44 41 39 3620 824TY 610 4519 4 4599999999999999 030 301253 2899999999999999
 35 34 35 37 40 43 45 46 44 41 37 34 31 28 27 28 31 35 38 41 42 42 41 4020 825TY 645 462034 4299999999999999 1 8 3414 1 2799999999999999
 39 38 38 39 41 43 45 47 46 45 42 38 34 31 28 27 27 29 32 35 38 40 41 4220 826TY 726 4723 5 4299999999999999 146 381516 2799999999999999
 42 41 41 41 42 44 45 47 48 47 46 43 39 35 31 28 26 26 27 30 33 37 39 4120 827TY 817 48999999999999999999999 222 411639 2699999999999999
 43 43 43 43 43 44 45 46 47 48 48 47 44 40 36 32 28 26 25 26 29 32 36 4020 828TY 920 489999999999999999999991756 25999999999999999999999
 42 43 44 44 44 44 44 45 46 48 49 49 48 45 41 37 32 28 26 25 26 29 33 3720 829TY1031 499999999999999999999991857 25999999999999999999999
 40 43 44 44 44 43 43 43 44 46 48 50 50 48 45 41 36 32 28 25 25 26 30 3420 830TY 253 441136 5099999999999999 6 0 431948 2599999999999999
 38 41 43 44 43 42 42 42 42 43 46 48 50 50 48 45 41 35 31 27 25 25 27 3120 831TY 3 2 441232 5099999999999999 646 412032 2599999999999999
 36 40 42 43 43 42 40 40 40 41 43 46 49 50 50 48 44 39 34 29 26 25 26 2920 9 1TY 316 431321 5199999999999999 724 402110 2599999999999999
 33 38 41 42 42 41 39 38 37 38 39 42 46 49 50 49 47 42 37 32 28 26 25 2720 9 2TY 333 4314 5 5099999999999999 8 1 372145 2599999999999999
 31 36 40 42 42 41 39 37 36 35 36 38 42 46 49 49 48 45 40 35 30 28 26 2720 9 3TY 352 421447 4999999999999999 840 352215 2699999999999999
 30 34 38 41 42 42 40 37 35 34 34 35 38 42 46 48 48 46 42 38 33 30 28 2820 9 4TY 412 421528 4899999999999999 921 342242 2899999999999999
 29 33 37 40 42 42 40 38 35 33 32 33 34 38 42 45 46 45 43 40 36 32 30 3020 9 5TY 431 421611 469999999999999910 5 3223 4 3099999999999999
 30 33 36 40 42 42 41 39 36 33 31 31 32 34 38 41 43 44 43 41 38 35 33 3220 9 6TY 448 421657 44999999999999991052 312321 3299999999999999
 32 34 37 40 42 43 42 40 37 34 32 30 30 31 34 37 40 42 42 41 39 37 35 3420 9 7TY 5 4 431749 42999999999999991141 302329 3499999999999999
 34 35 37 40 42 43 43 42 39 36 33 31 30 30 31 34 37 39 40 40 40 38 37 3620 9 8TY 519 431853 40999999999999991233 302322 3699999999999999
 36 37 38 41 43 44 44 43 41 38 35 32 31 29 30 31 33 35 37 38 39 39 38 3820 9 9TY 537 442017 39999999999999991329 2923 0 3899999999999999
 38 39 40 41 43 44 45 44 43 41 38 35 32 30 29 29 30 32 34 36 37 39 39 3920 910TY 6 2 459999999999999999999991432 29999999999999999999999
 40 40 41 42 43 44 45 45 44 43 41 38 35 32 30 29 28 29 31 33 35 37 39 4020 911TY 642 459999999999999999999991547 28999999999999999999999
 41 41 42 42 43 44 44 45 45 45 43 41 38 35 32 29 28 27 28 29 32 35 37 3920 912TY 748 4599999999999999999999917 2 27999999999999999999999
 41 42 42 42 43 43 43 44 45 46 45 44 42 39 35 31 28 26 25 26 28 31 35 3820 913TY 918 4699999999999999999999918 5 25999999999999999999999
 40 42 42 42 42 42 42 43 44 45 46 47 46 43 39 35 31 27 24 23 24 27 31 3620 914TY 226 421042 4799999999999999 512 421858 2399999999999999
 39 41 42 42 41 40 40 40 41 43 46 48 48 47 44 40 34 29 25 23 22 24 28 3220 915TY 220 421150 4899999999999999 610 401945 2299999999999999
 37 40 42 42 41 39 38 37 38 39 43 46 49 50 48 45 40 34 28 24 22 22 24 2920 916TY 231 421250 5099999999999999 657 372031 2199999999999999
 35 39 41 42 41 39 36 34 34 35 38 42 47 50 51 49 45 39 33 27 24 22 23 2620 917TY 249 421346 5199999999999999 745 342115 2299999999999999
 32 37 41 42 42 39 36 33 31 31 32 36 41 47 50 51 49 45 39 33 28 25 24 2520 918TY 311 421444 5199999999999999 837 312157 2499999999999999
 30 35 40 43 43 41 37 33 29 28 28 29 34 40 46 49 50 48 44 39 33 29 27 2720 919TY 336 431546 5099999999999999 935 272239 2799999999999999
 29 34 39 43 44 43 40 36 31 27 25 25 27 33 39 44 48 48 47 43 38 34 32 3020 920TY 4 4 441653 48999999999999991036 252319 3099999999999999
 31 34 39 43 45 45 44 40 34 29 26 24 24 26 31 37 42 45 46 45 42 39 36 3520 921TY 435 4618 4 46999999999999991136 232358 3499999999999999
 34 35 38 42 45 47 46 43 39 34 29 26 23 23 25 30 35 39 42 43 43 42 40 3920 922TY 5 9 471919 44999999999999991238 23999999999999999999999
 38 38 39 42 45 47 47 46 43 39 34 30 26 24 23 25 29 33 36 39 41 42 41 4120 923TY 547 4721 0 4299999999999999 034 381343 2399999999999999
 41 41 41 42 44 46 47 47 46 43 39 35 31 27 25 24 25 27 31 34 37 39 41 4220 924TY 633 47999999999999999999999 1 9 411457 2499999999999999
 42 42 42 42 43 44 45 46 46 45 43 40 36 32 29 26 25 25 26 29 33 36 39 4120 925TY 736 469999999999999999999991623 25999999999999999999999
 42 42 43 42 42 43 43 44 45 46 45 43 41 37 33 30 27 25 25 26 29 32 36 3920 926TY 859 469999999999999999999991742 25999999999999999999999
 41 42 42 42 41 41 41 42 43 44 45 45 44 41 38 34 30 27 25 25 26 29 33 3620 927TY 158 421025 4599999999999999 527 411841 2599999999999999
 39 41 41 41 40 39 39 39 40 41 43 45 45 44 41 38 33 30 26 25 25 27 30 3420 928TY 2 3 411136 4599999999999999 621 381928 2599999999999999
 38 40 40 40 39 37 36 36 36 38 41 43 45 45 43 41 37 32 29 26 25 26 28 3220 929TY 2 9 401232 4599999999999999 659 3620 7 2599999999999999
 36 39 40 40 38 36 34 33 33 35 37 40 43 45 45 43 39 35 31 28 26 26 27 3120 930TY 219 401320 4599999999999999 732 332040 2599999999999999
 35 38 40 40 38 36 33 32 31 31 33 37 41 44 45 44 41 38 33 30 27 26 27 302010 1TY 232 4014 4 4599999999999999 8 4 3121 8 2699999999999999
 34 37 39 40 39 36 33 30 29 29 30 33 37 41 43 44 43 40 36 32 29 28 28 302010 2TY 247 401447 4499999999999999 838 292133 2899999999999999
 33 37 39 40 40 37 34 30 28 27 27 29 33 38 41 43 43 41 38 35 32 30 29 302010 3TY 3 3 401530 4399999999999999 914 272154 2999999999999999
 33 36 39 41 41 39 35 31 28 26 25 27 29 34 38 41 42 42 40 37 34 32 31 322010 4TY 318 411615 4299999999999999 952 252211 3199999999999999
 33 36 40 41 42 40 37 33 29 26 25 25 26 30 34 38 40 41 40 38 36 34 33 332010 5TY 334 4217 3 41999999999999991032 252222 3399999999999999
 34 37 40 42 42 42 39 36 31 28 25 24 25 27 31 35 38 39 40 39 37 36 35 352010 6TY 351 421755 40999999999999991115 242223 3599999999999999
 36 37 40 42 43 43 41 38 34 30 27 25 24 25 28 31 34 37 38 39 38 37 36 362010 7TY 410 431854 399999999999999912 1 242217 3699999999999999
 37 38 40 42 43 43 42 40 37 33 29 26 25 24 25 28 31 33 35 37 37 37 37 372010 8TY 432 439999999999999999999991252 24999999999999999999999
 38 39 40 41 43 43 43 41 39 35 32 29 26 25 24 25 27 30 32 34 36 37 37 382010 9TY 5 0 439999999999999999999991352 24999999999999999999999
 38 39 40 41 42 42 42 42 40 38 35 32 29 26 25 24 24 26 28 31 33 35 37 38201010TY 539 4299999999999999999999915 4 24999999999999999999999
 38 39 39 40 40 41 41 41 41 40 38 35 32 29 26 24 23 23 25 27 30 33 35 37201011TY 656 419999999999999999999991623 23999999999999999999999
 38 39 39 39 39 39 39 40 41 41 40 39 36 33 29 26 23 22 22 23 26 30 33 36201012TY 853 419999999999999999999991731 22999999999999999999999
 37 38 38 37 37 36 36 37 39 40 41 41 40 37 33 29 25 22 21 21 23 26 31 34201013TY 119 381029 4299999999999999 518 361826 2199999999999999
 37 38 37 36 35 34 33 33 35 37 40 42 43 41 38 34 29 25 22 20 21 24 28 33201014TY 117 381143 4399999999999999 6 8 331914 2099999999999999
 36 38 38 36 34 31 30 29 30 32 36 41 43 44 43 39 35 29 25 22 21 22 26 31201015TY 129 381248 4499999999999999 655 291959 2199999999999999
 35 38 39 38 35 31 28 25 25 27 30 35 41 44 45 44 40 35 30 26 23 23 25 29201016TY 147 391350 4599999999999999 744 252042 2399999999999999
 35 39 40 40 37 33 28 24 22 21 24 28 35 41 44 45 44 41 36 31 28 26 26 29201017TY 210 401455 4599999999999999 836 212124 2699999999999999
 34 39 42 42 40 36 30 25 21 19 19 21 27 34 40 44 45 44 40 36 32 30 29 30201018TY 239 4216 1 4599999999999999 932 1822 5 2999999999999999
 33 38 42 44 43 40 35 29 23 19 17 17 20 26 33 39 42 44 43 40 37 34 33 32201019TY 310 4417 7 44999999999999991028 162243 3299999999999999
 34 38 42 45 45 44 40 34 28 22 18 16 16 20 26 32 37 40 42 41 39 37 36 35201020TY 345 451814 42999999999999991125 162320 3599999999999999
 36 37 41 44 46 45 43 39 33 27 22 19 17 17 20 25 30 35 38 39 39 39 38 37201021TY 423 461927 40999999999999991223 162352 3799999999999999
 37 38 40 42 44 45 45 42 38 33 28 24 20 18 18 21 25 29 33 36 37 38 38 38201022TY 5 6 459999999999999999999991325 18999999999999999999999
 38 38 39 40 42 43 44 43 41 37 33 29 25 22 20 20 21 24 27 31 34 36 37 38201023TY 557 449999999999999999999991436 20999999999999999999999
 38 38 38 38 39 40 41 41 41 39 37 34 30 27 24 22 21 22 24 27 30 33 35 36201024TY 7 5 419999999999999999999991556 21999999999999999999999
 37 37 37 37 37 37 38 38 39 39 38 36 34 31 28 25 22 21 22 24 27 30 33 35201025TY 056 37 835 3999999999999999 4 1 371711 2199999999999999
 36 36 36 35 34 34 34 35 36 37 38 37 36 34 31 28 25 23 22 22 25 27 31 33201026TY 058 361012 3899999999999999 528 3418 8 2299999999999999
 35 35 35 34 33 31 31 31 32 34 36 37 37 36 34 31 28 25 23 22 23 26 29 32201027TY 1 2 351130 3799999999999999 616 311852 2299999999999999
 34 35 35 33 31 29 28 28 29 30 33 35 37 37 35 33 30 27 25 23 23 25 28 31201028TY 1 9 351230 3799999999999999 653 281927 2399999999999999
 34 35 35 33 31 28 26 25 25 27 30 33 35 37 36 35 32 29 27 25 24 25 28 31201029TY 118 351322 3799999999999999 725 251956 2499999999999999
 34 35 35 34 31 28 25 23 23 23 26 30 33 36 37 36 34 32 29 27 26 26 28 31201030TY 130 3514 9 3799999999999999 756 232020 2699999999999999
 34 36 36 35 32 29 25 22 21 21 23 26 30 34 36 37 36 34 31 29 27 27 28 31201031TY 144 361454 3799999999999999 827 202041 2799999999999999
 34 36 37 37 34 30 26 22 20 19 20 23 27 32 35 37 37 36 33 31 29 29 29 312011 1TY 2 1 371538 3799999999999999 9 1 1921 0 2999999999999999
 34 37 38 38 36 33 28 23 20 18 18 20 23 28 33 36 37 37 35 33 31 30 31 322011 2TY 219 391622 3799999999999999 937 182116 3099999999999999
 34 37 39 39 38 35 31 26 21 18 17 17 20 25 29 33 36 36 36 34 33 32 32 322011 3TY 240 4017 7 36999999999999991015 172128 3299999999999999
 34 37 39 40 40 37 34 29 24 20 17 17 18 21 26 30 33 35 36 35 34 33 33 332011 4TY 3 4 401756 36999999999999991056 172135 3299999999999999
 34 36 39 40 40 39 36 32 27 22 19 17 17 18 22 26 30 32 34 34 34 33 33 332011 5TY 330 401851 34999999999999991140 172139 3399999999999999
 34 36 37 39 40 39 37 34 30 25 21 18 17 17 19 22 26 29 31 33 33 33 33 332011 6TY 359 409999999999999999999991229 17999999999999999999999
 34 35 36 38 39 39 38 36 32 28 24 21 18 17 17 19 22 25 28 30 32 32 33 332011 7TY 434 399999999999999999999991325 17999999999999999999999
 34 34 35 36 37 37 37 36 34 31 27 24 21 18 17 17 18 21 24 27 29 31 32 322011 8TY 521 379999999999999999999991429 17999999999999999999999
 33 33 33 34 34 35 35 35 35 33 31 27 24 21 18 17 17 18 20 23 26 29 31 322011 9TY 644 369999999999999999999991539 17999999999999999999999
 32 32 32 31 31 31 32 33 34 34 33 31 28 25 21 19 17 17 18 20 24 27 30 31201110TY 011 32 836 342358 329999999 347 311646 1799999999999999
 32 31 30 29 28 28 28 29 31 33 34 34 32 29 26 22 19 18 17 19 21 25 29 31201111TY1017 34999999999999999999999 5 6 281743 1799999999999999
 32 32 30 28 26 24 24 24 26 29 32 35 35 33 31 27 23 21 19 19 21 24 28 31201112TY 0 8 321140 3599999999999999 6 0 241833 1999999999999999
 33 33 31 28 25 22 20 19 20 23 28 32 35 36 35 32 29 25 22 21 21 24 27 32201113TY 026 331254 3699999999999999 650 191919 2199999999999999
 35 35 34 31 26 22 18 15 15 17 21 27 33 36 37 36 34 30 27 24 24 24 27 32201114TY 050 3514 4 3799999999999999 741 1520 3 2499999999999999
 36 38 37 35 30 24 19 14 12 12 14 20 27 33 36 38 37 35 31 28 27 27 28 31201115TY 120 381512 3899999999999999 834 122044 2799999999999999
 36 39 40 39 35 29 22 16 12  9 10 13 19 26 32 36 38 37 35 32 30 29 29 31201116TY 155 401615 3899999999999999 927  92123 2999999999999999
 35 39 42 42 39 35 28 21 15 11  8  9 13 19 26 32 35 37 37 35 33 31 31 32201117TY 233 421716 37999999999999991021  82159 3199999999999999
 34 37 41 43 42 39 34 27 20 14 10  8  9 13 19 25 30 34 35 35 34 33 32 32201118TY 314 431818 36999999999999991115  82229 3299999999999999
 33 35 39 41 42 41 38 33 26 20 15 11 10 11 14 20 25 29 32 34 33 33 32 32201119TY 357 421925 349999999999999912 9 102247 3299999999999999
 33 34 36 38 40 40 39 36 31 26 20 16 13 11 12 16 20 24 28 30 32 32 32 32201120TY 444 4099999999999999999999913 6 11999999999999999999999
 32 32 33 35 36 37 38 36 34 30 25 21 17 15 13 14 17 20 23 27 29 30 31 31201121TY 535 3899999999999999999999914 6 13999999999999999999999
 31 31 31 31 32 33 34 34 33 31 28 25 21 18 16 15 16 18 20 23 26 28 29 30201122TY 635 342334 30999999999999991510 15999999999999999999999
 30 29 29 29 29 29 30 31 31 30 29 27 24 22 19 17 17 17 18 21 24 26 28 29201123TY 753 312341 2999999999999999 331 291614 1799999999999999
 29 28 28 27 26 25 26 27 28 28 28 28 26 24 22 20 19 18 18 20 22 25 27 28201124TY 936 282352 2999999999999999 5 2 2517 9 1899999999999999
 28 28 27 25 24 22 22 23 24 25 27 27 27 26 24 22 21 19 19 20 22 24 26 28201125TY1114 27999999999999999999999 557 221752 1999999999999999
 29 28 27 24 22 20 19 19 20 22 24 26 27 27 26 25 23 21 21 21 22 24 26 28201126TY 0 2 291229 2799999999999999 637 191826 2199999999999999
 29 29 27 25 22 19 17 16 17 19 21 24 26 28 28 27 25 24 22 22 23 24 27 29201127TY 014 291330 2899999999999999 710 161854 2299999999999999
 30 30 29 26 23 19 16 14 14 15 18 22 25 27 28 28 27 26 24 24 24 25 27 30201128TY 029 301421 2999999999999999 741 141918 2499999999999999
 31 32 31 28 24 20 16 13 12 13 15 19 23 26 29 29 29 28 26 25 25 26 28 30201129TY 047 3215 6 2999999999999999 813 121941 2599999999999999
 32 33 33 31 27 22 17 13 11 10 12 16 20 25 28 30 30 29 28 27 26 26 28 30201130TY 110 331548 3099999999999999 848 1020 5 2699999999999999
 33 34 35 33 30 25 20 15 11  9 10 12 17 22 26 29 30 30 29 28 27 27 28 302012 1TY 136 351628 3099999999999999 924  92028 2799999999999999
 32 35 36 35 32 28 23 17 13 10  9 10 13 18 23 27 29 30 30 29 28 27 28 292012 2TY 2 5 361710 309999999999999910 4  92049 2799999999999999
 31 34 36 36 34 31 26 21 15 11  9  8 10 14 19 23 27 29 29 29 28 27 27 282012 3TY 238 361755 29999999999999991045  821 9 2799999999999999
 30 32 34 36 35 33 29 24 18 13 10  8  8 10 15 19 23 26 28 28 28 27 27 272012 4TY 313 361845 28999999999999991129  82129 2799999999999999
 28 30 32 34 35 34 31 27 22 16 12  9  8  8 11 15 19 23 25 27 27 26 26 272012 5TY 351 359999999999999999999991215  8999999999999999999999
 27 28 30 31 33 33 32 29 25 20 15 11  9  8  9 11 15 19 22 24 26 26 26 262012 6TY 435 3399999999999999999999913 5  8999999999999999999999
 26 26 27 28 30 31 31 29 27 23 19 15 11  9  9 10 12 15 19 22 24 25 25 252012 7TY 530 312139 25999999999999991357  9999999999999999999999
 24 24 24 25 26 27 28 28 27 25 22 18 15 12 10 10 11 13 16 20 22 24 25 252012 8TY 646 2822 9 2599999999999999 139 241453 1099999999999999
 24 23 22 21 21 22 24 25 26 26 25 22 19 16 14 12 12 13 15 18 21 24 25 252012 9TY 826 262234 2599999999999999 328 211550 1299999999999999
 24 23 21 19 18 17 18 20 22 24 25 25 23 21 18 16 15 14 15 18 21 24 26 27201210TY1013 2523 0 2799999999999999 448 171647 1499999999999999
 26 24 21 18 15 14 13 14 17 20 23 25 26 25 23 21 19 17 17 18 21 24 27 29201211TY1151 262329 2999999999999999 551 131740 1799999999999999
 29 27 24 19 15 12 10  9 10 14 18 23 26 27 27 25 23 21 20 20 22 24 28 30201212TY1316 27999999999999999999999 647  91830 2099999999999999
 32 31 28 23 18 12  8  6  5  8 12 18 23 27 28 28 27 25 23 23 23 25 27 31201213TY 0 3 321430 2899999999999999 740  51915 2399999999999999
 34 34 32 28 23 16 10  6  3  3  6 11 18 23 27 29 29 28 26 25 25 25 27 30201214TY 042 341533 2999999999999999 833  31957 2599999999999999
 34 36 36 33 28 22 15  8  4  1  2  5 11 18 24 28 29 29 28 27 26 26 27 29201215TY 125 361630 3099999999999999 925  12035 2699999999999999
 32 36 37 36 33 28 21 14  7  3  1  1  6 12 18 24 27 29 29 27 26 26 26 27201216TY 211 371722 29999999999999991016  12111 2699999999999999
 30 33 36 37 36 32 27 20 12  7  3  1  2  7 13 19 23 26 28 27 26 25 25 26201217TY 257 371811 289999999999999911 6  12145 2599999999999999
 27 30 33 35 36 34 30 25 18 12  7  3  2  4  8 14 19 23 25 26 25 25 24 24201218TY 344 3619 1 26999999999999991155  22225 2499999999999999
 25 26 29 31 33 33 31 28 22 16 11  7  5  4  6 10 15 19 22 24 24 24 23 23201219TY 430 331951 24999999999999991242  42326 2399999999999999
 23 23 25 27 29 30 30 28 24 20 15 11  8  6  6  8 12 16 19 21 23 23 22 22201220TY 516 302041 23999999999999991327  6999999999999999999999
 21 21 22 22 24 25 26 26 24 21 17 14 11  9  8  9 11 14 17 19 21 22 22 21201221TY 6 4 262125 2299999999999999 1 2 211410  899999999999999
 20 20 19 19 20 21 22 22 22 20 18 16 14 12 11 10 11 13 15 18 20 21 21 21201222TY 7 3 222157 2199999999999999 238 191450 1099999999999999
 20 19 18 17 16 17 17 18 19 19 18 17 16 14 13 13 13 14 15 17 19 21 21 21201223TY 836 192221 2199999999999999 411 161526 1399999999999999
 20 19 17 15 14 13 13 14 15 16 17 17 17 16 15 15 15 15 16 17 19 21 22 22201224TY1050 172241 2299999999999999 524 131558 1599999999999999
 21 20 17 15 13 11 10 11 12 14 15 17 18 18 17 17 17 17 17 18 20 22 23 23201225TY1248 1823 1 2399999999999999 612 101631 1799999999999999
 23 21 19 16 13 10  8  8  9 11 13 16 18 19 19 19 19 18 19 19 21 22 24 25201226TY1410 192326 2599999999999999 649  81711 1899999999999999
 25 23 21 17 13 10  7  6  6  8 11 14 17 19 20 21 20 20 20 20 21 23 25 26201227TY15 0 212355 2799999999999999 724  61757 2099999999999999
 27 26 23 20 16 11  7  5  4  5  8 11 15 19 21 22 22 21 21 21 21 23 25 27201228TY1534 22999999999999999999999 759  41840 2199999999999999
 28 28 26 23 19 14  9  5  3  2  4  8 13 17 20 22 23 22 22 21 21 22 24 26201229TY 030 2816 4 2399999999999999 836  21920 2199999999999999
 28 29 29 26 22 17 11  6  3  1  2  4  9 14 18 21 23 23 22 21 21 22 23 25201230TY 1 8 291636 2399999999999999 915  11956 2199999999999999
 28 30 30 29 25 21 15  9  4  1  0  1  5 10 15 19 22 23 22 21 21 21 22 23201231TY 146 301712 2399999999999999 956  02027 2199999999999999
