 67 47 36 35 44 62 85108127137138130117102 90 84 85 9310311412112111410120 1 1UC 935138203312299999999999999 237 341520 8499999999999999
 83 66 52 46 48 59 76 96114127133132123111 98 88 83 84 89 9810611111110620 1 2UC1016134213211299999999999999 315 461623 8399999999999999
 96 83 71 62 59 62 73 87103117127130127119107 95 85 79 78 81 88 9610210420 1 3UC11 113023 510499999999999999 358 591741 7799999999999999
102 96 88 80 73 71 75 83 95107119126129125117104 91 79 71 68 71 78 87 9620 1 4UC1155129999999999999999999999 454 711859 6899999999999999
102105103 98 91 85 82 83 89 99109120127129125115100 84 69 59 55 59 68 8120 1 5UC 1 5105125212999999999999999 612 8220 1 5599999999999999
 95106112113109102 94 89 88 92101111122129131125112 94 74 56 44 41 48 6120 1 6UC 239113134513199999999999999 740 882049 4199999999999999
 80 99115124125120110100 92 90 93102114126134134125108 84 60 40 28 28 3920 1 7UC 341125143213599999999999999 854 892131 2799999999999999
 59 84108127136136127114101 91 89 94105120133140137123100 71 44 23 13 1720 1 8UC 428137151414099999999999999 950 892211 1399999999999999
 35 62 92120139147143131114 98 88 88 96111128141146138118 89 56 26  6  120 1 9UC 5101471555146999999999999991035 872251  199999999999999
 11 36 69103132150155146129109 93 85 87100118136148149137111 77 41 11 -620 110UC 5491551635151999999999999991116 842331 -899999999999999
 -6 11 41 79115143158158145124102 87 82 88105125144154150132102 64 28  020 111UC 6291601717154999999999999991155 82999999999999999999999
-12 -7 16 51 90126151161156138115 94 81 80 91110131148155147125 92 54 1920 112UC 7 8161175915599999999999999 011-131235 7999999999999999
 -5-12 -1 27 64103135155160150129105 86 77 79 93113134149152141116 83 4620 113UC 747160184415299999999999999 053-121317 7699999999999999
 16 -2 -4 12 41 78114141155154140118 96 79 73 79 94113132144144132108 7620 114UC 825157193214699999999999999 135 -514 1 7399999999999999
 45 20  8 11 29 58 92123144152146130108 88 74 70 77 9111012613513412210120 115UC 9 4152202513699999999999999 217  71450 7099999999999999
 74 49 31 24 30 49 76104129143146137120 99 81 70 67 73 8610111512312311420 116UC 943146212912499999999999999 3 0 241548 6799999999999999
 97 77 59 46 44 51 68 91113131140139129112 93 76 66 62 66 77 9010211111420 117UC1024141225211499999999999999 346 431656 6299999999999999
109 99 86 73 65 64 71 84101118131136133123107 89 73 61 55 57 65 77 9010120 118UC11 9136999999999999999999999 439 631815 5599999999999999
108110106 98 89 83 81 85 95107119129133130120104 86 68 54 46 45 52 65 8020 119UC 04511012 513399999999999999 548 811934 4599999999999999
 96108115116112104 97 93 94 99108119127131129119103 83 63 46 35 33 41 5620 120UC 238117131013299999999999999 722 932041 3399999999999999
 76 96114125128124115106 99 96 99108118128133131120102 79 55 35 23 22 3320 121UC 354128141513399999999999999 855 962135 2199999999999999
 52 77102123136138132120107 97 94 97107120131137134120 98 71 45 24 13 1520 122UC 44613915111379999999999999910 2 942221 1299999999999999
 30 54 84113134145145135119103 92 89 95108124136141135118 92 61 33 13  520 123UC 5271471559141999999999999991049 8923 1  599999999999999
 13 33 63 96125145152146131111 94 85 86 96113130142144134112 81 49 21  520 124UC 6 21521641145999999999999991126 842337  299999999999999
  3 17 43 77110137151152141121100 85 79 85100120137147144128101 68 36 1220 125UC 6331541718147999999999999991159 79999999999999999999999
  2  7 27 58 93124146153147130108 88 77 77 88107127142147139118 88 55 2620 126UC 7 2153175414799999999999999 010  21229 7599999999999999
  8  5 18 43 76109136150150137116 94 77 71 77 93114133144143130105 74 4420 127UC 730151182814599999999999999 041  41259 7199999999999999
 21 10 15 34 63 95124143149141123101 81 70 70 80 99119135141135118 92 6220 128UC 75614919 214199999999999999 111 101330 6899999999999999
 37 22 19 31 54 83112134144143129109 88 72 66 71 84103120132134124105 8020 129UC 821145193813499999999999999 139 1914 4 6699999999999999
 55 37 29 34 50 74101124138141133116 96 78 67 65 72 87104118125123112 9420 130UC 846142201812699999999999999 2 7 291441 6499999999999999
 73 55 43 42 52 70 92114130137134122105 86 72 64 65 73 8610111211611310320 131UC 91313721 511699999999999999 236 421525 6399999999999999
 88 72 60 55 59 70 86105121130132126113 96 80 68 62 64 71 82 9410310710520 2 1UC 942132221010799999999999999 3 7 551619 6299999999999999
 98 88 78 71 70 75 85 98112122127126118106 91 77 66 60 60 65 75 85 9410020 2 2UC1017127235210299999999999999 345 701729 5999999999999999
102 99 94 89 85 84 88 95104113120122120113102 88 74 62 54 52 56 65 76 8820 2 3UC11 6122999999999999999999999 440 841849 5299999999999999
 98104107105102 98 96 96 99104111116119119113102 87 71 56 45 41 44 54 6920 2 4UC 2 7107121912099999999999999 626 9520 3 4199999999999999
 85101112118118114108102 98 98101108115120121116103 85 65 46 32 27 31 4520 2 5UC 332119134112199999999999999 831 9721 2 2799999999999999
 65 88109124132130123112101 94 93 97107117125128121105 82 56 32 16 12 2020 2 6UC 422132144612899999999999999 944 932152 1199999999999999
 39 66 95121138144139126110 96 87 87 95109124134136126105 76 44 17  1 -120 2 7UC 5 21441540137999999999999991031 862237 -299999999999999
 13 39 73107135150152142123102 86 78 82 95114133144144130102 67 32  3-1120 2 8UC 5381531629146999999999999991111 782320-1299999999999999
 -8 12 46 85121147159155138114 90 74 70 79 98122142153149129 97 58 21 -620 2 9UC 6141601716153999999999999991148 70999999999999999999999
-16 -7 20 58 99135157162151128100 76 63 64 79102128149157149125 89 49 1420 210UC 64816318 215799999999999999 0 1-161226 6299999999999999
 -9-12  3 35 75115146161159141113 84 63 54 61 80106133151156144118 82 4420 211UC 722163184815699999999999999 041-1313 4 5499999999999999
 13 -2  1 21 55 94129153160150127 97 70 52 49 59 81108132148149135109 7620 212UC 754160193615099999999999999 121 -31344 4899999999999999
 44 21 13 21 45 77111139153152136111 82 59 46 47 60 8110612713913812410120 213UC 825155202714099999999999999 159 131427 4599999999999999
 74 50 35 34 46 69 98124143148141122 96 71 52 44 47 60 7910011712612511420 214UC 856148212412799999999999999 236 331515 4399999999999999
 97 78 62 55 58 70 90112130140139128109 86 66 51 44 47 58 74 9110411311420 215UC 926141223811499999999999999 314 551611 4499999999999999
108 98 87 78 75 80 90104119129133129118101 82 65 52 46 47 54 66 79 9210220 216UC10 0133999999999999999999999 355 751723 4599999999999999
107107104 99 95 93 96102110118123125121112 99 83 68 55 46 44 47 56 68 8220 217UC 036108104712599999999999999 455 931855 4499999999999999
 96106112114112109105104104107112116118117112101 87 71 55 43 37 38 46 6020 218UC 256114121311999999999999999 7101032023 3799999999999999
 78 96112122126123117109103 99100105111117119116106 90 71 52 37 29 29 3920 219UC 4 4126135911999999999999999 919 992126 2899999999999999
 58 80103122133135129118105 95 90 92100110120125122110 91 68 45 28 20 2320 220UC 4431351510125999999999999991013 902212 1999999999999999
 38 62 89115134142139127111 95 84 81 87100115127132127111 87 59 34 18 1320 221UC 51414216 0132999999999999991048 812250 1399999999999999
 22 44 73103129144147137119 98 81 73 75 87105124136138128106 78 48 23 1020 222UC 5421471641139999999999999991118 722323  999999999999999
 12 28 56 89119141150145128105 83 68 65 74 93115133143140124 97 65 35 1520 223UC 6 71501716144999999999999991145 652353  999999999999999
  9 18 42 74107134149150136113 88 67 58 63 79102125142146137114 84 51 2620 224UC 6311511750146999999999999991211 58999999999999999999999
 12 15 32 61 94125145151142121 95 70 55 54 65 87112134145144128101 70 4120 225UC 654151182314799999999999999 021 111237 5399999999999999
 22 17 28 52 83114138149146129103 76 56 48 54 71 96121138144136116 88 5920 226UC 716150185614499999999999999 048 1713 5 4899999999999999
 36 25 30 47 74104130145147134112 85 61 47 46 58 79104125138138125103 7720 227UC 737148193014099999999999999 113 251334 4599999999999999
 53 38 36 47 68 95121138145138119 94 69 51 43 48 64 86108126133128114 9220 228UC 75814520 713399999999999999 139 3514 6 4399999999999999
 71 54 47 52 67 89112130140138124103 80 59 46 44 53 69 9010912112411810420 229UC 819140204912499999999999999 2 5 471441 4499999999999999
 87 71 62 61 70 85104121132134126110 90 70 54 46 47 57 72 8910411311510920 3 1UC 842135214111599999999999999 233 601522 4599999999999999
 99 87 78 74 77 86 99113123128125115 99 82 65 53 48 49 57 70 84 9710510820 3 2UC 9 712823 210899999999999999 3 5 741616 4799999999999999
106100 94 89 88 91 98106114119120116106 94 79 66 55 48 48 53 63 76 88 9820 3 3UC 939120999999999999999999999 348 881734 4799999999999999
105108108105103101100102106109112113110104 95 82 68 56 46 42 44 52 65 8020 3 4UC 126108104411399999999999999 5341001910 4299999999999999
 95107116119118114108103100 99102105109111109101 88 71 54 39 31 31 40 5620 3 5UC 31311913 111199999999999999 838 992031 3099999999999999
 76 98116128132129120108 98 91 90 94103112119119111 95 72 49 29 17 17 2920 3 6UC 4 2132143312099999999999999 943 892130 1599999999999999
 51 79107129142144135119101 86 78 79 89105120131132121 99 70 40 16  4  620 3 7UC 4381441535133999999999999991021 772219  399999999999999
 24 53 88120143154149133110 87 70 64 71 89111132145144128100 64 30  5 -520 3 8UC 5121541627146999999999999991056 6423 3 -599999999999999
  3 28 64102135156160148123 94 68 53 53 67 92121144156152131 97 58 22 -120 3 9UC 5441611715157999999999999991131 512344 -699999999999999
 -5  9 40 80120150164159138107 74 49 39 45 67 98130153163154128 91 52 1920 310UC 61516418 21639999999999999912 7 39999999999999999999999
  2  4 25 60100136159164150122 87 54 34 30 43 70104135157162150122 85 4920 311UC 646165184816299999999999999 023  01243 2999999999999999
 23 14 23 48 83120148161157135102 67 39 24 27 45 75108136153155140113 8120 312UC 715162193515699999999999999 1 1 141321 2399999999999999
 52 35 33 47 73105134153156143117 83 52 30 22 29 50 7810813214414312910620 313UC 742157202414699999999999999 137 3214 1 2299999999999999
 81 61 52 56 72 96121141150145126 99 69 44 28 25 35 55 8010412313213011920 314UC 8 9150211913299999999999999 212 521443 2599999999999999
102 86 74 72 79 93112129139140130111 87 63 44 33 33 42 58 78 9711111811820 315UC 834141222911999999999999999 246 721533 3299999999999999
112103 94 89 90 96107118127131127117100 82 64 50 42 41 47 58 73 8710010820 316UC 9 1131999999999999999999999 325 891636 4099999999999999
112112109105103103106110115119119116108 97 83 70 58 50 46 48 55 65 78 9120 317UC 026112 93712099999999999999 4311031810 4699999999999999
103112117118115112108106105106107109109106100 90 78 66 55 47 45 49 58 7220 318UC 245118112710999999999999999 7561051953 4599999999999999
 89105118125126122114105 98 94 94 98103108110107 99 85 70 54 43 39 42 5420 319UC 341127135811099999999999999 930 9421 4 3999999999999999
 72 93113128134132122109 95 85 81 84 93104114119116105 88 68 49 36 32 3920 320UC 41413415101199999999999999910 4 812152 3299999999999999
 56 79104125138140132116 97 80 71 71 80 95111124129123107 85 60 40 28 2920 321UC 4411411557129999999999999991031 702229 2799999999999999
 41 64 92118138145140124102 80 65 60 66 82103123135136125103 76 50 31 2420 322UC 5 61451635137999999999999991056 6023 0 2499999999999999
 31 51 79109133147147133110 84 62 51 53 68 91115135144139121 95 65 40 2620 323UC 5291491710144999999999999991120 502329 2499999999999999
 26 41 67 98126145151141119 91 64 46 43 53 75103128145148136113 83 54 3420 324UC 5511511742148999999999999991145 422356 2899999999999999
 28 36 58 87117141151147128100 70 46 36 41 59 87116139150146128101 71 4720 325UC 6121521815150999999999999991211 35999999999999999999999
 34 36 52 78108134149150135109 78 50 33 31 45 69100127145150139117 89 6320 326UC 632152184815099999999999999 022 331237 3099999999999999
 46 41 51 72100126145150141119 89 59 36 27 34 53 81110134146144129106 8020 327UC 652150192214799999999999999 048 4113 5 2799999999999999
 60 51 54 69 92117137147143126 99 70 44 29 28 40 63 91118136142135118 9620 328UC 713147195814299999999999999 114 501335 2799999999999999
 76 63 61 70 88109129141141130108 82 55 36 28 33 49 73 9811913213412510920 329UC 734143203813499999999999999 141 6114 7 2899999999999999
 92 78 72 75 86103119132136130115 93 69 48 35 33 41 57 7810011612512511720 330UC 755136212812699999999999999 210 721445 3299999999999999
105 93 85 84 89 99111122128127118102 83 63 48 39 38 46 61 78 9610911711820 331UC 819129224011899999999999999 244 841533 3899999999999999
114107100 96 96 99106113118120116108 95 80 65 52 44 43 48 59 73 8810111020 4 1UC 849120999999999999999999999 335 951644 4399999999999999
115116114110106104103105107109110108104 96 85 72 59 49 43 44 51 63 79 9520 4 2UC 043116 95411099999999999999 5441031824 4399999999999999
109119124124120113106100 96 96 99103107108104 95 81 65 50 39 35 40 53 7220 4 3UC 229125124610899999999999999 831 961956 3599999999999999
 94114128136134126113 99 88 82 83 90101112119118108 91 69 47 31 25 31 4720 4 4UC 321136142512099999999999999 921 8221 2 2599999999999999
 72 99124141147141125105 85 71 66 72 86105123134134121 98 69 42 23 17 2620 4 5UC 359147152913599999999999999 957 662154 1799999999999999
 48 79111138153154140116 89 65 51 50 64 87114137149147130101 67 37 18 1520 4 6UC 4321551621150999999999999991031 492240 1499999999999999
 29 57 93127152162154132100 67 43 33 39 61 92125150162156133100 64 34 1820 4 7UC 5 416217101629999999999999911 6 322321 1799999999999999
 21 41 74111143162163146116 78 45 23 20 34 63100135159168158132 97 62 3620 4 8UC 5341651757168999999999999991142 19999999999999999999999
 27 36 60 94129155165157132 95 56 26 10 14 35 69108141163167154126 93 6320 4 9UC 6 4165184416899999999999999 0 1 271219  999999999999999
 45 42 56 83115143160161144113 75 39 14  6 16 41 76113143159160145119 9120 410UC 632163193216299999999999999 039 411257  699999999999999
 69 58 61 78104130150158150127 94 58 28 11  9 23 50 8311513915114913411320 411UC 7 0158202115299999999999999 115 571336  899999999999999
 92 78 74 81 98119138149148135110 79 49 26 16 19 34 59 8711313113913712520 412UC 727151211414099999999999999 151 741417 1599999999999999
110 97 89 89 97111126137141135119 96 71 48 32 27 31 45 65 8810712112812720 413UC 754141222012899999999999999 229 8815 3 2799999999999999
120111103 99101107116124129128121107 89 70 54 43 39 43 53 68 8510011212020 414UC 823130235512199999999999999 316 9916 0 3999999999999999
121119115110107106108112115117115110101 89 76 64 55 50 51 57 68 81 9510720 415UC 9 2117999999999999999999999 4431061721 5099999999999999
116122123120115109105102102103105106105101 94 85 74 64 57 54 57 65 77 9220 416UC 143123111010699999999999999 74410219 1 5499999999999999
107119126128124116106 97 91 89 91 96102107108103 94 82 69 58 53 54 62 7720 417UC 245128134110899999999999999 857 892020 5299999999999999
 95112126133133124111 96 83 76 76 83 94105114117113101 85 68 55 49 52 6320 418UC 323134145411799999999999999 931 752114 4999999999999999
 81103122136140133118 99 81 67 63 68 81 98115125127119104 83 64 50 46 5320 419UC 353140154212899999999999999 958 632154 4699999999999999
 69 92115134144141128106 83 63 52 53 66 86108127136135122101 78 58 46 4720 420UC 4191441621137999999999999991024 512228 4599999999999999
 59 81106130145148137116 88 63 46 41 50 70 97122139145138120 95 70 53 4620 421UC 4431481656145999999999999991050 412259 4699999999999999
 53 71 97123143151145126 97 67 44 32 36 53 81110135149149136113 86 64 5120 422UC 5 51511730151999999999999991116 322328 5099999999999999
 52 65 88115138151151135108 76 47 28 25 37 62 94124146155148130104 79 6120 423UC 52715318 4155999999999999991142 242356 5599999999999999
 55 62 81107131149153143119 87 55 30 19 24 45 75108136153155143121 95 7420 424UC 5491531838156999999999999991210 19999999999999999999999
 62 63 77 99123143152147129100 66 37 20 17 30 56 89120143154150134111 8920 425UC 611152191315499999999999999 024 611239 1699999999999999
 73 68 76 93114135148148136111 80 50 27 17 22 40 6910012714514914212410420 426UC 634150195115099999999999999 053 681310 1699999999999999
 86 77 78 89106125140145138120 94 65 39 23 20 30 51 7910712914214213311720 427UC 658145203314399999999999999 124 761344 1999999999999999
101 89 85 89101116130138137126106 81 56 36 26 27 39 60 8510912713513512620 428UC 724139212413699999999999999 158 851424 2599999999999999
114102 95 93 98108119128131126113 95 74 54 39 32 35 47 65 8610612112912920 429UC 754131223213099999999999999 241 931514 3299999999999999
124115107102100103109115120121116106 92 75 59 46 40 41 50 65 8310111612520 430UC 838121999999999999999999999 3481001622 4099999999999999
128126120113107102101103106110111110105 96 83 69 55 46 44 49 61 78 9611320 5 1UC 0 5128101111299999999999999 5541011750 4499999999999999
126132132127117107 97 92 90 93 99106111112106 95 80 64 50 44 45 56 74 9520 5 2UC 131133123811299999999999999 748 901918 4399999999999999
115131140140131116100 85 76 74 80 92106118124121109 91 70 52 41 42 54 7420 5 3UC 227141141212499999999999999 842 742028 4099999999999999
 99123141149145130108 85 66 56 57 70 89111130139136122 99 73 52 40 42 5620 5 4UC 3 9149151714099999999999999 924 552124 3999999999999999
 81109135152156145122 93 65 44 37 44 64 92121143153149131104 75 52 42 4620 5 5UC 34515616121549999999999999910 2 372212 4199999999999999
 65 93123148161157139108 74 43 24 21 35 63 98131155164157135106 76 55 4820 5 6UC 41916117 3164999999999999991039 202257 4899999999999999
 57 79109138158164153126 90 52 23  8 12 34 67106140163169159135105 78 6120 5 7UC 4511641752170999999999999991118  82338 5899999999999999
 59 72 96125150164162143110 70 34  9  0 11 38 75114146166169156131104 8120 5 8UC 5221651840170999999999999991156  0999999999999999999999
 70 73 88113138157163153128 92 54 22  3  1 17 47 8412014816316314812610320 5 9UC 553163192816599999999999999 018 691235  099999999999999
 86 80 87104126146157156140112 77 43 17  5  9 28 58 9212314615615314012020 510UC 624158201615799999999999999 057 801315  499999999999999
103 92 91 99115133146151144125 98 67 39 20 14 22 41 68 9812314114714313120 511UC 65515121 614799999999999999 137 901357 1499999999999999
117104 98 99108120133141140131112 88 63 42 29 27 36 54 7710112113413813520 512UC 72814222 113899999999999999 220 971441 2699999999999999
126115106102104110119127131128118103 83 65 49 41 41 49 64 8210111712813220 513UC 8 713123 713299999999999999 3131021532 4099999999999999
130123115108104104107112117119116110 98 85 71 60 53 52 59 70 8510111512520 514UC 9 1119999999999999999999999 4331041634 5299999999999999
129129124116108102 99 99102105108109106100 91 80 70 63 61 65 74 8610111520 515UC 021130104510999999999999999 627 981752 6199999999999999
125131130125115104 95 89 87 90 95102107109106 99 89 78 69 65 67 75 8810320 516UC 127131125610999999999999999 752 871911 6599999999999999
118129135133124111 96 83 76 75 80 90101111116115108 96 83 72 67 69 77 9220 517UC 215135142011699999999999999 840 742016 6799999999999999
109125136139133120101 83 68 62 64 74 90106120126124115100 84 72 67 70 8220 518UC 252139151612699999999999999 915 6121 7 6799999999999999
 99118134143141130110 87 66 52 49 57 74 96116131137132118100 83 71 68 7520 519UC 32314416 113799999999999999 946 492149 6899999999999999
 90110129143147139121 95 69 48 38 41 56 80107129143145136118 98 80 71 7120 520UC 3501471640146999999999999991016 372225 7099999999999999
 83101123141150147132106 76 49 31 28 39 62 91120142152150136115 93 78 7220 521UC 4171511717153999999999999991045 272259 7299999999999999
 78 94115136150153142119 88 56 31 20 24 42 72104133152158150131109 89 7720 522UC 4421531753158999999999999991115 192332 7699999999999999
 77 88107128146154149131102 68 38 18 14 26 51 84118144158158145125103 8620 523UC 5 81541830160999999999999991146 14999999999999999999999
 80 84 99120139152153141116 84 51 25 12 15 33 63 97128150159154138117 9820 524UC 53515419 715999999999999999 0 4 801218 1199999999999999
 86 85 94111130146152147128100 67 38 17 11 21 44 7510813515215614813111220 525UC 6 4152194715699999999999999 038 841253 1199999999999999
 96 89 91103119136147147137115 86 56 31 17 16 30 54 8511513815015014012520 526UC 635148203115299999999999999 114 891332 1599999999999999
108 97 93 98110124136142139125103 77 50 31 21 24 39 64 9211813714614513520 527UC 710143212114799999999999999 155 931415 2199999999999999
121108 99 97102112123132135130116 96 73 51 36 29 34 48 70 9511813414214020 528UC 753135221914299999999999999 246 9715 6 2999999999999999
132120109101 98101108117123126122111 95 76 58 44 39 42 55 74 9711713214020 529UC 854126232514099999999999999 356 9816 7 3999999999999999
139132121109100 95 95 99106113118118112100 85 68 55 48 50 60 77 9711713220 530UC1029119999999999999999999999 529 941720 4899999999999999
140141133121107 94 85 82 86 94104114119118110 97 81 66 57 56 64 7910012020 531UC 031142122312099999999999999 656 821837 5599999999999999
136144144134119100 82 70 66 71 82 98114125129124110 93 76 64 61 68 8310420 6 1UC 127145135512999999999999999 759 661948 6199999999999999
125142150147133112 88 66 52 48 56 73 96118135141137123103 83 70 66 73 9020 6 2UC 21415015 614299999999999999 849 482051 6699999999999999
112134150155147128101 72 47 33 32 45 69 98126146154148132110 89 75 72 8120 6 3UC 25615516 615499999999999999 933 312146 7199999999999999
 99122143157158145119 87 54 29 17 21 40 70104135156163156138114 93 80 7920 6 4UC 33415917 0163999999999999991016 172235 7899999999999999
 90110133152162157138107 71 38 14  7 16 40 75112143163168158138115 95 8420 6 5UC 4111621749168999999999999991057  72321 8499999999999999
 86100121143158163152128 93 56 25  5  3 18 46 83120149166168156135113 9620 6 6UC 4481631837169999999999999991139  2999999999999999999999
 89 94110130149161159143115 80 45 17  3  6 25 56 9312715316516415013011020 6 7UC 524162192216699999999999999 0 4 891219  399999999999999
 97 94102118137152158152132103 69 38 16  8 16 37 6810213215316115614112320 6 8UC 6 115820 616199999999999999 045 9313 0  899999999999999
106 97 98108123139150152141120 92 61 36 20 18 29 52 8111113515115414713220 6 9UC 638152204815499999999999999 126 961340 1799999999999999
116104 98101111125137144142130109 84 59 39 29 31 44 66 9211713614614713820 610UC 717144213114899999999999999 2 9 981421 2899999999999999
125111102 98102111122131135131119101 80 60 46 41 45 59 7910112113514214020 611UC 8 1135221514299999999999999 257 9815 3 4199999999999999
131119108100 97100107116123125121112 97 80 66 56 53 59 71 8910712313413820 612UC 85412523 313899999999999999 356 971550 5399999999999999
135127116105 97 93 95100107114116115108 97 85 74 67 65 70 81 9611112513420 613UC10 9116235613699999999999999 510 931644 6599999999999999
136133124113101 91 86 86 91 98105111112109102 93 84 77 75 79 8810111512720 614UC1152113999999999999999999999 629 861749 7599999999999999
135137132122108 94 83 76 76 81 90101110115116111102 93 85 82 85 9310511820 615UC 049137133111699999999999999 734 7519 2 8299999999999999
130137138131118102 84 71 64 64 73 86101115123125120110100 91 87 89 9710920 616UC 137138144512599999999999999 824 632010 8799999999999999
123135141139129112 91 71 56 51 55 68 87107123133135128117104 93 89 9210120 617UC 219141154013599999999999999 9 4 5121 7 8999999999999999
115130141145139124101 77 55 42 40 49 68 92116135144143134119104 93 90 9520 618UC 256145162514599999999999999 941 392155 9099999999999999
107123138147147136115 88 60 39 29 32 48 73102128146153149136118102 92 9120 619UC 33014817 5153999999999999991016 282236 9199999999999999
 99114131145151146129102 71 43 25 19 29 52 82114140156159150133114 99 9120 620UC 4 31511744159999999999999991051 192314 9199999999999999
 94106123140152153142119 88 55 29 14 15 31 59 93126150162160148128109 9620 621UC 4371541822163999999999999991127 132351 9299999999999999
 92 98113132148156152134107 73 41 18  9 16 38 7010513615716415814212210420 622UC 51115619 11649999999999999912 4  9999999999999999999999
 93 94104120139152155146125 94 61 31 13  9 21 47 8111514316016315313511520 623UC 548156194216399999999999999 029 921243  899999999999999
 99 93 96109126142152152139115 84 52 27 13 14 30 58 9212414816015814612720 624UC 628154202316199999999999999 1 9 921325 1199999999999999
109 96 92 98111128142149145131107 77 49 28 19 24 42 7010113014915715313920 625UC 71214921 715799999999999999 153 9214 9 1899999999999999
121104 94 92 98111125137142138124101 75 51 34 29 36 55 8110913414915314720 626UC 8 4142215215399999999999999 244 911456 2999999999999999
133115100 91 89 94106119130134131119100 79 59 46 42 50 68 9111613614815020 627UC 9 7134224015099999999999999 343 881548 4299999999999999
142128111 95 86 83 87 97109120127126119105 87 71 60 57 64 7910012113714720 628UC1028128233114899999999999999 453 831647 5799999999999999
147138123106 89 78 73 76 85 98111121126123113 99 85 75 72 77 8910712413920 629UC12 6126999999999999999999999 6 7 731754 7199999999999999
147146136120100 81 67 60 62 72 87105120129131125113100 89 84 86 9711212820 630UC 024147134313199999999999999 716 6019 9 8499999999999999
141148146135116 93 71 54 46 48 60 80101122136141137126112 99 92 9310211620 7 1UC 11714815 314199999999999999 817 462023 9299999999999999
132144150147133111 84 59 41 32 36 52 76103127145152148136120106 97 9710520 7 2UC 2 815016 815299999999999999 911 322130 9699999999999999
120136149153147130104 74 47 28 21 28 48 77108135154161155141123107 98 9920 7 3UC 25815417 216199999999999999 959 212226 9799999999999999
109125141153156147125 96 63 35 17 14 25 50 82116144162166158141121105 9820 7 4UC 3441571749166999999999999991045 132314 9799999999999999
100112130147157157144119 86 53 26 11 12 28 57 9212615216716715513611510120 7 5UC 4281591831168999999999999991128 102356 9699999999999999
 96102117135151159155138110 76 44 20 10 16 37 6810313515816716314712710820 7 6UC 51015919101679999999999999912 8 10999999999999999999999
 96 95105122140154158150129 99 67 38 19 15 26 50 8211614416016415513711620 7 7UC 551158194516499999999999999 035 941246 1499999999999999
100 93 96108126143153153141119 89 59 35 23 25 40 66 9812714915915714412520 7 8UC 630155201816099999999999999 112 931323 2299999999999999
106 94 91 97111128143149146131108 81 55 38 32 39 57 8311213615115514813220 7 9UC 710150205015599999999999999 149 911357 3299999999999999
114 98 90 90 99113128139142136121 99 75 56 45 44 55 75 9912314115014913820 710UC 751142212215199999999999999 228 891431 4399999999999999
122105 92 87 89 98112124133134126112 93 75 61 56 59 72 9111213114314614120 711UC 837134215414699999999999999 312 8715 7 5699999999999999
129114 99 88 84 87 96107118125125119107 93 80 71 69 75 8710412013414214220 712UC 934126223114399999999999999 4 4 841546 6999999999999999
135123108 94 84 81 83 91101110117119116108 98 89 83 83 88 9911212513513920 713UC1051119231513999999999999999 5 6 811634 8299999999999999
138130118103 90 80 75 76 83 93104112117117113107100 95 94 9810611612613420 714UC1232118999999999999999999999 616 751741 9499999999999999
137135127114 99 84 72 66 67 74 86 9911212012412211711010510210410911812720 715UC 0 8137141112499999999999999 722 6619 710299999999999999
134137134126111 93 76 62 56 57 67 82 9911612813413312711811010510511011820 716UC 1 6137152213499999999999999 819 55203210599999999999999
128136139135124106 85 65 50 44 48 61 8110312413814414213412211110510411020 717UC 2 1139161314599999999999999 9 7 44213610499999999999999
120131140143137122 99 74 52 37 32 40 59 8411213515015414913612110910210220 718UC 251143165615499999999999999 951 32222410199999999999999
111124137146147137117 90 62 38 24 23 37 61 92122146160160151134117103 9820 719UC 3361481734162999999999999991032 2223 5 9799999999999999
101113130145153151136111 79 48 24 13 18 38 68103134157167163148128109 9620 720UC 4181541812167999999999999991113 132343 9399999999999999
 94102118137152158152132102 68 36 14  8 18 43 7811514616517016014111910020 721UC 5 11581849170999999999999991153  8999999999999999999999
 90 92104124144158161150126 93 58 27 10  9 25 54 9112715516916815413110820 722UC 545161192517199999999999999 021 891234  799999999999999
 91 85 91107128148160160146119 85 51 24 12 16 36 6810513816116916214412020 723UC 63016220 216999999999999999 1 0 851315 1199999999999999
 97 83 81 90108130148158155139112 80 49 28 21 30 53 8511814616316515313220 724UC 718159203816699999999999999 141 801356 2199999999999999
108 88 77 78 89108128145152148132107 78 54 38 36 48 7110113015116115814320 725UC 8 9152211416199999999999999 227 761439 3599999999999999
121 98 81 73 75 87104123137144140126105 83 64 54 55 68 8911513715215614920 726UC 9 8144215115699999999999999 317 721523 5399999999999999
132111 91 76 69 71 82 97114128134133123108 92 79 72 75 8710412414015015020 727UC1019135223115199999999999999 414 681612 7299999999999999
141125105 86 71 64 65 74 88104117127129125116105 95 91 9310111412814014620 728UC1152129231914699999999999999 522 641713 9199999999999999
144135120102 83 68 59 58 65 77 9310912213013112711911110510510911812813720 729UC1342131999999999999999999999 638 57183710499999999999999
142141133119100 81 63 52 49 54 67 8510512313514113913212211411011111712620 730UC 021143151414199999999999999 753 49201811099999999999999
135142142135120100 78 58 44 39 45 60 8110612814415114914012811610910911420 731UC 134143161615199999999999999 858 39213610899999999999999
124136144145138121 98 73 50 35 30 38 57 8311213715416015514212611210410420 8 1UC 24114617 216099999999999999 952 30223010399999999999999
112125139149150140121 94 65 41 26 24 36 60 90122147162165155138119104 9720 8 2UC 3381511741165999999999999991038 232311 9699999999999999
100112129145155154141117 87 56 32 20 23 41 69103134157167164149128108 9420 8 3UC 4261561815168999999999999991119 202346 9099999999999999
 91 99115135151159154137109 77 47 26 20 29 51 83117146164168158138115 9520 8 4UC 5 81591845168999999999999991156 20999999999999999999999
 86 88101121142157160151129 98 66 40 25 25 40 6710113215616616214612310020 8 5UC 547161191416699999999999999 018 851229 2399999999999999
 85 81 89107128148159157143118 87 58 37 29 37 57 8711814516116315213110820 8 6UC 624160194016499999999999999 049 8113 0 2999999999999999
 88 78 80 93113134150156150132106 77 53 40 40 53 7710613315316015513811620 8 7UC 7 015620 416099999999999999 120 771330 3899999999999999
 94 79 74 81 97118137149150140120 96 72 55 49 56 73 9712314415515514412420 8 8UC 737151202815799999999999999 153 741358 4999999999999999
102 84 74 74 84101120136143141130111 90 72 63 63 74 9211413514815214613120 8 9UC 818144205315299999999999999 228 721427 6199999999999999
111 92 78 72 75 86102119131136132121106 90 79 75 79 9110812614014714613620 810UC 9 4136212014899999999999999 3 8 721459 7599999999999999
120102 86 75 71 76 86100114124128125117106 96 90 89 9510511913113914213720 811UC10 4128215114299999999999999 356 711536 8999999999999999
127112 97 83 74 71 74 83 9510711712212211811210610210210611412313113513620 812UC1132122223313699999999999999 457 71162910299999999999999
131121109 95 82 72 68 70 77 8810011112012412412111711411211311712212713120 813UC1334124234113199999999999999 611 6818 711299999999999999
131128120108 94 80 68 62 62 68 80 9511012213113413212712111611411411812320 814UC15 7134999999999999999999999 729 61201711499999999999999
128131130122110 93 75 60 51 51 58 73 9311313014114514213412411510910911420 815UC 11313116 014599999999999999 835 50213210899999999999999
122130136135127111 90 68 49 39 39 50 70 9612114115315514813512010810210320 816UC 226137164015699999999999999 929 37221710199999999999999
112125137145143132111 84 57 36 25 29 46 72103133154164161148129110 97 9320 817UC 3231451716164999999999999991016 252254 9399999999999999
 99113131147155151134107 75 44 23 15 24 47 80116146166171162142118 97 8620 818UC 4121551750171999999999999991058 152329 8499999999999999
 86 98118140158164156134102 65 33 14 11 26 55 93130159174172156130104 8320 819UC 4581641824175999999999999991139 10999999999999999999999
 75 81 99124149166170157130 94 57 27 11 15 36 70109145169176167144115 8820 820UC 544170185617699999999999999 0 4 751219 1099999999999999
 70 68 79102130156170170154124 87 52 27 18 27 53 89126156173172156128 9820 821UC 630172192817599999999999999 041 671259 1899999999999999
 73 61 63 80106134157169166147117 83 53 35 32 47 7410814116317116314111220 822UC 717170195917199999999999999 120 601337 3199999999999999
 83 63 55 62 81107134154162157139112 83 61 50 53 70 9612515016416415012620 823UC 8 7162202916699999999999999 2 1 551416 4999999999999999
 97 73 57 54 63 82106129145152146131110 89 74 69 76 9211513715315915313620 824UC 9 215221 015999999999999999 245 541455 6999999999999999
113 88 68 57 55 64 81101120134140137127113100 91 90 9711012614014915014120 825UC10 9140213315199999999999999 337 541539 8999999999999999
125105 85 69 59 58 64 77 9310912213013112712011310810711112012913814214120 826UC1145132221714299999999999999 440 57163910799999999999999
133120104 87 72 62 59 61 70 84 9911312413113313112612111811812112613113420 827UC1355133233413599999999999999 6 4 59183211899999999999999
134130121108 92 77 64 57 56 62 74 9110812513614214113612812111611511812320 828UC1523142999999999999999999999 737 55204511599999999999999
129133133126114 97 79 62 51 48 54 68 8811013114515114914012711510710511020 829UC 126134161115199999999999999 852 48214810599999999999999
119129137139134119 99 77 57 44 41 49 67 92119141155158151136119104 96 9620 830UC 248140164715999999999999999 947 402227 9599999999999999
105120135145148139121 96 70 48 36 36 49 73102131153163160147126106 91 8520 831UC 3431481718163999999999999991029 342258 8599999999999999
 91106126144154154141118 89 60 40 31 37 56 85117145162166156135111 90 7820 9 1UC 42715617451669999999999999911 6 312327 7799999999999999
 79 92113136154161156137109 78 50 34 32 45 71103134157167162144119 94 7620 9 2UC 5 51611810167999999999999991138 312354 7099999999999999
 70 78 98123146161164152128 97 66 44 34 40 60 90122149164165152128100 7720 9 3UC 54016518341679999999999999912 7 34999999999999999999999
 65 68 83107134155165161143116 85 58 43 41 55 80111139159165157136109 8220 9 4UC 614165185616599999999999999 021 651234 4099999999999999
 65 60 70 91117142159163153132103 76 56 48 55 75101130152163159143118 9120 9 5UC 647163191716399999999999999 048 6013 1 4899999999999999
 69 58 61 76100126147158157142120 94 72 60 61 73 9512114315715914812710020 9 6UC 722159193816099999999999999 117 571327 5999999999999999
 76 60 57 65 84108131147153147131110 89 74 70 77 9211413515015514913311020 9 7UC 759153195915599999999999999 148 561354 7099999999999999
 87 68 58 60 71 91113131143145137122105 90 83 84 9310912614114914713711920 9 8UC 840145202114999999999999999 222 571422 8299999999999999
 98 79 65 60 65 77 95113127135135128117106 97 94 9810812013214014213712520 9 9UC 930136204514299999999999999 3 1 601455 9499999999999999
108 91 76 67 64 69 79 9410912012712812511811210810711011712413113413312720 910UC1043128211513599999999999999 351 64154010799999999999999
117104 90 78 70 66 69 77 8810111212112512612512211811711711912212512712620 911UC1249126221312799999999999999 5 3 66172411799999999999999
122115105 94 82 72 65 65 69 79 9210611912813413513212712111711511511712020 912UC1443135999999999999999999999 639 64202411499999999999999
123124120112 99 84 70 59 55 58 69 8510412213714514514013011911010510611120 913UC 040124153614699999999999999 8 5 55212510599999999999999
119127132130121104 84 64 48 42 46 61 83108132149156153142126109 97 93 9720 914UC 216132161315699999999999999 9 7 4222 1 9399999999999999
109124138145143129107 80 54 36 30 38 58 87119145162165156137114 94 82 8120 915UC 317146164616699999999999999 956 302233 8099999999999999
 92111133151159154135105 72 43 24 22 36 63 99133160172169151125 97 76 6720 916UC 4 71591717173999999999999991040 2123 6 6799999999999999
 73 91118145165171161136101 64 34 19 22 43 76115149171177165139106 77 5820 917UC 4541711748177999999999999991120 182341 5499999999999999
 55 68 95127157175178163133 95 58 31 22 32 58 95133163178174153121 86 5820 918UC 53917918181799999999999999912 0 22999999999999999999999
 44 48 68100135164180179160127 90 57 36 34 50 79116149171177164136101 6720 919UC 625182184817799999999999999 017 431238 3399999999999999
 43 36 47 72106140166178173152121 88 62 49 53 73102134160172168149117 8320 920UC 712178191617399999999999999 054 361315 4999999999999999
 53 36 35 50 77109140161169162142116 90 73 67 76 9612214616216615513110120 921UC 8 1169194516699999999999999 133 341352 6799999999999999
 71 48 37 40 56 82110135151156150134115 97 87 88 9711413415015815414011720 922UC 855156201315899999999999999 216 361430 8699999999999999
 91 66 50 43 48 63 8410612613914313913011810810310511312513714614714112720 923UC10 1143204314899999999999999 3 4 43151310399999999999999
108 88 70 58 53 56 67 82 9911512613313313012411911611712112713213613513020 924UC1139134212413699999999999999 4 5 53162211699999999999999
120107 92 79 68 62 62 67 77 9110511812813313513312812412011912012212412620 925UC135113523 912699999999999999 532 6119 511999999999999999
125120112101 89 76 67 62 63 71 83 9911512913914214013312411611010811011520 926UC15 4142999999999999999999999 719 62205610899999999999999
122126127122111 96 81 67 58 57 65 79 99119136147149143131117104 96 9610220 927UC 136127154514999999999999999 838 572137 9599999999999999
112124133136131118 99 79 62 52 52 62 82105129146155152140122103 89 83 8720 928UC 252136161515599999999999999 931 5122 7 8399999999999999
 99116133144146137120 96 73 54 46 50 66 91118142156159149130107 86 74 7320 929UC 3421471642160999999999999991010 462234 7299999999999999
 84103125144155153139115 88 63 48 44 55 77106133154163157139114 88 69 6220 930UC 42115517 6163999999999999991044 4423 0 6299999999999999
 69 88113138156162154134106 78 55 45 49 67 94124149163163148123 94 69 552010 1UC 4561621729165999999999999991113 452326 5499999999999999
 57 72 97126151165165150125 95 68 51 49 60 84113141160165155132102 73 532010 2UC 5291671751165999999999999991141 482351 4799999999999999
 48 58 80110140161169161141113 84 63 54 59 78104132155165160141112 81 562010 3UC 6 116918111659999999999999912 7 53999999999999999999999
 43 47 65 92124150165166153130102 77 63 62 75 97124147161162148122 92 632010 4UC 634168183216399999999999999 018 431233 6199999999999999
 45 41 52 75105134156165159142118 93 76 69 76 93116139155160152131103 742010 5UC 7 8165185216099999999999999 046 401259 6999999999999999
 51 41 44 61 87116140156158149131109 90 80 81 92110130147155152137113 872010 6UC 743159191315599999999999999 115 401326 7999999999999999
 62 47 43 52 72 97122141151149138121105 93 89 94106122138147148139121 992010 7UC 821151193514999999999999999 146 431355 8999999999999999
 76 58 49 50 61 801021221371421391301171061001001061171291381411371261092010 8UC 9 8142195914199999999999999 222 481428 9999999999999999
 90 72 60 54 57 68 841021181291341321261181121091101141211281321321261162010 9UC1013134202713299999999999999 3 8 54151610999999999999999
103 89 75 65 61 62 70 82 97110121128130128125121117116116118121123122119201010UC12 3130212412399999999999999 414 61171211699999999999999
114105 94 82 72 65 63 66 75 88102116127133136133128122115111109110113117201011UC1358136999999999999999999999 553 6320 710999999999999999
119119114104 91 76 64 57 58 65 79 98116132142145141131119107 99 96 99107201012UC 021119145414599999999999999 729 572058 9699999999999999
117126130127115 98 78 60 49 47 57 75 99123143154154145128108 91 82 81 90201013UC 2 4130153215599999999999999 838 462132 8099999999999999
106125139146142126102 75 52 39 39 53 77107135156164159141116 90 71 63 69201014UC 3 714616 516499999999999999 930 3722 6 6399999999999999
 86111136155162154132102 70 45 33 37 57 87121150168170156129 97 68 50 47201015UC 3581621637171999999999999991015 332240 4699999999999999
 61 87120150170174162135100 66 42 34 44 69103138164176169145111 75 46 32201016UC 44617517 7176999999999999991057 342315 3199999999999999
 37 58 92130161180181163133 96 64 45 42 58 87122154174176160128 89 53 28201017UC 5321831737177999999999999991137 412352 2099999999999999
 21 33 61 99138168183180160128 94 67 54 58 78108140165176169145108 69 36201018UC 61918418 7176999999999999991215 53999999999999999999999
 18 18 36 68107143169180173152123 94 74 68 77 99127152169170156127 90 54201019UC 7 7180183617299999999999999 030 151253 6899999999999999
 28 16 22 44 76111143164170162143119 97 85 85 97117139157165159140110 77201020UC 75617019 516599999999999999 110 161331 8399999999999999
 48 29 23 32 54 83113138154157150135118104 98101112128143153154144125 99201021UC 849158193515599999999999999 152 231411 9799999999999999
 72 50 37 35 45 63 87110130142145140130120111109112120130139143141131114201022UC 95214520 814499999999999999 239 35145910999999999999999
 94 74 59 50 49 56 70 87105121131136135130124118116116120125129130128121201023UC1118136205513099999999999999 337 48161911599999999999999
110 97 83 71 63 60 63 72 85 99113125132135133128122117113112113116118119201024UC13 6135225611999999999999999 457 60185611299999999999999
118113104 94 82 73 67 66 71 81 95110124134138137131121112104100100104111201025UC1417139999999999999999999999 638 662026 9999999999999999
117121120114104 90 78 68 65 69 79 95112129140144140129114100 90 85 88 97201026UC 123121145914499999999999999 8 0 6521 6 8599999999999999
109121129130123110 94 78 66 62 67 81100120138148148138121102 84 74 73 81201027UC 238131153114999999999999999 857 622137 7299999999999999
 96115131140139129112 92 73 62 60 70 88110132148154147130107 84 67 60 65201028UC 328141155815499999999999999 939 6022 5 6099999999999999
 81103125143150146131109 86 68 59 63 77100125145156155140116 88 65 51 51201029UC 4 81501622157999999999999991013 592231 4999999999999999
 64 87114139154157147127102 79 64 61 70 90116140156160149126 97 68 47 40201030UC 4431581645160999999999999991044 602258 4099999999999999
 48 69 99129152163160144119 93 73 63 67 83107133153161156136107 75 48 34201031UC 51716317 8162999999999999991113 632324 3299999999999999
 35 52 80113142161166157136110 86 71 68 79 99124147160160145119 86 55 342011 1UC 5501671730162999999999999991141 682352 2799999999999999
 28 38 62 94127153166164149126101 81 73 78 93116139156161152129 98 66 392011 2UC 62316717521619999999999999912 9 73999999999999999999999
 26 29 46 75108138158165157139115 94 81 80 90109130149158155138111 79 512011 3UC 657165181515899999999999999 021 251237 7999999999999999
 31 26 36 58 88119144158158147128108 92 86 90103122140151153143122 94 652011 4UC 732160183915499999999999999 051 2613 6 8699999999999999
 42 30 32 46 70 99125145153149137120104 95 93101114130142148143129107 812011 5UC 81215319 414899999999999999 124 291337 9399999999999999
 57 41 35 40 56 79105126141145140129116105100102109120131139139131116 962011 6UC 858145193314099999999999999 2 1 35141610099999999999999
 75 57 45 42 49 64 841051231341381341261171101071081131201271301281211082011 7UC 958138201113099999999999999 247 42151210699999999999999
 93 76 62 52 50 55 67 841021171281341331281221151111091101141171201191162011 8UC1123134212612099999999999999 349 5017 210999999999999999
108 96 83 70 60 55 57 66 80 971131261341371341271181091031011011051111152011 9UC1255137235711799999999999999 513 55191410099999999999999
117114107 94 80 67 58 56 62 75 93112129140144140129115101 90 85 86 94105201110UC1358144999999999999999999999 644 562016 8599999999999999
117125127121107 89 71 57 53 58 73 94117137149151143126105 85 71 66 71 86201111UC 143127144215299999999999999 758 532059 6699999999999999
105125138143135118 95 72 56 50 57 75101127148159156141116 88 64 49 47 60201112UC 252143151915999999999999999 857 502137 4699999999999999
 82110136153158148126 98 73 55 51 61 84112140160166156132100 67 41 29 33201113UC 348158155316699999999999999 947 512215 2899999999999999
 53 84119148167169155130100 73 57 57 71 97127154169167149118 80 45 21 13201114UC 4381701626170999999999999991032 552253 1399999999999999
 25 52 90128159175175158130 99 75 63 67 86113142164172163137100 60 26  7201115UC 5271771659172999999999999991115 632332  499999999999999
  6 24 57 97136165178174155127 99 79 73 81102129154169169153122 82 43 14201116UC 6161791731171999999999999991156 73999999999999999999999
  1  7 30 65105141165175168148123 99 85 84 96117140160168161139106 68 34201117UC 7 417518 416899999999999999 012  11236 8399999999999999
 11  4 14 40 74111142161167158140119101 93 95108127146158160148124 93 59201118UC 752167183716199999999999999 054  41316 9299999999999999
 32 16 14 27 52 83114139153156147132116104100104116131144151148134112 84201119UC 842156191315199999999999999 136 13135810099999999999999
 57 37 26 28 41 63 89114134144145138127115107105109118129137140135122103201120UC 936146195214099999999999999 222 26144910599999999999999
 81 61 47 40 43 54 72 93113128137138133124115109107109114121126127123113201121UC1039138204412799999999999999 312 4016 010799999999999999
100 84 70 59 54 56 65 79 95111124132134131124116108104103105109113115115201122UC1152134221811599999999999999 413 54174810399999999999999
110102 91 80 70 65 65 71 82 96110123131134131124114104 96 92 93 96102108201123UC13 1134999999999999999999999 528 641926 9299999999999999
112112108100 89 80 73 71 75 84 97112125134137133122109 95 84 79 80 86 96201124UC 032113135313799999999999999 650 712022 7899999999999999
107116119117108 97 85 76 73 77 87101117131140140132117 99 81 69 65 69 80201125UC 2 5119143314199999999999999 759 7321 1 6599999999999999
 96112124129126115101 87 77 74 79 91108126139145141127106 84 64 53 53 63201126UC 3 612915 614599999999999999 853 742133 5299999999999999
 81102122135139132119101 86 76 75 83 99118136147148137117 91 65 47 40 45201127UC 352139153514999999999999999 937 7422 3 4099999999999999
 63 87113134146146136118 99 83 76 79 91110130146152146128101 71 46 31 31201128UC 43114816 2152999999999999991014 752233 2999999999999999
 44 69 99126146154150135114 94 81 77 85102123142153153139114 82 51 29 21201129UC 5 71551628155999999999999991047 7723 2 2199999999999999
 28 50 80112139156158148129107 89 80 82 95114135151156148126 96 62 34 17201130UC 5421591654156999999999999991119 792332 1599999999999999
 17 32 60 93126149160157143121100 86 82 90106127145156153137110 77 45 212012 1UC 6161611720156999999999999991150 82999999999999999999999
 12 19 41 72107136155160152134113 95 86 87 99118137151155145124 93 60 322012 2UC 652160174815599999999999999 0 4 121221 8599999999999999
 15 13 27 53 85117142156155144125106 93 88 95109127143151148134109 78 482012 3UC 728157181715199999999999999 037 121253 8899999999999999
 25 15 19 37 65 96125144152148135118102 93 93102116131143146139121 95 672012 4UC 8 8152185014699999999999999 113 141330 9299999999999999
 42 25 20 28 48 75103128143147141128113101 95 97106118130138137128110 872012 5UC 853147192713999999999999999 152 201413 9599999999999999
 62 42 29 28 38 58 82107128140142136124112102 98 991061161241291271191032012 6UC 944142201712999999999999999 237 271512 9799999999999999
 84 64 47 38 38 47 65 87109126137139133123112102 97 961001071141191191142012 7UC1044139213312099999999999999 331 371636 9699999999999999
103 88 71 57 48 47 55 70 89109126136138134124111100 91 87 89 941021101152012 8UC1150138232811599999999999999 437 471813 8799999999999999
114108 97 83 69 59 56 61 73 91110127138141136124108 92 79 72 73 79 911042012 9UC1252141999999999999999999999 553 551928 7299999999999999
115121119110 96 81 68 62 65 77 94114132143145138122101 79 62 54 55 65 83201210UC 118121134414599999999999999 711 622023 5399999999999999
103121131133125109 91 76 68 69 81 99120139149149137116 89 62 43 34 38 54201211UC 239134142915199999999999999 820 672110 3499999999999999
 79106129144147137119 99 81 72 74 87107129147156151133105 73 43 23 16 26201212UC 342147151015699999999999999 920 712154 1699999999999999
 48 80112140156158146126103 85 76 80 95117139156160150126 92 56 25  6  4201213UC 4381581550160999999999999991012 762237  399999999999999
 19 48 84121149164164150128104 87 80 87104127148161161145115 78 40 11 -4201214UC 52916616281639999999999999911 0 802320 -599999999999999
 -1 19 53 92129156168165148125103 88 85 95114136155163157136103 64 28  2201215UC 61716917 6163999999999999991144 84999999999999999999999
 -7  1 26 62101135158167160142120100 89 90102122143157161150125 90 53 21201216UC 7 2167174516199999999999999 0 2 -71225 8899999999999999
  1 -3 10 37 73109139158161152134113 97 90 95109127145155153139113 79 46201217UC 746162182315699999999999999 044 -313 6 9099999999999999
 20  6  8 24 51 85116141153153142124107 95 92 99112129142148143126101 71201218UC 82815519 314899999999999999 124  51347 9299999999999999
 44 24 17 22 40 66 95121140147144132116102 93 93100113126135137130114 92201219UC 9 9147194413899999999999999 2 5 171432 9299999999999999
 67 47 33 31 39 57 80104124137140135123110 98 92 93 99109119125125118104201220UC 951140203112699999999999999 245 301526 9299999999999999
 87 68 53 45 46 55 71 91110125134134128118106 96 90 90 94101109114114109201221UC1036135213511499999999999999 326 441634 8999999999999999
 99 86 74 63 59 60 69 83 99114125131131124114103 92 85 83 85 91 98103106201222UC1125132231210699999999999999 414 581758 8399999999999999
105100 91 82 75 71 73 79 90103116125130129123112 99 86 77 73 74 80 88 97201223UC1220131999999999999999999999 513 711916 7399999999999999
104107105100 93 86 81 81 86 95106118127131130121108 92 77 66 61 62 70 83201224UC 110107131513199999999999999 630 812014 6099999999999999
 96107113114110102 94 88 86 90 98109121130134130119102 82 64 52 47 52 65201225UC 24011514 213499999999999999 750 862058 4799999999999999
 82100115124125119109 99 91 88 91101113126135137130114 92 68 49 37 36 46201226UC 339125144313799999999999999 857 882136 3599999999999999
 64 87109126135134125112 99 90 88 93105119133140138126105 78 52 32 24 28201227UC 424135152014199999999999999 948 882211 2499999999999999
 44 69 97121138144139127111 96 88 88 97111128140144137119 92 62 35 18 14201228UC 5 31441554144999999999999991029 872244 1499999999999999
 25 48 78109134148150140124106 92 86 90103120136147146132108 76 44 19  7201229UC 53815016271489999999999999911 5 862318  699999999999999
 10 28 57 91122144154150136117 99 87 86 94111129144150143124 94 60 29  7201230UC 61315417 0150999999999999991139 852358  199999999999999
  1 11 35 68103133151155147129109 93 85 88101119137149150137112 79 45 17201231UC 6491551733151999999999999991212 85999999999999999999999
