 90 68 49 37 35 45 64 87111132144145137124111 99 93 9410111011912512511720 1 1WY1035146213412699999999999999 339 341621 9399999999999999
103 85 68 55 48 51 62 79 98117132140138130119107 97 91 91 9510210811411420 1 2WY1119140223611599999999999999 415 481731 9199999999999999
108 98 85 74 66 63 67 77 91107121132136134126115104 93 85 83 85 90 9710420 1 3WY12 5136999999999999999999999 455 6319 1 8399999999999999
107105 99 92 84 78 77 80 89100112123131134131123111 98 85 75 71 72 78 8720 1 4WY 0 7107125713499999999999999 547 772017 7199999999999999
 97105108106102 96 91 88 90 96105115125132134130120105 89 73 61 56 58 6720 1 5WY 2 8108135013499999999999999 7 4 8821 9 5699999999999999
 81 97109116117114107100 95 95100108118128135136129115 97 76 56 43 40 4620 1 6WY 340118143713799999999999999 832 952151 4099999999999999
 60 80102120129130125116105 98 97101111122133140139128109 85 59 37 25 2520 1 7WY 437131152214199999999999999 942 962230 2399999999999999
 37 58 85113134144143133120105 96 95103114128141147142125 99 70 40 17  720 1 8WY 52014516 4147999999999999991034 9523 8  799999999999999
 13 32 61 96128150157151137118101 92 94105121137151155144119 87 52 20 -220 1 9WY 5581571647155999999999999991119 912347 -899999999999999
 -8  5 33 69110145165166154134112 94 87 94109128147160160143111 74 35  220 110WY 63516817301629999999999999912 0 87999999999999999999999
-17-16  5 39 81125159174169151128104 87 84 96115137156167162138101 60 2120 111WY 713175181516899999999999999 027-191240 8399999999999999
-10-25-17 11 50 95139169178166144118 95 81 83 99121143161170159130 90 4920 112WY 75117819 017099999999999999 1 8-251322 8099999999999999
 12-16-24 -9 23 64109149173174157133108 87 77 84103124145162166151120 8120 113WY 831177194716799999999999999 150-2414 5 7799999999999999
 43  9-12-13  7 40 79121155171165146123100 81 76 8510312314215615714011020 114WY 912172203515999999999999999 233-161452 7699999999999999
 75 42 15  0  5 27 58 94130156164154135113 92 78 75 8410011713314514512920 115WY 953164212914799999999999999 316 -11543 7499999999999999
103 75 49 28 20 28 49 77107135153155143124105 87 74 72 79 9110612013113120 116WY1036156223013399999999999999 4 0 201643 7199999999999999
119100 80 61 47 44 53 71 93116136147145133117 99 82 70 66 70 79 9210511620 117WY1121148235112099999999999999 447 431758 6699999999999999
120114103 90 78 69 67 74 88105121135142138127111 94 77 64 57 58 65 76 9120 118WY1210142999999999999999999999 541 671923 5699999999999999
105113115111104 96 89 87 91100112123133138134123108 90 71 55 45 43 50 6220 119WY 14211513 713899999999999999 653 872040 4399999999999999
 80 98114121122118112105100100106114123132137134122105 85 63 43 31 28 3620 120WY 337123141113799999999999999 825 992143 2899999999999999
 52 74 99120132135131123113105103107114124133139136123102 78 53 30 16 1520 121WY 452135151313999999999999999 9491022234 1499999999999999
 27 48 76106131145146139127113102100105115126138144140123 98 69 40 16  320 122WY 53714716 81449999999999999910481002318  399999999999999
  7 23 50 84119145155152140124107 95 95104117132145150142120 90 58 27  320 123WY 6121561657150999999999999991132 942357 -699999999999999
 -6  4 28 60 98134157161152135114 96 87 92105122139152155140112 79 45 1420 124WY 64416217401569999999999999912 9 87999999999999999999999
 -6 -8  9 39 76115149164160144123101 85 81 92110129147158155133101 65 3120 125WY 715165182015999999999999999 034-101243 8199999999999999
  3 -9 -2 22 55 94132159165153132109 88 76 80 96116136153159149121 87 5220 126WY 746165185615999999999999999 1 8-101316 7599999999999999
 21 -1 -4 12 40 75113146162158140117 94 77 72 82102122141154154137106 7220 127WY 816163193115799999999999999 140 -51349 7299999999999999
 41 15  3  9 31 62 96129153158146125102 82 70 72 87106126142151144121 9120 128WY 84615920 615199999999999999 210  31422 6999999999999999
 61 35 17 15 29 53 83114140153148132111 90 74 68 75 9010912613914112910620 129WY 914153204214299999999999999 239 141458 6899999999999999
 79 55 36 27 33 51 75102126143147136118 99 81 70 68 77 9110712213112911520 130WY 942147212113199999999999999 3 7 271538 6799999999999999
 94 73 55 44 43 54 72 94115133141137124107 90 76 67 68 77 8910211412011620 131WY101114122 912099999999999999 335 421625 6799999999999999
104 88 74 62 57 61 74 90107123133135127114 99 84 72 65 66 73 83 9410410920 2 1WY1040135231210999999999999999 4 5 571723 6599999999999999
107 99 89 81 75 74 79 90103115125130128119107 93 80 68 61 61 65 73 84 9420 2 2WY1115130999999999999999999999 440 731837 6099999999999999
102103101 97 93 90 89 93101109117123125123114103 90 76 63 54 51 54 62 7420 2 3WY 04910412 112599999999999999 535 891957 5199999999999999
 88 99107109109107103101102105110116121123121114103 88 71 55 43 38 41 5020 2 4WY 32611013 812399999999999999 71710121 8 3899999999999999
 66 86103116123124120113107103104108114121125125118104 85 64 43 28 22 2620 2 5WY 440124142712699999999999999 92010322 4 2299999999999999
 41 63 89114131139137128117105 99 99105114125132133124106 81 53 28 10  420 2 6WY 5181391538134999999999999991030 982251  499999999999999
 14 35 66 99129148153145131113 98 90 92103118133144145132106 73 40 10 -920 2 7WY 5501531636146999999999999991114 892334-1299999999999999
-10  6 36 74114147164162147126103 85 79 88105125144157156136102 64 26 -720 2 8WY 6231651727159999999999999991153 79999999999999999999999
-24-18  7 44 87131164174163141115 89 71 71 86109133156169163136 96 54 1320 2 9WY 656174181417099999999999999 016-241231 6899999999999999
-19-30-16 16 58105149175176157129 99 72 59 65 87113140165176164130 88 4420 210WY 73017919 017699999999999999 056-301310 5899999999999999
  4-22-25 -3 33 76123162179169144113 83 58 51 64 88116145169175157121 8020 211WY 8 5179194617699999999999999 136-271351 5199999999999999
 39  4-15 -8 18 55 97139168173155127 97 68 48 47 64 8911614416516514411120 212WY 840175203316899999999999999 215-151433 4599999999999999
 75 40 14  4 17 44 78115149166161139111 83 58 44 47 64 8611213715315013020 213WY 915167212215499999999999999 255  41518 4399999999999999
103 75 49 32 31 46 71 99128150157145122 97 72 52 43 48 62 8110312413613320 214WY 950157221813799999999999999 333 291610 4399999999999999
119100 81 65 56 60 74 94115134145144130109 88 67 52 45 47 58 73 9110811820 215WY1024147233312099999999999999 413 561711 4499999999999999
119112102 92 84 81 85 96109122132136132119102 84 67 53 46 45 52 63 77 9320 216WY1059136999999999999999999999 455 811832 4599999999999999
104111112110106103101104109116122126127123113100 85 69 55 45 40 43 51 6520 217WY 145112114212899999999999999 55810120 8 4099999999999999
 81 97110118121121118114112112114117120121120114103 88 71 55 40 32 32 4120 218WY 42112113 712199999999999999 8291122129 3199999999999999
 56 76 98117129133131125117110107107111116121123119108 91 71 50 32 22 2320 219WY 5 913314591239999999999999910171072226 2199999999999999
 34 54 79107129141142136125111101 97100108116126131127112 91 67 42 21 1220 220WY 53514316 8131999999999999991058 9723 9 1299999999999999
 17 34 59 90121143150145132116 98 88 88 97109122136141133112 86 58 30 1020 221WY 5591501657141999999999999991128 862345  599999999999999
  5 17 40 71107138155154141122101 82 75 83 97114132147149134107 76 45 1720 222WY 6241561737150999999999999991157 75999999999999999999999
  2  6 25 54 89126153160149129106 82 67 68 83103124144157151128 96 63 3120 223WY 650161181415799999999999999 018  11226 6699999999999999
  7  1 14 40 73111145162157138113 87 65 57 67 88111135155160146116 83 4920 224WY 716163184816199999999999999 048  01256 5799999999999999
 20  5  9 31 61 96131157161146121 94 69 53 54 71 95120144160156134102 6820 225WY 741162192116199999999999999 116  41325 5199999999999999
 38 16 12 26 53 84118147160152130103 76 54 47 57 78103128150157145118 8720 226WY 8 6160195415799999999999999 143 111355 4799999999999999
 57 33 21 28 49 76106135154154136111 85 61 46 47 62 8510913314914813010420 227WY 830156202815199999999999999 2 9 211427 4499999999999999
 76 52 36 35 49 72 98124144151141119 94 70 51 44 51 68 9011213214213511620 228WY 85315121 514299999999999999 235 3415 1 4499999999999999
 93 71 55 48 55 72 94115134145141125102 80 60 47 45 55 72 9211112713112220 229WY 916145214813199999999999999 3 1 481539 4599999999999999
105 88 74 65 65 75 92110125136138128110 89 71 56 47 48 58 73 9010611711920 3 1WY 939139224212099999999999999 329 641624 4799999999999999
112101 90 83 80 83 94107119128131128116 99 82 67 55 49 50 58 70 84 9710820 3 2WY10 3131999999999999999999999 4 0 801722 4899999999999999
111109104 99 96 96 99106114120124124119108 94 80 68 56 49 48 53 62 74 8820 3 3WY 0 1111103112599999999999999 443 951841 4799999999999999
100108112113113111109109111114116118118114107 96 84 70 56 46 41 42 50 6320 3 4WY 312113113111899999999999999 6281082016 4099999999999999
 80 98112122127127122116111108107109113116117113104 90 72 54 38 28 27 3620 3 5WY 426127134211799999999999999 9421072136 2799999999999999
 54 77102123137142137127115104 97 97103112121127127116 97 72 47 25 12 1220 3 6WY 4581421529128999999999999991030 972230 1099999999999999
 26 50 81113140154153142125106 90 83 88100116131143144128101 69 37 10 -420 3 7WY 52615516321459999999999999911 4 832315 -599999999999999
  0 22 54 91130158167158138114 88 70 68 81101124146162159136101 63 25 -420 3 8WY 5561671722163999999999999991138 672356-1599999999999999
-15 -2 27 65109150174173153126 95 66 51 56 78105134163178168137 97 55 1520 3 9WY 62717718 8178999999999999991214 50999999999999999999999
-12-15  6 41 83129168182169141107 73 44 35 50 77110145175186169133 91 4920 310WY 659182185318699999999999999 036-171251 3599999999999999
 10-10 -3 25 62105149179179156122 86 51 27 27 48 79114152180184162125 8620 311WY 731183193818699999999999999 114-111330 2499999999999999
 46 15  5 20 50 86127163179167137102 65 34 18 26 50 8111715317517314911720 312WY 8 4179202417799999999999999 152  51410 1899999999999999
 83 51 30 30 49 77110143166168148117 83 50 26 18 29 53 8211614616115613620 313WY 835171211316299999999999999 230 271453 1899999999999999
110 85 63 53 59 78102127149160152128 99 70 43 26 24 35 56 8211013314313820 314WY 9 516022 814399999999999999 3 6 531540 2399999999999999
125108 92 80 78 86102119135146146133112 87 64 45 33 32 41 57 7810011712620 315WY 932148232312699999999999999 342 771634 3199999999999999
125119111104 99100107116126133136131118101 83 66 52 43 40 45 56 71 8810220 316WY 954136999999999999999999999 420 991747 4099999999999999
113118119119117115115117120123125123119110 99 86 73 61 51 46 46 52 63 7720 317WY 2 611910 512599999999999999 5281151928 4599999999999999
 93107118126128127125121117115114114114112109104 94 82 68 56 46 42 46 5620 318WY 41412899999999999999999999921 3 42999999999999999999999
 72 90110126135137133126117108104103106109114116113103 88 72 55 42 36 4020 319WY 44513715 211699999999999999103410322 4 3699999999999999
 53 72 96120137144141131119104 94 91 95102111122127123109 90 70 49 34 3020 320WY 5 614416 5127999999999999991049 912247 3099999999999999
 39 56 80108135149148138123104 87 78 81 91105120135139129110 87 63 39 2620 321WY 5271501649139999999999999991111 782322 2599999999999999
 28 43 66 95126149156146129107 84 68 66 77 94113134148147130106 79 51 2920 322WY 5501561726150999999999999991137 652353 2299999999999999
 22 33 54 81114144160155137113 87 64 54 61 79102126149159149125 97 67 4020 323WY 61416018 11599999999999999912 4 54999999999999999999999
 24 27 45 71102135159162146121 93 65 46 46 62 86113141161162144116 85 5520 324WY 638163183316499999999999999 021 231231 4399999999999999
 32 26 39 63 92124152164154130100 70 45 35 45 68 96127154167158133103 7320 325WY 7 116419 616799999999999999 047 261259 3599999999999999
 46 33 38 58 85114143162159139110 79 50 32 32 50 77108139161164148121 9120 326WY 723163193816699999999999999 113 321328 2999999999999999
 64 45 42 57 80107134155160146119 88 59 35 26 36 59 8711814716115613510920 327WY 745161201316299999999999999 139 411358 2699999999999999
 83 62 52 59 78101125146157150127 98 70 44 29 28 44 68 9612514815414312320 328WY 8 7157205015499999999999999 2 5 521430 2699999999999999
100 80 67 66 79 98118137149149133108 81 56 37 29 35 53 7610212714314313220 329WY 829151213314599999999999999 233 6515 5 2999999999999999
114 98 85 79 84 97114129140144136116 92 69 50 37 34 43 60 8110312313313320 330WY 851144222513499999999999999 3 3 791546 3499999999999999
123112102 95 94100112123132136133122103 83 65 51 42 41 48 63 80 9811412420 331WY 9 9136234012699999999999999 338 931638 4099999999999999
125121115111108108112119125128127122112 98 82 68 56 48 45 50 60 74 9010520 4 1WY 925128999999999999999999999 4291071751 4599999999999999
117123125125122119117117118119119118116110100 89 76 63 52 45 45 52 65 8120 4 2WY 21312510 311999999999999999 6391161929 4599999999999999
 99116128135136133126118112108108110113116116112102 86 69 53 41 36 41 5520 4 3WY 342137133611699999999999999 94110721 0 3699999999999999
 76 99122140149147138124110 98 93 95103113123131129116 95 72 49 31 24 3120 4 4WY 4181491522131999999999999991010 9322 1 2499999999999999
 50 76106135156161152135114 93 78 75 84100118137150148129102 72 43 21 1520 4 5WY 4491611622151999999999999991042 742249 1499999999999999
 27 53 84120153171167148123 95 69 54 59 77101129156170163137104 69 35 1320 4 6WY 5191721711171999999999999991115 542331 1099999999999999
 12 32 63 99139171180165137104 70 42 34 47 74106141173186172140104 65 3020 4 7WY 5501801757186999999999999991151 33999999999999999999999
 13 20 46 80120159183180154119 81 43 19 20 42 74112154186192172139101 6220 4 8WY 622185184319399999999999999 011 121229 1699999999999999
 32 23 38 67102141174186170136 97 56 21  5 14 42 78120162189189166134 9820 4 9WY 654186192819399999999999999 050 2313 8  599999999999999
 64 42 42 62 91124157180178152115 75 37  9  1 16 46 8312516418317715612720 410WY 725182201518499999999999999 128 391348  199999999999999
 97 71 60 67 88113141165174161131 95 59 27  7  7 24 53 8812615716916214520 411WY 75617421 516999999999999999 2 5 591430  499999999999999
123101 84 81 92109129149162160141112 81 51 26 14 18 35 60 9112214515314820 412WY 82416322 315399999999999999 243 811516 1499999999999999
136121108100101111124137147150142123 99 74 51 35 28 32 46 66 9111413113820 413WY 848151231913899999999999999 321 9916 7 2799999999999999
137131124117114116122129135138135126111 93 75 59 47 42 44 54 69 8710511920 414WY 9 5138999999999999999999999 4 81141711 4299999999999999
128132132129126124123123125126125121115106 94 82 70 60 54 53 59 69 83 9820 415WY 125132 9 512699999999999999 5581231838 5399999999999999
113125133136135131126121116114113113112111108102 92 81 70 62 57 59 67 8020 416WY 3101369999999999999999999992015 57999999999999999999999
 96113129139142138130121111103101102105110115117112101 89 76 64 56 57 6620 417WY 35114214461179999999999999910 51012124 5699999999999999
 81100120138147145136123108 95 88 89 95104115125128121108 92 76 61 53 5720 418WY 4181471548128999999999999991021 872211 5399999999999999
 69 87109132149152143129110 91 77 74 81 93109126138139127110 91 71 55 5120 419WY 4441531632140999999999999991044 732248 5199999999999999
 60 77 98124147157152136115 91 70 60 64 79 98120141151146129108 85 64 5120 420WY 5 815817 9151999999999999991110 602320 5099999999999999
 54 68 89114141159160145122 95 69 50 48 61 82108135156160147126101 77 5720 421WY 5331621743161999999999999991137 472349 5299999999999999
 52 62 82106133156165154131102 72 46 35 43 64 91122151167163144119 93 6820 422WY 55616518171689999999999999912 4 35999999999999999999999
 55 59 76 99125151166162141111 79 49 29 28 45 72104139165172160137110 8420 423WY 618167185017399999999999999 016 551232 2699999999999999
 64 61 73 94118143163167150122 89 57 30 19 29 52 8411915317217015212710120 424WY 640168192417499999999999999 043 6013 1 1999999999999999
 78 67 72 90112135156167158133101 68 38 19 18 35 63 9713216117216314311920 425WY 7 416720 017299999999999999 111 671332 1699999999999999
 95 79 76 88107128148161161142113 81 51 28 17 24 45 7510814116216615313320 426WY 728163204016799999999999999 140 7514 6 1799999999999999
113 95 86 89104122139153158148125 95 67 42 25 22 34 56 8511614315715614420 427WY 752158212515999999999999999 213 851443 2199999999999999
127112100 97104117132143150147133109 83 59 40 29 30 43 65 9111713914914720 428WY 816150222015099999999999999 249 971526 2899999999999999
138126116109109115125134141141135120100 78 60 45 37 39 51 70 9211413214120 429WY 840142233314299999999999999 3331081619 3799999999999999
142137130123118117121126130132131125114 98 81 66 53 46 46 55 70 8910812520 430WY 910132999999999999999999999 4441171728 4599999999999999
137141140136130124120118119120122123121115104 91 76 63 53 49 54 66 8410420 5 1WY 116142105312399999999999999 7 61181855 4999999999999999
123138147148143134124114107105108112118123124118105 88 71 57 49 51 62 8120 5 2WY 240148133812499999999999999 8551052021 4899999999999999
103126145156155146131115 99 89 88 95106120133140135119 98 77 58 46 47 6120 5 3WY 32615715 714099999999999999 936 872126 4599999999999999
 83109135157166159142121 97 76 66 70 84104126148158151132107 81 57 43 4720 5 4WY 4 216616 7158999999999999991012 662218 4399999999999999
 65 91120150171173157132103 73 50 43 55 78106137165176165141112 82 56 4420 5 5WY 4361751658176999999999999991049 4323 3 4499999999999999
 53 76104136166182174148115 80 46 25 26 46 75111151181188172145115 82 5720 5 6WY 5101821746188999999999999991128 222345 5199999999999999
 51 66 91121153180186167133 95 56 22  6 15 42 77120163191192174146114 8320 5 7WY 54418718331959999999999999912 7  6999999999999999999999
 63 65 83109138168186181153115 74 35  5 -2 13 44 8312917119319017014311320 5 8WY 617187192119499999999999999 026 611248 -399999999999999
 86 74 82102126153176184168135 96 57 21 -1 -1 19 51 9113617218718116213820 5 9WY 650184201018799999999999999 1 6 741330 -499999999999999
113 94 89100119140161175173151118 81 46 17  3  8 29 6110013916717616915320 510WY 72317721 117699999999999999 145 891413  299999999999999
134115103104115131148162167157134103 72 43 22 14 22 43 7210613715816415820 511WY 753167215616499999999999999 2261021459 1499999999999999
146131119113116125137148154153141119 94 69 48 33 30 38 57 8110813214815320 512WY 82215523 015399999999999999 3111131548 3099999999999999
149141132124121122128135140142138127110 91 73 58 48 46 53 68 8810812714020 513WY 850142999999999999999999999 4 91211642 4599999999999999
145144140133127123123124127129129126119108 94 81 69 61 60 65 76 9110812420 514WY 019146 93212999999999999999 5441221746 5999999999999999
136143144141134127120116115115117119119117111101 90 80 73 70 72 81 9410920 515WY 142144114111999999999999999 8 711519 5 6999999999999999
124137145146141132122112104101103107113118121118110 99 89 80 75 76 84 9720 516WY 24014714 412199999999999999 9 61012022 7599999999999999
112128142150148139126112 98 89 88 93102113123129127118106 94 84 77 79 8820 517WY 319150151712999999999999999 940 872120 7799999999999999
102119136150154147133115 96 80 73 76 87102118133140136125111 96 84 78 8220 518WY 35115416 7140999999999999991010 7322 4 7899999999999999
 94111129147158155141121 98 76 62 60 69 87108130147151143128111 94 82 8020 519WY 4191581649151999999999999991039 592241 7999999999999999
 88104122142158162151130104 78 55 45 51 68 92119145160159146128109 91 8120 520WY 44516217261619999999999999911 8 452313 8199999999999999
 85 98116136156166160140113 84 55 37 34 48 72102135160170163146125103 8720 521WY 51016618 1170999999999999991137 332344 8399999999999999
 83 93110130151166167152125 94 62 35 23 30 51 81117151173175162142119 9720 522WY 53416918371769999999999999912 7 23999999999999999999999
 86 90104123144163171162138106 73 41 20 17 32 59 9413316517917515813511220 523WY 6 1171191318099999999999999 015 861239 1699999999999999
 94 90 99117137156170169151121 88 54 27 13 18 39 7110814617318017015112920 524WY 629172195218099999999999999 048 891313 1299999999999999
108 96 97111129147163170161137105 72 41 19 13 25 50 8312015417417516314420 525WY 658170203417799999999999999 123 941351 1399999999999999
124108101107121138153164164149122 91 61 36 20 19 35 61 9412815617016815620 526WY 730165212217199999999999999 2 11011432 1899999999999999
139123111109116129143153158154137111 83 57 37 26 29 45 7110113115416416120 527WY 8 5158221516599999999999999 2451081518 2599999999999999
150137125117115121132141148149143127105 81 60 44 36 40 55 7810413015015920 528WY 847150231815999999999999999 3391151611 3599999999999999
157148138128120118121127134138140135123106 86 68 54 47 50 63 8310612914720 529WY 951140999999999999999999999 4541181713 4699999999999999
156156149140129120114114117122128132132126112 96 80 65 57 58 69 8610712920 530WY 028157113213399999999999999 6331131824 5699999999999999
147157158151139126113103 99102109119129135134124109 92 77 67 65 74 9011120 531WY 135159132313699999999999999 8 1 991940 6499999999999999
132151162162151135117 99 85 80 85 97113129143146138123105 87 74 70 79 9620 6 1WY 228163144814799999999999999 857 802048 7099999999999999
117139159169164148126102 79 63 60 70 87110135155161152135116 95 79 76 8620 6 2WY 312169155316199999999999999 942 592145 7599999999999999
104126149168175164140113 83 56 40 41 57 82112144169175164146123100 84 8220 6 3WY 3521751649175999999999999991025 382236 8199999999999999
 95115137161178178159129 96 62 33 20 27 49 80118156181185172152127103 8820 6 4WY 43118117411869999999999999911 8 202322 8799999999999999
 90105126149172184177150116 78 42 15  7 20 48 8412716718919017515312710420 6 5WY 5 91851830192999999999999991151  7999999999999999999999
 93100117138161180185170138101 62 27  4  2 21 52 9213717519218917315012520 6 6WY 546186191819399999999999999 0 7 931234  099999999999999
105100110128148169183181159125 87 49 18  2  6 28 6210314617819018316614420 6 7WY 62418420 519099999999999999 0491001317  199999999999999
122108107119137155172179171146112 76 43 17  7 16 41 7511415117618317415720 6 8WY 7 1179205218399999999999999 13210614 1  799999999999999
137120111114127143158169170158132101 69 42 23 20 32 56 8812315317117316320 6 9WY 738171213817499999999999999 2141111444 1999999999999999
148132120115120131144155161159144121 94 68 47 35 35 49 7210012915216416320 610WY 816161222616599999999999999 3 01151527 3399999999999999
154142129120117122131140147150146132113 91 71 56 49 53 66 8711013215015820 611WY 859150231715899999999999999 3511171611 4999999999999999
156148138127119117120126132137139135124109 93 78 68 64 69 81 9811713514820 612WY 953139999999999999999999999 4561171657 6499999999999999
153152145135125116112113116122127130128121111 99 87 80 77 82 9210612213720 613WY 013154111013099999999999999 6231121749 7799999999999999
147152150142132120110104102105111118124126123116106 97 91 89 9210111312720 614WY 111152125612699999999999999 7491021854 8999999999999999
140149152149140126112 99 91 89 94103114123129130124115107100 97 9910711920 615WY 2 3153143313099999999999999 846 8920 6 9799999999999999
132144152154148134117100 85 76 77 85 9811412813813913312411410510110411220 616WY 244154154013999999999999999 928 7521 810199999999999999
124138150157155144126105 84 68 61 66 79 9912013814914914213011810810410820 617WY 31915716311509999999999999910 4 61215810499999999999999
118131145157161153136113 88 65 51 49 59 7910413115216115814713311810710520 618WY 3511611713161999999999999991038 48224010599999999999999
112125140155164163148125 98 69 46 36 40 57 8411514616617116414913111410520 619WY 4221651752171999999999999991112 35231810599999999999999
107118133150164170161140111 80 50 29 25 36 61 9313016117817716514712611020 620WY 4551701829179999999999999991146 24235510499999999999999
104111126143160173172156128 95 62 33 17 19 38 6910614417418517916314112020 621WY 52917419 7185999999999999991223 16999999999999999999999
106106117134153169177170148115 80 47 21 11 20 45 8012015718218717615713520 622WY 6 6177194618899999999999999 03310413 1 1199999999999999
115105109124142160174178165137103 68 36 15 11 26 55 9213216618518517015020 623WY 645178202818799999999999999 1131051342 1099999999999999
129112107114130148164174173156127 93 60 32 16 17 37 6710414117018417916320 624WY 727176211218499999999999999 1551071425 1499999999999999
143125112109118134149162170166147118 87 58 35 23 29 50 8011414717117917220 625WY 814170215817999999999999999 2421081511 2399999999999999
156138122111110119132145156162157139114 87 62 43 36 44 64 9212215016917320 626WY 9 7162224717499999999999999 3351101559 3699999999999999
165150135120110109115126137147153149135114 92 71 56 52 60 7910312815216620 627WY1011153233916999999999999999 4381081651 5199999999999999
168160146131116105102106115125137145145135119101 85 72 69 76 9211213415320 628WY1129146999999999999999999999 5531021750 6999999999999999
165165156142125109 96 90 92101113127139144140129114100 89 85 9010312113920 629WY 03416713 314499999999999999 713 901858 8599999999999999
155165165154137118 99 83 74 76 86101119137148149141129116104 9810111212820 630WY 128166143415099999999999999 820 742010 9899999999999999
144158167165152131109 86 66 57 59 72 9111513915616015414212811510710911920 7 1WY 220168155016099999999999999 917 56211810699999999999999
134149163171166149124 98 71 49 39 45 61 8611614616717216615313712011111320 7 2WY 3 917116531729999999999999910 8 39221811199999999999999
124139155170176167145116 85 55 32 25 34 56 8612315717818217315813912111220 7 3WY 3571761745183999999999999991056 25231011299999999999999
116129145162176179166139107 73 41 19 15 30 56 9213316818718817615713611820 7 4WY 4431801831190999999999999991142 14235711299999999999999
112119134152169182181162132 96 61 29 11 13 32 6410314517819218817215112920 7 5WY 5281841913193999999999999991225  9999999999999999999999
113111122139158175185179155122 85 50 22 10 17 42 7611615618419218216314120 7 6WY 611185195219299999999999999 03911013 7 1099999999999999
121110112126145163178183172145111 76 44 21 16 29 57 9213116518618617215220 7 7WY 653183203018899999999999999 1191091347 1599999999999999
131114108115131149165177177161133100 69 42 27 28 46 7510814317118217616020 7 8WY 73317921 718299999999999999 1581081425 2599999999999999
141123110108118134150163171167148121 92 66 46 38 46 66 9412415217117516520 7 9WY 813171214417599999999999999 23810715 0 3899999999999999
149132116108109120134147158162154136112 88 68 55 54 66 8611013615716816620 710WY 854162222016999999999999999 3201071535 5399999999999999
155140124112106109118130141150151142126107 89 75 68 72 8510312414415816320 711WY 939152225716399999999999999 4 810616 9 6899999999999999
158147133119108104106113123133140141134121107 95 86 84 9010211713414815720 712WY1035141233615999999999999999 5 71041646 8499999999999999
158152141128114104 99100105114124131134130122113104 99 9910511412713915020 713WY1150134999999999999999999999 619 991730 9899999999999999
155154147136123109 97 91 91 9610511612613113212812211611211111512313214220 714WY 020156133413299999999999999 734 90183411199999999999999
150154152144132117101 88 80 79 85 9711212513513913813312712212012212713520 715WY 1 9154151613999999999999999 835 79195912099999999999999
144152155151142127109 90 75 67 68 77 9211213014415014914313512712312412920 716WY 2 1155162315099999999999999 926 66211912399999999999999
138147155157152140121 99 77 60 53 57 70 9211714015616216015113812812212320 717WY 25115717 9163999999999999991010 53221912299999999999999
130141152161162154136112 86 61 44 40 48 68 9712715417017416615313712411820 718WY 3401631747174999999999999991051 3923 411899999999999999
122133146160169168154131101 71 45 29 29 44 7110614116918318116815013111720 719WY 4261701821184999999999999991130 27234511499999999999999
114122137154169177173153123 89 55 29 16 23 46 7911815618319218316514212220 720WY 5121781856192999999999999991210 16999999999999999999999
110111125143162178185175149113 76 42 17  9 23 53 9113317119319517915713320 721WY 557185193219799999999999999 0241081250  999999999999999
112103110128149169185189173142103 65 32 11 11 31 6510514818219819117114720 722WY 643190201019899999999999999 1 41031331  899999999999999
122104100111132153174188188167133 95 59 29 13 20 45 8012016018919618316020 723WY 729190204819699999999999999 145 991412 1399999999999999
136113 98 98112133154173186182158125 90 58 33 25 37 64 9813516918918817220 724WY 817187212719199999999999999 229 961454 2599999999999999
149126105 94 97111130150168178172149120 91 64 46 44 59 8411514617318517820 725WY 9 817822 718599999999999999 317 931537 4399999999999999
160139117 99 90 94107124142158167161143120 97 77 66 67 8210412915417217720 726WY10 6167224917799999999999999 411 901623 6599999999999999
168150130110 94 86 89 99113130146155152140124108 95 88 9110312114015716920 727WY1116155233417199999999999999 515 861713 8799999999999999
170159143124105 90 81 81 8810111713314514714313412311410911111913214515720 728WY1249148999999999999999999999 630 80181610999999999999999
165164154138120101 84 73 70 76 8810512313914915014613913112512412913714720 729WY 025166144215099999999999999 749 70194112499999999999999
156162162152137117 97 77 63 58 63 76 9511814015516115915214313413013213820 730WY 126163161316199999999999999 9 0 58211213099999999999999
147156163163154137115 91 68 51 45 51 67 9112014716617317016114813512812920 731WY 23416417 91739999999999999910 0 45222112899999999999999
137147158167168158137112 84 58 39 34 43 64 9412715817818217516214513012220 8 1WY 3391691749182999999999999991051 34231012299999999999999
125136149163173174161136106 75 47 29 27 42 6810214017218818717415613611920 8 2WY 4341761823189999999999999991135 25235011499999999999999
115123138154170181179160130 97 64 36 22 26 48 7911715618419318416614412320 8 3WY 5231821856193999999999999991215 21999999999999999999999
109109123142160178187180154121 87 54 29 21 34 61 9513417119219117615413020 8 4WY 6 6187192819499999999999999 0261071252 2199999999999999
109101108127147167184189174144110 76 46 28 29 49 7911415218219218316213920 8 5WY 646189195919299999999999999 1 11011326 2699999999999999
115 99 98111132153173186183163131 98 67 43 34 45 6910013416618618617014720 8 6WY 723187202918999999999999999 135 961358 3499999999999999
124103 93 99116136156174182173148118 89 64 48 49 66 9112015117518317415520 8 7WY 759182205718399999999999999 2 9 931427 4699999999999999
132111 96 92102119138157171172158134108 85 67 61 69 8811213816217617516120 8 8WY 836174212517799999999999999 245 921456 6199999999999999
141120102 92 93104120138154163160145124104 87 77 78 9010913015116717116420 8 9WY 916164215217199999999999999 324 911524 7699999999999999
148129111 97 90 94104118134147153148135120106 95 91 9711012614315716516320 810WY10 3153222016599999999999999 4 9 901553 9199999999999999
152137121106 94 89 9310111312713814313913112211310810811512513714915716020 811WY11 3143225116099999999999999 5 4 89162910799999999999999
155144130116102 91 87 89 9610611913013613713312912512212312813514314915420 812WY1233137233115599999999999999 611 87172112299999999999999
154148138126113 99 88 82 82 87 9811112513514014114113813413313513814314720 813WY15 8141999999999999999999999 728 81185313399999999999999
151151146137126111 95 81 73 72 77 8910612413914915315314814213713513614020 814WY 032151162415499999999999999 842 7121 813599999999999999
145150152149140126108 88 71 61 59 67 8310612914916216716315414313513013120 815WY 15315217 316799999999999999 942 59221913099999999999999
137146154158156145126103 78 58 46 46 58 8111013916317717816815413812612220 816WY 3121581733179999999999999991031 44225912299999999999999
126137150162169166150124 95 65 42 30 35 55 8512015518019018416714712711420 817WY 41516918 3190999999999999991114 30233511299999999999999
113124141158174182175152119 84 51 26 18 30 58 9513517219519718216013511220 818WY 5 61821834199999999999999991154 18999999999999999999999
101106124146168187194181150112 73 38 15 13 34 6810915318920519717414611820 819WY 55319419 720599999999999999 0111001233 1199999999999999
 96 90103126152178198202181145104 64 29 12 19 47 8512817120120618816013020 820WY 639203194020899999999999999 048 891312 1199999999999999
101 82 83102129157185204201175137 97 59 29 20 36 6710514718520519917414420 821WY 724206201520699999999999999 127 801351 2099999999999999
113 86 73 80102129158186201193165130 94 61 40 40 60 9112616319220018515720 822WY 811202204920099999999999999 2 8 731430 3799999999999999
128 99 76 69 80102128156181191180155126 97 72 60 66 8711414417219018816820 823WY 859191212319199999999999999 252 691510 5999999999999999
142114 89 72 69 80 99123148169176166147126106 90 85 9411213415617418117320 824WY 954176215818199999999999999 341 681551 8599999999999999
153129106 85 72 70 79 9411413615316015514413212011111011813114616016917020 825WY11 3160223317199999999999999 439 69163611099999999999999
160142123103 86 74 71 76 8710412213814715014714213613213113514215015716120 826WY1252150231616299999999999999 552 71173913199999999999999
160151138122105 89 76 69 70 78 9210912714115115515415114614314214414715120 827WY1526155999999999999999999999 722 69194714299999999999999
154154149139125109 91 76 65 63 68 8210112314315816516616115314514013814120 828WY 029154163316699999999999999 849 63214713899999999999999
145150154153145131112 91 72 58 54 60 76 9912615116917517216315113813012920 829WY 22315417 817699999999999999 954 54223412999999999999999
135143152160162153135112 88 65 49 46 56 7710513616518118217315814012411720 830WY 3421621734183999999999999991042 4523 711799999999999999
121132144159170171158135108 80 55 40 42 59 8511715217918918216614612410820 831WY 43517218 1189999999999999991122 39233710599999999999999
107117133151169181178158130 99 69 44 35 46 69 9913517019119017515312810620 9 1WY 5191821827193999999999999991157 35999999999999999999999
 95101118139161181189178152120 88 58 38 39 57 8511915618519518316113510920 9 2WY 557189185519599999999999999 0 8 951229 3699999999999999
 90 87101124147172190191171141108 76 50 40 51 7510614017419319017014311620 9 3WY 633193192119599999999999999 038 861258 4099999999999999
 91 79 86106131157180193185159127 96 68 50 51 70 9712816018519117715212420 9 4WY 7 8193194619299999999999999 1 9 791326 4899999999999999
 97 78 75 89113138164184188172145115 87 66 59 70 9312014917518818116013320 9 5WY 742189201018899999999999999 139 741352 5999999999999999
106 83 72 77 95119145168182177158132106 85 73 76 9311614016418018116514120 9 6WY 816182203318399999999999999 211 721418 7299999999999999
116 92 76 72 82101124148167173164145123103 90 87 9611413515517017616814820 9 7WY 854173205517699999999999999 245 711444 8699999999999999
125103 84 74 75 8710512614616016215113612010810110411613214816116916615320 9 8WY 937163211716999999999999999 322 73151210199999999999999
133113 95 82 75 79 9110612414115115114313312411811612213214415416016115420 9 9WY1030152213916299999999999999 4 7 75154311699999999999999
140123107 93 83 78 82 9110411913314214414113713313113113514214815215415220 910WY114914422 315499999999999999 5 4 78162913099999999999999
144132119107 94 84 79 80 87 9711012513614214514614514314114214414514714720 911WY15 6146225514799999999999999 619 79181514199999999999999
145140132121110 97 84 76 74 78 8710211913514715515815715214614113913814020 912WY16 9158999999999999999999999 751 74214913899999999999999
143144143138129114 97 81 69 63 66 78 9711914115916917016415414213312812920 913WY 1 8144163917199999999999999 911 63221912899999999999999
135143150153150138118 95 73 56 49 54 71 9712615417418317816514813011811520 914WY 3 515317 61839999999999999910 6 49224611499999999999999
122134149162169164146118 89 62 41 35 47 71103139171191192178157134112 9920 915WY 4101691733194999999999999991051 352317 9999999999999999
103118138159178187177150116 81 49 28 27 47 79117157190203194170142113 8920 916WY 45918718 2203999999999999991131 252351 8299999999999999
 82 94118144173196202183149110 71 38 21 29 57 94136178205207186155121 8920 917WY 5452021833210999999999999991210 21999999999999999999999
 68 69 90120152186209209183145104 64 34 25 43 75114157195212201170135 9820 918WY 62921319 521299999999999999 027 651248 2599999999999999
 67 52 62 89123159195215207177139100 63 40 42 65 9913617620420818515011420 919WY 714215193721099999999999999 1 5 521326 3899999999999999
 78 51 45 61 91125163196210197168134100 70 57 67 9212315618720319416513020 920WY 8 021020 920399999999999999 145 4414 4 5799999999999999
 95 64 44 45 64 92126161189196183158131105 86 82 9511814316918819117514620 921WY 849197204019399999999999999 227 421442 8199999999999999
114 83 58 46 50 68 9312315417517916915213311710710912113815617218017515620 922WY 94417921 918099999999999999 314 45152110699999999999999
130104 80 62 54 58 72 9311714115716215815014013212813113914915916616715820 923WY1057162213516799999999999999 4 8 5416 512899999999999999
142122102 84 70 63 65 74 8910812714215015315315014614414414715115415515320 924WY1314153215815599999999999999 518 63172414499999999999999
146135122107 93 80 72 69 73 84 9811613214615516016015715214814514314314320 925WY1533160999999999999999999999 653 69999999999999999999999
143141137128116102 88 76 69 69 77 9111013114916216816716015114113413113220 926WY1616168999999999999999999999 830 68221213199999999999999
135140144144138125109 92 76 65 64 73 9011213715917217416815614112711911920 927WY 234145164117599999999999999 937 63222911899999999999999
124133144153156147131111 90 70 59 61 74 9412114917218017516214412410810420 928WY 34315617 3180999999999999991023 58225210499999999999999
110122137154166166152131107 83 62 54 62 80106136166183183169149126103 9120 929WY 4291681727185999999999999991059 542318 9099999999999999
 94107125146167178172151126 99 73 55 55 70 93123155181189178156131104 8320 930WY 5 81781752189999999999999991131 532345 7799999999999999
 78 90110134160181185171145117 88 64 54 63 84111143174191186165138108 812010 1WY 54418618161929999999999999912 1 54999999999999999999999
 67 72 92118146174190186164135106 78 60 61 78103133163187191174146115 852010 2WY 618191184019299999999999999 013 671228 5899999999999999
 63 59 74 99129160185193179153124 95 73 65 76 98125153179190181155124 932010 3WY 65119319 219099999999999999 042 581254 6599999999999999
 66 53 59 81109141171189187168141113 89 75 78 961201451701861841631341032010 4WY 724191192418799999999999999 111 521319 7499999999999999
 74 54 50 65 90120151177186177155130106 89 85 961161391611781821681431132010 5WY 758186194518399999999999999 140 491345 8599999999999999
 85 62 50 55 74 99129157176177164144123106 971011161341531691761701501232010 6WY 83517920 517699999999999999 212 501412 9699999999999999
 97 73 57 53 63 831071341571691661531371221121101181321471601681671541322010 7WY 917169202516999999999999999 246 53144210999999999999999
108 87 70 60 60 72 901121341511591551461351271221241321431531591601531392010 8WY10 9159204116099999999999999 326 58151512299999999999999
120101 84 72 65 67 77 931111291431501491451401361341361411471511511491412010 9WY1122150204915199999999999999 417 6516 513499999999999999
129114100 88 78 71 72 79 90105121135144149150149147144142142143142141139201010WY14 5150999999999999999999999 527 71999999999999999999999
135127118107 95 83 75 71 74 83 97114131145155159159154147141135132131132201011WY1526160999999999999999999999 7 0 71214913199999999999999
135136134128117103 87 74 66 66 74 90111133153166171166156143130120117120201012WY 058136155817199999999999999 832 65215811799999999999999
127137145148143129108 87 68 56 55 67 88115142167180179167149129110100101201013WY 258148162618299999999999999 934 542223 9999999999999999
112127145161167159138111 84 60 45 48 66 93125158184192181160134107 85 78201014WY 3581671654192999999999999991022 442254 7899999999999999
 88108132158180186172143111 79 51 38 48 73105142177199196175144111 79 59201015WY 44718717242019999999999999911 4 382328 5699999999999999
 59 79108140174199200178145109 73 46 40 57 87123162195207192160123 85 52201016WY 5332031755207999999999999991144 39999999999999999999999
 37 47 75110150189211206179144106 70 49 52 75107143180206204178139 99 59201017WY 618213182720999999999999999 0 4 371223 4799999999999999
 30 24 43 76115159198215203174140104 74 61 72 98129163193206192158117 76201018WY 7 4215185920699999999999999 043 2313 2 6199999999999999
 40 18 21 44 79120164198208194167137106 84 81 96121148176196196173137 98201019WY 751208193119999999999999999 123 161340 7999999999999999
 61 30 17 26 51 84124163190194181159135113100103119139161179188178152119201020WY 84219520 118899999999999999 2 6 17141910099999999999999
 85 54 32 26 36 59 90124156175178168154137124119124136150164173173159135201021WY 939179202817599999999999999 252 2615 011999999999999999
107 81 58 43 40 49 68 93120145160163159152143136134137145152158160155142201022WY1053164205016099999999999999 344 39155113499999999999999
124104 84 68 57 55 61 74 93114133147154155153150145143142144145146145140201023WY1250155205714699999999999999 449 54174114299999999999999
132121108 94 81 72 67 69 77 91108125140151157158155150143138134132132132201024WY1444158999999999999999999999 613 67999999999999999999999
131130125116105 93 82 75 73 78 89104122140154162162156147135125119117119201025WY1529163999999999999999999999 748 73215211799999999999999
124130134134126115101 88 77 73 77 89106127147162167162151137120108102105201026WY 224135155716799999999999999 9 0 7322 710299999999999999
112123135144144135121105 88 75 72 79 93113137159171169157140120100 89 89201027WY 330145162217299999999999999 950 712229 8799999999999999
 98112129146156153140122103 84 72 72 84103126151171176165146123 98 79 73201028WY 4151571647176999999999999991028 712254 7399999999999999
 80 97117141160167158140120 97 78 71 78 94116142166179174154129101 75 60201029WY 45416717121799999999999999911 1 712321 5999999999999999
 62 78101128156173173158137113 90 75 74 88109133159178180164137107 77 53201030WY 5291761735182999999999999991130 722349 4799999999999999
 47 59 83112144171182174154130104 83 76 84103126151174183172147115 83 54201031WY 6 31821758183999999999999991158 76999999999999999999999
 38 42 63 92126159182184169146120 96 82 83 98120144167182178157126 92 602011 1WY 637186182018399999999999999 017 371225 8099999999999999
 37 31 45 72105141172186180161136112 92 86 96115137159177180165137103 712011 2WY 710187184218199999999999999 045 311252 8699999999999999
 43 28 33 54 83119154178184172151127106 94 97111131151169177170147116 842011 3WY 74618419 517799999999999999 115 281320 9399999999999999
 55 34 29 41 65 96130161177176161141122107102110126144160170170154127 982011 4WY 824179192817299999999999999 147 28135110299999999999999
 70 46 33 35 51 771071371611711661521351211121131231371511611641561371112011 5WY 9 6171195016499999999999999 223 32142511199999999999999
 85 63 46 39 45 62 861131381561621571461341251211241331431511551521421232011 6WY 958162201115599999999999999 3 3 3915 612199999999999999
101 81 63 52 48 55 70 911131341491541511451381331301311361411441441401312011 7WY11 6154202914599999999999999 352 48161013099999999999999
116 99 83 70 60 57 61 74 911101291431501521491441391341321321321331331312011 8WY1242152211013399999999999999 456 56182913199999999999999
126117105 92 79 68 63 64 73 881061251411521571551491411311241191181201232011 9WY1413157999999999999999999999 617 62205011899999999999999
127129126117104 89 75 65 63 70 85104126146160165161150135120107100101108201110WY 05412915 116599999999999999 744 63212110099999999999999
119130139141132116 97 79 65 60 67 85107132155171172161143122100 83 78 85201111WY 239141153717499999999999999 855 602153 7899999999999999
100119139156159147127103 80 63 58 68 89116144169182176156129101 73 56 57201112WY 342159161018299999999999999 949 572228 5499999999999999
 72 96124153174176160135107 80 61 59 75100129159184189172143109 74 44 31201113WY 4351781644190999999999999991036 5723 5 3199999999999999
 40 64 96133169191188168140109 80 63 66 87114145175194189162125 86 47 19201114WY 5231921718195999999999999991119 612344 1299999999999999
 12 30 61 99144183201194170141109 81 70 80103131161188197181146105 62 24201115WY 61120117521979999999999999912 1 70999999999999999999999
  1  3 27 63106154191204192168139109 86 82 96120147174193191166127 85 44201116WY 659204182619599999999999999 025 -11242 8199999999999999
 10 -5  3 31 69114160191198185163136110 95 97113135159180189178148110 70201117WY 74819919 018999999999999999 1 7 -61323 9399999999999999
 33  6 -1 12 40 78121160184187175155133114106112127146163176177161131 96201118WY 839188193417999999999999999 151 -214 510699999999999999
 61 32 13 11 25 52 87124156173174164149133120117123136149160166161143117201119WY 93317620 616699999999999999 237  9145011799999999999999
 88 61 39 26 27 41 65 94124148161162155145134126125129137145150151144129201120WY1035163203815199999999999999 326 25154612499999999999999
108 87 67 51 43 45 56 75 98121140151154150143136130127128131134136135130201121WY1148154212113699999999999999 420 42171312799999999999999
120106 91 77 65 59 60 69 83101119135146150149144136129123120119120122123201122WY1312150231512399999999999999 522 58195011999999999999999
122118109 99 88 78 72 72 77 88103119134146151149143133122112106104106110201123WY1417151999999999999999999999 636 71205810499999999999999
116120121117108 98 89 82 79 83 92106122138149154149139125110 97 89 89 95201124WY 141121145815499999999999999 756 792131 8899999999999999
104115125129126117106 95 86 83 87 97112128145155156146130111 92 78 72 77201125WY 3 3129153115799999999999999 9 0 8322 0 7299999999999999
 88103120134139134124111 98 87 85 91104120138154160154138116 93 71 59 59201126WY 35813916 116099999999999999 947 842229 5799999999999999
 70 88110132146149141127112 96 87 88 98113131150162161147124 98 71 50 43201127WY 4411491628164999999999999991026 862258 4399999999999999
 51 69 94122146158156144127109 93 87 93106124144161166156134106 75 48 32201128WY 51915916531669999999999999911 0 872327 3099999999999999
 33 49 74105137160167159143123103 90 90101118137156168165145117 84 52 28201129WY 5551671718169999999999999991131 882356 2099999999999999
 20 30 53 85121153171171158138116 97 90 96111130150166170156130 97 62 32201130WY 62917317431719999999999999912 1 90999999999999999999999
 14 15 33 63 99137166177170152130108 94 93105123143161171165143111 76 432012 1WY 7 3177181017199999999999999 027 121232 9299999999999999
 18  8 18 42 76115151173176164144122103 95101116135153166168154126 93 592012 2WY 740177183816999999999999999 059  813 5 9599999999999999
 29 11 10 26 54 90128159173170155135116102100110126143157165159139110 772012 3WY 81817419 916599999999999999 134  81340 9999999999999999
 47 23 12 17 37 67102136160169162147129114105107118133146156157147125 962012 4WY 9 1169194115899999999999999 211 12142110599999999999999
 67 42 24 19 28 50 791101391581621551411271151101131231341431481461351142012 5WY 949163201714999999999999999 253 1915 911099999999999999
 88 64 44 31 29 40 61 871141381531561491381271181131151221301351381351252012 6WY104415721 713899999999999999 340 28161311399999999999999
108 87 67 51 41 40 51 69 921161361501521471381281191121111141191231261272012 7WY1147153223512799999999999999 434 39174411199999999999999
121108 92 76 62 53 51 60 76 961171361481521481381271151051001001041101172012 8WY1254152999999999999999999999 539 511928 9999999999999999
122123116103 89 75 64 61 67 80 99119138151155149137121105 90 81 81 87 982012 9WY 032123135315599999999999999 654 612034 8099999999999999
111124131128117103 88 75 68 72 85103124143157159150132110 88 69 58 60 71201210WY 214131144216099999999999999 8 9 682121 5799999999999999
 89110131144144132116 99 83 74 77 91110131152165163147122 95 67 44 34 40201211WY 328145152416699999999999999 914 7322 5 3499999999999999
 58 83113142159159146128107 87 78 83 98119141162172164140109 76 43 19 13201212WY 42816116 5172999999999999991010 772248 1399999999999999
 25 50 83121155173171156135111 90 81 89107129152172177161130 94 55 20 -2201213WY 5221741645177999999999999991059 812331 -599999999999999
 -2 17 48 88132168183178161137111 91 86 97117140163179177154118 77 37  3201214WY 6121841725181999999999999991145 86999999999999999999999
-15 -9 15 52 97143176188179159134108 92 92106127150170181171143104 62 23201215WY 7 018818 418199999999999999 015-151230 9099999999999999
 -7-19 -7 21 61107151180186174153128106 94 99115136156172176161129 90 51201216WY 746186184417799999999999999 059-191313 9499999999999999
 15 -9-13  3 34 73117156177178164143122104 98106122141157168166147115 79201217WY 831180192317099999999999999 142-141355 9899999999999999
 44 15 -2  0 19 49 87125156170167152134116104102111126141153159153132103201218WY 91617120 315999999999999999 225 -3144010199999999999999
 72 44 22 12 18 38 66 98130153161155142127113104104113125135143146137118201219WY10 1161204514699999999999999 3 8 12152810399999999999999
 94 69 48 33 29 38 57 81108132148151145134121110104104110118126131131123201220WY1048151213313299999999999999 349 29162610399999999999999
108 90 72 57 48 48 57 74 93114132143144138129118108101100103108113118118201221WY1139144223911999999999999999 431 47174510099999999999999
113103 91 78 69 64 65 74 87102118132139140134125114103 95 91 91 95101107201222WY1235140999999999999999999999 516 631924 9199999999999999
110109104 96 88 81 78 79 86 96109121132138138132121108 95 84 78 77 82 90201223WY 019110133213999999999999999 613 782035 7799999999999999
 99107111110105 99 93 89 89 94102113124133139138129116 99 83 69 63 64 72201224WY 219111142113999999999999999 732 892122 6299999999999999
 84 98111119120116109102 96 95 98106117128137141137125107 86 67 52 47 52201225WY 34112015 214199999999999999 850 9522 0 4799999999999999
 65 83103120130131125116106 99 97101110122134142143135117 94 70 48 35 34201226WY 436131153814499999999999999 950 972235 3399999999999999
 45 64 89114133142140132119106 98 97104115128141148144129106 78 51 29 20201227WY 5181421611148999999999999991036 9623 8 2099999999999999
 25 43 69100129147153146133117102 95 98108122137149152141120 91 59 31 12201228WY 5541531643152999999999999991114 952341  999999999999999
  9 22 47 80116144159159147129110 96 93100114131147156153135107 74 40 13201229WY 6281611717157999999999999991148 92999999999999999999999
  0  4 25 57 95132158167160143122102 91 93105122140155160150125 92 56 23201230WY 7 0167175216099999999999999 015 -11223 9099999999999999
  0 -7  6 33 70110146166168155135113 96 89 96112131149161160143112 76 41201231WY 736170182816299999999999999 050 -71258 8999999999999999
