169164146119 88 61 45 44 57 80107132151160158144124103 86 80 8610011913820 1 1X3 010169131616199999999999999 634 4219 1 8099999999999999
151155149132109 84 65 57 60 74 94116135148152147135118101 89 85 8910011520 1 2X3 055155135815299999999999999 712 561959 8599999999999999
129140143137124106 88 75 70 75 88104121135144147142132117102 91 85 87 9420 1 3X3 153143145214799999999999999 757 702118 8599999999999999
106118129134132123110 96 85 82 86 95108121134142145142132118102 88 79 7820 1 4X3 31413416 014599999999999999 858 822244 7899999999999999
 83 95109123132134129118105 94 89 90 97108121134144149146135117 97 80 6820 1 5X3 44713417 7149999999999999991021 892351 6599999999999999
 65 71 85104122136142139128113 99 90 89 95107123139152157152136113 88 6620 1 6X3 6 814218 1157999999999999991142 89999999999999999999999
 52 50 59 78103128147155150136116 98 86 84 92108128149163167157135105 7320 1 7X3 7 9155184816799999999999999 042 491243 8499999999999999
 47 34 34 50 76109140161169161140115 92 78 78 90112138162177177161130 9220 1 8X3 759169193117999999999999999 127 321332 7699999999999999
 55 27 15 22 45 80120155177182167140107 81 68 72 9112015117719018516112220 1 9X3 843182201419199999999999999 2 9 151416 6899999999999999
 76 34  7  0 13 45 88134172192191168133 95 69 60 70 9613116619220118915720 110X3 926194205720199999999999999 251 -11457 5999999999999999
109 58 15-10-11 11 51101150187203194163121 81 57 54 7110414317920320718820 111X310 8203214120999999999999999 332-131538 5299999999999999
148 95 41 -1-19-13 17 63117166198207189151106 68 49 53 7711315418920920720 112X31049207222621199999999999999 414-201619 4899999999999999
182136 80 27 -9-20 -6 30 80133178203203178136 91 58 46 56 8412216119220720 113X31129206231120899999999999999 456-2017 1 4699999999999999
200170123 68 21 -8-11 10 49 98147184200192162120 79 53 48 62 9112716218820 114X312 9200235819899999999999999 537-121744 4799999999999999
198187156110 61 22  3  8 32 71115156184191177146107 72 53 52 69 9612715720 115X31250191999999999999999999999 619  21830 5099999999999999
177183171142102 62 33 22 31 56 90128159178178162132 98 70 56 58 73 9512120 116X3 049183133218099999999999999 7 2 221923 5599999999999999
145162166155132101 70 50 45 55 77105134157169166150124 96 73 61 61 72 8920 117X3 148166142017099999999999999 749 442027 6099999999999999
110129144150145129107 84 70 66 75 91113135152161158144123 98 76 64 60 6620 118X3 3 3150151716199999999999999 846 662151 6099999999999999
 78 95113129140141133118100 87 83 87 98114132147156156145125102 79 62 5420 119X3 44014216281579999999999999910 2 832325 5499999999999999
 55 64 80100120137145143131115100 91 90 98112129145157159150130104 78 5620 120X3 6171461743159999999999999991134 89999999999999999999999
 44 42 50 68 92119142155155143123103 90 86 93108128149163167157134104 7220 121X3 730157184716799999999999999 042 411251 8699999999999999
 46 30 28 39 62 93126153168166150124 99 82 78 87107133157173176162134 9820 122X3 824169194117699999999999999 140 271347 7799999999999999
 61 31 16 18 35 64102140168180173149116 87 70 70 8511214216918418316312820 123X3 9 7180202618699999999999999 225 151430 6899999999999999
 86 45 17  6 13 38 75118157182187171139101 72 59 66 8912115518119318415720 124X3 94418821 619399999999999999 3 4  515 8 5999999999999999
115 69 28  4  1 18 51 93138173191186160121 83 58 53 69 9913516919219617920 125X31018192214219799999999999999 339  01543 5299999999999999
143 97 50 14 -1  6 32 71116157185192176142100 65 48 54 7811315118119619120 126X31048192221519799999999999999 411 -11615 4899999999999999
165123 75 33  7  3 20 53 96138172188183157119 80 53 47 62 9212916418719320 127X31115189224719399999999999999 440  11647 4699999999999999
178145101 56 22  8 16 42 80120156179183166135 97 64 48 52 7410714217118620 128X31141184231918699999999999999 5 8  81718 4799999999999999
182159123 80 43 21 20 37 68105141166177169146113 80 57 51 62 8811914917020 129X312 5177235117699999999999999 534 181750 5099999999999999
176165138103 67 40 30 39 62 94126153167167152126 96 70 57 58 74 9812614920 130X31228169999999999999999999999 6 1 301824 5599999999999999
162162146120 89 62 46 47 62 86114139156161153135111 86 68 61 67 8310412520 131X3 027164125416199999999999999 629 4419 2 6199999999999999
142150146130108 84 66 60 66 82104126143152151141123103 84 71 67 73 8610320 2 1X3 1 9150132415399999999999999 7 0 601951 6799999999999999
119132137133121104 88 77 76 83 98114130141145142133118101 85 74 70 74 8320 2 2X3 2 413714 714599999999999999 739 7521 1 7099999999999999
 95109120127127120109 98 91 90 95105116127135140138132119104 88 75 68 6720 2 3X3 328128151714099999999999999 839 892237 6799999999999999
 73 83 97112123128127121112103 99 99104112122132139142137126108 89 71 5920 2 4X3 5211291653142999999999999991026 98999999999999999999999
 54 58 70 88108126138141135124110 99 94 96104117132145151148135112 86 6120 2 5X3 650141181215299999999999999 0 3 541215 9499999999999999
 43 36 41 58 83112137154158149131110 92 83 85 97117139158167162144113 7720 2 6X3 748158191216799999999999999 1 6 361320 8399999999999999
 45 23 16 25 50 85122154173175159131101 78 68 74 9412215217518517615010920 2 7X3 83417620 418599999999999999 155 1514 7 6899999999999999
 64 25  1 -3 14 49 94139175192186160123 85 60 53 66 9513116719420118715020 2 8X3 915193205220299999999999999 240 -41449 5399999999999999
100 46  4-18-14 12 57110160195206190153106 65 41 42 6310014418421021319020 2 9X3 954206213821599999999999999 322-191530 3999999999999999
144 86 28-13-28-16 21 73131181210211184137 85 45 27 36 6610915719722021620 210X31032214222322299999999999999 4 2-2816 9 2799999999999999
185132 70 14-21-26 -4 40 96153197216205168115 64 29 21 37 7312016720422020 211X311 821623 722099999999999999 442-281649 2099999999999999
209172116 56  8-16-11 18 66121171204210189146 93 47 22 22 45 8212817020020 212X31144211235120999999999999999 520-181729 1999999999999999
209193154101 49 13  1 14 48 94142181200196167123 76 39 24 30 55 9113016520 213X31218202999999999999999999999 557  11811 2399999999999999
187190171136 91 52 28 27 45 78117154180188175146106 67 41 33 42 65 9512620 214X3 037191125318899999999999999 634 251855 3399999999999999
152167167151122 90 64 51 56 75102131157171171156129 97 68 49 45 54 71 9220 215X3 128169132917399999999999999 712 511948 4599999999999999
115134145146136118 98 82 77 82 97116135150157155142122 97 76 61 57 60 7020 216X3 234147141415799999999999999 758 7721 2 5799999999999999
 84100114126132130123111102 98100107117129139145144137123105 87 72 63 6020 217X3 420132152814599999999999999 910 9723 1 6099999999999999
 63 71 84 99115128135134127118109105105110119129138143141132116 96 77 6220 218X3 6231361718143999999999999991127104999999999999999999999
 52 51 57 72 92115135147148140125109 98 94 98110125140150152143125100 7420 219X3 737149184115299999999999999 043 501258 9499999999999999
 53 40 38 47 67 95125149162160145122 99 84 80 88106128149163165152127 9520 220X3 822163193816699999999999999 141 371347 8099999999999999
 63 38 26 28 45 73108142167175165140108 81 67 68 8511113916417717515512220 221X3 856175202117899999999999999 221 251423 6599999999999999
 82 46 22 15 26 51 88129163182181160125 88 61 52 63 8912315618018917814920 222X3 927185205718999999999999999 253 151455 5299999999999999
107 63 28 10 12 33 68111152181191177144102 65 44 45 6710114017419419417220 223X3 955191213019699999999999999 323  81526 4299999999999999
134 86 42 13  6 20 51 93137173192188162121 77 45 35 47 7811915918820018920 224X3102019422 120099999999999999 350  51556 3599999999999999
157112 63 25  7 13 38 77121161187193175138 93 54 32 34 58 9513717419619720 225X31043193223219999999999999999 416  61625 3099999999999999
175135 88 44 17 13 30 64106147178191182152111 69 38 29 43 7411415418319520 226X311 519123 219599999999999999 441 111653 2999999999999999
184154111 67 33 20 29 56 94134167185183162126 85 51 33 36 57 9113016318320 227X31125186233218699999999999999 5 5 201722 3199999999999999
184165130 90 54 33 34 53 85121154175180166138102 67 43 36 48 7410714016520 228X31145180999999999999999999999 529 311751 3699999999999999
175167143110 76 52 44 55 80111141163173166146116 84 58 44 46 62 8711614220 229X3 0 417512 617399999999999999 554 441822 4399999999999999
158161149125 97 73 60 62 78103129150162162150128101 76 58 51 57 74 9511820 3 1X3 040162122916499999999999999 621 591859 5199999999999999
136146145133115 95 80 75 82 98118136149154149136117 96 76 64 60 66 78 9420 3 2X3 124147125915499999999999999 653 751951 6099999999999999
111125132132126114102 94 92 99110123134141143139129115 99 83 72 66 68 7420 3 3X3 231133134914399999999999999 739 922118 6699999999999999
 85 98111121127128123116109106107111117124131135136133123109 93 77 66 6020 3 4X3 434128154413699999999999999 9161062319 6099999999999999
 62 69 83100117131139139133122112105102105112123135143145139123101 77 5720 3 5X3 63114017461469999999999999912 0102999999999999999999999
 45 42 51 70 96122145157158147128108 92 85 89102121142159165158136105 7020 3 6X3 732159185916599999999999999 042 4213 9 8599999999999999
 41 23 22 36 64100136165179174154123 93 71 65 74 9612715718018817614510220 3 7X3 816180195418899999999999999 137 201354 6599999999999999
 56 20  2  5 28 67114158189198184150108 69 47 45 64 9713817720320818814620 3 8X3 854198204320999999999999999 222  01434 4399999999999999
 92 38  0-14 -3 31 81135182210210183136 84 43 24 31 6010415319622222119220 3 9X3 930213212822599999999999999 3 3-141513 2499999999999999
140 77 21-14-20  2 46103161205223210170113 57 19  9 25 6411516821123222320 310X310 5223221323399999999999999 342-211552  899999999999999
185126 61  9-16-11 21 71131184219224198147 86 33  4  3 29 7312717921723020 311X31040226225623099999999999999 420-181631  099999999999999
213169109 50  8 -5 11 49101156200221212175121 63 18  0  8 40 8513718321220 312X31112221233921799999999999999 456 -51710 -199999999999999
216193149 95 47 19 18 41 81129174203209190149 97 48 15  7 22 54 9614017620 313X31144210999999999999999999999 532 161749  799999999999999
195193169131 88 54 41 49 74110148179194189164125 81 44 24 24 40 6810213620 314X3 024197121519599999999999999 6 6 401831 2199999999999999
161172167148119 90 71 67 79102129155172176166142110 77 52 41 43 57 7810220 315X3 112172124717799999999999999 642 671918 4099999999999999
124140148146134117100 91 93103118135149157156146129106 84 67 59 60 68 8020 316X3 215148132415899999999999999 723 912023 5999999999999999
 94108121130133131124116111110114121129136140141136126113 97 84 74 70 7020 317X3 4 5133143414199999999999999 8351102231 6999999999999999
 74 82 94107121132137136131123116112112115121128134137134125111 96 81 6920 318X3 61913817 1137999999999999991135112999999999999999999999
 63 63 71 85104124141150149139125110100 96101111125138147147138121 99 7820 319X3 723151183314899999999999999 029 621255 9699999999999999
 61 52 53 64 85111138157164157139115 94 81 80 91110131151162161147123 9320 320X3 8 0164192616399999999999999 124 511333 7999999999999999
 66 47 40 47 66 95128157173174156128 96 72 63 70 9011714616817717114811520 321X3 83017620 617799999999999999 2 0 4014 4 6399999999999999
 79 49 33 33 49 78114150176185174145107 72 51 50 67 9713216518518817214020 322X3 857185204018999999999999999 229 311434 4899999999999999
 99 60 33 25 35 62 99139173191188163124 81 49 36 46 7411215218319819116420 323X3 922192211219899999999999999 256 2515 3 3699999999999999
123 78 42 23 26 48 84125164190196179142 96 55 31 30 52 8913217219820318520 324X3 945197214320499999999999999 322 221531 2799999999999999
148101 58 29 23 38 70111153185199190159114 68 34 22 33 6510815318820519820 325X310 7199221320599999999999999 347 2216 0 2299999999999999
169126 79 43 27 34 60 98140176196195172132 85 44 22 23 46 8412917019620220 326X31027199224320399999999999999 411 261627 1999999999999999
184147102 62 37 35 54 88127165190196180147103 60 30 20 33 6310414618019620 327X31047196231419699999999999999 435 331655 2099999999999999
190164125 84 53 42 53 80116152179191184158120 79 45 26 29 49 8312115718020 328X311 7191234618699999999999999 5 0 421723 2599999999999999
186172142106 74 56 57 76106138166182182165135 98 64 40 32 43 67 9913215820 329X31129184999999999999999999999 526 541754 3299999999999999
172170152125 96 75 68 78 99126151169174166145116 85 59 44 44 58 8010713320 330X3 021173115317499999999999999 554 681830 4399999999999999
151159153138117 97 85 85 97117137153162161149130107 83 64 55 57 68 8610620 331X3 1 4159122316399999999999999 627 831919 5499999999999999
125139144141132118106100102111124136146150147139126109 90 75 66 65 71 8220 4 1X3 2 9144131015099999999999999 7141002039 6499999999999999
 97112126135138136129121115113115120126132137140139132120104 87 73 65 6420 4 2X3 4 5138151314099999999999999 8571132240 6399999999999999
 70 82 99117134145149145135123113106105109118130142149149139120 96 73 5620 4 3X3 5591491728150999999999999991143105999999999999999999999
 49 53 67 90117142161168161144122101 87 84 92108131153168171159133 99 6620 4 4X3 7 1168184317199999999999999 010 491248 8499999999999999
 41 30 36 58 90127160182187172144109 79 62 61 77105139170191194176140 9520 4 5X3 744187193819599999999999999 1 8 301331 5999999999999999
 52 23 14 27 58100146184204200174132 86 51 35 42 6810815219121421318614020 4 6X3 822205202721699999999999999 154 141411 3599999999999999
 85 37  8  6 28 68120170207220205164110 58 23 14 30 6711616821023022318720 4 7X3 858220211423199999999999999 236  41451 1399999999999999
132 72 24  2  9 40 89145195224226197145 84 31  2  1 27 7312818322323722120 4 8X3 933229215923799999999999999 316  11530 -299999999999999
178119 60 20  7 24 63116170213231219179120 58 11 -9  0 34 8314019222623220 4 9X310 7231224323399999999999999 354  71610 -999999999999999
209163105 54 25 24 49 91142189220225201154 95 39  2 -7 10 47 9614919321720 410X31040227232822099999999999999 431 211650 -799999999999999
216190145 95 56 40 49 78119163198215208177129 76 31  7  7 28 6310815118520 411X31113215999999999999999999999 5 8 401730  499999999999999
200194168130 92 67 63 77105140172194199184152110 67 35 22 27 48 7911414620 412X3 013200114419999999999999999 543 621811 2199999999999999
169178170149122 97 84 87102125150170180177160133100 69 49 42 49 66 8911420 413X3 1 1178121618199999999999999 620 831857 4299999999999999
136151156152139122108103106118133147158162157143124101 80 67 63 67 77 9220 414X3 2 3156125516299999999999999 7 51021958 6399999999999999
108123135142143138129121117117122129136142145143136125110 95 84 77 76 8020 415X3 34014314 914599999999999999 8251162142 7699999999999999
 88 99112126137144145140131123117114116121128135139139133122108 94 83 7720 416X3 53514516301409999999999999911 51142338 7699999999999999
 76 81 92108126143153155148134118106 99100108121134145150146134116 97 8020 417X3 64115518 3150999999999999991222 99999999999999999999999
 70 68 76 91113136156166164149127104 88 81 87102122143158164157140115 9020 418X3 720167185816499999999999999 041 6813 2 8199999999999999
 70 60 62 76 98126153172177166142111 84 67 66 8010413215817417616413810720 419X3 750177193917799999999999999 120 601334 6599999999999999
 78 58 53 62 84114146172186181160125 89 61 50 58 8111414817618918416312920 420X3 817186201518999999999999999 152 5314 5 5099999999999999
 93 63 48 51 70100135168189193176143101 64 41 39 58 9113016719219918415320 421X3 841194204919999999999999999 220 471435 3799999999999999
114 76 51 45 58 86123159188200190161119 74 41 27 37 6610715018620420117720 422X3 9 5200212120699999999999999 248 4515 4 2799999999999999
138 95 61 45 51 74109148182201200177138 91 49 24 23 44 8112717019920919520 423X3 927203215320999999999999999 315 451533 2199999999999999
161118 78 52 48 65 96135172198205190156110 64 30 17 28 5810014618520620420 424X3 950205222620899999999999999 341 4716 2 1799999999999999
181142 99 66 52 60 85121159190204198172130 84 44 21 20 40 7612016319320420 425X31013205225920499999999999999 4 8 521632 1899999999999999
192162123 86 63 61 78109144177197199182149106 64 33 22 31 57 9513617119220 426X31037201233419699999999999999 436 5917 3 2299999999999999
194176144108 80 69 77 99130161184194186162127 88 54 33 31 46 7410914517220 427X311 4194999999999999999999999 5 5 691737 2999999999999999
184179159131102 84 82 95118145168182182169144112 79 54 41 44 61 8711714520 428X3 013184113318499999999999999 538 811818 4099999999999999
164171165148125105 95 97111130149164171168155133107 81 61 53 56 71 9211620 429X3 1 0171121117199999999999999 618 941911 5299999999999999
138153159156144128114108110119131144153158156147132112 90 73 64 64 73 8920 430X3 2 7159131315899999999999999 7161072028 6399999999999999
108128144153155149138126117114116122131140147152150141125104 84 70 64 6820 5 1X3 342156151515299999999999999 9 411422 6 6499999999999999
 80 99120141156163161150134118107102105114128143156162157142118 92 70 5820 5 2X3 51416417 61629999999999999911 81022330 5799999999999999
 58 70 92119146168178175159134109 90 81 84 98120146168180177158128 94 6520 5 3X3 6161791820180999999999999991214 80999999999999999999999
 48 48 63 91126160185195186161125 90 65 56 64 86119155184200196171133 9020 5 4X3 7 2195191820199999999999999 031 4613 2 5699999999999999
 56 38 41 63 99141179205210191154108 65 38 33 48 8112316720221820917813220 5 5X3 743211201021899999999999999 121 371345 3299999999999999
 83 47 32 42 71114161200221217188139 85 39 15 16 40 8113218121723021617720 5 6X3 821223205923099999999999999 2 6 321427 1299999999999999
125 75 42 34 51 87134182218231216176119 61 18  0  9 40 8814219222623321320 5 7X3 859231214623499999999999999 248 3315 9 -199999999999999
170116 69 43 43 67108156200227230205157 97 41  5 -5 11 48 9815219922622720 5 8X3 936232223223099999999999999 329 401552 -599999999999999
202157107 68 51 59 88130174210227219187136 78 30  3  1 23 6111016019921820 5 9X31012228231821999999999999999 4 9 511634 -199999999999999
213186143101 72 65 80110149186211217201165116 66 28 11 16 40 7712116219220 510X31047218999999999999999999999 448 651715 1199999999999999
204195168132100 82 83101129161188202200180145103 63 36 27 37 60 9212815920 511X3 0 4204112220399999999999999 526 801758 2799999999999999
180186176153126104 95100117140163181187180160130 97 68 50 47 57 7710313020 512X3 051186115918799999999999999 6 7 951843 4799999999999999
152166169161145126112107113126142158168170163146124 99 78 67 66 74 8910820 513X3 146170124417099999999999999 6551071935 6599999999999999
128144155159154143130120116118126136146153156152141125107 91 82 80 85 9520 514X3 256159135315699999999999999 8 71162045 7999999999999999
109124138150155154147136125117115117124133142148149143131116102 91 86 8820 515X3 422156153714999999999999999 9581152215 8699999999999999
 95107122138151160160152139123110103104112124137148154151140125108 94 8620 516X3 53316117101549999999999999911251032332 8599999999999999
 86 93107125144160169167155135114 96 88 90102120140156164161148129108 9120 517X3 6211691815164999999999999991217 87999999999999999999999
 82 83 93111134156172178171151124 97 78 72 79 9812414916817617015212710220 518X3 65817819 417699999999999999 024 811257 7299999999999999
 84 77 82 98122148172185184168140106 77 60 59 7510213416318218717515012020 519X3 728187194518799999999999999 1 5 771332 5799999999999999
 93 76 74 86109138167188195184158121 84 56 45 53 7711214918019619317414320 520X3 755195202319799999999999999 139 7314 5 4599999999999999
109 82 71 76 96125158185200198176140 98 61 38 36 53 8612716719520519416720 521X3 822202205920599999999999999 212 701437 3499999999999999
130 96 74 70 84111145178201207193161118 74 40 26 34 6110114518320620818920 522X3 848207213521099999999999999 242 6915 9 2699999999999999
154116 84 70 75 97130166195210205181140 94 52 27 22 40 7411816219621220420 523X3 916211221121299999999999999 313 691541 2199999999999999
178139102 77 72 86115150184206212196163119 73 37 21 26 51 9013517620321020 524X3 946212224821099999999999999 345 711615 2099999999999999
195163125 93 77 80101133167195209205182144 99 58 30 23 36 6510514818320320 525X31017210232820599999999999999 418 761652 2399999999999999
202182149115 90 82 93117148177198204193166128 86 51 32 31 49 8011815518420 526X31052204999999999999999999999 454 821731 2999999999999999
196191169139111 93 92106130156179193193179152117 81 53 40 43 62 9112515720 527X3 011196113119599999999999999 533 911817 3999999999999999
179187180160135113101103116136157174183181168144114 84 60 50 55 72 9812720 528X3 1 1187122118499999999999999 6211001911 5099999999999999
154172179173157136118108109119133149163172172163144118 92 71 61 64 7810020 529X3 2 1179133317399999999999999 7241072016 6199999999999999
126150168176173159141123111108112123137151163168165151129103 82 69 69 8020 530X3 31217615 816999999999999999 8531082132 6799999999999999
 99124149168179178165145124107 98 98107123141159171173163141115 90 73 7020 531X3 4241801640174999999999999991027 972247 6999999999999999
 79 98125152175188187172147118 94 80 79 90110135161180186177154124 94 7420 6 1X3 5261891756186999999999999991137 782352 6899999999999999
 68 78100130161187200196175143106 76 59 59 74101134167191200191164129 9420 6 2X3 6172011859200999999999999991232 57999999999999999999999
 72 66 79105140175201212203174133 90 55 38 41 62 9613717620421320117012920 6 3X3 7 3212195621399999999999999 047 661321 3799999999999999
 92 69 67 83115153190215221205168119 71 36 22 30 56 9714318621522220617020 6 4X3 747222204822399999999999999 138 6514 8 2199999999999999
126 88 68 70 92127168204225225201157103 54 21 12 25 5710315219522222520420 6 5X3 829228213822799999999999999 224 671454 1199999999999999
165120 85 70 78104142182215230222191142 87 41 13 10 28 6511216220222422120 6 6X3 910230222422699999999999999 3 9 701539  899999999999999
196155113 83 75 89118157194220227212176126 74 33 13 16 39 7812417020421920 6 7X3 95022823 922099999999999999 351 751622 1299999999999999
211183143107 85 84102133169200218218197159112 66 33 21 30 56 9413717620220 6 8X31029221235221099999999999999 432 8217 4 2199999999999999
209197168133103 90 95116145176200210204180143100 63 40 35 48 7511014717720 6 9X311 8210999999999999999999999 512 901744 3499999999999999
195196181154125104 98107127153177193197187163129 94 66 51 53 68 9412415320 610X3 034198114719899999999999999 553 981824 5099999999999999
175185182167144122108106116134154172183183171149122 94 74 66 71 8710913320 611X3 117186123118499999999999999 63810519 5 6699999999999999
155170176172158140123113112120134149163171170160142120 99 85 81 8610011820 612X3 2 5176132617199999999999999 7341111953 8099999999999999
137154166170166155139125115113117128141153161162155141123107 96 92 9710820 613X3 3 1170143816299999999999999 8491132053 9299999999999999
12313915416516916615514012511310710911813114515515915614513011510410010320 614X3 4 616916 415999999999999999101410722 510099999999999999
112126141156168172169157139120105 97 9810812414115616316215213712110810220 615X3 5 51721722164999999999999991122 96231510299999999999999
104113128146163175179172156133110 92 83 8610012114416217217115914112210720 616X3 5531791824173999999999999991214 83999999999999999999999
101104116134155173184185173150122 95 76 69 77 9712415217318317916414211920 617X3 632186191518399999999999999 0111001256 6999999999999999
103 98104121143167186194189169139105 76 59 58 7310013316418619418616513720 618X3 7 7194195919499999999999999 057 981334 5799999999999999
112 97 95107129157182199202188160123 86 58 45 51 7310714517919920218816020 619X3 741203204020399999999999999 137 941411 4599999999999999
129103 91 95114142172197210205183147104 66 41 35 49 7911916019321020718520 620X3 815210212021199999999999999 215 911448 3599999999999999
152118 95 88 99124156188210217204173130 85 48 29 30 52 8913317620621720620 621X3 85121722 021799999999999999 252 881526 2799999999999999
177140107 88 88106136171201219218198160113 68 35 23 32 6010214818921421820 622X3 928221224021999999999999999 329 8616 5 2399999999999999
200167128 99 86 93116149183210222214188146 98 56 29 23 39 7211616119721620 623X310 8222232221899999999999999 4 7 861645 2299999999999999
213190155119 94 88101127159190212218206176133 87 49 29 30 51 8612917120120 624X31051219999999999999999999999 448 881727 2799999999999999
213205179144112 94 93109135165192209211195165124 82 50 36 42 6510014017620 625X3 0 5213113721299999999999999 531 911812 3699999999999999
200207195169137110 96 99115138164187200200185157120 83 58 48 57 8011314820 626X3 051207123120299999999999999 620 9519 0 4899999999999999
178197200187162133110 99102115135158178190190178153121 91 69 63 72 9312220 627X3 140201133419299999999999999 717 981954 6399999999999999
153178193194181158132110 99100110127147166180184175155128102 83 77 8510320 628X3 234196145018499999999999999 827 982055 7799999999999999
129156178192193180158132109 95 92 99114135156173181178163139114 96 88 9420 629X3 334194161418199999999999999 946 9222 4 8899999999999999
110133158180194195183159131104 86 80 85100122147170183185173151125105 9520 630X3 43519617361869999999999999911 2 802315 9599999999999999
 99113136162185199200186160127 96 74 65 70 8711314317119019518416113311020 7 1X3 53420218491959999999999999912 8 65999999999999999999999
 98100115140168192207207190159121 85 60 50 56 7710814417720020619416813620 7 2X3 629209195020699999999999999 021 9713 6 5099999999999999
110 97100117145176202216213192155112 73 46 37 47 7210814918621021520016920 7 3X3 721217204421699999999999999 119 961358 3799999999999999
134106 93 99121152185212224217190148101 60 34 29 43 7311515919721922019920 7 4X3 8 9224213222299999999999999 210 931446 2899999999999999
164126 99 90101127162196221229216183137 88 48 27 27 46 8212617120722421920 7 5X3 854229221622599999999999999 256 901530 2499999999999999
192153116 93 90106137172205226228209172124 76 41 25 32 57 9614218421422420 7 6X3 936230225522499999999999999 338 881611 2599999999999999
210179140106 89 93115148183212226222197156109 66 38 31 45 7511515819421520 7 7X31016227233221899999999999999 417 881648 3199999999999999
216196162125 99 90101126159191213221209180139 96 60 42 44 64 9713517219920 7 8X31054221999999999999999999999 455 901723 4199999999999999
211203179146115 96 95111137167194209209193162124 87 61 53 63 8711915218120 7 9X3 0 6211113121199999999999999 532 931756 5399999999999999
199201187162133109 98103121145171191200195176146113 85 69 70 8410913716420 710X3 03820212 920099999999999999 611 981829 6799999999999999
184193189173150126108103110127148168183188180161136110 90 82 8810412615020 711X3 111193125218899999999999999 65410319 4 8299999999999999
170182185178163142123110107114128145162173176168153132113100 9710511913820 712X3 147186134617699999999999999 7471071945 9799999999999999
15617117917917115714012311210811312413815316316716215113512111111011712920 713X3 232180145616799999999999999 855108203811099999999999999
14315817017617616915613912311010510711613014515816416315514213012111912320 714X3 3301771621165999999999999991014104215111999999999999999
132145159170177178171157138119104 96 9710612214115716716916315113712712220 715X3 4341791743170999999999999991124 95231212299999999999999
124133146161174183183174156134111 93 84 86 9811814216317617917215814112720 716X3 5331841848180999999999999991220 83999999999999999999999
120121131148166183192190177154125 98 78 70 75 9211914817318919118016113920 717X3 623192194019299999999999999 01911913 7 7099999999999999
122114118132153176194202197178148113 82 61 56 66 9112415918820320118515920 718X3 7 8203202520499999999999999 1111141350 5599999999999999
132113106115135162189208213203176138 97 64 45 44 62 9413517420321620818420 719X3 75221421 721699999999999999 1561061432 4299999999999999
151121102100114141173203221223205170125 80 46 31 37 6310314919021822521020 720X3 835224214822599999999999999 237 981513 3099999999999999
178139108 92 96117150186216232228203161110 63 32 22 36 7011616520622922820 721X3 919233222823299999999999999 317 911553 2299999999999999
205166125 95 85 96123160197226238228196149 95 50 24 22 44 8313318221923420 722X310 423823 823599999999999999 358 851634 2099999999999999
225194152111 86 82 99131169205230237222186136 84 43 25 31 5910115119622520 723X31049238234723399999999999999 439 811715 2499999999999999
232215180137100 81 84105137174207228230211173125 78 45 35 48 7912116720520 724X31136232999999999999999999999 522 801756 3599999999999999
225224201164124 93 81 88110141175203220218198162119 80 56 53 7010114017820 725X3 026227122622199999999999999 6 7 811838 5299999999999999
207219212187152116 92 84 92113140169193206204186155119 89 74 75 9312115320 726X3 1 7219132220799999999999999 657 841923 7299999999999999
184204210200176144114 94 88 95112134159179191191178154127105 94 9711213520 727X3 152210142919299999999999999 755 882016 9399999999999999
161184199201191170142115 97 90 9310612414516417818217616013912211211312420 728X3 243202155418299999999999999 9 8 89212311299999999999999
141162181193197188170144119 99 88 87 9511113115217018018017015313712512220 729X3 3471971730182999999999999991035 86224912299999999999999
128142160178192197191174149121 97 82 77 83 9812014516918619018316514613020 730X3 5 01971852190999999999999991158 77999999999999999999999
122125138157178195203198180152121 92 72 65 70 8811514617619620219317214720 731X3 610203195320399999999999999 01212213 4 6599999999999999
126116119134157182202212206185153115 82 60 53 61 8411715418820921319817120 8 1X3 7 9212204221499999999999999 1151151357 5399999999999999
140116106113133162191213222212186147105 69 47 44 59 8812716920322121919620 8 2X3 8 0222212322399999999999999 2 41061441 4399999999999999
161126102 97110137171202224229214181136 91 55 39 42 6410014418621722821620 8 3X3 845229215922899999999999999 246 971519 3799999999999999
185145110 91 93114147183214232230208168120 75 45 36 49 7912016520322622720 8 4X3 925234223222999999999999999 324 891554 3699999999999999
205167126 95 84 95123160196224234224194150102 62 42 43 6510114318521522720 8 5X310 223423 222799999999999999 359 841625 4099999999999999
217187146108 86 85104136173206227229211175130 86 56 47 59 8812616620022020 8 6X31036231232922299999999999999 432 821654 4799999999999999
219199165126 96 83 91116150184211223217192154112 77 59 62 8211415118520820 8 7X31110224235421599999999999999 5 5 831722 5899999999999999
215204178144111 90 87102129160190209213199172136101 77 71 8310813917019520 8 8X31143214999999999999999999999 539 861749 7199999999999999
207204186159128103 92 96113139166189200198181154124 99 86 9010613115818220 8 9X3 018208122020199999999999999 614 911818 8699999999999999
196199189170144120103 9710512114316518118818216614412110510110912714816920 810X3 04320013 218899999999999999 654 97184910199999999999999
18419118817615813711810610411112414215917117517015814112611711812614115720 811X3 112192135817599999999999999 743103192811699999999999999
17118118418016915313512011010711112113514916116616515814713613013113714720 812X3 154184151816799999999999999 852107202513099999999999999
15816817617917616715413812211110510611312514015416416716515714814113814020 813X3 3 117917 316799999999999999102210522 813899999999999999
145154164173179179172159141122106 97 9510111513415316817717616915714513720 814X3 4311791828178999999999999991143 94235413599999999999999
135139148162175185188181164142117 96 82 80 8910813315918019119017916114220 815X3 5481881926192999999999999991244 79999999999999999999999
129125130145164184197201191169139106 80 64 64 7810513917219620720218315720 816X3 647201201120899999999999999 0571251332 6299999999999999
132115112123145172197214216201170131 91 60 45 50 7310915118921522321018120 817X3 737217205122399999999999999 1431121415 4599999999999999
146115 99101119149184214231229206166118 72 40 30 43 7512016921023323320920 818X3 825233212923699999999999999 224 971456 3099999999999999
170128 96 83 93120158198230245238206157102 54 26 23 45 8613819022924523520 819X3 91124622 624699999999999999 3 4 831536 2199999999999999
200153107 78 72 90125169212243254239200144 86 41 20 26 5710516021124324920 820X3 956254224325099999999999999 343 711615 1999999999999999
227184132 88 65 67 92132179221249254232187130 75 37 26 41 7912918322624820 821X31041255231824999999999999999 423 631654 2599999999999999
242211163112 73 59 69 99140185224246244218172118 71 44 43 6610515420023220 822X31126248235424299999999999999 5 4 591732 4099999999999999
242227190142 97 68 61 76107146186218233227200159113 78 62 69 9513217320820 823X31214234999999999999999999999 546 611810 6299999999999999
228228207171128 91 70 69 86113147179204214207184151117 93 87 9712115218320 824X3 02923113 621499999999999999 632 671851 8699999999999999
207217211189157122 93 79 80 9411614116618519318917315112811411212214016220 825X3 1 8217141019399999999999999 725 78193811199999999999999
183198203195177152124102 91 90 9811213015016617617817115814413413213714820 826X3 154203154417899999999999999 835 89204813299999999999999
162176186191187174155133113100 94 9510311613315116717717817116014914214020 827X3 3 31911738178999999999999991019 93224614099999999999999
145154166177185187180164143122103 91 87 9110312314616818419018417115414020 828X3 44218719 01909999999999999912 1 87999999999999999999999
133134143158175188195190175151124 99 82 75 79 9512015017819720319317314920 829X3 6 7195195120399999999999999 02213213 7 7599999999999999
129119122135157180198207201182152118 88 69 63 73 9512816419421221219416520 830X3 7 8207202921499999999999999 1171191352 6399999999999999
134111104113134163191212219209182144105 73 56 56 7410514418321222321418620 831X3 75421921 322399999999999999 1571041428 5499999999999999
148114 93 93110140175207226227209174130 87 58 48 58 8512316620422622720620 9 1X3 834229213222999999999999999 232 911459 4899999999999999
168126 93 80 89116153191221235228200158110 70 49 49 7010514819022123222020 9 2X3 91023622 023299999999999999 3 4 801528 4699999999999999
188144102 77 74 94129170207232237220183136 91 59 48 61 9013117421023022720 9 3X3 944238222523199999999999999 336 721556 4899999999999999
203163118 83 69 78106145186219235230203162115 76 56 59 8211715919622222820 9 4X31016236224722899999999999999 4 6 681622 5499999999999999
213179137 97 72 70 88122162199224230215182139 98 71 64 7910814618321122320 9 5X3104723023 822399999999999999 436 681647 6499999999999999
216191153114 83 70 78103138175205220217194159121 90 76 8210413617019821520 9 6X31118221232821799999999999999 5 6 701712 7599999999999999
214197167131 99 79 77 92119151182203209199174142111 92 9010412915918620420 9 7X31151210234920899999999999999 537 751738 8999999999999999
208198176146116 93 83 8810513015818119419418015813211210310912715017319120 9 8X31228196999999999999999999999 6 9 8318 510399999999999999
199195181159134110 95 92 9911513615717318117916714913212111912814416117720 9 9X3 012199131518299999999999999 648 91183711899999999999999
18718818216815013011310210110711913414916216816816115114013413514215216320 910X3 043189142516999999999999999 742100192313399999999999999
17217717817316314913411910910510711412513815116016516516015314714514615020 911X3 134178162416599999999999999 91210521 614599999999999999
156162168172172167157143126112102 9910211112614416017117617416615614714120 912X3 33217218 91769999999999999911 4 98234414099999999999999
140144152163174180179170152130108 91 83 85 9811914416818619318817515613820 913X3 52418119 7193999999999999991218 82999999999999999999999
127124131146166184196197184159128 97 74 63 69 8811815318420521019917514620 914X3 632198194821199999999999999 0461241310 6399999999999999
120106107121146176202217215196161119 79 53 45 57 8712717020622622420216620 915X3 725218202522899999999999999 1281041353 4599999999999999
127 97 84 92117153191222238231202156104 60 34 32 54 9514419322924323019520 916X3 81323821 124399999999999999 2 7 841433 3099999999999999
147101 71 65 83118163208242254240201145 87 43 23 31 6311216821724825122520 917X3 859254213625399999999999999 245 641512 2299999999999999
178122 75 50 53 80124176223255262239192131 73 34 23 42 8213719323725724820 918X3 944263221125899999999999999 323 481551 2399999999999999
210154 96 53 37 50 85134187233259259229177117 65 36 37 6410916321424725520 919X31028263224525699999999999999 4 3 371628 3399999999999999
233187129 75 41 35 55 94143193233252245212161108 67 51 61 9213718522524620 920X31113253231924799999999999999 443 3417 6 5099999999999999
241211163109 64 41 43 67104149192224235224192149107 79 74 9112216019822520 921X312 0235235323399999999999999 524 391743 7499999999999999
233219187143 98 65 51 58 8111315018320621220117614311510010211914517419920 922X31252212999999999999999999999 6 8 511822 9999999999999999
213213197168132 99 76 68 75 9311714416818418918316714713012212613915617520 923X3 028215135718999999999999999 659 6819 812299999999999999
189196193180158133109 92 86 89 9911413214916417217316715714714114214715520 924X3 112196153917499999999999999 8 8 86202614199999999999999
165174179179172159141123108 99 96 9810611913415116517417516916015114514220 925X3 22918017381769999999999999910 5 9623 214299999999999999
144151159168174175168154137119103 94 90 9510812714917018418718016614913520 926X3 4361761849187999999999999991154 90999999999999999999999
128128137151167180185181166144120 99 84 80 8710413015818319719818416113620 927X3 6 4186193119999999999999999 0251271254 8099999999999999
117110114130152175193199192172143112 87 72 72 8511014217520021020217814620 928X3 65919920 321099999999999999 1 71091332 7099999999999999
115 96 93106131161190208211197169133 97 72 62 70 9212516219621521619716220 929X3 741212203221899999999999999 140 9314 3 6299999999999999
123 92 78 84107141177207222218194157116 80 60 59 7710814718621422421318120 930X3 818222205822499999999999999 211 781432 5799999999999999
138 97 71 67 84117157195222229216183139 96 66 55 66 941321732072262231982010 1X3 851230212322899999999999999 241 651459 5599999999999999
157110 73 57 65 92133176212231229205164118 79 58 60 821181591972222282112010 2X3 924233214522999999999999999 311 571525 5699999999999999
175128 84 57 53 72108152194223233219186142 99 69 61 751061451842142272182010 3X3 95523322 622799999999999999 340 511550 6199999999999999
189146101 65 50 58 86126170207227225202164121 86 69 74 981331712042222202010 4X31026229222622499999999999999 4 9 491615 6899999999999999
199163119 80 55 53 71104145184212221210181143106 83 79 951241591912122182010 5X31057221224721899999999999999 437 511641 7899999999999999
204175136 98 68 56 64 88122159190208208191161127100 89 961181471772002102010 6X3113021123 821099999999999999 5 6 5617 6 8999999999999999
204183152117 86 67 65 791041351661881971911721461201041031161391641851982010 7X312 5198233120099999999999999 537 64173410299999999999999
198186163135106 84 75 78 931161411641791831751591391231161201341531701832010 8X31249183999999999999999999999 613 7418 711699999999999999
188183169150127106 91 85 901021191381551661701651551431331301351441561662010 9X3 0 0188135417099999999999999 7 2 85185313099999999999999
173174170160147130114101 95 95102114129143155162164160153146142141144149201010X3 045174154716499999999999999 823 94203614199999999999999
154159163164162154141125110 98 93 94102116133150164172173167157146137133201011X3 2501641735174999999999999991019 92232413299999999999999
133139148159169173169156136113 94 81 79 87105129154176188189178160139122201012X3 5 31731833190999999999999991144 78999999999999999999999
113114125143164182192188171142110 82 64 62 75101134168195208203183153121201013X3 615192191520899999999999999 0241121239 6199999999999999
 98 88 95115145176202214207182143100 65 47 49 70106148189217225211178135201014X3 7 9214195222699999999999999 1 5 881324 4599999999999999
 95 69 64 80112153194224235221186137 86 49 34 43 75120170213237236209162201015X3 758235202724099999999999999 144 6414 6 3499999999999999
109 65 43 46 72115165211242249228183126 72 37 30 49 90142194234250237196201016X3 84425021 325099999999999999 222 411446 2999999999999999
139 81 39 23 36 72122178226254254225173113 62 35 37 66112167216248252226201017X3 930258213825499999999999999 3 2 231525 3299999999999999
175113 56 20 14 36 78132188233255248213160103 60 43 55 90138189231251242201018X31016256221325199999999999999 342 1316 4 4399999999999999
206151 90 40 14 17 44 88141193231245233196146 98 67 61 80116161204233241201019X311 2245224824199999999999999 424 121642 6099999999999999
223182129 75 36 20 30 58100147190219226211178137101 82 85106139176207224201020X31150227232322699999999999999 5 6 201721 8199999999999999
222199160114 71 43 36 48 75110148180200204190164134110102109128154180199201021X31242204235920799999999999999 551 3618 210299999999999999
207199177145109 78 60 57 68 88115142165180183174157138124121127141157173201022X31346183999999999999999999999 640 56185012199999999999999
184186179162139113 92 79 77 83 96113132150163169167159147138134136141150201023X3 045186151716999999999999999 745 76201313499999999999999
159166169166157142124108 96 90 91 97108122138154165169166157147138132131201024X3 2 416917 316999999999999999 925 90224013199999999999999
135142151159163161152137121106 95 90 92101116135155170177174162146130119201025X3 4121631812177999999999999991113 90235911599999999999999
115119130145159169171163147126107 91 84 86 98117141165182187179160136114201026X3 5411721854187999999999999991217 84999999999999999999999
100 97107125147168181183172150124 99 82 77 83101127155181195194177149117201027X3 637184192619799999999999999 041 971258 7799999999999999
 92 80 84102129158182195192174146114 87 72 72 86112143175197205193166129201028X3 720196195420599999999999999 115 791330 7099999999999999
 93 70 65 78105140174198206196170134 99 74 66 74 97130165194210206183145201029X3 757206202021199999999999999 146 641359 6699999999999999
103 68 52 57 81117157191211211192158118 84 65 66 85116153187210215198164201030X3 831214204421599999999999999 216 511427 6399999999999999
119 76 48 42 58 91134175206219209181141101 72 63 75103139176205218209181201031X3 9 421921 721899999999999999 246 411455 6399999999999999
138 91 53 35 41 67108153192216219199164122 86 67 70 911251631972162161952011 1X3 937221212921899999999999999 316 351522 6699999999999999
156110 66 38 32 49 83127171204219211183144104 77 70 841131491842092172042011 2X310 9219215221799999999999999 345 311549 7099999999999999
173129 85 49 33 38 63101145184208213196164125 93 77 821031351701982122072011 3X31042214221621299999999999999 415 321617 7699999999999999
185148105 67 42 36 51 80119158189204200178146113 90 85 981241541832012042011 4X31116205224220599999999999999 446 361646 8599999999999999
191163126 89 59 44 47 67 97132165187194184161133108 95 991161401661861952011 5X31154194231019599999999999999 519 431717 9599999999999999
190172144112 81 60 53 61 811081381631781801701501281121061141301491671792011 6X31239181234518299999999999999 557 53175510699999999999999
182174157133107 83 68 65 73 901131361561671691611471321211181241351481602011 7X31340169999999999999999999999 647 64184711899999999999999
167168162150132111 92 78 74 79 921091291461591641611521401301251261311382011 8X3 03916815 916499999999999999 757 74202312599999999999999
146153158158152140122103 87 78 78 861011201401571671691621501351231171162011 9X3 232159164117099999999999999 931 77223711699999999999999
121131143155163164154136113 91 76 70 77 93116141164179182173154132111 97201110X3 4321651746183999999999999991057 702348 9499999999999999
 94102118139161177181171149118 89 67 60 67 88117150179196196180152118 89201111X3 55018118331989999999999999912 0 60999999999999999999999
 72 70 84109141173195201188158119 82 57 50 62 90127167198213207180140 96201112X3 649201191321499999999999999 036 691251 5099999999999999
 61 45 48 71107149188213218199161115 73 47 45 64 99144187217227211172121201113X3 742219195222799999999999999 118 441337 4399999999999999
 70 34 21 33 65110160203228229204159107 64 43 47 73115164207232233206157201114X3 832232203123699999999999999 2 1 211421 4199999999999999
 98 45 12  6 25 65116170214237232201152 99 60 45 56 89135183222239230193201115X3 92023921 924099999999999999 243  515 3 4599999999999999
137 76 25 -1  0 26 71125179220237227191141 92 60 54 72108154198229237217201116X310 8238214723799999999999999 327 -41545 5399999999999999
174117 58 15 -3  5 35 81134183218229214177130 89 67 68 91128169206226225201117X31055229222622999999999999999 411 -41626 6599999999999999
199154100 49 15  5 18 50 93141182208213196162122 91 78 86110143177204215201118X3114321423 421599999999999999 455  517 7 7899999999999999
206178136 89 49 25 22 37 67104143176194194178149119 98 93103124151176193201119X31232196234419799999999999999 539 211749 9299999999999999
197185159124 86 57 41 42 57 82112142165178177163142121107106115131150167201120X31326179999999999999999999999 626 40183810599999999999999
177177166146118 91 70 60 62 74 93115137154164165156141126116114119129142201121X3 031179143216699999999999999 718 59194511499999999999999
153160161154140120100 84 76 77 85 98115132147157160155144131120114115120201122X3 137162155216099999999999999 824 75212911499999999999999
129139147152150141126110 96 87 85 89 99113129145157162158147132117107103201123X3 31415217 616299999999999999 948 8523 410399999999999999
106115128141150153147135118102 91 86 89 98113132150163168163148127107 92201124X3 45015318 01689999999999999911 9 86999999999999999999999
 87 91105123142156161156141122103 89 83 87 99118140160173175164142115 90201125X3 6 0161183917699999999999999 0 1 8712 6 8399999999999999
 74 71 81101126150167171163144120 98 83 79 87105128153174184179159129 96201126X3 651171191118499999999999999 043 701249 7999999999999999
 69 56 59 77105136163179180166141113 89 76 77 91115144170187190175146109201127X3 734182194019199999999999999 119 551325 7599999999999999
 73 49 42 53 80115151178190185164133102 79 71 80102131162186197189165127201128X3 81219120 719799999999999999 152 421358 7199999999999999
 85 51 32 34 55 90130167191197184155120 89 71 72 88117150180198200181147201129X3 848198203420199999999999999 225 311430 6999999999999999
103 61 32 22 34 64105148182201198176142105 78 68 77102136169195205195166201130X3 92320221 120599999999999999 257 2215 0 6899999999999999
124 79 41 19 20 41 78122164194204192163125 91 71 71 891191541852032031832012 1X3 958204212920699999999999999 329 171531 6999999999999999
147101 57 26 15 25 53 95139177199200181147110 82 71 801041371701952041942012 2X3103320322 020499999999999999 4 1 1516 3 7199999999999999
166126 81 42 20 18 36 69111153184198191166132 99 79 77 921201511791961972012 3X311 9198223219999999999999999 436 161636 7599999999999999
180148107 66 35 21 27 50 85125160184190178152120 94 82 871051321591811902012 4X3114919023 819099999999999999 512 211712 8199999999999999
184164132 94 59 36 29 40 64 98133162179180165141114 95 89 971151381601742012 5X31233181235217999999999999999 553 291754 8999999999999999
179171151122 89 60 42 40 52 76105135159171170157136114 99 961031181361522012 6X31325172999999999999999999999 639 391847 9699999999999999
163167160143119 91 67 52 51 62 83108134154165165154136117104 991031131262012 7X3 050167142916799999999999999 736 5020 2 9999999999999999
140151157155143124 99 77 62 59 67 85108131152164166157140120104 94 93 992012 8X3 215157154016799999999999999 846 592138 9299999999999999
111126142153157150134111 87 70 64 69 84106131154169172163144120 97 81 762012 9X3 35415716471739999999999999910 3 6323 1 7699999999999999
 81 94114136155165163148123 96 74 64 67 83107135161179182171146114 83 62201210X3 5201661745183999999999999991116 63999999999999999999999
 54 60 78105135162178178161133101 74 61 65 83111144173192193175143102 65201211X3 631180183419599999999999999 0 3 541218 6199999999999999
 40 32 41 66101139172192192172139101 72 58 64 86119156188204201176135 87201212X3 731194192120699999999999999 056 321312 5899999999999999
 44 18 13 27 59101146184204203179140 98 67 56 65 92130170201215205172123201213X3 82620620 621599999999999999 145 1214 2 5699999999999999
 70 25  1 -1 20 58106155194213208179135 92 63 56 71102143184212219203163201214X3 916214204922099999999999999 233 -31449 5599999999999999
109 54 11-10 -6 20 63115165202216205172127 85 60 59 79115156194217218194201215X310 4216213222099999999999999 320-111533 5799999999999999
150 94 40  2-12 -2 29 74125172204212196159115 79 61 67 91128167199215209201216X31050213221421599999999999999 4 5-121615 6099999999999999
180133 80 32  2 -5 10 44 88136177200202181144104 75 66 77104139173198206201217X31133204225420699999999999999 447 -61656 6699999999999999
193162117 69 30  9  9 29 63104145176191186163129 97 76 74 89115145173190201218X31215192233519299999999999999 528  61737 7399999999999999
191175144103 63 34 22 29 51 82117149171178169147118 93 81 83 99122146166201219X31256179999999999999999999999 6 7 221819 8099999999999999
176173156128 94 64 44 40 51 72 99126149163165155135112 94 87 91104122141201220X3 016177133816699999999999999 646 4019 8 8799999999999999
155161156141118 92 70 58 59 70 88110130146155155145129111 97 91 94103117201221X3 1 4161142715699999999999999 727 572011 9199999999999999
131142147143132114 95 80 73 75 84 99115131143149149141128112 99 91 90 96201222X3 2 6147152715099999999999999 816 722135 9099999999999999
107119131137137130118103 91 85 85 92103117130142148149142129112 96 85 81201223X3 330138163415099999999999999 923 842259 8199999999999999
 85 95110124134138135125112 99 91 90 94104117132144152153144128107 87 73201224X3 5 21381734154999999999999991046 90999999999999999999999
 68 73 86104123138145143133118103 93 89 93104120137152159158145123 97 74201225X3 616146182016099999999999999 0 2 681158 8999999999999999
 58 54 62 81105129148156152139120101 89 85 92106126147162168161142113 82201226X3 712156185916899999999999999 049 541251 8599999999999999
 56 42 42 56 82112141160167159140116 95 82 81 92113137160174174160133 98201227X3 757167193417699999999999999 130 401334 8099999999999999
 64 38 27 34 56 89125155174176161136107 85 74 79 97124152174184178155119201228X3 83617720 818499999999999999 2 7 271411 7499999999999999
 79 43 21 17 31 62101141171185180158126 95 74 69 81106138167187190176144201229X3 914185204219199999999999999 243 161446 6999999999999999
101 58 24  8 12 35 73117158184192178148112 81 65 68 88119153181196192168201230X3 950192211819799999999999999 318  71520 6499999999999999
128 82 39  9  1 14 45 88134172192191169134 97 70 62 73 99134167191199187201231X31026195215419999999999999999 354  11555 6299999999999999
