101 71 46 31 29 42 65 95124146157155143125106 92 85 88 9911613214314413520 1 1X61023158213914599999999999999 336 281612 8599999999999999
116 93 69 51 43 46 60 81106129145151148136119103 91 85 87 9610912213013120 1 2X611 6152223513299999999999999 415 421713 8599999999999999
123109 91 74 61 57 62 75 94114132144148143131116100 87 80 81 88 9911011920 1 3X61155148235712299999999999999 5 0 571827 8099999999999999
122118109 96 83 74 71 75 86101118133143146141130113 96 81 71 69 75 86 9920 1 4X61252146999999999999999999999 558 711945 6999999999999999
111119120115106 95 86 82 83 92105120135145148142129109 88 69 57 54 61 7520 1 5X6 143120135214899999999999999 714 812049 5499999999999999
 92110123129127118106 95 88 87 94107123139150152144126102 75 53 39 37 4820 1 6X6 314129144515299999999999999 835 872139 3799999999999999
 67 92116133142140129114 99 89 87 95110129147158158145121 90 58 33 20 2220 1 7X6 417142153115999999999999999 941 872222 1999999999999999
 38 66 98127148156151136116 98 87 86 96115138157167163144112 73 37 12  220 1 8X6 5 61561614168999999999999991034 8523 3  299999999999999
 10 35 71109143163168158137113 93 82 85100124150170176166138 99 55 16 -820 1 9X6 5481691655176999999999999991118 822343-1399999999999999
-12  4 37 81124158177176160134106 86 78 86107135163181183165130 83 36 -220 110X6 62917917361849999999999999912 0 78999999999999999999999
-22-20  5 46 94140172185178156125 97 79 76 89115147174189185160118 67 1920 111X6 7 8185181819099999999999999 024-241240 7599999999999999
-16-30-20 12 59109154181188174147115 87 73 76 94124156182192182151105 5420 112X6 74818819 119299999999999999 1 5-301321 7299999999999999
  8-21-28-11 26 75124164185185166135103 79 69 77 99130161184189174139 9320 113X6 828188194619099999999999999 147-2914 4 6999999999999999
 44  4-18-18  4 44 92137170184177154122 93 72 67 7810113216017918016212720 114X6 9 8184203418299999999999999 230-211450 6799999999999999
 84 41  9 -7 -1 24 64108147172178166141111 84 68 65 7710012815316716614820 115X6 949178212616999999999999999 314 -71540 6499999999999999
117 80 46 21 12 22 47 83121152169169155130102 78 64 63 74 9411814015215120 116X61031171222615399999999999999 359 121636 6299999999999999
136112 83 57 39 35 46 69 99129153164161145122 96 74 61 58 67 8310412313520 117X61116164234213899999999999999 447 351743 5899999999999999
137129112 92 73 60 58 67 86110133151158154139118 93 71 56 51 55 69 8710620 118X612 8158999999999999999999999 542 5719 2 5199999999999999
121129128119105 91 80 77 83 96115133148154151137116 91 67 49 40 41 52 7120 119X6 12312913 915499999999999999 652 772022 3999999999999999
 93113127133130120107 96 90 91100115132147154152139116 89 61 39 26 26 3820 120X6 3 9133141715599999999999999 819 892132 2599999999999999
 59 86112133144143134119104 94 92100114133149158156141116 84 52 26 12 1220 121X6 428145152015999999999999999 942 922228 1099999999999999
 28 55 87119144156154142123104 92 89 97115136155165161142112 75 39 12 -120 122X6 5231571615165999999999999991044 892314 -199999999999999
  4 25 58 97132157167161143119 98 85 85 97119144163172164139103 62 24 -120 123X6 6 616717 2172999999999999991132 832355 -999999999999999
 -9  2 30 70112147168172160136109 87 78 82100127154173176162131 90 46 1020 124X6 6431731743177999999999999991211 77999999999999999999999
-10-11  9 44 88130161175171151123 95 77 73 84108138164179176154117 73 3020 125X6 715176182118099999999999999 032-131245 7299999999999999
  0-13 -4 24 64108147171176162136106 81 69 72 91119149172181170141 99 5520 126X6 745176185618199999999999999 1 5-131317 6899999999999999
 18 -5 -7 11 45 87129160174169148119 90 70 65 76100130158175176157123 8120 127X6 813174193017899999999999999 137 -91349 6599999999999999
 40 11 -1  6 32 70111146167170156130101 76 63 66 8311013916217216413910320 128X6 84017120 417299999999999999 2 7 -11420 6299999999999999
 64 31 12 10 26 57 94130156167161140113 86 67 61 70 9011714316016214812120 129X6 9 7167203916399999999999999 236  91454 6199999999999999
 87 54 30 21 28 50 81115144160161147124 98 75 62 62 74 9512014015114813120 130X6 934162211715199999999999999 3 4 211531 6099999999999999
105 76 52 37 36 49 73102130149157151134110 87 69 61 64 77 9711713313813320 131X610 315722 113899999999999999 334 351614 6199999999999999
117 96 74 58 51 55 70 92116137149150140122101 81 67 61 64 76 9310912112620 2 1X61035151225912699999999999999 4 7 5117 7 6199999999999999
121109 94 80 70 67 74 87105123137144142132116 97 79 65 59 61 70 84 9811020 2 2X61116144999999999999999999999 446 671816 5999999999999999
116116110101 91 85 83 88 98111124134139137128114 95 77 62 53 52 59 71 8720 2 3X6 027117121413999999999999999 544 831938 5299999999999999
101113118118113106 99 95 96101111121131138138130116 96 74 55 42 38 44 5820 2 4X6 228119133113999999999999999 721 952054 3899999999999999
 78 99117128132128119109101 97 99107119132142144137120 95 67 42 25 20 2820 2 5X6 358132144714499999999999999 9 9 972154 2099999999999999
 47 74103128144148142128112 98 91 93104120138152155146123 92 56 26  6  220 2 6X6 4541481548155999999999999991019 912244  199999999999999
 15 42 78114144161163151130108 90 82 87103126149166168154124 84 41  6-1320 2 7X6 53716416401699999999999999911 8 822329-1699999999999999
-13  7 44 88130162176172153124 97 77 72 82106136164181180159121 72 25-1120 2 8X6 6161771728183999999999999991150 72999999999999999999999
-28-21  8 53104149178187174146112 81 64 64 81112148178193187159113 59 1020 2 9X6 653187181419499999999999999 012-281230 6199999999999999
-24-34-19 19 70123166189189168132 95 65 52 58 83120159188200187152102 4720 210X6 72919219 020099999999999999 054-341310 5199999999999999
  0-27-30 -6 37 91142179194183154114 76 50 43 56 87127165192198180141 9020 211X6 8 4194194519999999999999999 135-321351 4399999999999999
 38 -1-20-14 16 62114158186189170136 95 60 40 39 57 9013016618718716612720 212X6 839191203119099999999999999 215-211433 3799999999999999
 80 37  7 -2 11 44 88133168184178153117 79 49 35 39 60 9212815817417114920 213X6 913185212017599999999999999 255 -31517 3499999999999999
115 77 43 24 23 40 72111146170176163135101 68 44 35 41 61 9012014415615220 214X6 947176221415699999999999999 334 2116 6 3599999999999999
134108 80 57 47 51 69 96126151165163147121 91 64 45 38 43 60 8310712613620 215X61024166232313799999999999999 414 4617 3 3899999999999999
135124107 90 76 71 77 91111132148155150135113 88 66 49 41 44 55 72 9110820 216X611 6155999999999999999999999 5 0 711815 4199999999999999
120124122114104 96 93 95104116130140144141130113 92 71 53 42 40 46 58 7620 217X6 1 712412 514499999999999999 6 5 931948 4099999999999999
 94111122127126120112106104106113122132138139132118 98 76 55 39 32 34 4620 218X6 317127133613999999999999999 8 21042117 3199999999999999
 65 88111129138139133121110102100104114127138143139125103 77 51 30 20 2220 219X6 43614015 614399999999999999 9491002220 2099999999999999
 37 62 92120141152150138121104 92 89 96111129145152148131104 72 41 18  920 220X6 5211521611153999999999999991048 8923 6  999999999999999
 15 37 68104135156162154135112 91 79 80 92114138156163155132 98 61 27  620 221X6 5551621659163999999999999991127 782344  199999999999999
  2 16 45 83122153168167150123 96 75 68 75 96124151169171156125 85 45 1320 222X6 62417017391729999999999999912 0 68999999999999999999999
 -2  2 26 62105143167174162136105 77 61 61 77105138165178173149111 68 2920 223X6 651174181417999999999999999 017 -31230 5999999999999999
  3 -3 12 44 86128161176171149117 84 60 51 61 86120153176182167135 92 5020 224X6 715177184718299999999999999 047 -31258 5199999999999999
 17  1  6 31 69112150173176160129 94 64 47 48 67 99134165181177153116 7320 225X6 739177191918299999999999999 115  01326 4599999999999999
 35 12  8 24 56 97137166176167141106 72 48 41 52 78112147171178165135 9620 226X6 8 2176195117899999999999999 142  71354 4199999999999999
 57 28 16 23 48 84123155172170151119 84 55 39 41 60 9012415316916714811520 227X6 824174202417199999999999999 2 8 161424 3899999999999999
 79 48 30 29 45 75110143164170157130 97 66 44 37 46 6910013115316115212920 228X6 847170205816199999999999999 233 281456 3799999999999999
 99 70 49 41 49 70 99130153164159140111 80 55 41 40 54 7810613114614813620 229X6 911164213714999999999999999 3 0 411531 3999999999999999
115 90 69 57 58 71 92118141155156145123 96 70 51 42 46 60 8210612513513420 3 1X6 937157222513699999999999999 328 561612 4299999999999999
124107 90 77 72 77 90109128142149145131111 88 67 52 46 50 62 80 9911412320 3 2X610 8149233712499999999999999 4 1 7217 7 4699999999999999
124118108 98 91 89 94104116128137140135123107 88 70 56 49 49 57 71 8710220 3 3X61051140999999999999999999999 447 891825 4899999999999999
114120121117112107104104108115123129133131124111 94 75 58 46 41 45 57 7420 3 4X6 140121121313399999999999999 62110320 3 4199999999999999
 93111125132133128120111106104107114123132136133122103 80 56 37 27 28 4120 3 5X6 33613314 913699999999999999 8521042124 2699999999999999
 63 90116137148149141126110 98 92 96107123139149149136112 81 48 22  9 1120 3 6X6 43415015311509999999999999910 8 922222  799999999999999
 29 59 95130155166163146123 99 82 77 85104128152167167150117 76 36  5 -920 3 7X6 5151671630169999999999999991055 772311 -999999999999999
 -2 24 64109148174181169143110 81 63 62 77106140170186182158117 67 21-1020 3 8X6 5511811721187999999999999991135 602354-2099999999999999
-20 -6 30 78128169190188166129 90 58 44 49 74112153186201192159110 56 1020 3 9X6 62519218 8201999999999999991213 43999999999999999999999
-18-20  3 46100151186199186152108 66 37 28 43 76121166198208192153100 4620 310X6 659199185320899999999999999 036-231252 2899999999999999
  4-15 -9 22 71125171197197173131 84 43 20 19 42 82130173201205183141 9020 311X6 731201193920699999999999999 115-161331 1699999999999999
 42  9 -1 14 50 99148184198186153107 61 26 10 18 46 8813517419519316812820 312X6 8 3198202419799999999999999 154 -21411 1099999999999999
 83 44 22 22 43 80124164187189168130 86 45 18 10 23 53 9313416618017415020 313X6 834191211218099999999999999 231 191453 1099999999999999
116 81 55 43 50 73107142170181173147110 71 38 19 17 32 60 9412815116015420 314X6 9 518122 416099999999999999 3 8 431537 1599999999999999
135111 87 71 68 78 99125150165167154128 96 65 40 27 28 41 64 9111613314120 315X6 937168231014199999999999999 345 671628 2699999999999999
137126112 98 90 90 99115132147154151137117 92 68 50 39 39 47 63 8210111620 316X61013154999999999999999999999 428 891734 3899999999999999
125128125119112107107111119128136139137128114 96 78 62 50 45 48 57 71 8820 317X6 05612811 713999999999999999 53710619 9 4599999999999999
105119128132130125119114111112117122128130128120106 90 72 56 46 43 48 6220 318X6 31113213 313099999999999999 8 91112051 4399999999999999
 81102121136143141133121110102100103112123132135130118 98 76 55 40 35 4020 319X6 419143145813599999999999999 9521002159 3599999999999999
 57 81108133149154148133114 97 87 85 94109127141147142126101 72 47 30 2620 320X6 45715416 4147999999999999991038 852246 2699999999999999
 37 60 91123148162161147124 99 80 71 75 91114138155160150127 95 62 35 2120 321X6 5261631651160999999999999991111 712322 2099999999999999
 23 42 73109142164170160136106 79 61 59 72 97127153169169151120 83 48 2420 322X6 5511711728171999999999999991140 582353 1699999999999999
 17 28 56 93131161176171149117 83 58 47 54 77109143169179170144106 66 3420 323X6 61517618 21799999999999999912 7 47999999999999999999999
 18 21 42 78118154176178161130 92 60 40 39 57 89126160181182164130 89 5120 324X6 638180183418499999999999999 021 171233 3799999999999999
 27 20 34 65104143172182171143105 67 39 29 39 67105144173185177150111 7220 325X6 7 018219 618699999999999999 048 2013 0 2999999999999999
 41 27 32 56 91131164181178155118 78 44 25 26 47 81122157179182164132 9420 326X6 721182193718399999999999999 114 261327 2399999999999999
 60 39 36 51 81118153176180164132 92 55 29 20 31 59 9713616517817114811420 327X6 743181201017899999999999999 139 351355 2099999999999999
 81 56 45 52 75107141166177169144108 69 38 22 23 42 7411114416517015613120 328X6 8 5177204417099999999999999 2 5 451426 2099999999999999
101 75 59 59 73 98128154170169152122 87 54 31 23 32 55 8611914515915714120 329X6 828171212216099999999999999 232 571458 2399999999999999
118 94 77 70 77 94117141158164155133104 73 47 32 30 42 65 9312014014814420 330X6 85316422 914899999999999999 3 1 701537 2999999999999999
130113 96 86 86 94110128145154152140119 93 68 48 38 38 50 69 9211413013620 331X6 923154231613799999999999999 335 851626 3799999999999999
134126115105100101107118130140144140130113 92 72 55 46 44 51 66 8410311920 4 1X610 5144999999999999999999999 424 991739 4499999999999999
129132131125118113111112117123129133133128117101 83 65 51 44 46 55 72 9220 4 2X6 1 7133112913499999999999999 6 81111920 4499999999999999
112128139142139131121112107106110118127134136130116 95 72 51 37 33 41 6020 4 3X6 259142134513699999999999999 8381062050 3399999999999999
 85113137153158152138120103 92 89 95110127143152149133107 75 46 26 19 2920 4 4X6 358158151515299999999999999 948 892154 1999999999999999
 53 86122152170173160137109 84 70 69 83107135159172168147113 73 37 13  820 4 5X6 4391741618173999999999999991033 682245  799999999999999
 23 55 97139171186182159124 88 59 46 52 75110148178191184156114 67 27  520 4 6X6 5151871710192999999999999991112 462330  299999999999999
  5 28 68116160190197181147103 61 33 25 40 73118162194205192157109 60 2220 4 7X6 5491971758205999999999999991151 25999999999999999999999
  5 12 43 89139180202198171126 76 35 11 11 35 77128174204211191152102 5520 4 8X6 622204184521199999999999999 012  41229  899999999999999
 23 14 30 66114161195205189151101 51 13 -3  6 38 85137181206206182142 9520 4 9X6 654205193120999999999999999 052 1413 9 -399999999999999
 56 33 33 55 94139178200198172128 77 31  1 -7 10 46 9414218019819316813120 410X6 725202201719999999999999999 130 301349 -799999999999999
 92 62 50 57 82119157185195182150105 58 20 -1 -1 20 5710114217218417615320 411X6 75719521 518499999999999999 2 8 491430 -399999999999999
122 93 74 70 82106137165182181162128 88 49 21  8 13 34 6710413715916615820 412X6 828184215716699999999999999 246 691513  799999999999999
140119100 89 90102123145163170163142112 79 50 30 22 29 47 7410312814414920 413X6 9 117023 114999999999999999 325 8816 1 2299999999999999
145134120109103106115129143153154145128105 80 59 44 38 43 57 76 9711713120 414X6 938155999999999999999999999 41310317 1 3899999999999999
138138134126119114114118125133138138133121106 88 72 59 52 53 60 74 9110820 415X6 034139103513999999999999999 5331141825 5199999999999999
123134139139134126119113112114119124128128124114100 85 70 60 55 59 69 8520 416X6 225140123412999999999999999 75511220 4 5599999999999999
105124138147147140128115104 99 99105115125132132125112 94 75 60 53 54 6620 417X6 331148143413399999999999999 924 982119 5299999999999999
 86109132149156153140122103 88 82 86 97114131142145136119 96 73 55 47 5120 418X6 41115615441459999999999999910 8 8222 9 4799999999999999
 68 93121146161164154133107 84 70 67 77 97121143156156143120 91 65 48 4320 419X6 4421651631158999999999999991041 672248 4399999999999999
 54 77107138162172166146117 86 63 52 58 77105135159169164144114 82 56 4220 420X6 5 81721710169999999999999991110 522320 4199999999999999
 45 63 93128158175176159129 94 62 43 40 56 84120152173178165137103 70 4820 421X6 5321781745178999999999999991138 392350 4299999999999999
 42 54 81115150174183171143105 68 39 28 36 62 98137168184180158125 90 6120 422X6 55518318181859999999999999912 5 28999999999999999999999
 47 50 71103139169185180157120 78 43 22 21 40 74116154180187175146111 7820 423X6 618185185118899999999999999 018 461233 1999999999999999
 56 52 65 92127160182186169136 93 53 23 13 23 51 91134168186184164132 9820 424X6 641187192418799999999999999 046 5113 1 1399999999999999
 71 59 64 84115149175186177150111 68 32 12 12 32 6610814817518417414911820 425X6 7 5186195818499999999999999 113 581331 1099999999999999
 89 71 68 80105136164180180161128 87 48 21 10 19 45 8312315617517616113620 426X6 729183203417899999999999999 142 6714 2 1099999999999999
108 86 77 81 98124150170177168142107 69 37 18 16 31 60 9613115716916514920 427X6 756177211416999999999999999 212 761437 1599999999999999
126104 90 87 96114136157169167152125 92 59 35 23 26 43 7110313215215915420 428X6 82517022 415999999999999999 245 871518 2299999999999999
140123107 99 99109124141155160155138114 85 59 40 32 36 52 7610312714415120 429X6 9 1160231015199999999999999 326 9816 9 3199999999999999
148138126115109109115126137146149144131111 88 66 49 41 43 55 74 9812013720 430X6 953149999999999999999999999 4281081719 4099999999999999
147148143134124116112113119127135139139132118 99 78 60 48 45 52 68 9011420 5 1X6 042148112614099999999999999 6151121847 4599999999999999
135149155152143129116106101104112123135142141132114 92 69 51 42 46 61 8520 5 2X6 210155132814399999999999999 8 91012013 4299999999999999
113140159167163149128106 90 82 84 97116136152157150131103 73 49 37 40 5720 5 3X6 310167145715799999999999999 916 812120 3699999999999999
 86120151173179170148118 88 66 58 64 85114144167176168144110 75 46 33 3820 5 4X6 35517916 21769999999999999910 4 582214 3299999999999999
 60 95134168188189171138 99 63 40 34 49 79118156183192181152113 73 44 3320 5 5X6 4331911657192999999999999991046 3423 2 3399999999999999
 43 71111153185199191163120 74 36 15 16 39 79125168196203188154111 72 4620 5 6X6 5 92001748204999999999999991127 132346 3999999999999999
 40 55 89131172199204185147 97 48 12 -3  7 38 84135178204207187150108 7220 5 7X6 54420518362099999999999999912 7 -3999999999999999999999
 52 53 74110152187205200172126 74 27 -3-11  6 43 9314418420520217914310520 5 8X6 618206192420699999999999999 028 501248-1199999999999999
 76 63 70 95131168195203188153105 55 14 -9 -9 14 5410314918319819116813520 5 9X6 652203201119899999999999999 1 9 631330-1299999999999999
104 82 77 89114147177194193171133 87 43 10 -4  2 28 6711115117818617715620 510X6 726196205818699999999999999 149 771412 -599999999999999
129105 91 91105129156177186177152116 75 39 15  8 18 44 7911714816817316420 511X6 8 1186214817399999999999999 229 891455  899999999999999
146125109101104117137157170172160136104 71 44 27 24 36 59 8811914315716020 512X6 839173224516199999999999999 3131001542 2499999999999999
153140125113109112123137150158157145125100 74 54 42 41 51 70 9411813714920 513X6 922159235315299999999999999 4 51091634 4099999999999999
152148138127118113114120130139144143135120102 82 67 57 55 63 77 9611613320 514X61021145999999999999999999999 5191131739 5599999999999999
144149147140130119112109112118126132135131122109 93 78 68 65 69 80 9611520 515X6 112149115613599999999999999 6591091858 6599999999999999
133146152151142130116104 98 99105115125133134129118103 87 75 69 71 81 9820 516X6 219152134613599999999999999 826 982015 6899999999999999
118138152158155143125106 91 83 84 94109125138143139127110 91 76 69 71 8420 517X6 3 815815 614399999999999999 921 832115 6899999999999999
104127148162165156137113 90 73 67 72 88110132148154149133112 90 74 68 7320 518X6 34516516 21549999999999999910 1 6722 2 6899999999999999
 90114140161172168152125 95 69 54 53 66 90118144162165155135109 86 71 6820 519X6 4171721646166999999999999991035 512241 6799999999999999
 79101129156174178166139106 72 47 37 44 66 98132159174173157131103 80 6920 520X6 44517817251769999999999999911 6 372316 6999999999999999
 73 90117147171183178155120 82 48 28 26 43 74112148174183175153123 95 7620 521X6 51218318 2183999999999999991136 252349 7199999999999999
 72 82106136165183186170138 97 57 27 15 23 49 87129164185187172144114 8920 522X6 53818718371889999999999999912 7 15999999999999999999999
 76 78 96124154179189181155116 73 35 13 10 27 6110414517619018416313410520 523X6 6 5189191319099999999999999 020 751238  899999999999999
 85 80 90112142169187188170136 94 52 20  6 12 37 7612015818218917715312420 524X6 634190194918999999999999999 052 801312  599999999999999
100 86 88103128156179188180155117 74 37 12  7 20 51 9113316518318316714220 525X6 7 4188202918599999999999999 125 851348  699999999999999
117 98 91 98116141165181183168139100 61 30 12 13 32 6410314016717917415820 526X6 737184211217999999999999999 2 0 911427 1199999999999999
135114101 99108126148167177173155125 89 55 30 18 24 44 7611114316517216720 527X6 81517822 217299999999999999 241 981512 1899999999999999
151132115105105114130148163169163145117 86 57 36 28 34 54 8311414216116720 528X6 9 116923 116799999999999999 33110416 4 2899999999999999
162149132118109108115127142154159154139116 90 65 46 39 44 61 8611514015820 529X610 2159999999999999999999999 43710717 6 3999999999999999
165162150135120109104108117130143150150141123100 77 58 49 51 65 8811514020 530X6 010165112915199999999999999 6 31041818 4899999999999999
159168165154136118102 93 93101116132146152148135114 90 69 57 56 68 8911720 531X6 11816813 915299999999999999 730 921933 5599999999999999
144164174171157134109 88 75 73 83102125146159161149128102 78 62 59 70 9320 6 1X6 217175143716199999999999999 838 722042 5999999999999999
123152174183177156127 95 68 52 52 66 91122151170175164141111 84 66 63 7620 6 2X6 3 6183154817599999999999999 933 502142 6399999999999999
101133164185191179151114 75 45 29 32 53 86125160182188175149117 88 70 6920 6 3X6 3501911648188999999999999991021 282235 6799999999999999
 84112146177195196176140 96 54 23 10 19 46 87131169193197182153119 90 7520 6 4X6 43019817411989999999999999911 6 102324 7399999999999999
 77 95126161189202195168125 77 34  6 -2 13 47 93140178200200182151118 9220 6 5X6 5102031831203999999999999991150 -2999999999999999999999
 80 86109141174197204189155109 60 19 -4 -5 16 5410214918420119817714611520 6 6X6 549204191920299999999999999 0 9 801233 -899999999999999
 93 87 98122153183200200178140 92 46 11 -5  0 26 6611315618619819016713820 6 7X6 62820320 419899999999999999 053 871316 -699999999999999
112 96 95109134163187198190164124 79 39 11  1 12 41 8112416118419017915720 6 8X6 7 7198204819099999999999999 135 931358  199999999999999
131110 99102118142167185189177149111 71 37 17 14 29 58 9613316317918016720 6 9X6 746190213218199999999999999 217 991440 1399999999999999
146125109103109125146166178177162135101 67 41 28 30 47 7510814016217217020 610X6 827180221617399999999999999 3 01031522 2799999999999999
157138121109106113127145160168164148124 95 69 50 42 47 65 9011814316016620 611X6 91116823 316699999999999999 34810616 5 4299999999999999
161149133118109107113125139151156152138118 95 75 61 57 64 7910112414415720 612X610 4156235516199999999999999 4441061653 5799999999999999
161156145131117107104108118130140145143133118100 84 73 70 76 9010912914620 613X61112145999999999999999999999 5541041749 7099999999999999
157160155143128113102 97 99107119130138139134122108 94 84 81 85 9711413220 614X6 052160124213999999999999999 711 971855 8199999999999999
148159161155142124106 92 85 87 96110125136142140131117103 92 88 9110211920 615X6 148161141314299999999999999 819 8520 5 8899999999999999
137154164165156138116 94 78 71 74 86105125141150149140125109 96 91 9410620 616X6 237165152615199999999999999 912 7021 7 9199999999999999
125145161170168154131103 78 61 55 63 81106131151161159147129111 97 92 9720 617X6 318171162116299999999999999 955 552159 9299999999999999
112133155171177169148118 86 59 43 42 56 82113143164173167151130109 96 9320 618X6 35517717 6173999999999999991033 412243 9399999999999999
102121145167181180165136100 65 39 28 34 56 89126158177182171150126105 9420 619X6 43018217471829999999999999911 9 272322 9399999999999999
 96110133159179188180156120 80 45 22 17 32 6210114117218818717014512010120 620X6 5 31881825189999999999999991145 172359 9499999999999999
 94101120147172189191176144102 60 27 10 13 36 7311615618419418616513811320 621X6 53819319 3194999999999999991221  9999999999999999999999
 97 96108132160184195190167129 84 43 14  4 15 45 8613116819119518215712920 622X6 613196194219699999999999999 036 951259  499999999999999
107 96100117143171191197185155114 69 31  8  5 23 5710114417719419217414820 623X6 651197202319599999999999999 114 961339  499999999999999
122103 97106126152177193193176143101 59 26  9 12 34 7111415418219218516520 624X6 73219521 519299999999999999 155 971421  799999999999999
140116101 99110131156178190186166132 92 54 27 16 23 48 8512516018218817820 625X6 816190215018899999999999999 239 9815 6 1599999999999999
157133112100100112132155174183177156125 89 57 34 27 38 63 9813416418118320 626X6 9 7183223818499999999999999 329 991554 2799999999999999
172151128109 98 98109128148165173168150123 92 65 47 43 53 7710814016617920 627X610 7173232918199999999999999 428 971647 4299999999999999
179167147124105 93 92101118137154163161148127101 78 62 59 68 8911714516720 628X61121164999999999999999999999 536 911746 5899999999999999
178177164144120 99 85 81 88103123142155159152135114 93 78 74 81 9912314920 629X6 024179125015999999999999999 651 811853 7499999999999999
169179177164141114 90 72 66 71 87109133152161160148129108 93 86 9110612920 630X6 121180142216299999999999999 8 3 6620 5 8699999999999999
153173183180164138107 78 57 48 54 72 99128153168171161142121103 94 9711220 7 1X6 217183154117199999999999999 9 6 482115 9499999999999999
134159179188183163132 97 63 40 31 39 61 93129159178182172152128108 9810120 7 2X6 31018816471839999999999999910 2 312217 9899999999999999
116140166186194185161125 84 48 24 17 29 56 94135168188192179156130109 9920 7 3X6 4 01941741193999999999999991053 172311 9999999999999999
104121147174193198185156115 71 34 12  8 25 5910114417919719718015412710620 7 4X6 4471991829199999999999999991139  72359 9999999999999999
 99107128156183200200182147103 58 23  5  7 30 6811315618820119617514712020 7 5X6 5322021912201999999999999991223  3999999999999999999999
102 99112136165190203198174135 90 47 16  4 13 41 8312816819320018916513720 7 6X6 615204195220099999999999999 042 9913 4  499999999999999
112 99101118144173194202191162122 78 39 16 11 26 5910114317719519417815220 7 7X6 656202202819799999999999999 122 981343 1099999999999999
125105 98105125152178195196180148108 68 37 21 24 45 7911915618219118416420 7 8X6 73519821 319199999999999999 2 0 981420 2099999999999999
139115100 98110131157179190185165133 96 62 39 32 42 6610013616618318517220 7 9X6 814190213618699999999999999 238 971456 3299999999999999
151127107 98100114135158175181172150120 89 63 48 48 62 8811914917118017620 710X6 854181221018099999999999999 318 971531 4699999999999999
160139118102 97102116136154167169158138112 87 68 61 66 8210713315717117520 711X6 938169224617599999999999999 4 2 9716 7 6199999999999999
167150131112 99 96101114131147156156147130110 91 79 76 83 9912114316016920 712X61031158232817099999999999999 454 951647 7699999999999999
169160144125108 96 93 97109123137146147141129114101 92 91 9811213014716020 713X61140148999999999999999999999 556 931737 9199999999999999
167165155140121104 91 86 8910011412813914414213412311210510410912013414920 714X6 017167131214499999999999999 7 6 86184310399999999999999
160166164154137117 97 83 76 78 8910512213714614814413412311511111412313620 715X6 114166144614999999999999999 815 7620 411199999999999999
150162168165154134110 88 71 63 66 7910012214215515915514413112011411512420 716X6 213168155815999999999999999 913 63211911399999999999999
138154167173169153129101 74 55 48 55 7310012815216817216515113411911211420 717X6 3 617316501729999999999999910 1 48221711299999999999999
125143162176180172151121 87 57 38 34 46 7210513916718218317115213111510920 718X6 3531811734184999999999999991045 3423 410999999999999999
114129151172186188174146109 70 39 22 24 43 7711715418219418917214712410820 719X6 4371891813194999999999999991126 21234510499999999999999
105115136161184197194173138 94 53 23 10 19 46 8713117019520219116713911520 720X6 51919818512029999999999999912 6 10999999999999999999999
101103119144173196205196168126 79 38 11  4 20 5510114718520520418615812720 721X6 6 1205192920799999999999999 0241001247  499999999999999
105 95103124154184205210194160114 66 27  5  6 29 6911816319620920117714520 722X6 64421020 720999999999999999 1 4 951328  299999999999999
115 96 91104129161191209208187149102 56 22  7 15 44 8713517620220819316520 723X6 729211204520899999999999999 145 9114 9  799999999999999
132104 89 89105133165193207202178139 94 53 26 18 32 6410715118620320118220 724X6 815207212320599999999999999 228 871452 1899999999999999
152120 95 83 87106134164188198191166131 91 58 38 36 54 8612516319020019220 725X6 9 519822 220099999999999999 315 831535 3599999999999999
169139110 88 80 85104130157178186178157127 95 69 56 59 7710614017018919320 726X610 1186224319499999999999999 4 6 791620 5599999999999999
181158130103 84 76 81 98121146164172168152129105 86 78 82 9812315017318620 727X611 8172233018799999999999999 5 5 761711 7799999999999999
186173151124 99 80 72 75 88109131149160161152137120105 9810111413315417120 728X61234162999999999999999999999 613 711813 9899999999999999
181180168148122 97 77 66 65 76 9411613715316115915013612311511412213615320 729X6 025182141816199999999999999 731 64193411499999999999999
169178179168148122 95 72 57 53 62 8010513115316617016315013612411912313520 730X6 131180154917099999999999999 847 5321 311999999999999999
151168179181172151122 91 64 46 40 49 7110013215917718217515914112511712020 731X6 241182165318299999999999999 952 40221511799999999999999
132151170184187177153120 85 54 34 29 41 6810314017118919218116113811911120 8 1X6 3441881742193999999999999991046 2923 911199999999999999
116131154177192195181152114 75 42 23 22 40 7311415418419919718015412811020 8 2X6 4381961822200999999999999991132 20235210499999999999999
104113134161186201199180146104 63 31 17 23 48 8613016919620519517114111520 8 3X6 5252021857205999999999999991213 16999999999999999999999
100100115141171196207200174135 90 50 24 17 31 6310514918420420318515612520 8 4X6 6 7207192820699999999999999 030 981250 1799999999999999
102 93100121151182203208193162119 76 41 23 26 48 8512816819520419417013820 8 5X6 646208195720499999999999999 1 4 921323 2299999999999999
109 92 90104130162190205202181145103 65 38 30 42 7010915018320019818015120 8 6X6 722206202520299999999999999 137 881355 3099999999999999
120 96 86 91111140170193201191165128 90 59 43 44 64 9613416819119818716220 8 7X6 757201205119899999999999999 210 851424 4199999999999999
133105 87 84 95119147174190191176147113 82 61 54 64 8812015418019218917120 8 8X6 833193211719399999999999999 243 831453 5499999999999999
145117 95 83 86101125151172182177159133105 82 70 71 8611214116718418717720 8 9X6 912182214518899999999999999 320 831523 6999999999999999
156131106 89 83 89105127149165170163146125104 89 84 9110813015417218117820 810X6 956170221518199999999999999 4 1 831555 8499999999999999
164144121101 87 84 9110512414215415815213912411010210110912414215917117420 811X61051158225217499999999999999 450 84163310099999999999999
168155136116 98 87 84 8910111713314414914714013012211611712313414715816620 812X61212149234316899999999999999 552 84172611699999999999999
168162150134115 98 85 80 83 9310812313714615014814213512912713013614515520 813X614 6150999999999999999999999 7 8 80185812799999999999999
162165161151135115 96 80 72 72 82 9811713615115916015514713813113013314120 814X6 058165153916199999999999999 827 71205013099999999999999
152162168166156138114 90 70 58 58 70 9111614216217317416615313912812412720 815X6 220168163617599999999999999 931 5722 312499999999999999
138153168177176163140110 79 55 42 44 61 8912215417818918617215213311911520 816X6 3261781718189999999999999991022 41225111599999999999999
122139160179190187170139101 64 37 25 33 57 9413517119520219317114412010620 817X6 42019117552029999999999999911 7 25233110499999999999999
106120144171194205198172133 88 48 21 13 28 6210615219021021019216213010520 818X6 5 72051830212999999999999991149 13999999999999999999999
 93 99121152185209217203170124 74 33  9  9 33 7412517220621921018314711220 819X6 55321719 521999999999999999 010 931230  699999999999999
 88 83 96125162197220223203163112 62 24  7 15 47 9414619121822120216712720 820X6 638225193922399999999999999 048 821310  799999999999999
 93 74 75 96130171206225222196153101 55 24 15 31 6811716720422121518714820 821X6 723227201322299999999999999 127 721350 1599999999999999
108 78 65 72 98135175207221214185141 95 55 33 33 56 9414118321121720116920 822X6 8 9222204621899999999999999 2 8 641430 3099999999999999
129 92 67 60 72100137174201210199171133 94 65 52 59 8312016019320920618420 823X6 858210212021199999999999999 251 6015 9 5299999999999999
151113 81 62 60 74101135166188194183160130101 81 76 8611014117219420119220 824X6 951194215620199999999999999 338 591551 7699999999999999
168137104 78 63 63 76 9912715317117617015313311410210111113015317518818920 825X61056176223619099999999999999 432 61163710099999999999999
178157130102 80 67 66 75 9311513715416216215414313112312212814115617017820 826X61227163233017999999999999999 538 65173912199999999999999
178169152130107 86 72 66 71 8310112214115416116115614713913413514115016120 827X61430162999999999999999999999 7 3 66192313499999999999999
169172167155136114 91 73 63 62 71 8911213515616917316915914713713213314120 828X6 054172155917399999999999999 834 61211613299999999999999
153165172172163144120 93 70 55 52 61 8211013916518118517816314513012112320 829X6 231173165218599999999999999 946 51222212199999999999999
133149167179182172151121 89 62 45 43 56 8211715117919419318015813411610820 830X6 3431821729195999999999999991039 4223 610899999999999999
114130153176190192178151116 79 50 36 39 59 9213216819420319517314411710020 831X6 43719318 1203999999999999991120 352341 9799999999999999
 98110134163188202199179144104 66 40 31 42 71111152187205205187157125 9920 9 1X6 5202031829208999999999999991156 31999999999999999999999
 87 92113144176201210199171131 89 54 34 35 55 9113417420121019817113610420 9 2X6 558210185521099999999999999 012 871228 3299999999999999
 83 80 94123158190210211192157114 74 46 36 48 7711715919220920518314911320 9 3X6 633213191921099999999999999 041 791257 3699999999999999
 85 73 79102136172200212204177138 97 64 46 47 6810314418020420819216212520 9 4X6 7 6212194220999999999999999 110 721325 4499999999999999
 92 72 69 84113149183204207190159121 85 61 54 66 9413116719520619817313820 9 5X6 73920820 420699999999999999 139 681351 5499999999999999
103 77 65 71 93126160187200195173141107 80 67 71 9012015418320019918115120 9 6X6 813201202720199999999999999 2 9 651417 6699999999999999
117 87 68 65 78104136166186191180156127101 84 80 9111414317119019518516220 9 7X6 848191205019599999999999999 241 641444 8099999999999999
131101 78 67 70 87113141165178177164143120103 94 9811313515817818718416920 9 8X6 928179211518899999999999999 315 661512 9499999999999999
144117 92 76 70 77 9411714015816716415313712211211011613014816517617817120 9 9X61016167214517999999999999999 356 70154410999999999999999
154133110 91 79 76 82 9711513414815515514913913012512513114115216316816820 910X61126156222416999999999999999 448 76163012499999999999999
160147129111 94 83 79 82 9310812413814815315214914313913713814314915516020 911X61325153234116199999999999999 6 2 7918 513799999999999999
160156147133116 99 85 77 76 83 9611413214815916316215714914213713714014720 912X61517164999999999999999999999 737 75203913699999999999999
154160161156143124102 82 68 63 68 8410713215517217917616615113712712412920 913X6 143161161317999999999999999 858 63215212499999999999999
141155168174170154130100 72 53 46 54 7610714117018919418616714412411111020 914X6 3 8174165119499999999999999 957 46223510999999999999999
121141164183192186164131 93 58 36 31 46 76116157190207205188159128104 9220 915X6 4 71921726208999999999999991045 312313 9299999999999999
 97117146178201210199169126 81 43 22 23 46 86134178209220208179142105 8120 916X6 4572101758220999999999999991128 192349 7499999999999999
 75 88118157194219224206168118 68 31 15 25 57104156199224224201162118 8020 917X6 54322518312279999999999999912 8 15999999999999999999999
 60 61 84123168208231230205160108 59 28 20 38 77128179216230219185139 9220 918X6 62923419 323099999999999999 026 581248 1999999999999999
 58 45 55 86130178216234227197150 99 57 34 36 6110415419822522720416311420 919X6 714235193522999999999999999 1 5 441327 3299999999999999
 70 43 37 54 90137183216228216184140 96 64 51 60 8913117520922321418313920 920X6 8 022820 622399999999999999 144 3614 5 5199999999999999
 93 56 36 37 59 96140181207214200170134100 78 74 8811715418821021219516120 921X6 849214203821499999999999999 226 341443 7399999999999999
120 80 51 38 44 67101139172192195183159133110 98 9911513916719020119617520 922X6 942196211220199999999999999 311 381523 9799999999999999
144109 77 55 47 54 7410213215717317716915513812511812213415116918318617820 923X61048177214918699999999999999 4 2 47161011899999999999999
160135107 83 66 59 63 78 9812114115616316315714814013513614215216216917120 924X61226164224417199999999999999 5 7 59172213599999999999999
165152135114 95 79 70 69 76 9010912814515816416416015214514014014314915520 925X61432165999999999999999999999 636 68194113999999999999999
159160154142126107 89 75 69 71 81 9912114316117217516915814513412812813520 926X6 032160154717599999999999999 816 68212612799999999999999
145156163163154137116 93 74 63 63 75 9612315017218418417315413511911111420 927X6 230164162918599999999999999 930 62221511199999999999999
126143161173175165145117 89 67 55 58 74102134165186194187167142117100 9620 928X6 34217517 0194999999999999991020 542250 9699999999999999
105124149172186186171145111 80 57 49 58 82116153183199198181153122 96 8320 929X6 4311881727201999999999999991059 492320 8299999999999999
 85103131162187198192170137100 68 50 49 67 99137174199206194166131 98 7520 930X6 5111981752206999999999999991132 472348 7099999999999999
 70 82110145178200205191161123 85 58 48 57 84122161193208203179144105 752010 1X6 54620618152099999999999999912 1 48999999999999999999999
 60 65 88123161193209205182147107 73 55 55 75108148184206208191157116 802010 2X6 619210183721099999999999999 015 591229 5299999999999999
 57 52 68100140177203211197168129 93 67 59 71 98135172199209199170130 902010 3X6 651211185920999999999999999 042 511255 5999999999999999
 59 46 53 78116156189207204183150114 84 69 72 921241601902062031801441042010 4X6 723208192120799999999999999 110 461320 6899999999999999
 68 47 44 61 92131168194202192166134103 83 79 911161481781982021871571192010 5X6 756203194220399999999999999 138 431346 7999999999999999
 82 55 44 50 73107144175192192176150122100 90 941121381651871961891671352010 6X6 83019420 519699999999999999 2 8 431413 9099999999999999
 99 69 51 48 61 871191511741831781611391181051031121311531741861861721472010 7X6 9 8184202918899999999999999 240 47144110299999999999999
117 87 65 54 57 73 971261511671721651511351211151171281441601731781721562010 8X6 954172205717899999999999999 317 53151411599999999999999
133107 84 68 62 66 811021251441571611571491381311281301381491591651661592010 9X61058161213416699999999999999 4 4 6216 212899999999999999
145127107 89 76 70 72 83 99117135148155157154148142138137140144149154155201010X61246157225015599999999999999 513 70174713799999999999999
152144131115 99 84 74 71 77 89107126144157164165160152143135131132136143201011X61437165999999999999999999999 650 71202513199999999999999
150154152143128109 88 72 63 65 77 98123148167178179170155138123115115123201012X6 115154153418099999999999999 821 63213011499999999999999
137153165168161142116 88 64 51 52 67 95128160183194190173148122102 93 97201013X6 250168161319499999999999999 926 502211 9399999999999999
114138163182188178153118 82 53 38 43 65100141178202207194166131 98 76 70201014X6 3531881648208999999999999991017 382248 7099999999999999
 83110145179202207192158116 73 43 31 42 72116161198217214189149106 69 50201015X6 44520817202199999999999999911 2 312325 4899999999999999
 51 74112157196219220198158109 66 38 32 51 89137184216226210173125 77 42201016X6 5332231753226999999999999991143 31999999999999999999999
 28 39 72119169209230225197152103 62 41 44 70112161203226224196150 97 50201017X6 619231182522899999999999999 0 3 281223 3999999999999999
 21 16 36 76128178216231221189144 99 66 53 63 94138182215226212176125 73201018X6 7 6231185822699999999999999 042 1413 3 5399999999999999
 31 10 13 40 84135183214223209177137100 76 72 88120159195217217194152103201019X6 753224193022099999999999999 122  81342 7199999999999999
 56 23 10 20 49 93140180204209193165133106 91 94112141173198209200172132201020X6 84220920 320999999999999999 2 4 101422 9099999999999999
 88 50 26 20 32 61100139171189191178156133116108114130154176191193180153201021X6 935192203819499999999999999 249 1915 410899999999999999
118 83 54 37 35 48 72103134159173175167153138127124128140156170177175162201022X61040175211817899999999999999 339 34155612499999999999999
140114 87 66 53 52 61 79102126146159164162155145137133134140148156160159201023X61210164221616199999999999999 439 51171913399999999999999
150136117 98 81 69 65 69 81 98118136151161163160152143135131130134140145201024X61355163999999999999999999999 6 0 65193413099999999999999
148147139127111 95 81 73 72 79 93113134152165170166156142128118115117126201025X6 01114815 417099999999999999 737 7121 311599999999999999
137146151149139123104 86 74 70 76 92114139160174177169153132113100 97104201026X6 213151154717899999999999999 854 702150 9799999999999999
118136152161161149130106 84 70 66 75 95123151173184182166142115 93 81 82201027X6 326162161918599999999999999 947 662224 8099999999999999
 96119144164174171155130102 78 64 65 80107138167187191179154122 92 71 64201028X6 4161751646192999999999999991027 632254 6499999999999999
 74 97127157178185176153123 93 70 62 70 92124158184196190168134 97 67 52201029X6 45618517111979999999999999911 1 622322 5199999999999999
 54 74106142173191192175146112 83 66 65 82111146178197198181147107 70 46201030X6 5321941734200999999999999991132 632349 3999999999999999
 39 53 82121160188199191167133100 76 67 76100134168193202191162121 79 46201031X6 6 519917572029999999999999912 0 67999999999999999999999
 31 35 59 97139176198200184154120 91 74 75 92122156185201198175137 93 542011 1X6 638202182020299999999999999 016 301228 7299999999999999
 29 24 40 73115156187201194171139108 86 79 89112144175196200184152110 682011 2X6 710201184320199999999999999 044 241255 7999999999999999
 36 22 27 52 90132169192196183156126101 88 89106132162186197190165128 862011 3X6 74319719 719799999999999999 113 211323 8699999999999999
 50 27 23 37 68107146175190186169143117100 951041231491731881891731441062011 4X6 818191193319199999999999999 144 221352 9599999999999999
 69 41 27 31 51 831201531751821741561341151051061181371591761831761551252011 5X6 85718220 118399999999999999 217 27142410499999999999999
 91 61 41 34 43 65 951271531691721631481311181131171291451611711711611402011 6X6 943172203317299999999999999 255 3415 211399999999999999
113 85 61 47 44 54 741001271481611631571461341251221251341441551601581492011 7X61044164211816099999999999999 342 43155912299999999999999
131110 87 68 56 53 61 77 991221421551601571501411321271261291351421481482011 8X612 9160224014999999999999999 445 53174212699999999999999
143132116 97 79 65 59 62 75 941161371541631641581481351241171161201281372011 9X61339165999999999999999999999 6 9 59194411699999999999999
145147141129110 90 71 60 59 69 88113139160173175166150130112 99 95101115201110X6 049147144117599999999999999 737 582054 9599999999999999
132148158157146124 98 74 57 53 63 85116147172186185170145116 90 74 72 83201111X6 228159152618799999999999999 848 532141 7199999999999999
105133159175176162136103 73 53 49 62 90126161188199191166131 93 62 46 49201112X6 33617716 519999999999999999 945 482222 4599999999999999
 69102140173192193175142104 70 50 49 67101142179203207189154109 65 33 21201113X6 4321951641208999999999999991034 4723 2 2199999999999999
 32 62105150188207205182144103 69 52 56 80119161196214208180134 83 37  9201114X6 5232091716215999999999999991119 512343  299999999999999
  3 23 62112161199216209181141101 70 59 69 98139179209217201163111 58 15201115X6 61221717512179999999999999912 2 59999999999999999999999
 -7 -5 22 67120170205217206175136100 76 71 87118157192213212187143 89 39201116X6 7 0217182721699999999999999 024 -91244 7099999999999999
  2-13 -3 29 77129174203210196166131101 85 86105136170198209199168122 72201117X6 74821119 320999999999999999 1 6-131325 8399999999999999
 28  0 -8  8 42 87135173196198183156127105 95101121148176195198182149106201118X6 837199194019999999999999999 149 -814 8 9599999999999999
 63 27  7  6 23 56 97137168184184170148126111106113131153173184181163133201119X6 928186201918599999999999999 234  4145310699999999999999
 96 61 34 21 23 41 70104136160172170159143127116114120134150163169164147201120X6102417321 316999999999999999 321 20154711499999999999999
122 94 67 47 38 42 57 80107133152161161154142130120117121129140149153149201121X6113016222 015399999999999999 413 38165911799999999999999
136118 97 77 62 55 57 69 87109130146156158153143131121115114118126133139201122X61245158233013999999999999999 516 55183811399999999999999
139132121105 89 76 68 68 76 90109129145156159154144129115105101103111121201123X61354159999999999999999999999 631 6720 910199999999999999
130136135128116100 86 76 74 79 93111132149161163156141122104 90 84 88 98201124X6 125136144616499999999999999 750 7421 7 8499999999999999
114129140143138125108 91 79 75 81 96117139158168167155134108 86 71 67 75201125X6 252143152516999999999999999 854 752149 6799999999999999
 92114135150154147131111 91 78 76 84103127151169175168147119 89 64 51 53201126X6 352154155817599999999999999 945 752223 5099999999999999
 68 94122147162164153132108 88 76 77 91114141165179178162133 98 65 42 35201127X6 4381651627181999999999999991026 752255 3599999999999999
 45 70102136161174171154129103 83 76 83102129157178185175148111 73 41 24201128X6 51717516551859999999999999911 2 762325 2299999999999999
 26 46 79117152175182172149121 96 80 79 92117147173187184164128 86 47 21201129X6 5531821722188999999999999991135 782355 1299999999999999
 12 24 53 93134167185184167140111 89 80 86106135163184190177146104 61 26201130X6 62818717491909999999999999912 6 80999999999999999999999
  7  9 31 67111151178188180158129102 86 85 98122151176189185162125 81 402012 1X6 7 2188181619099999999999999 025  61237 8399999999999999
 12  2 14 43 84128163184186171146118 97 87 93111138164183188174144103 602012 2X6 736187184518899999999999999 057  213 8 8799999999999999
 25  5  5 24 59101141171183179160134110 95 92103124149172183180159125 842012 3X6 813184191718499999999999999 131  31341 9299999999999999
 46 18  6 14 38 75115150172178169149126107 971001131341561721771671431092012 4X6 852178195117799999999999999 2 7  61418 9799999999999999
 72 39 18 13 26 52 871241531691711601411221071011061191381551661671541302012 5X6 937172203216899999999999999 247 1315 210199999999999999
 98 66 40 25 24 38 64 961281521651651541381211091051091201341481561551432012 6X61029166212415799999999999999 333 2216 110599999999999999
122 96 69 47 35 35 49 721011291501611611521381221101041051131241361441462012 7X61130163223814699999999999999 427 33172010399999999999999
138122100 77 58 46 45 56 77103129149161162154139122106 96 93 981081221342012 8X61237163999999999999999999999 534 441852 9399999999999999
141139129111 90 70 57 53 61 79104130152165167158140118 97 81 74 78 901082012 9X6 020141134016899999999999999 649 5320 9 7499999999999999
127142147142126105 83 66 59 64 82107135159173174161137108 80 59 51 56 73201210X6 2 1147143417599999999999999 8 3 5921 8 5099999999999999
 99126148159157142118 92 72 63 67 86113144169182180161129 92 58 34 26 35201211X6 320160152118399999999999999 910 622158 2699999999999999
 60 94130159174172155128 98 76 66 72 93123156181191183156116 72 34 10  5201212X6 42417516 41919999999999999910 7 662244  499999999999999
 20 53 95138171187184163133101 78 69 78103136169192197181147100 51 12-10201213X6 5201881646198999999999999991059 692329-1399999999999999
 -9 13 53101147181196189165133101 79 74 87114149180199198174133 82 32 -5201214X6 6111961727201999999999999991147 74999999999999999999999
-22-15 14 59110156188198188162128 99 81 80 97127161188201193163117 65 18201215X6 65919818 720199999999999999 013-221232 7899999999999999
-14-24-11 23 70121163190195181153122 96 84 88108137169191197182148102 52201216X6 745196184819799999999999999 057-241315 8399999999999999
 11-14-18  1 37 84130167187187170143115 94 87 95117145171188187168132 88201217X6 829189192919099999999999999 139-191358 8799999999999999
 44 10 -7 -4 18 54 98138167180175157132109 94 91102123148169179173151117201218X6 913180201017999999999999999 222 -81441 9199999999999999
 78 42 17  7 15 38 72110143164170163145123105 94 95106125145160165157135201219X6 955170205316599999999999999 3 3  71527 9399999999999999
105 73 45 28 24 35 58 88119144159161152136117102 94 96106121137148150141201220X61039162214215099999999999999 345 241621 9499999999999999
123 99 74 54 42 43 54 75101125144154153144130114100 93 94101113125134136201221X61127155224313699999999999999 428 411726 9299999999999999
129115 98 79 65 58 60 70 88109128143150149140126111 97 88 87 91101112121201222X61221151999999999999999999999 518 571845 8699999999999999
125123115102 89 78 72 73 82 96113130143150148139124106 90 79 75 78 88101201223X6 0 9125131915099999999999999 620 7120 2 7599999999999999
113121124120111100 89 82 82 88100116133146152149138120 99 79 65 60 64 76201224X6 154124141415299999999999999 735 8121 2 6099999999999999
 94111125131130122109 97 88 86 91104120138151156151135112 86 63 47 44 52201225X6 32013215 115699999999999999 848 862148 4399999999999999
 70 93116134143141131115100 89 87 93108127146158161150128 99 68 43 30 30201226X6 420143154216199999999999999 948 862227 2899999999999999
 45 70100128147155150135116 98 87 86 96115137156166163146117 81 48 24 14201227X6 5 51551618167999999999999991035 8623 3 1499999999999999
 22 45 77112142161164154134112 94 85 88102125149167172162137100 60 27  6201228X6 5441651653173999999999999991115 842338  399999999999999
  4 20 51 90128157171169152128104 88 83 92112138162176175156122 80 39  8201229X6 6201721726178999999999999991151 83999999999999999999999
 -6  0 25 64107145170177168146119 96 83 84 99124151173181172145105 60 20201230X6 65517718 018199999999999999 012 -61225 8299999999999999
 -6-12  4 36 79123158177177161135109 89 82 89109137163180182164130 86 42201231X6 730180183518399999999999999 047-121259 8299999999999999
