 26 26 34 50 69 89105113114109100 90 81 78 81 88 98108114111102 86 69 5220 1 1XS 737115181511499999999999999 032 2513 1 7899999999999999
 40 35 38 49 63 81 97108113111105 95 86 79 76 78 84 92 99103100 92 80 6720 1 2XS 81211319 510399999999999999 1 7 3514 2 7699999999999999
 55 48 47 52 62 76 90103111112109101 92 82 75 71 72 76 83 89 92 91 85 7720 1 3XS 8481132014 9299999999999999 141 471520 7199999999999999
 69 63 59 60 65 74 86 98107112112107 98 88 78 69 63 62 66 72 78 83 85 8420 1 4XS 92611322 5 8599999999999999 221 591644 6299999999999999
 81 76 73 70 71 76 83 93103110113112106 96 84 71 60 52 50 54 61 70 79 8520 1 5XS1010113999999999999999999999 316 701752 5099999999999999
 88 88 86 83 80 80 84 90 99107113115113105 93 78 61 48 39 37 42 53 66 7920 1 6XS 033 88105811599999999999999 433 801845 3799999999999999
 89 95 97 96 92 88 87 89 95103111117118114104 88 69 49 33 24 24 33 47 6520 1 7XS 2 0 97114711999999999999999 551 871930 2399999999999999
 83 96104106103 98 93 91 93 99107116122123116101 81 57 34 18 11 14 27 4620 1 8XS 251106123412399999999999999 658 912012 1099999999999999
 69 90105112113108100 94 92 95103113123128127116 97 72 44 20  4 -1  7 2520 1 9XS 333114131912999999999999999 753 922052 -199999999999999
 49 76 98112118116108100 94 93 97107119130134129115 91 61 31  7 -7 -7  520 110XS 41211814 213499999999999999 839 922133 -999999999999999
 27 56 84105117120115106 96 91 92 99111125136138130111 83 51 20 -2-12 -820 111XS 450121144413999999999999999 920 912213-1299999999999999
  8 35 65 92111120119112100 91 87 90100114129139139127104 75 42 13 -6-1120 112XS 52712115281419999999999999910 0 872252-1199999999999999
 -3 17 46 76100115119115105 92 84 82 88100116131139135120 96 67 36 10 -320 113XS 6 11191612139999999999999991040 822331 -599999999999999
 -4  8 31 60 87107116117109 97 84 77 77 85 98115128134128112 88 61 33 1420 114XS 6321181658134999999999999991124 76999999999999999999999
  6 10 25 48 75 98112117113102 88 75 69 72 81 94109121124117102 81 57 3620 115XS 7 0117174712499999999999999 0 8  51211 6999999999999999
 23 20 28 44 66 89107116116108 95 79 68 63 66 74 86100109111105 93 76 5920 116XS 727117184311199999999999999 044 2013 6 6399999999999999
 44 36 38 47 63 83102115118114103 88 73 61 57 58 65 75 87 95 97 94 86 7620 117XS 7551181952 9799999999999999 120 361413 5699999999999999
 64 55 52 56 66 80 97111119119112 99 84 68 56 50 49 54 62 72 81 86 86 8420 118XS 8281202141 8699999999999999 156 521536 4999999999999999
 79 74 69 69 73 81 93107117122119111 98 82 65 52 43 39 42 49 59 69 77 8320 119XS 9 8122999999999999999999999 238 6817 5 3999999999999999
 86 87 85 82 82 85 92102112120123120111 97 81 62 46 34 29 30 37 48 62 7420 120XS 039 87 95912399999999999999 337 821821 2899999999999999
 85 92 96 95 93 91 93 97105114121124121113 98 80 59 39 25 18 19 27 42 6020 121XS 221 9611 212499999999999999 5 6 911923 1799999999999999
 77 91101105103 99 95 95 98105114122126124115 99 77 53 31 15  9 11 23 4120 122XS 312105121112699999999999999 635 942013  899999999999999
 63 84 99109111107100 94 93 96103114124129127116 97 72 45 22  7  2  8 2420 123XS 350111131313099999999999999 747 932056  299999999999999
 46 71 93107114113106 96 90 88 93102115127133129114 92 64 36 13  1  0 1020 124XS 42211514 513399999999999999 842 882134 -199999999999999
 30 56 82102114117112101 90 83 83 90103119131135127109 84 55 27  7 -1  320 125XS 451117145013599999999999999 926 8222 9 -199999999999999
 18 42 69 94110117115106 92 81 76 80 90106122133134122101 74 45 19  4  220 126XS 51611715311359999999999999910 5 762240  199999999999999
 12 31 57 84104115116109 97 83 73 71 78 91109125133129113 90 63 36 16  720 127XS 5391161610133999999999999991041 712310  799999999999999
 11 25 48 73 96111116112101 86 73 66 68 78 93111124128119102 78 53 31 1720 128XS 6 01161648128999999999999991117 652338 1599999999999999
 15 25 43 65 89106115113105 91 76 65 61 67 79 94110119119108 89 67 46 3020 129XS 6211151727121999999999999991153 61999999999999999999999
 24 28 42 61 82101113115108 96 81 68 59 59 66 79 93106111108 96 79 60 4520 130XS 64311518 711299999999999999 0 5 241233 5899999999999999
 36 36 45 60 78 96109115111101 88 73 61 56 57 65 77 89 99101 96 86 72 5920 131XS 7 6115185110199999999999999 030 351316 5699999999999999
 49 46 51 61 76 92105113113106 94 80 67 57 53 55 62 72 82 89 91 87 79 7020 2 1XS 7311141947 9199999999999999 054 461410 5399999999999999
 62 58 59 66 76 89101110113110100 88 75 63 54 50 51 56 65 73 80 83 82 7820 2 2XS 7581132111 8399999999999999 118 581518 5099999999999999
 74 71 70 73 79 88 97106111111106 96 84 71 59 50 44 43 47 55 64 72 78 8120 2 3XS 830112999999999999999999999 142 701640 4399999999999999
 82 82 81 82 84 89 95102108111109104 95 83 69 55 43 35 33 36 44 55 67 7720 2 4XS 9131119999999999999999999991756 33999999999999999999999
 85 90 92 92 92 92 94 98103108111110105 96 83 67 50 34 24 20 24 35 50 6620 2 5XS10191119999999999999999999991858 20999999999999999999999
 81 92 99101100 97 95 96 98103108112113109 99 84 64 42 23 11  8 14 28 4820 2 6XS 3 5101114311499999999999999 624 951951  899999999999999
 69 87101107108104 98 94 93 96102110117120115103 83 58 33 11 -1 -2  7 2620 2 7XS 334108125412099999999999999 743 932038 -399999999999999
 51 76 96109113110102 94 89 88 93102114124127121105 81 52 23  1-10 -8  620 2 8XS 4 4113135312799999999999999 835 882121-1099999999999999
 30 59 85104114115107 96 85 80 82 90103119130133124104 76 44 15 -6-13 -620 2 9XS 433115144413399999999999999 917 8022 1-1399999999999999
 13 41 71 96111116112100 85 74 70 75 87104123134135123101 70 38 10 -6 -820 210XS 5 0116153213699999999999999 956 702239 -999999999999999
  3 26 56 85106116115105 88 71 61 60 68 84105124134132118 94 64 33 10  020 211XS 5231171619135999999999999991035 602314  099999999999999
  4 20 45 75100114117110 94 75 58 50 52 63 82103121129124109 86 59 33 1720 212XS 54511717 6129999999999999991116 492346 1399999999999999
 13 22 41 67 93112119115102 82 61 46 41 46 59 78 99114119113 99 79 56 3820 213XS 6 61191755119999999999999991159 41999999999999999999999
 29 32 44 64 88109120120110 93 71 51 38 35 41 55 73 91103106100 89 74 5820 214XS 629122184910699999999999999 015 291246 3599999999999999
 47 45 52 66 85104119124118104 85 63 45 34 33 39 50 65 80 89 92 89 82 7320 215XS 6551241953 9299999999999999 042 451341 3299999999999999
 64 60 63 72 85100115123123113 98 79 60 44 34 32 36 44 56 68 76 80 81 8020 216XS 7261242145 8199999999999999 1 8 601450 3299999999999999
 77 74 74 78 86 97108118122119108 94 77 60 46 36 31 32 37 47 57 66 73 7920 217XS 8 3122999999999999999999999 130 741620 3199999999999999
 82 84 85 86 89 95102110116118114106 94 79 63 48 36 29 26 30 38 49 60 7220 218XS 8521189999999999999999999991754 26999999999999999999999
 81 89 93 94 94 94 96100105110113112106 97 83 67 50 34 24 20 22 31 45 6020 219XS101211399999999999999999999919 8 20999999999999999999999
 76 89 98101100 96 93 92 94 99105110112109101 87 68 48 29 17 13 17 29 4620 220XS 311101115611299999999999999 645 9220 2 1399999999999999
 66 84 98105106100 93 86 84 87 93102111116114104 88 66 42 22 11  8 16 3220 221XS 334106131311699999999999999 759 842044  899999999999999
 54 76 95106110106 96 84 77 75 80 90103116121118105 85 59 34 15  6  8 2020 222XS 35711014 712199999999999999 845 752120  699999999999999
 41 66 88104111110100 86 73 67 68 76 91108121125118101 77 50 26 10  6 1320 223XS 418112145212599999999999999 922 662151  699999999999999
 30 54 80100111112105 90 74 61 58 63 76 94113125125114 93 68 41 20  9 1120 224XS 437113153112699999999999999 955 582220  999999999999999
 24 46 71 95110114108 95 77 61 51 51 62 79100117125121106 83 57 33 18 1520 225XS 45411416 8125999999999999991027 502246 1499999999999999
 23 40 64 88107114111100 82 63 49 43 49 63 83104118122113 95 72 49 30 2220 226XS 5121151645122999999999999991058 432311 2299999999999999
 26 39 60 83103114114104 88 68 50 40 40 50 67 87106116114102 84 63 44 3320 227XS 5301151722116999999999999991130 392335 3199999999999999
 32 41 58 79 98112116109 94 75 56 41 35 40 53 71 90104109104 91 75 58 4520 228XS 54911618 01099999999999999912 3 352356 4199999999999999
 41 46 59 76 95109116112100 82 63 46 35 34 41 55 72 89 99101 94 83 69 5820 229XS 6 81161841101999999999999991238 33999999999999999999999
 52 53 62 76 92106114114105 90 71 53 40 33 35 43 56 71 84 91 91 86 77 6920 3 1XS 6291151931 9299999999999999 017 511318 3399999999999999
 63 62 68 77 90102111113108 97 81 64 48 38 33 35 43 54 66 77 83 84 81 7720 3 2XS 6501142044 8499999999999999 036 621410 3399999999999999
 73 72 75 81 89 99107111110102 90 75 60 47 38 33 34 39 48 58 68 75 79 8120 3 3XS 716111999999999999999999999 051 721524 3399999999999999
 81 82 83 86 91 96102107108105 97 87 74 61 48 38 31 28 31 38 49 60 70 7920 3 4XS 7491089999999999999999999991659 28999999999999999999999
 85 89 91 92 94 95 98101103104102 97 89 78 65 50 36 25 20 21 28 40 55 7020 3 5XS 8501049999999999999999999991823 19999999999999999999999
 82 92 98 99 98 96 94 94 96 98101103101 96 85 70 51 32 18 10 10 19 35 5420 3 6XS 256 9911 410399999999999999 632 941926  999999999999999
 74 90100105103 97 91 87 86 88 94102108110105 92 73 50 27  9  1  3 16 3620 3 7XS 311105124711099999999999999 748 862017  099999999999999
 60 82 99108108101 90 80 75 75 81 91105115119113 98 74 46 20  3 -4  2 1920 3 8XS 332109135411999999999999999 830 7421 1 -499999999999999
 44 71 94108111106 93 77 65 60 63 74 91109123126118 99 72 42 16  1 -2  920 3 9XS 353111144812799999999999999 9 7 602140 -299999999999999
 31 59 86106114110 98 79 60 48 46 53 69 92114128129119 97 69 39 16  5  820 310XS 412114153713099999999999999 944 452216  599999999999999
 24 49 78102115115105 85 62 42 32 33 46 67 93116128127114 92 64 38 21 1720 311XS 4311171625129999999999999991021 312248 1699999999999999
 25 45 71 98116120113 95 70 45 26 20 25 42 66 93114123120106 86 61 41 3120 312XS 45112117131239999999999999911 0 202316 3199999999999999
 34 47 68 93114124121106 83 56 31 15 13 22 41 65 90108113109 97 79 61 4820 313XS 51312518 1113999999999999991140 122343 4599999999999999
 46 53 69 89111125127116 96 71 44 22 11 13 23 42 64 85 98102 97 88 76 6420 314XS 5381281854102999999999999991224 11999999999999999999999
 58 62 72 88105121128123108 87 62 38 21 14 16 27 43 61 77 87 90 88 83 7620 315XS 6 612820 0 9099999999999999 0 8 581312 1499999999999999
 70 70 76 87100114123124116100 80 58 39 25 20 22 30 42 56 69 77 81 82 8120 316XS 6371252210 8299999999999999 031 701411 2099999999999999
 80 79 81 87 96105114118116107 93 77 59 44 33 27 27 31 40 50 61 69 76 8120 317XS 713119999999999999999999999 049 791533 2699999999999999
 85 86 87 89 92 97102107110107100 90 78 65 52 40 32 29 30 35 45 56 67 7720 318XS 8 21109999999999999999999991716 29999999999999999999999
 85 91 93 93 92 91 92 94 97100100 98 92 83 72 58 45 34 27 26 31 41 55 6920 319XS 218 93 93810199999999999999 456 911839 2699999999999999
 82 92 98 98 94 88 84 82 84 88 93 98100 97 90 78 62 45 31 23 23 29 42 5920 320XS 232 99115710099999999999999 7 4 821936 2299999999999999
 77 91100103 99 90 80 73 71 73 81 91100105103 95 80 61 41 26 19 21 31 4820 321XS 253103131610599999999999999 758 712018 1999999999999999
 69 87101106104 94 80 68 60 60 66 78 93106111108 96 78 56 35 22 18 24 3820 322XS 31210714 811199999999999999 834 592053 1899999999999999
 59 81 99108108 99 84 67 54 48 52 63 81 99112116109 94 72 49 30 20 21 3220 323XS 330109145111699999999999999 9 6 482124 1999999999999999
 51 74 95108111104 89 70 51 40 39 48 65 86106118117107 88 65 42 28 23 3020 324XS 347111152911999999999999999 936 382152 2399999999999999
 46 68 90107113109 95 75 53 37 30 34 49 70 94112120115100 80 57 39 30 3220 325XS 4 411316 51209999999999999910 6 302217 2999999999999999
 44 63 85104114113101 82 59 38 25 24 34 53 78100115117108 92 71 52 40 3720 326XS 4211151641118999999999999991035 232242 3799999999999999
 45 61 81101114116107 89 66 43 25 18 23 38 61 85104114112100 83 65 51 4520 327XS 44011717181149999999999999911 5 1823 5 4599999999999999
 49 61 79 98112118112 96 74 50 30 17 16 26 45 68 90104109104 92 76 62 5420 328XS 4581181755109999999999999991135 152327 5499999999999999
 55 63 78 94109117115103 83 60 38 22 15 19 32 51 72 91101102 95 85 73 6420 329XS 51811818371029999999999999912 7 152348 6299999999999999
 62 67 78 92105115116108 91 71 49 30 19 17 24 37 55 73 88 94 94 89 81 7420 330XS 5381171927 95999999999999991243 17999999999999999999999
 70 72 80 90101111115110 98 81 61 43 28 21 21 28 40 55 70 81 87 88 85 8120 331XS 6 01152040 8899999999999999 0 8 701328 2099999999999999
 79 79 83 90 98106110110103 90 74 58 42 31 25 24 29 39 51 64 74 81 84 8620 4 1XS 626111999999999999999999999 028 781433 2499999999999999
 86 86 87 91 95100104106103 96 86 73 60 47 36 28 25 27 34 44 56 68 78 8520 4 2XS 65910699999999999999999999916 9 25999999999999999999999
 90 92 93 93 93 94 96 97 98 97 93 87 78 67 54 41 30 23 22 27 37 51 66 7920 4 3XS 8 4 989999999999999999999991743 22999999999999999999999
 90 96 98 97 93 89 86 86 88 91 94 95 93 87 77 62 45 30 20 16 21 33 51 6920 4 4XS 2 0 9811 0 9599999999999999 643 861854 1699999999999999
 86 97102101 95 86 78 73 73 77 85 94101103 98 87 68 47 28 16 13 20 36 5720 4 5XS 219103125010399999999999999 734 721947 1399999999999999
 78 95105106 99 86 72 61 56 58 67 81 97109113108 94 72 48 27 16 15 26 4520 4 6XS 238107135711399999999999999 812 552032 1499999999999999
 69 92106111105 91 72 53 41 38 44 60 81102117121114 97 73 47 28 20 24 3820 4 7XS 256111145212199999999999999 848 382110 2099999999999999
 61 86107116113100 78 53 32 21 22 34 56 83107122125116 97 72 48 33 30 3820 4 8XS 315116154212599999999999999 924 202145 3099999999999999
 56 81105119121110 89 62 34 14  6 12 29 56 85110123123112 94 70 51 42 4420 4 9XS 33612216311249999999999999910 2  62216 4199999999999999
 57 77101120128121103 76 45 17  1 -2  8 29 58 87109119117106 89 70 56 5320 410XS 4 01281719119999999999999991041 -32246 5399999999999999
 61 76 97117130130116 92 63 32  7 -5 -3 10 33 61 87105111108 99 85 71 6420 411XS 42713218 9111999999999999991121 -62314 6499999999999999
 66 77 93111127133125107 81 52 24  4 -3  2 17 39 64 85 98102 99 92 82 7420 412XS 45613319 41029999999999999912 2 -32342 7299999999999999
 73 78 90104119129129117 96 72 45 23  8  5 12 25 44 64 81 90 93 92 88 8320 413XS 5281302014 94999999999999991248  5999999999999999999999
 79 81 87 97109119124119106 87 66 45 27 17 16 22 33 48 63 76 84 88 89 8820 414XS 6 21242158 8999999999999999 013 791341 1699999999999999
 85 84 86 92 99106113114108 97 82 65 49 36 28 26 30 37 49 61 72 80 86 8920 415XS 6421142355 9099999999999999 052 841450 2699999999999999
 90 89 88 89 91 94 98102102 98 91 80 69 57 46 38 34 34 39 48 59 70 80 8820 416XS 737103999999999999999999999 219 881623 3399999999999999
 93 94 93 89 86 84 85 87 90 92 92 89 83 75 65 54 44 37 36 39 48 60 73 8420 417XS 056 94 926 9399999999999999 517 841749 3699999999999999
 93 98 98 93 86 78 74 73 75 80 86 91 92 89 82 71 58 46 38 36 40 50 64 7920 418XS 128 991150 9299999999999999 647 721851 3599999999999999
 92100103 99 89 77 67 60 60 65 75 85 94 98 96 88 75 59 45 37 36 42 55 7220 419XS 1531031310 9899999999999999 734 601937 3599999999999999
 88101107104 95 80 64 52 47 50 59 74 89101105102 91 75 57 43 37 39 49 6520 420XS 21410714 310599999999999999 8 9 472015 3699999999999999
 83 99109109101 86 66 48 37 36 43 58 78 96108111104 90 72 54 42 40 46 5920 421XS 234110144511199999999999999 841 352048 3999999999999999
 78 96110113107 93 72 50 32 25 28 42 62 85105114114103 87 68 52 44 46 5720 422XS 253113152411599999999999999 911 242118 4499999999999999
 73 92109116113100 79 55 32 18 16 26 45 70 94111117113100 82 64 53 50 5720 423XS 31211616 211799999999999999 941 162146 5099999999999999
 70 89106117118107 88 63 37 18  9 13 29 52 79102115117109 94 77 63 56 5920 424XS 3321191638117999999999999991010  92212 5699999999999999
 70 86103117121114 97 73 46 22  8  6 16 36 62 88107115113103 88 74 64 6320 425XS 3531211716115999999999999991040  52238 6399999999999999
 70 83 99114122119105 83 57 32 12  4  8 22 45 71 93108112107 96 84 73 6920 426XS 4141221755112999999999999991111  423 2 6999999999999999
 73 82 96110120121112 94 70 44 22  8  5 13 30 53 76 95105106101 91 82 7620 427XS 4371221839107999999999999991144  52327 7599999999999999
 76 82 93105116121116102 82 59 36 18  9 10 20 38 58 78 93100100 96 89 8320 428XS 5 21211932101999999999999991222  82354 8199999999999999
 81 84 91101110117117108 93 73 52 33 19 14 17 27 42 60 77 89 95 96 93 8920 429XS 5291182046 969999999999999913 7 14999999999999999999999
 86 86 90 96103109112109100 85 68 51 36 25 21 23 31 43 59 73 84 91 94 9420 430XS 6 21122228 9499999999999999 028 8614 9 2199999999999999
 92 90 90 92 96100103104101 94 83 70 56 43 33 27 27 32 43 56 70 82 91 9520 5 1XS 6481042354 9799999999999999 129 901533 2699999999999999
 97 95 92 90 89 89 91 93 95 95 92 85 76 65 52 41 32 29 33 42 55 70 84 9420 5 2XS 825 95999999999999999999999 420 8917 1 2999999999999999
100100 97 90 83 78 76 77 81 86 91 94 92 86 76 62 48 37 31 34 43 58 75 9120 5 3XS 03810111 9 9499999999999999 611 761811 3199999999999999
101105103 94 82 70 62 58 61 69 80 92100102 98 86 70 53 40 35 38 49 67 8520 5 4XS 1 6105125110299999999999999 7 3 5819 7 3599999999999999
101110110102 87 68 52 42 40 46 59 77 95107112107 94 76 57 45 41 46 60 7920 5 5XS 131111135911299999999999999 745 391953 4199999999999999
 99113117111 96 74 51 31 22 23 34 53 77100114119113 99 80 61 51 50 59 7520 5 6XS 154117145611999999999999999 824 212034 4999999999999999
 95114124122109 87 59 32 12  5 10 27 52 80105119122115100 81 65 58 62 7320 5 7XS 220125154812399999999999999 9 4  52111 5899999999999999
 91112127131122102 74 43 15 -2 -5  4 25 54 84108120122114 99 82 70 67 7420 5 8XS 248131163812299999999999999 943 -62145 6799999999999999
 88107125136133118 93 61 29  3-10 -8  5 29 59 88109118118110 96 82 75 7720 5 9XS 3181371728119999999999999991024-112218 7499999999999999
 86101119134139130110 82 50 20 -2-10 -4 12 37 65 91107113112104 93 83 8020 510XS 35113918191139999999999999911 4-102252 8099999999999999
 85 95110126137136122100 72 43 16  0 -3  5 22 45 71 91103107106 99 90 8420 511XS 4261381912108999999999999991146 -32329 8399999999999999
 84 91101115127133128112 90 65 39 19  8  8 17 33 54 75 90 99102101 96 8920 512XS 5 413320 9102999999999999991229  7999999999999999999999
 86 87 93103114122124117102 83 61 41 26 19 20 29 43 60 77 89 96 99 98 9420 513XS 5441252114 9999999999999999 013 851317 1899999999999999
 89 87 88 93100108113113106 93 78 61 46 35 30 32 39 51 65 78 89 96 98 9820 514XS 6301142221 9999999999999999 111 871413 3099999999999999
 95 90 87 86 88 93 98102102 97 88 77 65 54 45 40 41 46 56 68 80 90 9710020 515XS 731102232010099999999999999 244 861523 4099999999999999
100 96 90 84 80 80 82 86 91 93 92 87 80 71 62 53 48 47 52 60 72 84 9410120 516XS 910 93999999999999999999999 442 801639 4799999999999999
103102 95 86 77 71 68 70 75 82 88 91 90 86 79 69 60 53 52 56 64 76 8910020 517XS 0 41031120 9199999999999999 6 4 681747 5299999999999999
106107102 92 79 67 58 55 59 67 78 88 94 96 93 85 74 64 57 55 60 70 83 9720 518XS 0381071251 9699999999999999 656 551841 5599999999999999
107111109 99 85 68 53 44 43 50 63 78 92101103 99 90 77 66 59 60 66 78 9320 519XS 1 7111135110399999999999999 736 431926 5999999999999999
106114115107 92 72 52 37 31 34 45 63 83 99109110103 91 78 67 63 65 75 8820 520XS 133115143711099999999999999 810 3120 6 6399999999999999
103115119114101 80 57 36 23 20 29 46 68 91107115113104 91 78 69 67 73 8520 521XS 158119151911599999999999999 843 202041 6799999999999999
100114122121110 90 65 40 21 12 15 29 51 76 99114119114103 89 77 72 74 8320 522XS 223123155811999999999999999 915 112113 7299999999999999
 97112123126119101 77 49 25  9  5 14 33 59 86107118119112100 87 78 76 8220 523XS 248127163712099999999999999 948  52144 7699999999999999
 93108122129126112 90 62 35 13  2  4 18 41 68 94111119117108 96 86 80 8220 524XS 3141291716119999999999999991021  22213 8099999999999999
 91103118128130121102 77 49 23  6  1  8 25 50 77 99113117113104 93 86 8420 525XS 3411311758117999999999999991055  12243 8499999999999999
 89 99112124130127113 92 66 39 17  5  4 15 34 58 83101111113108100 91 8720 526XS 4101311845113999999999999991132  32315 8799999999999999
 88 95106117126128120104 82 57 33 16  8 11 23 42 65 86101108109105 97 9120 527XS 4431291937109999999999999991213  82353 8999999999999999
 89 92 99108118124122112 96 75 53 33 19 15 19 31 49 69 88100106106102 9620 528XS 5201242035106999999999999991259 15999999999999999999999
 91 90 93 99106114117114105 90 72 54 38 27 24 28 39 55 73 89 9910510510120 529XS 6 5117213310599999999999999 044 901354 2499999999999999
 95 91 89 90 94 99105108106 99 88 74 60 46 37 34 37 46 60 77 9110110610620 530XS 7 9108222610699999999999999 2 4 8915 0 3499999999999999
101 94 87 83 81 83 87 93 97 99 96 90 80 69 57 48 43 45 54 67 82 9610611020 531XS 853 9923 911099999999999999 4 0 811612 4399999999999999
108101 91 80 72 67 68 72 80 88 95 97 96 90 80 68 58 53 54 62 75 9010411220 6 1XS11 8 97234711599999999999999 529 671720 5299999999999999
114110 99 84 69 57 50 50 57 68 82 94101104100 90 78 67 61 63 71 8510011420 6 2XS1251104999999999999999999999 629 491818 6199999999999999
121119110 95 74 54 39 32 33 43 59 79 96107112109 99 86 75 70 72 82 9611220 6 3XS 02112114 511299999999999999 719 3119 9 7099999999999999
124128123109 87 62 38 21 15 20 34 55 79100114119115105 91 81 77 82 9210820 6 4XS 05612815 511999999999999999 8 4 151955 7799999999999999
123134135124104 78 48 23  7  3 11 30 55 83105118122118107 94 85 84 9010320 6 5XS 133136155812299999999999999 847  32038 8399999999999999
118134141137122 98 67 36 11 -2 -2  9 31 60 88109121123118106 94 88 89 9820 6 6XS 210142164812399999999999999 930 -42119 8899999999999999
111127141145136117 89 57 26  4 -5 -2 13 38 67 94112121121115104 93 90 9320 6 7XS 2491451734122999999999999991012 -62159 9099999999999999
103118133144144131109 80 49 21  3 -2  5 22 47 75 99113119118110100 92 9020 6 8XS 3291461819119999999999999991053 -32241 9099999999999999
 96107122136143139124100 72 43 19  6  5 15 34 58 83102113116113105 96 9020 6 9XS 41014319 0116999999999999991134  42324 8999999999999999
 90 97108122134138131114 91 66 41 22 14 17 28 47 69 90105112113109101 9220 610XS 4521381940113999999999999991214 14999999999999999999999
 88 90 97107119128129120104 84 62 42 29 25 30 42 59 79 96107111110105 9720 611XS 536130201911199999999999999 012 881254 2599999999999999
 90 86 88 94103113119118109 95 79 61 47 38 37 43 55 70 8710010811110910320 612XS 62411921 011199999999999999 1 8 861337 3699999999999999
 95 87 84 85 89 96104108107101 90 77 64 54 48 49 55 66 79 9310411011110820 613XS 721109214311199999999999999 219 841425 4899999999999999
101 93 85 79 78 81 87 93 98 99 95 88 79 70 63 59 59 65 74 86 9810811211220 614XS 840 99222711399999999999999 346 781522 5899999999999999
108100 89 79 72 69 71 76 83 90 94 94 90 85 78 72 68 68 73 82 9310411211520 615XS1030 94231011599999999999999 5 8 691627 6799999999999999
114107 97 84 71 62 58 60 66 76 86 93 97 96 92 86 80 75 75 80 89 9910911620 616XS1222 97235111999999999999999 610 581731 7599999999999999
119115105 91 75 60 49 45 49 59 73 86 97103104100 93 85 81 81 86 9510611620 617XS1338104999999999999999999999 658 451828 8099999999999999
122121114101 83 63 46 36 34 42 56 73 91104111111106 97 89 85 86 9210211320 618XS 029122143111199999999999999 739 341918 8599999999999999
123127123112 93 71 49 32 23 26 37 56 78 98112117116109 99 91 88 91 9911020 619XS 1 4127151611899999999999999 817 2320 2 8899999999999999
121130131123106 83 57 34 19 14 21 38 61 85106118122118109 99 92 91 9610520 620XS 138131155712299999999999999 854 142042 9199999999999999
118129135132119 98 71 44 21  9  9 21 42 68 94113122124117107 98 93 9410120 621XS 211136163712499999999999999 931  82119 9399999999999999
113126136139131113 88 59 32 12  4  8 24 49 77101117124122115104 96 94 9720 622XS 24613917181249999999999999910 8  42154 9499999999999999
107120133141139127105 78 48 23  7  3 12 31 58 85107119123120111101 94 9420 623XS 3211411759123999999999999991047  32231 9499999999999999
100111125137142136120 97 69 40 18  7  7 19 41 67 92110120121116106 97 9320 624XS 3591421840121999999999999991126  62310 9299999999999999
 95102114127137138130112 89 62 37 19 12 16 30 52 77 99113119118111101 9320 625XS 44013919201199999999999999912 7 122355 9099999999999999
 90 94102113125132132122105 83 59 38 24 21 28 43 64 86104115118115107 9620 626XS 5251331957118999999999999991249 21999999999999999999999
 89 87 90 98108118124123113 99 80 60 44 34 34 42 56 76 9511011711811210320 627XS 618125203311899999999999999 050 871333 3399999999999999
 92 84 81 84 90 99108113113106 95 81 66 54 47 48 56 70 8710411512011811020 628XS 724114211012099999999999999 2 0 811422 4799999999999999
 99 87 78 73 73 78 86 95102104102 95 86 75 66 62 63 70 83 9811212112311920 629XS 857104214812399999999999999 325 731517 6199999999999999
109 96 81 69 62 60 64 72 82 92 98101 99 94 86 79 75 76 83 9410812012712720 630XS11 5101223112899999999999999 450 601618 7599999999999999
120108 92 75 59 49 46 49 58 71 85 96103105103 98 91 86 87 9310411612713320 7 1XS13 3105231913399999999999999 6 0 461721 8699999999999999
131123108 88 67 48 36 31 36 47 63 81 97108113112107 99 94 9510111112313320 7 2XS1422113999999999999999999999 659 311824 9499999999999999
138136124106 83 58 36 23 19 25 40 61 83101114120119112104 9910010611612920 7 3XS 0 9139152012099999999999999 751 191922 9999999999999999
139144139125103 76 49 26 13 11 20 38 62 8710712012512211410510010110812020 7 4XS 1 014416 812599999999999999 839 11201610099999999999999
134145148141123 99 69 40 18  7  8 20 42 69 95113124127122112103 9910111020 7 5XS 149148165012799999999999999 923  621 5 9999999999999999
123138149150139119 92 61 32 13  6 11 26 50 78103119126126118107 98 9610020 7 6XS 23515117271279999999999999910 5  62150 9699999999999999
111126141151149135112 84 53 27 12  9 18 37 62 89110122126122113101 93 9320 7 7XS 3201511759126999999999999991043  92233 9299999999999999
100112128143149143127103 75 47 26 15 17 30 51 76100116124124117106 94 8820 7 8XS 4 31491828125999999999999991119 152315 8899999999999999
 90 99113128141143135117 94 68 44 28 23 30 45 66 89109120124120111 99 8920 7 9XS 4451441855124999999999999991153 232359 8599999999999999
 85 89 98112126135135124107 85 63 44 34 35 45 61 81101116123122115104 9320 710XS 5281361922123999999999999991226 33999999999999999999999
 84 82 87 97109121127124113 97 79 61 49 45 49 60 76 95111121123119110 9920 711XS 612127195112399999999999999 046 821259 4599999999999999
 88 81 80 84 93104113116113104 91 77 65 58 57 64 75 9010511712312211610620 712XS 7 3116202212399999999999999 141 791332 5799999999999999
 94 84 78 76 79 87 96103106104 97 88 79 72 69 70 77 8810111312112412111320 713XS 8 6106205712499999999999999 247 7614 9 6999999999999999
102 91 80 73 70 72 78 86 94 98 99 96 91 86 82 80 83 89 9810811812312412020 714XS 936 99213812499999999999999 4 3 701455 8099999999999999
111100 87 75 66 62 63 69 78 87 94 98 99 97 95 92 90 92 9710511412112512520 715XS1149 99222512599999999999999 517 6216 0 9099999999999999
119110 97 82 68 57 51 53 60 71 83 94101105106103100 98 9910311011712412820 716XS1337106231812899999999999999 618 511718 9899999999999999
126120108 92 74 57 45 40 43 53 67 83 9810811311411010610310310611312112820 717XS1435114999999999999999999999 7 9 40183010299999999999999
132130121106 86 65 45 33 29 34 48 67 8710411612112011410810410410911612520 718XS 011132151812199999999999999 754 29193010499999999999999
133137133121102 78 53 33 21 20 29 47 70 9311212312612211510810410511012020 719XS 1 1137155612699999999999999 836 19201910499999999999999
131140142135119 96 68 42 22 12 15 28 51 7710111912712812211310510210411220 720XS 147142163312999999999999999 918 1221 210299999999999999
124137146146136116 88 58 31 13  7 14 32 58 86110124130127118107100 9810420 721XS 23014717 813099999999999999 958  72143 9899999999999999
114129143150147133110 80 49 24  9  8 19 41 69 97117128129123112100 94 9520 722XS 3141511740130999999999999991037  72223 9399999999999999
102116132146151144128102 72 43 21 12 15 30 54 82107123129126117103 92 8720 723XS 3571511810129999999999999991115 1123 4 8799999999999999
 91101116132145147138120 95 67 41 24 20 27 45 70 96117127129122109 94 8420 724XS 4431471837129999999999999991151 202349 8199999999999999
 81 86 97113129139139129112 89 64 44 33 34 45 64 87110125130126116101 8520 725XS 53114019 3130999999999999991227 32999999999999999999999
 76 75 81 92107121129128119105 86 67 53 47 52 64 83104121131131123110 9320 726XS 624130193013299999999999999 039 7413 1 4799999999999999
 78 70 69 74 84 98110117117110100 86 73 65 64 71 8310011713013413112010520 727XS 72711820 113499999999999999 138 681336 6499999999999999
 88 73 64 62 66 75 86 97105106104 98 91 84 80 81 88 9911312613513613011820 728XS 854107203813799999999999999 250 621415 7999999999999999
102 85 70 60 55 57 63 74 85 94 99102101 99 95 93 9510111012113213813713020 729XS1124102212413899999999999999 415 5515 4 9399999999999999
118102 84 67 54 47 47 52 62 74 86 9610410810810610410510911612513413913820 730XS1339108222413999999999999999 538 46162010499999999999999
131119103 84 64 48 39 37 42 53 68 84 9810911611711411110911211712613414020 731XS1446117233614199999999999999 648 36175210999999999999999
141135122104 82 60 41 30 28 34 48 67 8710411712312311811210911011612413520 8 1XS1528124999999999999999999999 746 28191210999999999999999
143144138125104 79 53 34 23 22 31 49 71 9411212412812511710810410611312420 8 2XS 04614516 212899999999999999 835 21201410499999999999999
136146148141124101 73 46 27 18 21 33 55 81104121129129122111102 9810111020 8 3XS 144149163213099999999999999 916 1821 2 9899999999999999
124140150151140121 94 65 39 22 18 24 42 66 93114127131127116103 93 92 9720 8 4XS 233152165813199999999999999 953 182144 9199999999999999
110127143152150136113 85 56 33 22 22 34 55 81106123131130121107 93 85 8720 8 5XS 3171531721131999999999999991027 202222 8599999999999999
 96111130145151145128104 76 50 32 26 32 48 72 97118129131125112 97 84 7920 8 6XS 3581511741132999999999999991057 2623 0 7999999999999999
 84 96113132144146136117 93 68 47 35 36 47 66 89112127132128117102 87 7720 8 7XS 43814718 2132999999999999991126 342338 7599999999999999
 75 83 97115131139137125106 84 63 48 44 50 65 85106123132131122109 93 7920 8 8XS 5181401824132999999999999991153 44999999999999999999999
 72 74 83 98114127131126113 96 78 63 56 57 67 83101119130133127115100 8520 8 9XS 559131184713399999999999999 017 721219 5599999999999999
 74 70 73 83 96110119121115104 90 77 69 67 73 84 99115127132130121107 9320 810XS 644122191213399999999999999 1 0 701244 6799999999999999
 79 71 68 72 81 93104111111107 98 89 81 78 80 88 9911112313013112611510120 811XS 737112193913299999999999999 151 6813 7 7899999999999999
 88 76 69 66 69 77 86 96102104101 97 93 90 90 9310010911912713112912211120 812XS 854104201013199999999999999 254 661330 8999999999999999
 98 85 74 66 62 64 70 78 87 95 9910110110010010110410911612312812912611920 813XS1126101205112999999999999999 413 62135210099999999999999
109 97 84 71 61 56 55 61 70 80 91 9910510810910910911111411812312712912620 814XS2154129999999999999999999999 532 55999999999999999999999
120110 97 82 66 53 46 45 51 62 76 9110311211711811611411311411812312713020 815XS1448118232013199999999999999 637 45175711399999999999999
130124113 97 78 59 43 35 34 43 58 76 9511012012412311911411111211612213020 816XS1515124999999999999999999999 731 33191911199999999999999
135136129116 96 72 49 32 24 26 38 57 8010211812712912411610910610811412320 817XS 036136154312999999999999999 818 23201310699999999999999
134142142134117 92 65 39 22 16 22 38 62 89111126132129120110101 9910211220 818XS 135143161013299999999999999 9 1 162055 9999999999999999
126140149148137115 87 56 31 16 13 24 45 73100121132133125112 99 91 90 9720 819XS 226150163613499999999999999 941 132134 8999999999999999
111129146154150135111 80 50 27 16 18 33 58 88114130135130117100 86 79 8220 820XS 3131541659135999999999999991018 152212 7999999999999999
 93111131148154148131105 74 46 28 23 31 50 77105126135134123106 86 73 6920 821XS 3591541721136999999999999991053 232252 6999999999999999
 75 89110131146150141123 98 70 48 36 37 49 71 97121136138130114 93 73 6220 822XS 4461501742138999999999999991125 352334 6099999999999999
 61 70 86107127140141132115 93 70 54 49 56 71 93116134141137123104 81 6320 823XS 53514218 5141999999999999991155 49999999999999999999999
 54 56 66 82102120129129121107 90 74 66 67 77 93112131142143133116 95 7320 824XS 627130183114499999999999999 020 541223 6599999999999999
 57 51 53 63 78 95109116116111102 91 83 80 85 96110127140145140128110 8920 825XS 72911719 114599999999999999 112 511250 8099999999999999
 70 56 51 52 60 71 85 97104106105101 97 94 9510111012213414214313612310720 826XS 9 4106193714499999999999999 216 501315 9499999999999999
 89 71 59 52 51 55 64 75 86 94 9910310510510510711111812613514013913312220 827XS2025140999999999999999999999 340 51999999999999999999999
108 92 75 62 52 48 49 56 66 77 88 9810611111311411411511912413013513513220 828XS2139136999999999999999999999 517 48999999999999999999999
123112 97 80 63 51 44 43 48 60 74 8910211311912011811511311411812413013420 829XS1445121232513499999999999999 637 4218 611399999999999999
134128117101 81 62 46 38 37 44 58 76 9511012112612411711010610611111912820 830XS15 9126999999999999999999999 736 36192810599999999999999
136138133121102 79 57 40 32 34 44 62 84105120128129122111101 96 9710411620 831XS 049138153313099999999999999 822 322019 9699999999999999
130140143137121 99 74 50 35 29 35 50 72 96116129132127115101 90 86 9010120 9 1XS 148143155413299999999999999 859 292058 8699999999999999
118134145146136118 93 66 44 32 31 42 61 86110127134131120104 88 78 78 8620 9 2XS 234147161313499999999999999 932 302133 7799999999999999
102122140149146132110 84 58 40 34 39 54 77103123134134125110 91 75 69 7320 9 3XS 31514916311359999999999999910 1 3422 7 6999999999999999
 86105127143148141124100 75 53 41 41 52 72 96118133136130115 96 77 65 6320 9 4XS 3541481649136999999999999991028 402240 6299999999999999
 71 88110130143143132113 91 68 53 48 54 70 91113130138134121103 82 65 5820 9 5XS 43114517 7138999999999999991054 482313 5799999999999999
 61 73 92114131139135122103 83 66 58 60 71 89109127137137127110 90 70 5820 9 6XS 5 91391727138999999999999991118 572346 5499999999999999
 55 62 77 96115128132125112 95 80 69 68 75 89106123135138131117 98 78 6220 9 7XS 5481321748138999999999999991140 67999999999999999999999
 54 55 65 80 98114123123115103 91 81 77 81 91105120132137134123106 87 7020 9 8XS 63012418 813899999999999999 022 5312 1 7799999999999999
 58 54 58 68 82 97109115114108 99 92 87 88 95105117128135135127114 97 8120 9 9XS 719115183013699999999999999 1 2 541219 8799999999999999
 67 58 56 60 68 80 92102107107104100 97 96100107115124131133129120107 9320 910XS 830107185513399999999999999 152 561233 9699999999999999
 78 67 59 57 59 65 75 85 9410010310410410510611011512012512912912411610520 911XS1928129999999999999999999999 3 3 57999999999999999999999
 92 80 68 60 55 54 58 67 77 88 9710410911211311511611812012312512412111520 912XS2026125999999999999999999999 437 54999999999999999999999
107 96 83 70 58 49 46 49 58 71 85 9810911612012011811611511511712012212320 913XS1434120224012399999999999999 6 1 46181711599999999999999
120113102 86 69 53 41 37 40 51 68 8610311712412612211611010710711111712420 914XS1446126999999999999999999999 7 3 37192810799999999999999
129128121107 88 66 46 32 28 35 50 71 93112125130127118108 99 96 9810511720 915XS 02712915 613099999999999999 754 2820 9 9699999999999999
129137137129111 87 61 39 26 25 35 55 80105123132131122108 94 84 82 8810120 916XS 133138152613399999999999999 837 242044 8299999999999999
119135145145133111 84 56 35 25 28 43 67 95118132135128112 93 76 68 70 8120 917XS 227146154613699999999999999 915 242120 6799999999999999
 99122141151148133109 80 53 35 31 39 58 85112132139134119 98 75 58 53 5920 918XS 31515116 513999999999999999 951 302157 5399999999999999
 75 99125144151146129105 77 54 42 43 57 79106129142141128107 81 57 43 4220 919XS 4 31511625143999999999999991023 412235 4199999999999999
 53 73 99125142146139123100 76 59 55 62 78101126143147138119 93 66 44 3320 920XS 4501471647147999999999999991053 552315 3399999999999999
 36 50 72 98122136137130115 96 79 70 71 82100121141150146131108 81 54 3620 921XS 5391381712150999999999999991120 692358 3099999999999999
 30 36 51 72 96115125126120109 95 85 82 89101118136148151141122 98 73 5020 922XS 6331271740151999999999999991146 82999999999999999999999
 36 33 39 53 72 91106114115111105 98 93 96104115129142149145133114 92 7020 923XS 740115181214999999999999999 046 331211 9399999999999999
 52 41 39 44 55 70 85 97103106107105103103107114123132140143137125109 9120 924XS 941107184914399999999999999 143 39123310299999999999999
 73 58 49 46 48 55 66 78 88 9610210710911011011311712212813313312912010820 925XS1938134999999999999999999999 3 3 46999999999999999999999
 94 80 67 57 51 50 53 61 72 84 9410411111511611511411411611912212412311920 926XS1346116211012499999999999999 445 50162511499999999999999
111101 88 74 61 52 48 50 58 70 84 9811011812111911410810510410711211812220 927XS14 4121233112299999999999999 611 48183610499999999999999
122117108 94 77 62 50 45 48 57 72 90106118125124117107 98 92 92 9710611620 928XS1425125999999999999999999999 711 451933 9299999999999999
124127124113 96 76 58 47 43 48 61 80100117127129123110 96 84 79 81 9010420 929XS 057127144612999999999999999 755 432012 7999999999999999
119130133128114 94 72 54 44 44 53 70 92113127132128116 98 81 70 67 74 8820 930XS 15113315 413299999999999999 830 432045 6799999999999999
107125136137128111 88 66 50 45 50 64 84107125134133122104 83 65 57 59 712010 1XS 235138152113599999999999999 9 1 452116 5799999999999999
 91113132141138125105 82 62 51 51 61 79101122135136128110 88 66 51 48 562010 2XS 314141153813799999999999999 930 492147 4899999999999999
 74 97121137141134118 97 76 61 56 61 76 96117134139133117 95 71 51 41 442010 3XS 351141155713999999999999999 956 562217 4199999999999999
 58 79104126138138127110 90 73 64 65 76 93113131140137124103 79 56 40 372010 4XS 4271391616140999999999999991021 632247 3699999999999999
 45 63 87111129136131119102 86 74 72 79 92110127139140130111 88 64 44 352010 5XS 5 41361636141999999999999991045 712318 3499999999999999
 37 50 70 94115128130123111 96 85 79 83 93108124136140134119 97 74 53 392010 6XS 54213016551409999999999999911 7 792350 3599999999999999
 35 42 57 77 98115123122115104 94 88 88 95107120132138136125106 85 63 472010 7XS 6231241716139999999999999991128 87999999999999999999999
 38 39 48 63 82 99111116115109102 96 94 98107117127134135128114 96 76 592010 8XS 713116173713699999999999999 025 371147 9499999999999999
 46 41 44 53 66 82 96105109109107103101103108115122129132128119105 89 732010 9XS 82511018 113299999999999999 1 8 4112 510199999999999999
 59 50 46 48 55 65 78 90 99105107108108108110114118122125125121112101 88201010XS1829125999999999999999999999 2 8 46999999999999999999999
 75 63 54 49 49 53 61 72 84 95103109113114114114115115117117117115109102201011XS1921118999999999999999999999 339 48999999999999999999999
 93 82 70 59 50 46 48 55 67 81 95106115119119116113109107106108110112112201012XS1334119222611299999999999999 515 46183710699999999999999
109101 90 76 61 48 42 42 50 65 82 99113122124120113103 96 93 93 98106114201013XS1352124999999999999999999999 626 411919 9299999999999999
119118112 98 80 61 46 38 40 51 68 89109122128125116102 88 79 76 80 91105201014XS 027119141112899999999999999 719 381953 7699999999999999
119128129121104 82 60 44 38 43 57 79102121131131121104 84 67 59 59 69 86201015XS 135130142913299999999999999 8 4 382026 5899999999999999
108126137137126107 83 60 46 44 52 71 95118134137130112 88 64 46 40 45 61201016XS 230138144913899999999999999 843 4321 2 4099999999999999
 85111132143141128107 82 62 53 55 68 89114134143139123 98 69 43 27 25 36201017XS 320143151014399999999999999 918 522138 2499999999999999
 57 86115136144140126105 83 67 63 71 87109132147148135112 82 51 26 15 17201018XS 4 9144153414999999999999999 950 632217 1499999999999999
 33 58 88116134140134121102 85 76 77 88106128146153146127 99 67 37 16 10201019XS 45814016 0153999999999999991020 752257 1099999999999999
 17 35 61 91115129132127115101 89 86 92105122141153153140117 88 57 30 14201020XS 5491321630155999999999999991049 852339 1199999999999999
 12 22 40 65 91111121123119110100 94 96104117133146153147130106 79 52 30201021XS 64612317 2153999999999999991118 94999999999999999999999
 20 21 31 48 69 90105113115113108102100104113124135144145136119 98 75 53201022XS 759115173714699999999999999 024 19115010099999999999999
 37 30 32 40 54 71 87 99106109110108105105109115123131135134125111 94 76201023XS 939110181813699999999999999 117 30122910599999999999999
 59 47 42 42 48 58 71 84 95103108110110109108109112116120123122115106 94201024XS1124111191112399999999999999 223 41135410899999999999999
 81 68 58 52 50 53 60 71 83 94104110114114111107104103104107110111109105201025XS1225114205511199999999999999 353 50165810399999999999999
 98 88 77 67 58 54 55 61 72 85 98109116119116109101 94 90 90 94100105109201026XS13 0119232810999999999999999 520 541829 9099999999999999
108104 96 84 72 61 56 56 63 75 90105116122122115103 90 80 76 77 84 94104201027XS1326123999999999999999999999 624 551917 7599999999999999
112115111102 88 73 61 56 58 68 82 99115125127121109 92 75 65 61 66 78 93201028XS 055115134812799999999999999 712 561953 6199999999999999
108119121116104 88 72 61 58 63 76 93111125131127116 97 76 59 49 50 60 77201029XS 15012114 813199999999999999 751 582025 4999999999999999
 98115126126118104 86 70 62 63 72 87106123133133123104 81 58 42 38 44 60201030XS 234127142813499999999999999 825 612055 3799999999999999
 82106123131128117100 83 70 66 71 83101120133137129112 88 63 41 30 31 43201031XS 313131144913799999999999999 856 662125 2899999999999999
 65 90114129133127113 96 81 72 73 82 98116131139135120 97 71 45 27 22 292011 1XS 350133151013999999999999999 925 712155 2299999999999999
 48 73100121132132122108 92 81 77 83 95112128139139128107 81 53 31 19 202011 2XS 427133153114199999999999999 952 772225 1899999999999999
 33 56 83108125131127116103 90 83 85 94108124137141134116 92 65 40 22 172011 3XS 5 41311553141999999999999991018 832255 1799999999999999
 24 41 66 92113125127121110 99 90 89 95106120133140137124103 77 52 31 202011 4XS 5421271615140999999999999991042 892327 1899999999999999
 20 31 51 75 98114122121115106 97 94 96104115127136137129112 90 65 43 282011 5XS 62512216391389999999999999911 7 94999999999999999999999
 22 27 40 59 80 99112117116110104 99 99103112121130134130118101 80 58 412011 6XS 71611717 513499999999999999 0 2 221133 9899999999999999
 30 28 34 47 64 83 98108112112109105103104109115122127127121109 92 74 572011 7XS 824112173412899999999999999 044 2812 610399999999999999
 43 36 35 40 51 66 82 95104109111110107106107110114117119118112102 89 752011 8XS 957111181111999999999999999 137 3413 210699999999999999
 61 50 43 41 45 53 66 80 93103110113112110107106105106107108108105 99 912011 9XS1122113192610899999999999999 252 4116 510599999999999999
 81 70 59 50 46 47 54 65 80 94106113116115110104 98 93 92 93 96100103102201110XS12 9116222510399999999999999 421 4618 2 9299999999999999
 98 91 80 68 56 49 49 55 68 84100112119120115105 93 83 76 74 78 85 95104201111XS1239121999999999999999999999 536 481849 7499999999999999
109109102 90 75 61 53 52 60 74 92109121126122111 95 77 63 55 55 63 77 94201112XS 02511013 412699999999999999 635 521928 5499999999999999
109118119112 98 81 66 58 59 68 85104122131131121103 79 56 40 34 38 52 73201113XS 139120132813299999999999999 724 5720 5 3499999999999999
 96116127128119104 85 71 65 69 81 99120135139132115 89 61 35 20 17 26 46201114XS 237128135414099999999999999 8 6 652043 1699999999999999
 73100122132132123106 88 77 74 81 96116135146144130105 74 42 17  4  6 20201115XS 330134142214799999999999999 844 742122  399999999999999
 45 76105125134133122106 91 83 85 95111131147152144123 93 59 27  4 -4  2201116XS 421135145315299999999999999 919 8222 3 -499999999999999
 21 48 80108125132129119105 93 89 95107124142154153138113 81 47 17 -1 -4201117XS 511132152715599999999999999 953 892244 -499999999999999
  6 27 55 85109123127124115103 95 95103116132147154148129103 71 40 15  2201118XS 6 212716 2154999999999999991028 942326  199999999999999
  3 15 36 63 89108118121118110101 97100109121135146148138118 93 64 38 18201119XS 65612116401499999999999999911 6 97999999999999999999999
 11 14 27 47 70 92107114116113107100 98102110121132139138126108 85 62 41201120XS 753116172114099999999999999 0 9 111149 9899999999999999
 27 23 28 40 57 76 93105111112110105100 99102108116124128125114 99 81 63201121XS 85311218 612899999999999999 055 231247 9999999999999999
 47 38 36 41 51 65 81 95105110111109105100 97 98101106112114112104 93 81201122XS 95411119 311499999999999999 146 361416 9799999999999999
 68 57 50 48 51 60 72 85 97106111113110104 98 93 90 91 94 98101102 98 92201123XS1049113203510299999999999999 248 481622 9099999999999999
 84 75 66 60 57 59 66 77 90101110115115111103 93 84 79 77 80 85 91 96 97201124XS11351162255 9799999999999999 4 2 571750 7799999999999999
 95 90 83 75 67 64 65 72 82 95107115119117110 98 84 72 65 63 67 76 86 95201125XS1211119999999999999999999999 513 641845 6399999999999999
100101 98 90 81 72 68 70 77 89102114122123117106 89 71 57 50 50 58 71 86201126XS 042102124212399999999999999 613 681925 4999999999999999
 99107109104 96 85 76 72 75 84 96110122127124114 96 75 55 41 36 41 53 72201127XS 147109131012799999999999999 7 2 7220 0 3699999999999999
 91106115115109 98 86 78 76 81 92106120129130122105 83 59 38 26 26 36 54201128XS 234116133713199999999999999 744 762033 2599999999999999
 77 99115121119111 98 87 80 81 89102116129134130115 93 67 41 23 16 21 37201129XS 31512114 413499999999999999 822 8021 4 1699999999999999
 60 86108122125120109 97 87 84 88 98112126136135125104 78 50 26 12 10 21201130XS 353125143013799999999999999 856 842136  999999999999999
 42 69 96116125125118106 95 88 88 95108122134139132116 91 62 34 14  6 102012 1XS 429127145713999999999999999 927 8722 8  699999999999999
 27 51 80104120126123114102 93 90 94103117130139138125104 76 47 23  8  52012 2XS 5 7126152414099999999999999 957 902241  599999999999999
 15 35 62 89110121124119109 99 93 93100111124135139132115 91 63 36 16  72012 3XS 5461241552139999999999999991027 922315  699999999999999
 10 23 45 72 96112120120114105 97 94 97105117128135134123103 79 53 30 152012 4XS 6281211623136999999999999991058 942352 1099999999999999
 10 17 33 55 79 99112117116110102 96 96101109119128131126113 93 70 47 292012 5XS 7141171656131999999999999991134 95999999999999999999999
 18 18 27 43 63 84101111114112107100 96 97102109116122123116103 85 66 472012 6XS 8 4115173612399999999999999 032 171221 9699999999999999
 33 26 27 36 51 70 88103111113111105 99 95 95 98103109113112107 96 82 672012 7XS 857113182811399999999999999 118 261330 9599999999999999
 52 41 36 38 46 59 76 92105111113110104 97 91 89 89 92 96100102 99 93 842012 8XS 948113195310299999999999999 214 361522 8999999999999999
 73 61 52 47 48 55 67 82 97108114115110102 92 83 77 75 76 81 87 93 95 942012 9XS10331152214 9599999999999999 322 4717 5 7599999999999999
 90 83 73 64 59 58 64 75 90104114119117110 98 83 70 60 56 58 65 76 87 95201210XS1113119999999999999999999999 434 581810 5699999999999999
100 99 94 85 75 69 68 73 84 99113122125120108 91 71 53 41 37 41 52 68 85201211XS 025100115112599999999999999 540 6719 0 3799999999999999
 99107109105 95 85 77 77 83 94109123131131121104 81 56 34 21 19 26 42 64201212XS 149109122813299999999999999 637 761946 1899999999999999
 86104115118113103 91 84 85 92104119133139135121 98 69 40 17  5  5 16 37201213XS 25211813 713999999999999999 727 842030  499999999999999
 64 90110121123118106 95 89 91100114130142145137117 89 57 26  4 -6 -2 13201214XS 346124134614699999999999999 814 892113 -699999999999999
 38 68 96115125125118106 96 93 97107122138149148135111 80 46 15 -4-10 -3201215XS 435126142715099999999999999 857 932155-1099999999999999
 16 44 75101118125124115104 95 94100112128143151146129103 70 37  9 -6 -8201216XS 52112515 815199999999999999 939 932236 -999999999999999
  3 25 54 83106119123120110 99 93 94102115131145149140120 93 62 31  8 -2201217XS 6 31231550149999999999999991021 922316 -399999999999999
  1 14 37 65 91109118119114104 94 90 93102116131141142131110 84 55 29 12201218XS 64312016331439999999999999911 5 902355  799999999999999
  7 13 29 51 76 97111116115108 98 90 87 92101114126134131119 99 76 51 31201219XS 7191161716134999999999999991152 87999999999999999999999
 20 19 28 44 65 86103112114111103 94 86 85 89 97108118122118106 89 70 51201220XS 75311418 312299999999999999 033 181246 8499999999999999
 37 31 34 44 59 77 95107113113108 99 90 83 81 84 91 99107109106 96 83 68201221XS 828113185610999999999999999 111 311352 8199999999999999
 55 47 44 48 58 72 87101110113112105 97 87 80 76 77 81 88 94 97 95 89 80201222XS 9 611320 6 9799999999999999 151 441517 7699999999999999
 71 63 58 57 61 70 82 95106113114111104 94 83 74 68 67 70 76 82 87 89 87201223XS 9481142155 8999999999999999 238 571647 6799999999999999
 83 78 72 69 68 72 79 90100110115115111102 90 77 66 58 55 58 65 74 82 87201224XS1034116999999999999999999999 338 681757 5599999999999999
 90 89 86 82 78 77 80 86 95105113117117110 99 85 68 54 45 42 47 57 69 81201225XS 019 90112011899999999999999 450 771850 4299999999999999
 91 96 98 95 90 85 83 86 92100110117121118109 94 76 56 40 31 31 39 53 70201226XS 148 9812 512199999999999999 6 0 831932 3099999999999999
 86 98105106102 95 90 87 90 96105115122124118105 86 64 42 26 19 22 35 53201227XS 240106124612499999999999999 7 1 872010 1999999999999999
 75 93107112111106 98 91 89 93101111121127126117 99 75 50 27 13 10 18 35201228XS 321113132312899999999999999 751 892046 1099999999999999
 59 83102114117114106 97 91 91 96106117128132127112 89 62 35 14  3  5 18201229XS 357118135913299999999999999 833 902122  299999999999999
 40 67 92110119119113103 95 91 93100112124133134124104 78 48 22  4 -2  5201230XS 432120143413599999999999999 911 902157 -299999999999999
 23 49 76100115120118109 99 92 90 95105118131137133118 95 65 36 12 -2 -3201231XS 5 812115 813799999999999999 945 902233 -499999999999999
