 68 48 36 34 42 60 83105124134136128116101 90 84 86 9410611712512511710320 1 1Z4 938136203212699999999999999 241 331515 8499999999999999
 85 67 53 46 48 58 74 94112125132130122110 98 88 84 85 9110010911411410820 1 2Z41018132212911599999999999999 318 451617 8399999999999999
 97 84 71 62 58 62 72 86102116126130127119107 95 85 80 79 83 91 9810410620 1 3Z411 3130225710699999999999999 4 1 581735 7999999999999999
103 97 88 80 73 71 74 82 94107119126129126117105 92 80 72 70 73 79 88 9720 1 4Z41156129999999999999999999999 455 711857 7099999999999999
102104102 97 90 85 82 83 89 99110120128130126116102 86 71 61 57 60 69 8120 1 5Z4 059104125313099999999999999 610 8220 2 5799999999999999
 94105111112108101 94 89 88 93102113124131133127114 96 76 58 46 42 48 6120 1 6Z4 240112134613399999999999999 736 882052 4299999999999999
 79 97112122123118109 99 92 90 94104117129137137128110 87 62 41 29 28 3820 1 7Z4 344124143213899999999999999 849 902135 2799999999999999
 57 81105124134134126113100 92 90 96108123137144141127103 74 45 23 13 1720 1 8Z4 432135151414499999999999999 944 892215 1399999999999999
 33 59 89116136144141130113 98 89 89 98114131145150143122 92 58 28  7  020 1 9Z4 5141451555150999999999999991030 882255  099999999999999
  9 33 65 99128147152145128109 93 85 89102121141154155141115 80 43 12 -620 110Z4 5541521635156999999999999991112 852335 -999999999999999
 -8  8 37 74110139154155143123102 87 83 90108129149159156137106 67 29  120 111Z4 6331561716160999999999999991151 82999999999999999999999
-13 -9 13 47 86121147157153136114 93 81 81 93113136154161153130 96 56 2020 112Z4 712158175916199999999999999 016-141231 7999999999999999
 -5-13 -3 23 59 98131151156147127104 85 77 80 95117139154158146121 86 4920 113Z4 750156184415899999999999999 057-131312 7699999999999999
 17 -2 -5 10 38 74110137152151138116 94 79 73 80 96118137150150136111 7920 114Z4 828153193115199999999999999 138 -61356 7399999999999999
 46 21  8 10 28 56 89120141149143127106 86 73 71 79 9411413114013912610320 115Z4 9 5149202314199999999999999 220  71445 7099999999999999
 76 50 31 24 30 48 75103127141144135118 98 80 69 68 75 8910511912712611620 116Z4 943144212512899999999999999 3 3 241541 6799999999999999
 99 78 59 47 44 51 68 91113130139138128111 92 76 66 63 68 79 9310511411520 117Z41022140224611699999999999999 347 431650 6399999999999999
110100 86 73 65 64 71 85102119131137133123107 89 73 61 56 58 66 78 9110220 118Z411 7137999999999999999999999 438 641811 5699999999999999
108109105 97 89 83 82 86 96109121131134131121105 87 69 55 47 46 53 65 8020 119Z4 04011012 313499999999999999 543 811934 4599999999999999
 95107113114110103 97 94 95101111122130134132122105 85 64 46 35 33 40 5420 120Z4 23911513 813499999999999999 713 942044 3399999999999999
 73 94111122125122114105 99 97102111122132137135124105 81 56 36 23 21 3120 121Z4 358125141413799999999999999 845 972140 2199999999999999
 49 73 98119132135130119107 98 95 99110124136142138124101 73 46 24 12 1320 122Z4 450136151014299999999999999 953 952225 1199999999999999
 27 51 80108130142142132117102 92 90 98112128142147140122 95 63 34 12  420 123Z4 5301431558147999999999999991041 9023 5  499999999999999
 10 30 59 91121140148143128109 93 85 87 98117135148150139116 84 50 22  420 124Z4 6 41481640151999999999999991119 842341  099999999999999
  1 14 39 72106133148149138118 98 83 79 86103124142152149133105 71 38 1220 125Z4 6351501718153999999999999991153 79999999999999999999999
  1  5 24 54 89120142150144127105 86 75 76 89109131148153144123 91 57 2720 126Z4 7 4150175415399999999999999 014  01225 7499999999999999
  8  4 15 40 73106132147147134113 91 75 70 77 94116137149149135109 77 4520 127Z4 731149182915199999999999999 045  31255 7099999999999999
 21 10 14 32 60 92121140146139121 99 79 68 69 80100122139146140122 95 6520 128Z4 75714619 314699999999999999 114  91327 6799999999999999
 38 22 19 30 52 81109132143141128107 86 70 65 70 85105124136138128108 8320 129Z4 821143194013999999999999999 143 1814 1 6599999999999999
 57 38 29 33 49 73 99122137140132115 95 77 65 64 72 88106121129127116 9720 130Z4 846140201913099999999999999 210 291438 6399999999999999
 75 56 44 42 51 69 91113129137134122104 86 71 63 65 74 8810311511911610520 131Z4 91313721 511999999999999999 239 411522 6399999999999999
 89 73 61 55 58 69 86105121131132126113 96 80 68 62 64 72 84 9610510910620 2 1Z4 94113322 610999999999999999 3 9 551616 6299999999999999
 99 88 78 71 70 74 85 99112123128127119106 91 77 66 60 61 67 76 87 9510120 2 2Z41016129234410299999999999999 345 691726 6099999999999999
102 99 94 88 84 84 88 95105115122125122115104 90 75 63 55 53 57 65 76 8820 2 3Z411 6125999999999999999999999 436 831849 5399999999999999
 97103105104100 97 95 96100106113119122122116104 89 72 57 46 41 44 54 6820 2 4Z4 2 6105122012399999999999999 614 9520 6 4199999999999999
 84 99110116116113107101 98 99103111118124125119107 88 67 47 32 26 30 4320 2 5Z4 335117134112599999999999999 818 9821 6 2699999999999999
 63 85106121129128121111101 95 94100110121130132125109 85 58 33 16 11 1820 2 6Z4 425129144613399999999999999 934 942156 1199999999999999
 37 63 92117134141137124109 95 87 88 98113129140142131109 79 46 18  1 -220 2 7Z4 5 51411540142999999999999991024 872241 -399999999999999
 10 36 69103130147149139121101 85 79 83 98119138150150135107 71 34  4-1220 2 8Z4 54115016281529999999999999911 5 792324-1399999999999999
-10  9 42 80116143155152136112 89 74 71 81102126148159155135101 61 22 -620 2 9Z4 6161561715160999999999999991143 70999999999999999999999
-17 -9 17 55 95131153159148125 98 75 62 65 81106134155163155130 93 52 1520 210Z4 65015918 116399999999999999 0 5-171221 6199999999999999
 -8-13  2 32 72112142158156138111 82 61 54 61 82110138157162150122 85 4620 211Z4 723159184716299999999999999 045-1413 0 5499999999999999
 15 -2  0 20 54 92127150157147124 95 68 51 48 60 84112137153154140112 7820 212Z4 754157193515599999999999999 123 -31340 4799999999999999
 45 22 13 21 45 77111138152151134108 80 57 45 46 60 8410913114314212710320 213Z4 824153202514499999999999999 2 0 131424 4499999999999999
 75 51 36 34 47 70 98125143148140121 95 70 51 43 46 60 8110312012912711620 214Z4 854148212112999999999999999 236 331511 4299999999999999
 97 78 62 55 58 72 92114132142140129109 86 65 50 44 47 59 75 9210611411420 215Z4 923143223311599999999999999 312 5516 8 4499999999999999
108 97 86 78 75 80 92107122132136131119102 82 65 52 46 47 54 66 80 9210120 216Z4 956136999999999999999999999 349 751721 4599999999999999
105105102 97 94 93 96104113122127128124114100 84 68 55 46 43 47 55 67 8120 217Z4 030106104212999999999999999 441 931856 4399999999999999
 93103109111110107105104107111116120122121115103 88 72 56 44 37 37 45 5820 218Z4 3 111112 812399999999999999 6411042027 3699999999999999
 75 93108118122121115109104102103109115121123119109 93 73 53 37 28 28 3720 219Z4 410122135412399999999999999 9 11022130 2799999999999999
 55 77 99118129131126116104 96 92 95104115125129126113 93 69 46 28 19 2120 220Z4 44713215 61299999999999999910 2 922217 1899999999999999
 35 58 86111130138136125109 94 84 83 90104120132137131114 89 61 35 17 1220 221Z4 5171391558137999999999999991040 822254 1299999999999999
 20 41 69100125140143134117 96 80 73 76 90109128141143132110 80 49 24 1020 222Z4 5431441639144999999999999991111 732327  899999999999999
 11 26 53 85116138147142125103 81 67 65 75 95118138148145128100 67 36 1520 223Z4 6 81471716149999999999999991140 642357  899999999999999
  8 17 40 71104131146147134111 85 66 57 62 80104129146151141118 86 53 2720 224Z4 63214917501519999999999999912 7 57999999999999999999999
 12 14 31 59 92123143149140119 93 68 54 52 65 88115138150148132105 72 4220 225Z4 654149182315199999999999999 024 111235 5199999999999999
 23 17 27 51 82113137148144127102 75 55 47 53 72 97123142148140119 91 6120 226Z4 715148185714899999999999999 050 1713 3 4799999999999999
 37 26 30 47 74104129144146133111 83 60 46 45 58 80105128141141128106 7920 227Z4 736147193114399999999999999 116 251333 4499999999999999
 54 39 37 47 69 96121139145137119 93 68 50 42 48 64 87110128135131116 9420 228Z4 75614520 813599999999999999 141 3614 5 4299999999999999
 72 55 48 52 68 90113132141138125103 79 58 45 43 52 70 9111012312611910520 229Z4 817141204812699999999999999 2 6 481440 4399999999999999
 87 71 62 61 70 87106123134136128111 90 69 53 45 47 57 73 9010511411611020 3 1Z4 840137213911699999999999999 232 601521 4599999999999999
 99 87 77 74 77 87101115126131127117101 82 65 53 47 49 58 71 85 9710510720 3 2Z4 9 5131225710799999999999999 3 2 741616 4799999999999999
104 99 93 88 88 91 99108117123124119109 96 81 66 55 49 48 53 63 75 87 9620 3 3Z4 939124999999999999999999999 340 871735 4799999999999999
103106105103101100101104108113116117114108 97 84 70 56 46 42 44 51 63 7820 3 4Z4 124106104311799999999999999 5 71001913 4299999999999999
 92105113117116112107103102102106110114116113104 91 73 55 40 31 30 38 5320 3 5Z4 319117125611699999999999999 8121012035 2999999999999999
 73 94112125129127119108 98 93 93 98107117124124115 98 74 50 29 17 16 2720 3 6Z4 4 7129143012599999999999999 931 922135 1599999999999999
 48 75102125138140132118101 87 80 82 93110126136137125102 72 41 16  3  520 3 7Z4 4421411533138999999999999991014 802223  299999999999999
 22 50 84116139150146131109 86 71 66 74 93116138150149132103 67 32  5 -520 3 8Z4 5151501625151999999999999991051 6623 6 -599999999999999
  2 26 61 99132152157145121 93 68 54 55 70 96125150161156135100 60 24  020 3 9Z4 5461571713162999999999999991127 522347 -699999999999999
 -6  9 39 78117146160156136105 73 49 39 47 70102134158167158132 94 54 2120 310Z4 61616118 01679999999999999912 3 39999999999999999999999
  3  4 25 60 99134157162148120 85 53 33 30 44 72107139160166153124 87 5120 311Z4 645162184716699999999999999 025  11241 2999999999999999
 25 15 24 49 84120148160155133101 65 37 23 26 46 76110139156157142115 8220 312Z4 713161193415999999999999999 1 1 151319 2299999999999999
 53 36 34 49 75107136154156143116 82 50 28 21 28 50 7910913314614413010620 313Z4 739157202314799999999999999 136 331359 2199999999999999
 81 61 53 58 74 99124144152146127 99 69 43 27 24 34 54 8010512313212911820 314Z4 8 5152211713299999999999999 2 9 531443 2499999999999999
101 85 74 72 80 96116133143143132112 87 62 43 32 32 41 58 77 9611011711720 315Z4 830145222611899999999999999 241 721532 3199999999999999
110101 93 89 90 98110123132136131120102 82 64 49 41 40 46 58 72 86 9810520 316Z4 857136999999999999999999999 313 891637 3999999999999999
109109106103102103108114120124124120111 99 84 70 58 50 46 47 54 64 76 8820 317Z4 023109 93112599999999999999 4 01021812 4699999999999999
100108113114113111109108109111112113112109102 92 79 66 55 47 44 47 56 7020 318Z4 25911411 711399999999999999 6591081958 4499999999999999
 85101114121123120113106100 98 98102107112113109100 87 70 55 43 38 41 5220 319Z4 350123134811399999999999999 918 9821 9 3899999999999999
 69 90109123130129120108 96 87 84 88 97108117122118107 89 69 49 36 31 3720 320Z4 41913115 512299999999999999 957 842156 3199999999999999
 53 76100121134137129114 96 81 73 74 83 98115127131125109 86 62 41 28 2820 321Z4 4441371555131999999999999991026 722233 2799999999999999
 40 62 89115134142138122101 80 65 61 68 85106126138139127106 78 52 32 2420 322Z4 5 81421634140999999999999991052 6123 4 2499999999999999
 30 49 77106131144144131109 83 62 52 54 69 93118138146142124 97 67 42 2720 323Z4 53014617 9147999999999999991118 512332 2599999999999999
 27 41 66 96124143149139118 90 64 46 43 54 77105131147150139115 85 56 3520 324Z4 5511491742151999999999999991144 422358 2899999999999999
 28 36 58 87117140150145127 99 69 46 35 41 60 88117141152148131103 73 4920 325Z4 6121501815152999999999999991210 35999999999999999999999
 35 37 53 79109134149149135109 78 50 33 31 44 70100128146151141119 91 6520 326Z4 631151184915199999999999999 023 341237 3099999999999999
 47 42 52 74101127145150141118 88 58 36 27 33 53 81111134147145130107 8120 327Z4 651151192314899999999999999 048 4213 5 2799999999999999
 61 52 55 71 95120139148144126 99 69 43 28 27 40 63 91117135142135118 9720 328Z4 710149195914299999999999999 113 511335 2699999999999999
 77 64 62 72 90112132143143131109 82 55 36 28 33 49 72 9811913113312410920 329Z4 731145203813499999999999999 139 6114 7 2899999999999999
 91 78 72 76 88106123136140133117 94 69 48 35 32 40 56 78 9911512312311520 330Z4 752140212712499999999999999 2 6 721445 3199999999999999
104 92 85 84 90102115127133131121104 83 63 47 38 38 46 60 77 9410711411520 331Z4 816133223911699999999999999 237 831534 3799999999999999
111105 98 95 96101109117123125121111 97 81 65 52 44 42 47 58 71 86 9810720 4 1Z4 847125999999999999999999999 319 951646 4299999999999999
112113111108105104105108112115115113107 98 86 72 59 49 43 43 50 61 76 9120 4 2Z4 045113 94711599999999999999 5 01041827 4299999999999999
105115121121118112106102100101104108111111107 97 83 66 50 39 35 39 51 6920 4 3Z4 238121123311299999999999999 8 910020 0 3599999999999999
 90109124132131124113100 91 86 88 96106116122121111 93 70 48 32 25 29 4520 4 4Z4 328132141912399999999999999 913 8621 7 2599999999999999
 69 95120136143138124105 86 73 70 76 91110127137136123100 71 43 24 17 2520 4 5Z4 4 3143152513899999999999999 952 702158 1799999999999999
 46 76108134149150138115 89 66 53 54 67 91118140152149132103 69 38 19 1520 4 6Z4 4351521619153999999999999991029 522242 1499999999999999
 29 56 91124149158152130 99 68 44 35 42 64 95127152163157135102 65 35 2020 4 7Z4 5 515917 91649999999999999911 5 352323 1899999999999999
 22 42 74110141160161145115 78 45 24 21 36 65101136160169159133 98 63 3820 4 8Z4 5341631757169999999999999991141 20999999999999999999999
 28 37 62 96130155165156131 95 56 26 11 14 36 69108141162167154127 94 6420 4 9Z4 6 3165184416799999999999999 0 1 281219 1099999999999999
 46 44 58 85117145162162144113 74 38 13  5 15 40 76112141158159144119 9120 410Z4 630164193216099999999999999 037 431257  599999999999999
 69 59 63 81107134154161152128 94 58 28 10  8 22 48 8111313714814713311220 411Z4 657161202114999999999999999 112 591337  799999999999999
 92 78 75 83101123143154152137111 80 49 26 15 17 32 57 8411012813613412320 412Z4 723155211513699999999999999 145 741419 1499999999999999
108 95 88 90100115131143146139122 98 71 48 32 25 30 43 63 8510411812412320 413Z4 749146222012599999999999999 219 8815 5 2599999999999999
117108101 99102110120130135133124109 90 71 54 42 38 41 51 66 82 9710811520 414Z4 818135235611799999999999999 258 9916 3 3899999999999999
117115112108107108112117121122120113103 90 76 64 54 49 50 55 65 78 9110320 415Z4 854122999999999999999999999 4 41071726 4999999999999999
112117119117113110107106106108109110108103 95 85 74 64 57 53 55 63 74 8820 416Z4 154119103811099999999999999 7 310619 7 5399999999999999
102114122124121115106 99 94 93 95100105109109104 95 82 69 58 52 53 60 7420 417Z4 254124133010999999999999999 850 932026 5299999999999999
 91108122129129122110 97 86 80 80 86 97108116118113102 86 69 56 49 50 6120 418Z4 329130145011899999999999999 928 792119 4899999999999999
 78 99118132136131118100 82 70 66 71 84100116126128120104 84 65 51 46 5220 419Z4 357136154112899999999999999 957 662158 4699999999999999
 67 89112131141139127106 84 65 54 56 68 88109128137135123102 79 59 47 4720 420Z4 4221421621138999999999999991024 542231 4599999999999999
 58 79105128143146136115 89 64 47 43 51 71 97122139145138120 96 71 54 4720 421Z4 4441461657145999999999999991050 4223 1 4799999999999999
 53 71 96122142150144125 98 68 45 33 37 54 81110135149149136114 88 65 5220 422Z4 5 61501732151999999999999991117 332329 5199999999999999
 52 66 89115138151150135108 77 48 29 25 37 62 93123145154148130105 80 6220 423Z4 52715218 6154999999999999991144 252356 5699999999999999
 56 64 83108132149153143119 88 55 31 19 24 44 74106134151153142121 96 7520 424Z4 5471541840154999999999999991211 19999999999999999999999
 63 65 79101125145154148129100 67 38 20 17 30 55 87117140151148133111 8920 425Z4 6 9154191615299999999999999 023 621240 1699999999999999
 74 70 77 95117138150150137112 81 50 27 16 21 39 67 9712414214713912310320 426Z4 631152195314799999999999999 050 691311 1699999999999999
 86 78 80 91110129143148141122 95 65 39 23 19 29 50 7710412613813913011520 427Z4 655148203514099999999999999 119 771345 1999999999999999
 99 88 85 91104120134142141128107 81 56 36 25 26 38 58 8310612313113112320 428Z4 720143212613299999999999999 151 851425 2499999999999999
111100 94 94101112124133136130117 97 75 54 39 32 34 45 63 8310211712412520 429Z4 751136223412699999999999999 229 931515 3199999999999999
120112105101101106113121126126120109 93 76 59 46 39 40 48 62 80 9711112020 430Z4 832127999999999999999999999 3261011624 3999999999999999
124122117111107104105108112115117114108 97 83 69 55 46 43 48 59 74 9210820 5 1Z4 0 9124 95511799999999999999 5201041754 4399999999999999
121127128124116107100 96 95 99105111115114108 96 80 64 50 43 44 54 71 9120 5 2Z4 138129122311599999999999999 732 951922 4299999999999999
111127135136128116101 88 80 79 85 97110121125122110 91 70 52 41 41 52 7120 5 3Z4 23313714 612599999999999999 837 792031 4099999999999999
 96119137145142128108 87 69 60 62 74 93114131139136122 99 74 52 40 41 5520 5 4Z4 313145151514099999999999999 921 592126 3999999999999999
 79107132149153143122 94 67 47 40 47 66 93121143153148131104 76 53 42 4720 5 5Z4 34815316121539999999999999910 1 402214 4299999999999999
 65 92122146159156138109 75 45 26 23 37 64 98130153163156135106 77 56 4920 5 6Z4 42016017 4163999999999999991040 222256 4999999999999999
 58 80109138158164153127 91 54 24 10 13 33 66104138160167157134105 78 6220 5 7Z4 4511641754167999999999999991119  92337 5999999999999999
 60 73 98127152166163144111 72 35  9  1 10 36 72110142162165153130103 8120 5 8Z4 5211671842166999999999999991159  1999999999999999999999
 70 74 91116142160166155130 94 55 22  3  0 15 43 8011514315815814512410120 5 9Z4 551166193016099999999999999 015 701238 -199999999999999
 85 81 89107130150162160143114 79 44 17  4  7 25 53 8711814015114913611820 510Z4 622163201915299999999999999 052 811319  399999999999999
101 91 91102119137152156148129100 68 39 20 13 19 37 64 9211813514213812720 511Z4 65315621 914299999999999999 129 9014 1 1399999999999999
113102 97100110125138146145135115 90 63 42 28 25 33 50 72 9511512813313020 512Z4 72614722 413399999999999999 2 8 971446 2599999999999999
122112104102105113124132136133122105 85 65 49 40 39 46 60 78 9611212212720 513Z4 8 3136231012799999999999999 2551021537 3899999999999999
125119112107104106111117122124120112100 85 71 59 52 51 56 67 81 9611011920 514Z4 852124999999999999999999999 4 61041640 5099999999999999
124124120113107103101103106110112112108101 91 80 69 62 59 62 71 83 9611020 515Z4 027125102511299999999999999 5581011758 5999999999999999
120126126122114104 97 92 91 94 99105109110106 99 88 77 69 64 65 73 85 9920 516Z4 133127124211099999999999999 742 911918 6499999999999999
114125131130122110 97 86 79 78 83 92103112116114107 95 82 72 66 67 75 8920 517Z4 221131141611699999999999999 838 782022 6599999999999999
106121133136132119102 85 71 65 67 76 91107119125123114 99 84 72 66 69 8020 518Z4 257136151612699999999999999 916 642111 6699999999999999
 97115132141140129111 89 68 55 52 59 75 95115130135130117100 83 71 67 7420 519Z4 32714216 213599999999999999 949 512151 6799999999999999
 89108128142146139121 97 71 50 40 42 57 79105127140143134117 97 80 70 7120 520Z4 3531461642143999999999999991019 392226 6999999999999999
 82101122140150147132107 78 51 34 29 39 61 89117139149147134114 93 78 7220 521Z4 4181511720150999999999999991048 292259 7299999999999999
 78 94115136151153143120 89 58 33 21 24 41 69101129148154147130108 88 7720 522Z4 4431541757154999999999999991118 202330 7699999999999999
 77 88108130148156151132103 70 40 19 14 25 49 81113139153154143123102 8620 523Z4 5 81561833156999999999999991149 14999999999999999999999
 80 85101121142154155143118 85 52 26 12 14 31 59 92123145154150136116 9720 524Z4 535157191115499999999999999 0 1 801222 1199999999999999
 86 85 95113133149156150131102 69 39 18 11 19 41 7010212914615114412811020 525Z4 6 3156195115199999999999999 033 841257 1199999999999999
 95 89 92105122140151151140117 88 57 31 16 15 27 51 8010913214414513612120 526Z4 634152203514699999999999999 1 8 881336 1499999999999999
106 96 93 99112128141147143129106 78 51 30 20 22 37 59 8611213114013913020 527Z4 7 8147212514199999999999999 146 931419 2099999999999999
118106 98 98104115128137140134119 98 74 52 35 28 31 45 66 9011212813613520 528Z4 750140222313699999999999999 234 971510 2899999999999999
128117107101100104113122129131126114 97 77 58 44 37 40 52 70 9211112613420 529Z4 847131233013599999999999999 339 991612 3799999999999999
134128118108100 97 99104112119123121114101 85 68 54 47 48 57 73 9311212720 530Z41015123999999999999999999999 510 971724 4699999999999999
135136130119106 95 88 87 91 99109117121119110 96 80 65 55 54 61 76 9611520 531Z4 035137121112199999999999999 644 871840 5399999999999999
131140140132118100 84 74 70 75 86101115125128122109 92 75 63 60 66 8110120 6 1Z4 131141134912899999999999999 755 701950 5999999999999999
122139147145132112 89 69 55 52 59 75 97118133139135121102 82 69 65 72 8920 6 2Z4 21714715 513999999999999999 849 522051 6599999999999999
111132148154147129102 74 50 36 34 46 69 97123142150145130109 88 74 71 8020 6 3Z4 25815416 715099999999999999 935 332145 7199999999999999
 99122144157158146121 89 56 31 19 21 39 67100130151158152135112 91 79 7820 6 4Z4 33516017 2158999999999999991019 182233 7799999999999999
 90111135154164159140110 73 40 16  7 14 37 70106137157163154135112 93 8420 6 5Z4 41216417531639999999999999911 2  72317 8399999999999999
 86101123146162166156131 96 58 26  6  2 15 42 77113142160162151132110 9420 6 6Z4 4481671840163999999999999991144  12358 8899999999999999
 88 95112134154165164148119 83 46 18  2  4 21 51 8612014515815814512610720 6 7Z4 5241661926160999999999999991225  1999999999999999999999
 95 93103121141157164157137106 71 38 15  6 12 32 62 9512514615415013611920 6 8Z4 6 016420 915499999999999999 037 9213 6  699999999999999
103 96 98109127144156157146124 95 63 36 19 15 25 46 7410412814314814112820 6 9Z4 637158205214899999999999999 117 951347 1599999999999999
112101 97101113129143150147134112 86 59 38 27 28 39 60 8611012914014113320 610Z4 716150213414199999999999999 158 971428 2699999999999999
120108 99 98103114127137140136123103 81 60 45 38 42 54 73 9511512913613520 611Z4 758140221913699999999999999 243 971510 3899999999999999
127115105 98 97102111121128130125114 98 80 65 54 51 55 67 8410211812913320 612Z4 84813023 813399999999999999 340 971556 5199999999999999
131123113103 97 95 98104112118120117109 97 84 73 65 62 67 77 9110712012920 613Z4 957120999999999999999999999 453 951650 6299999999999999
132129122111101 92 88 89 94102108113113109101 91 82 75 72 76 85 9711112320 614Z4 0 1132113711499999999999999 617 881754 7299999999999999
131134130121108 95 85 79 79 84 93102110115114109100 90 83 80 82 9010211520 615Z4 055134132311599999999999999 731 7819 5 8099999999999999
127135136131119103 86 73 66 67 74 87101113121122117108 97 88 84 86 9410720 616Z4 143137144312299999999999999 826 662011 8499999999999999
121133140139130113 93 73 59 53 56 68 85104120130131125114101 91 87 90 9920 617Z4 224141154113299999999999999 9 9 5321 6 8799999999999999
114129141145140126104 79 58 44 41 49 66 89112130140139130116102 91 88 9320 618Z4 3 0145162714199999999999999 946 402152 8899999999999999
106123138148149138117 90 63 41 30 32 46 70 97123141148144132115100 90 9020 619Z4 33315017 9148999999999999991021 292232 8999999999999999
 99115133148154149132105 74 45 26 19 27 48 77108134150154146130111 97 9020 620Z4 4 51541748154999999999999991056 1923 9 9099999999999999
 93106125143155157146122 91 58 30 14 14 28 55 87119143156155143125106 9420 621Z4 4381581827157999999999999991132 122346 9099999999999999
 91 99115134151160156139110 76 43 18  8 13 33 64 9812815015815313811810120 622Z4 51216019 6158999999999999991210  7999999999999999999999
 92 93105123142157160151129 98 63 32 12  7 18 42 7410813615315614813111220 623Z4 549161194615799999999999999 023 911249  799999999999999
 97 92 97111129147158157144119 87 53 27 11 11 26 52 8511614015315214112420 624Z4 628159202815499999999999999 1 2 921330  999999999999999
106 95 92100114132147154151135110 79 49 27 17 20 37 64 9412214215014713420 625Z4 711155211115199999999999999 145 921414 1699999999999999
117102 93 92100115130143148143127103 76 51 33 27 33 50 7610312714214714220 626Z4 8 0148215614799999999999999 233 9215 1 2799999999999999
129113 99 91 90 98110124135139135121101 79 58 44 40 47 63 8611013014214520 627Z4 9 0139224414599999999999999 332 901553 4099999999999999
138124109 95 87 85 91101114125130129119104 86 69 58 54 61 76 9611613314320 628Z41018130233414499999999999999 442 851650 5499999999999999
143136122105 90 79 76 79 89101114123126122111 97 83 72 69 74 8610412213620 629Z41155126999999999999999999999 6 0 761755 6999999999999999
144144135120101 83 69 63 65 74 89105119127128121110 97 86 81 84 9511012720 630Z4 027145133812899999999999999 715 6319 7 8199999999999999
140147146135117 95 73 56 48 50 61 79 99118132136133122108 96 90 9210111620 7 1Z4 12014815 313699999999999999 820 482019 9099999999999999
132146152149135113 87 61 42 33 36 50 72 98122139146143131116103 95 9610620 7 2Z4 211152161014699999999999999 916 332123 9499999999999999
121138152157151134107 77 49 28 20 26 44 71101128147154150136119104 97 9920 7 3Z4 3 015717 51549999999999999910 6 202218 9699999999999999
110127145158161152130 99 66 36 17 12 21 44 75108136154159152136117102 9620 7 4Z4 3451621752159999999999999991051 1123 5 9699999999999999
100114134152163163149123 89 55 26 10  8 23 50 84118144159160149130111 9820 7 5Z4 4291651834161999999999999991134  72347 9599999999999999
 95103120140157166161143114 79 45 19  8 12 31 61 9512715016015614212210420 7 6Z4 5101661913160999999999999991215  7999999999999999999999
 94 95106125146160165156134103 68 37 17 11 21 44 7510813615315714913111220 7 7Z4 550165194815799999999999999 025 931253 1199999999999999
 97 91 96110130149160160147122 91 59 34 20 20 35 60 9012014215315113912020 7 8Z4 629161202215399999999999999 1 2 911329 1899999999999999
103 91 90 98114133148155151135110 81 55 36 28 34 52 7710512914514914312820 7 9Z4 7 8155205314999999999999999 140 8914 3 2899999999999999
111 96 88 90100116132144147140123100 75 54 42 41 50 69 9311713514514413420 710Z4 749148212514699999999999999 219 881437 4099999999999999
119103 91 86 90101115128137137129113 94 74 59 52 55 67 8610712613814313820 711Z4 833138215914399999999999999 3 3 861512 5299999999999999
127112 98 88 85 89 98111121128127120107 92 78 68 66 71 83 9911613013913920 712Z4 927128223614099999999999999 356 851550 6599999999999999
133121107 94 85 82 85 93103113119119115106 96 86 80 79 84 9510912213213820 713Z41039120232113899999999999999 5 1 821637 7899999999999999
137130118104 91 81 77 78 85 94104112116115110103 96 91 90 9510311412513320 714Z41221116999999999999999999999 615 771739 9099999999999999
137136128116101 86 74 68 69 75 86 98109117120118113106101 9810110711612620 715Z4 01513714 712099999999999999 726 6819 1 9899999999999999
135139137128114 96 78 64 57 57 66 79 9611112312912812211410610210310911820 716Z4 113139152312999999999999999 825 56202210299999999999999
129138142139128110 88 67 51 44 46 58 77 9811813213913712911810810210311020 717Z4 2 6142161613999999999999999 914 44212510299999999999999
121134144147142126103 77 53 37 31 38 55 7910512814314814313211710510010220 718Z4 254147165914899999999999999 958 312214 9999999999999999
112126141152153143122 94 64 38 22 20 32 56 85115139153155146130113100 9620 719Z4 3371541738155999999999999991038 202256 9699999999999999
102116134150159157141115 82 49 24 11 14 32 61 95127150160157143124106 9420 720Z4 4191601816160999999999999991119 102334 9399999999999999
 94104122142158165158137106 70 36 13  5 14 37 71107138158163155137115 9820 721Z4 5 11651853163999999999999991159  5999999999999999999999
 89 92107128149164168156131 96 59 27  7  5 19 48 8411914716216214912710520 722Z4 543168192916499999999999999 013 891239  499999999999999
 90 85 92110133154167166151123 87 51 23  9 12 31 62 9813115416315714011720 723Z4 62816820 516399999999999999 053 851320  899999999999999
 96 83 82 93113135155164160143114 80 48 26 18 26 48 7911314015716014912920 724Z4 714164204116099999999999999 134 8114 0 1899999999999999
106 87 78 80 92112133150157152134108 78 52 36 33 44 67 9612514715715414020 725Z4 8 5157211615799999999999999 220 771442 3299999999999999
119 97 81 74 77 90108127141147142127105 81 62 51 52 65 8611113414915414720 726Z4 9 2147215315499999999999999 311 731525 5099999999999999
131110 91 76 70 73 84100117130135133122106 89 76 69 72 8410212213914914920 727Z41011135223315099999999999999 410 701612 6999999999999999
141125105 87 73 66 67 76 89104117125127122112101 92 88 90 9911312814014720 728Z41144127232214799999999999999 521 6517 9 8899999999999999
146137122103 85 69 60 59 65 76 9110611912612612211510710210310911813014020 729Z41340127999999999999999999999 641 58182710299999999999999
145145137122103 83 65 53 48 52 64 8110011712913513312711811110911111912920 730Z4 025146151613599999999999999 8 0 4820 210999999999999999
139146147139124103 80 58 43 37 41 55 76 9912113714414313512411410810911720 731Z4 136147162014599999999999999 9 6 37212110899999999999999
128141150151143126101 74 50 33 27 33 51 7610412914615314913712210910310520 8 1Z4 24115217 615399999999999999 959 27221710399999999999999
115130145156156146125 97 66 40 23 20 30 53 83114140155158149133115101 9620 8 2Z4 3351571744158999999999999991045 1923 0 9699999999999999
102116134152162160146120 88 56 30 17 18 34 62 95127150161158144124104 9220 8 3Z4 4231631817161999999999999991125 162336 9099999999999999
 91101120141159166160141111 77 46 23 15 23 45 77111139157162152133111 9320 8 4Z4 5 516618471629999999999999912 1 15999999999999999999999
 85 89104126148163166155132100 66 38 21 20 35 62 95126150160157142119 9720 8 5Z4 543167191516199999999999999 010 851233 1999999999999999
 83 81 90110133154165162146120 87 56 34 25 32 52 8111314015615814812810520 8 6Z4 620165194115999999999999999 042 8013 4 2599999999999999
 86 77 80 95116139155161154134106 76 51 37 36 49 7310212914915715213611420 8 7Z4 65716120 615799999999999999 114 771333 3599999999999999
 92 78 74 82 99121141153153142121 95 70 52 46 52 69 9411914115315314212320 8 8Z4 734155203115499999999999999 148 7414 1 4699999999999999
101 83 74 75 85103123138146143130110 89 70 60 60 70 8911113214615114513120 8 9Z4 814146205615199999999999999 225 731429 5899999999999999
111 92 78 73 76 88104120132136132120104 88 76 72 76 8810612413914714613620 810Z4 859136212314799999999999999 3 7 721459 7299999999999999
121103 87 76 73 77 87101114124127123114103 93 86 86 9210311713114014313920 811Z4 957127215614399999999999999 357 731534 8599999999999999
129115 99 85 75 72 75 83 95106115119118114108102 99 9910411312313213713820 812Z41124119224013899999999999999 5 1 721621 9899999999999999
134125112 97 84 73 68 70 76 86 9710811511912011711311010911211612312913420 813Z41333120235013599999999999999 619 68174710999999999999999
135132124112 97 82 69 61 60 66 77 9010511712612912812311811411311512012720 814Z41512129999999999999999999999 739 60195111399999999999999
133137135128114 96 77 60 50 48 55 69 8710712413614013713012111310911111720 815Z4 11613716 514099999999999999 844 48211310999999999999999
127136142142132115 92 68 48 36 35 45 64 8911513514815014313111710710210620 816Z4 225143164515099999999999999 936 3422 410299999999999999
116130144152150137114 85 56 34 22 24 40 66 97126148158156144126109 97 9520 817Z4 3201521720159999999999999991021 212244 9499999999999999
102118138154162157139110 76 43 20 11 19 41 74109140160165157139116 97 8620 818Z4 4 816217531669999999999999911 3 112321 8599999999999999
 88102124147165171162138103 65 32 11  7 21 50 87124153168167152128102 8320 819Z4 4541711826170999999999999991143  62358 7699999999999999
 76 84104130156173175161133 95 56 25  8 11 32 65104140164172163141113 8720 820Z4 5401761858172999999999999991222  7999999999999999999999
 71 69 83107136161176174157125 87 50 24 15 24 50 85122153169169153126 9720 821Z4 626177192917199999999999999 036 6813 0 1599999999999999
 73 62 65 83110139162173168148117 82 51 33 30 45 7210613816116916113911120 822Z4 713173195916999999999999999 116 611338 2999999999999999
 83 63 56 64 84110137156164157138110 81 59 48 52 69 9612514916316314912520 823Z4 8 3164202916599999999999999 158 561415 4799999999999999
 97 73 58 55 64 83107130146151145129107 87 72 68 75 9211513815416015413720 824Z4 858151205916099999999999999 244 541452 6899999999999999
114 89 69 57 56 65 81101119132137134123110 97 89 89 9711112814315215314420 825Z410 5137213315499999999999999 338 551532 8899999999999999
128107 87 70 60 57 63 76 9110611912612712311611010610611212213314214614520 826Z41143127221714799999999999999 445 57162310599999999999999
137124107 89 74 63 58 60 68 80 9410811912612812612311911711912313013613920 827Z414 2128233414099999999999999 613 5718 211799999999999999
140135125111 94 78 64 55 53 58 69 8510211813013613713212612011711812212920 828Z41532137999999999999999999999 747 53201811799999999999999
135139138131117 99 79 61 49 44 49 62 8210412413914614413612511510910911520 829Z4 120140161814699999999999999 859 44213210899999999999999
125136144145138122100 76 55 40 36 43 61 86112135149153147134118104 9810020 830Z4 240146165115399999999999999 952 362215 9899999999999999
110126141152153143123 96 69 46 32 31 44 68 97125147158156143124105 91 8820 831Z4 3371541720159999999999999991033 302249 8899999999999999
 95112132150160158143118 88 58 36 27 33 52 81113140158162152133109 90 7920 9 1Z4 42116117471629999999999999911 8 272320 7999999999999999
 82 96118141159166159138109 76 48 31 28 41 67 99130153163159142117 93 7620 9 2Z4 5 01661811164999999999999991139 272349 7199999999999999
 71 81101127151166167154128 96 65 41 31 37 57 87119146162163150126 99 7720 9 3Z4 53516818341649999999999999912 8 31999999999999999999999
 66 69 85110137158168163144115 84 56 40 39 53 78109138157164156135108 8220 9 4Z4 610168185616499999999999999 017 651234 3899999999999999
 65 61 71 93120145161165154131102 74 54 47 54 73101129151162159143118 9120 9 5Z4 644165191716399999999999999 046 6113 0 4799999999999999
 69 59 62 77101127148159157142118 92 70 58 59 73 9512114415815914812710120 9 6Z4 719160193716099999999999999 116 581325 5799999999999999
 77 61 57 66 85108131147152146129108 87 73 69 76 9311513615215715113511220 9 7Z4 756152195815799999999999999 148 571351 6999999999999999
 88 69 59 60 72 91112130141142134119102 88 81 83 9411012914415215013912120 9 8Z4 837143202115299999999999999 223 581417 8199999999999999
100 80 66 61 65 77 93111125132132125114103 95 93 9810912213514414614012820 9 9Z4 928133204614699999999999999 3 4 611446 9399999999999999
111 93 78 68 64 68 78 9210511612312412111510910610611111912813513913813220 910Z41043124211813999999999999999 358 64152410599999999999999
121107 93 80 70 66 68 74 85 9710711612112212111911711611812112613013213120 911Z413 1122221913299999999999999 514 66164611699999999999999
127120109 96 83 71 64 62 66 75 8710111312313013113012612111811811912312720 912Z41457131999999999999999999999 650 62194811899999999999999
130130125116102 85 69 57 51 54 64 80 9911713214114213812912011210911011720 913Z4 032130154414399999999999999 812 5121 910999999999999999
126134138135124106 84 62 46 38 42 56 78103127145153151141125110100 9710220 914Z4 2 8138161815399999999999999 911 382151 9799999999999999
115131144151147132108 79 52 33 26 33 54 83114141158162154136114 96 85 8620 915Z4 310151164916299999999999999 959 262227 8499999999999999
 98118140157164157137106 71 41 22 18 32 60 95129156169166150124 98 78 7020 916Z4 4 11641719170999999999999991041 1823 2 7099999999999999
 77 97124151170175163137101 63 32 17 20 40 74112147169174163138106 78 6020 917Z4 4491751749175999999999999991121 162337 5799999999999999
 58 72 99132161179180164133 94 57 30 21 31 57 94132162176173152120 86 5920 918Z4 5351821818177999999999999991159 21999999999999999999999
 46 51 72103138166181179159126 89 56 36 34 50 80117150171176163136101 6720 919Z4 622183184617799999999999999 014 451236 3399999999999999
 44 38 49 74107141166177171150119 86 61 49 55 75105137162174169149118 8320 920Z4 7 9177191417499999999999999 053 381312 4999999999999999
 54 37 36 51 77109139159167159140114 89 72 69 78 9912615016616915713310220 921Z4 759167194117099999999999999 133 351346 6899999999999999
 72 48 37 40 56 80108132148153146131112 96 88 8910111913915516215814311920 922Z4 85415320 916399999999999999 217 371421 8799999999999999
 92 68 50 43 47 61 8110312113413813512611510710410711713014315215314613120 923Z410 3138203915499999999999999 3 8 43145810499999999999999
111 90 71 58 52 54 64 78 9410912112712912612211811711912513213914214113520 924Z41148129211814399999999999999 413 52155211799999999999999
124110 94 79 68 60 59 63 73 85 9911212212913113012812512312412612813113220 925Z41412131225213299999999999999 544 59182112399999999999999
130124115103 89 76 65 59 59 66 78 9310912413413913813312511911411411612220 926Z41518139999999999999999999999 728 58204111399999999999999
127131130124112 96 79 65 55 53 60 74 9411413214314614113111810710110110720 927Z4 122131155214699999999999999 843 53212910099999999999999
118129137139133118 98 77 60 49 48 59 78101125143152150139122105 92 87 9120 928Z4 243139162015299999999999999 933 4722 2 8799999999999999
104121137147148138119 95 71 52 44 48 63 88115139154157148130107 88 76 7620 929Z4 3351491644158999999999999991011 432230 7599999999999999
 88107129148157154139114 87 62 46 43 53 75104132153161156139114 89 71 6520 930Z4 41615717 7162999999999999991044 422258 6599999999999999
 72 91116141158163154133105 76 54 44 48 66 93123148162162148123 94 70 572010 1Z4 4521631729164999999999999991112 432324 5699999999999999
 59 74100128152165164149124 94 67 51 48 61 85114142161165155133103 74 552010 2Z4 5261671750166999999999999991139 472351 4999999999999999
 49 59 82111140161168160140112 83 62 54 60 79106135156166161142113 82 572010 3Z4 55916818 91669999999999999912 4 54999999999999999999999
 45 48 65 93123149164165152128101 77 64 64 77100127150164163149123 93 642010 4Z4 633166182916599999999999999 018 441229 6299999999999999
 46 42 52 75104133153162157140116 93 76 71 78 96120143159163154133104 752010 5Z4 7 7162184916399999999999999 047 411254 7199999999999999
 52 41 45 61 86113137152155146128108 90 81 83 95114135152159155139115 882010 6Z4 74315519 915999999999999999 116 411320 8099999999999999
 63 47 44 52 70 94118137146145135119104 93 91 971111281431531531431241002010 7Z4 823147193015499999999999999 149 431346 9099999999999999
 77 58 49 50 60 78 991181321381351271151051001021101221341441471421301122010 8Z4 911138195414799999999999999 226 48141610099999999999999
 92 73 60 54 56 66 81 981131241291281231171121101131191271341381381311202010 9Z41020129202313999999999999999 313 54145511099999999999999
106 90 76 65 60 61 67 79 92105116123126126123121119119121124127129128124201010Z41222126211512999999999999999 423 59163011999999999999999
117107 95 83 71 63 60 63 71 83 97111123130134133129124119116115117120123201011Z41415134999999999999999999999 6 2 60194611599999999999999
124122116105 91 76 63 55 54 61 75 93112129140144141132121111103101105113201012Z4 0 212415 414499999999999999 734 54205010199999999999999
123131134129116 98 77 58 46 44 53 72 95120140152153145129111 95 86 87 96201013Z4 154134153715499999999999999 840 442128 8599999999999999
112129143149143126101 74 51 37 37 51 75105134154163158141117 93 75 67 73201014Z4 3 014916 816399999999999999 931 3622 3 6799999999999999
 91115140158163154132101 70 44 32 37 56 87121150167169156130 99 71 53 51201015Z4 3531631637171999999999999991015 322238 5099999999999999
 64 91123152171174161134 99 66 42 34 45 70105139165176169146112 76 48 34201016Z4 44317517 6176999999999999991055 342315 3499999999999999
 39 61 94131161179179162131 96 64 46 44 61 91126157176177160129 90 54 29201017Z4 5311811735179999999999999991134 432352 2299999999999999
 22 34 62 99137166181177157127 94 68 56 61 82113145169179171146110 70 37201018Z4 61818218 3179999999999999991211 56999999999999999999999
 18 18 36 67105140165176169149121 94 76 71 82105133158174174158129 92 55201019Z4 7 7176183217699999999999999 031 161247 7199999999999999
 28 16 22 42 73108138159165158140118 98 87 89102123146164170163143112 79201020Z4 75816519 017099999999999999 112 161322 8799999999999999
 49 29 23 31 51 79108132148152146132117105100105118135151160160149128101201021Z4 853152192916199999999999999 155 22135910099999999999999
 73 50 37 34 42 59 82105124136140136128119113112117126137146150146135117201022Z410 014020 015099999999999999 244 33144011199999999999999
 96 75 59 49 47 53 65 82100115126131132128123120119121126131136136133125201023Z41132132204213799999999999999 344 47154911999999999999999
112 98 83 70 62 58 60 68 80 94108120128132132128124120118118120122123123201024Z41324132222712499999999999999 5 7 58183011899999999999999
120114105 94 82 71 65 63 68 77 91106120131136136131123115108105105109115201025Z41429137999999999999999999999 646 63202210499999999999999
120123121114103 90 76 67 63 66 76 92110126138143140130117103 94 90 92101201026Z4 11012315 614399999999999999 8 4 6321 5 9099999999999999
112123130130123110 93 76 65 60 65 79 98119137147148139123104 87 77 76 84201027Z4 232131153414999999999999999 858 602137 7599999999999999
 99117132140139129111 91 73 61 60 69 87110132148154148131109 86 69 63 67201028Z4 32514116 015499999999999999 938 5922 5 6299999999999999
 83104126143149145130108 85 68 59 63 78101126146157156141118 90 67 53 53201029Z4 4 61491623158999999999999991012 592233 5199999999999999
 65 88114138153156146126101 79 64 62 72 92118142158161150128 98 69 49 41201030Z4 4421561644162999999999999991042 612259 4199999999999999
 49 70 98127150161158142119 94 74 65 70 86110136155164158138109 76 50 35201031Z4 51716117 6164999999999999991110 652326 3399999999999999
 36 52 79111140158164155135110 87 73 71 82103128151163162147120 87 56 352011 1Z4 5511641726165999999999999991137 702354 2899999999999999
 28 38 61 92124149162161147125101 83 76 82 98121144160164154131100 67 402011 2Z4 62516317481649999999999999912 4 76999999999999999999999
 27 28 45 73105134154161154137115 96 84 84 95114136154162158140112 80 512011 3Z4 7 0161181016299999999999999 023 251231 8299999999999999
 31 26 35 56 85115139153154144127108 94 89 95109128145157157146123 95 662011 4Z4 736155183315899999999999999 053 261259 8999999999999999
 42 30 31 44 67 95121139148146135119105 97 97106120136148153147131108 822011 5Z4 817148185815399999999999999 126 291329 9699999999999999
 57 40 34 39 54 76100121135141137128116107103106115126138144144135119 972011 6Z4 9 4141192614599999999999999 2 4 3414 410399999999999999
 75 56 44 41 47 61 811011181301341321251181121101121191261331361331251112011 7Z410 813420 313699999999999999 250 41145611099999999999999
 94 76 61 52 49 53 65 80 981131241301311281221171141141161201231251241192011 8Z4113713121 912599999999999999 353 49163911399999999999999
110 97 83 70 59 54 55 64 77 931091231321351331281201131081061071111161192011 9Z413 7135234012099999999999999 518 5419 310699999999999999
120116107 94 80 66 57 54 60 73 91110127138143140131118104 94 90 92 99109201110Z414 5143999999999999999999999 647 542013 9099999999999999
120127128121107 88 70 57 52 57 72 93116136148151144128108 89 75 70 76 89201111Z4 135129144615199999999999999 759 522058 7099999999999999
108126139142135118 95 72 56 50 57 76101127148159157142118 91 67 52 51 62201112Z4 248143152016099999999999999 857 502137 5099999999999999
 85111136153156146125 98 73 56 53 63 86114142161167157134102 69 43 31 35201113Z4 346157155216799999999999999 945 522216 3099999999999999
 54 84118147164167154129100 74 59 60 75101131157171169151120 82 46 22 14201114Z4 4391681624173999999999999991029 572255 1499999999999999
 25 52 88125155172172156129100 77 66 71 90119147169176166139102 61 27  7201115Z4 5291741655176999999999999991111 662335  499999999999999
  6 23 54 94131160174170153126100 81 76 86108135160174174156124 84 45 15201116Z4 6181741727176999999999999991150 76999999999999999999999
  1  5 27 61100135160170164146122101 88 88101123147166173165142108 69 34201117Z4 7 8170175917399999999999999 015  01229 8699999999999999
 11  3 12 36 69105135155162155138118102 96100114134153165165152127 94 60201118Z4 757162183216799999999999999 057  313 7 9599999999999999
 32 15 12 24 47 77108133148151144131116105103109122138151157153138114 86201119Z4 84915219 715799999999999999 141 12134810299999999999999
 58 37 25 26 38 59 84109128139142136125115108108113124135143145139125105201120Z4 944142194514599999999999999 227 24143610799999999999999
 82 62 46 39 41 51 68 89108123133135131123116111110113119126131131126115201121Z41048135203413299999999999999 318 39154410999999999999999
101 85 69 58 53 54 62 75 91107120129132129123116110107107109114117119117201122Z412 113222 011999999999999999 419 52173210699999999999999
111102 91 79 70 64 64 69 80 93108120129133131124115106 99 96 96100105110201123Z413 8133999999999999999999999 534 631921 9699999999999999
113113108 99 89 79 72 70 73 83 96111124133136133123111 97 87 82 82 89 98201124Z4 020114135813699999999999999 653 702023 8199999999999999
108116119116108 97 85 76 73 76 86101117131140141133119101 84 72 67 71 82201125Z4 2 2119143614199999999999999 8 0 7321 3 6799999999999999
 97112123128125115101 87 77 74 79 92109127140146142129108 86 67 55 54 63201126Z4 3 612815 714699999999999999 853 742136 5399999999999999
 81101120133137131118102 86 77 76 85101120138149150139119 93 67 49 41 46201127Z4 354137153515199999999999999 935 7522 7 4199999999999999
 62 86111132144144135118 99 84 77 81 93113133149155148130103 73 48 33 31201128Z4 43414616 1155999999999999991011 772236 3099999999999999
 44 67 96123143152148134114 95 82 80 88105126145157156141116 84 53 30 21201129Z4 5111521626158999999999999991044 7923 5 2199999999999999
 28 48 77108135152156147129108 91 82 85 98119139155159150128 97 64 35 18201130Z4 5461561651160999999999999991115 822336 1599999999999999
 16 30 57 89121145157155141122102 88 85 94111131150160157140112 78 45 222012 1Z4 6211571717160999999999999991146 85999999999999999999999
 12 18 38 69102131150156150133114 97 88 91103122142155158148126 94 61 322012 2Z4 657156174415999999999999999 0 7 121216 8899999999999999
 15 12 25 49 81112137151152142125107 95 91 98113131147156152136110 79 482012 3Z4 734153181415699999999999999 040 111249 9199999999999999
 25 14 18 35 61 92119139148145134118103 95 96105120136148150142123 97 682012 4Z4 814149184615199999999999999 116 141324 9499999999999999
 42 24 19 27 45 71 99123138143139127113102 98101110123135143142131112 882012 5Z4 859143192314399999999999999 155 1914 7 9899999999999999
 63 42 29 27 36 55 791031231361391341231121031001031101201291341311221052012 6Z4 951139201113499999999999999 240 2715 310099999999999999
 85 64 47 38 37 46 63 84105123134136132123112104 991001051121191231231162012 7Z41051136212412499999999999999 334 361625 9999999999999999
104 88 72 57 48 47 54 68 87107123134137133124112102 94 91 93 991061131172012 8Z41155137231711899999999999999 440 4618 5 9199999999999999
116109 97 83 69 59 55 60 73 90109126137140136124110 94 82 76 76 83 941062012 9Z41255140999999999999999999999 555 551926 7599999999999999
116121119110 96 81 68 63 66 77 94114132143145138123102 82 65 56 57 67 84201210Z4 112121134514699999999999999 711 632024 5599999999999999
103120131132124109 91 76 69 71 82101122140151151139117 90 64 45 36 39 55201211Z4 238132142915299999999999999 818 682112 3599999999999999
 78104127142145136119 99 82 74 76 89110132150159154136108 75 45 24 17 25201212Z4 34514515 915999999999999999 917 732157 1799999999999999
 47 77109136152155144125103 86 78 83 98121144160164153129 95 58 26  7  3201213Z4 44115515481649999999999999910 8 782241  399999999999999
 17 45 80116144160161148127105 88 83 90109132154167165149118 80 42 11 -5201214Z4 5331621626168999999999999991055 832324 -699999999999999
 -3 16 48 87123150163161146124103 89 88 98119142161169162140106 66 29  2201215Z4 62116417 4169999999999999991138 87999999999999999999999
 -8 -1 22 56 95129153162157140119100 90 93106127149164166154129 93 55 22201216Z4 7 7162174216799999999999999 0 6 -91219 9099999999999999
  0 -5  7 33 67103133152157149132112 97 92 97113133151161159143116 82 47201217Z4 751157182116299999999999999 048 -51259 9299999999999999
 20  5  5 20 47 79111136149149139122106 95 93101116134148153147130103 73201218Z4 83215119 015399999999999999 129  31340 9399999999999999
 45 24 15 20 37 62 91117135143141129114101 93 94103116131140142134117 94201219Z4 913144194114399999999999999 2 9 151424 9399999999999999
 69 47 33 29 37 54 77101121134138133122108 98 92 94101112123129129121107201220Z4 954138202813099999999999999 249 291517 9299999999999999
 88 69 53 45 45 53 69 88108123132133127116105 96 91 91 96104112117117111201221Z41038133212811899999999999999 330 441624 9099999999999999
101 87 74 63 58 60 68 81 97112124130130124114103 93 86 85 88 94101106108201222Z4112813123 210899999999999999 417 581750 8599999999999999
106100 91 82 75 71 72 79 90103115125130129123112100 87 79 75 76 82 90 98201223Z41222130999999999999999999999 515 711913 7599999999999999
104107105100 92 85 81 81 86 95107118127132130123109 94 79 67 62 64 71 83201224Z4 1 6107131613299999999999999 630 812015 6299999999999999
 95106112113109102 94 88 86 90 99110122132135132121104 84 66 53 48 53 64201225Z4 24111414 313599999999999999 748 8621 1 4899999999999999
 81 98113122123118109 99 91 89 92102115128137139132116 94 70 50 38 36 45201226Z4 343124144414099999999999999 853 892140 3599999999999999
 62 85107124133132124112 99 91 89 95107122136143141129107 80 54 33 24 27201227Z4 428134152014499999999999999 944 892215 2499999999999999
 42 66 93118135142138126111 97 89 90 99114131144148141122 94 63 36 18 14201228Z4 5 71421553148999999999999991025 882249 1399999999999999
 24 45 75105130145147139123106 92 87 92105123140151150136111 78 46 20  7201229Z4 54314816261529999999999999911 1 872322  699999999999999
  9 25 53 86117140151148135117 99 88 87 97114133148154147127 97 62 30  8201230Z4 6181511659154999999999999991135 86999999999999999999999
  0  9 32 64 99128147152145128109 93 86 90103123142154154141116 82 47 18201231Z4 653152173315699999999999999 0 0  012 9 8699999999999999
