 88 61 38 26 25 38 60 88114134144142130113 96 82 76 79 9010511912912912020 1 1Z61019144213513099999999999999 331 2416 9 7699999999999999
103 82 61 45 37 41 55 75 98119133138134123108 93 81 76 78 87 9911011711820 1 2Z611 3138223311999999999999999 410 371711 7699999999999999
111 98 81 66 55 51 56 69 86105121132135130119105 90 78 72 72 79 89 9910720 1 3Z61153135235811099999999999999 456 511826 7199999999999999
110107 98 87 75 67 64 68 79 93108122131133128117102 85 71 63 61 67 77 9020 1 4Z61249133999999999999999999999 555 641942 6199999999999999
101108109105 97 87 78 74 76 84 96110123132134129116 97 78 60 50 48 54 6820 1 5Z6 143110134713599999999999999 712 742044 4799999999999999
 85101113118116108 97 86 80 80 86 98113127137138130113 89 65 45 33 33 4320 1 6Z6 312118144013899999999999999 833 792133 3199999999999999
 62 85107123130128117103 89 81 79 87101118134143142130107 78 49 26 16 1920 1 7Z6 414130152514499999999999999 938 792216 1599999999999999
 35 61 91118137143138123105 88 78 78 88106127144152146127 97 62 29  7 -120 1 8Z6 5 214316 7152999999999999991030 772257 -199999999999999
  9 33 67103133151154144124101 83 74 77 92114137155159148121 84 44 10-1020 1 9Z6 5441551648159999999999999991115 732337-1499999999999999
-13  4 36 77116147163161145120 94 76 70 78 98124149164164146112 69 26 -720 110Z6 6241641729166999999999999991156 70999999999999999999999
-23-19  5 44 89131159170162140112 86 70 68 81106135159171165141101 55 1220 111Z6 7 4170181217199999999999999 018-241237 6799999999999999
-18-29-18 13 57103143167172158131101 77 65 68 85113143165173162132 89 4220 112Z6 744172185517399999999999999 1 0-291319 6499999999999999
  2-23-28-10 25 71117152170168149121 91 70 61 69 90119147166169154122 7920 113Z6 824172194117099999999999999 143-2914 2 6199999999999999
 35  0-19-18  4 42 86128157168160138109 82 64 60 70 9212014516116014311120 114Z6 9 5168203016399999999999999 226-211448 5999999999999999
 72 33  5 -8 -1 23 60100135157162150127 99 75 60 58 70 9111613815014813220 115Z6 946162212315199999999999999 310 -81538 5799999999999999
103 70 39 17 10 20 44 77111139154154140117 92 70 57 56 66 8510712613613520 116Z61029156222513799999999999999 355 101636 5599999999999999
122100 74 50 35 31 42 64 91118139149145131110 86 66 54 52 59 75 9411112220 117Z61115149234312499999999999999 444 311743 5199999999999999
124117102 83 66 55 53 62 79100121137143139126106 83 63 49 44 49 61 78 9620 118Z612 7143999999999999999999999 540 5219 1 4499999999999999
110118117109 96 83 73 71 76 88105121134140136124104 81 59 42 34 36 47 6520 119Z6 12411813 714099999999999999 651 702019 3399999999999999
 85104117123120111 98 87 82 83 92105121133140137124104 78 53 32 22 22 3420 120Z6 3 8123141314099999999999999 819 812127 2099999999999999
 55 80105123133132123109 95 86 84 91105121135143140126102 73 43 20  9 1020 121Z6 425134151514399999999999999 940 842223  899999999999999
 25 51 82111133144142130112 95 83 81 89105124141149144126 98 64 31  8 -320 122Z6 52014516 9149999999999999991042 812310 -399999999999999
  3 24 55 91123145153147130108 88 77 77 89109131148154146123 89 51 18 -420 123Z6 6 31531656154999999999999991129 762350-1099999999999999
-10  2 29 66105137155158145123 98 79 70 76 93117141156158143114 76 37  620 124Z6 63915917371599999999999999912 7 70999999999999999999999
-11-10  9 42 83121149161156136110 85 69 66 78100127150161157136101 61 2320 125Z6 711161181516299999999999999 027-131242 6599999999999999
 -3-13 -4 23 61102136157160147122 95 72 62 66 84110137156162150123 85 4520 126Z6 741161185016299999999999999 1 1-131314 6199999999999999
 12 -7 -7 10 43 82120147159153133106 79 62 59 70 92120144158157138106 6820 127Z6 8 9159192416099999999999999 132 -91345 5899999999999999
 32  7 -3  6 30 66103135153155141117 89 67 56 59 76101127147154146122 8920 128Z6 836156195915499999999999999 2 2 -31417 5699999999999999
 54 25  9  8 25 53 88120143152145126100 76 59 55 63 8210713014414513110620 129Z6 9 3152203414699999999999999 231  61451 5499999999999999
 75 46 26 18 26 46 76107132146146133111 87 67 55 56 67 8710912713513211720 130Z6 931148211313699999999999999 3 0 181529 5499999999999999
 93 67 46 33 33 46 68 94119136142136121 99 78 62 54 57 70 8710611912411920 131Z610 0142215912499999999999999 330 311613 5499999999999999
105 86 66 52 46 51 65 85107125135136127110 91 73 59 54 57 68 83 9810911320 2 1Z6103313723 011399999999999999 4 3 4617 6 5499999999999999
109 99 85 73 64 62 68 81 97113125131129119104 86 70 58 52 54 63 75 8910020 2 2Z61114131999999999999999999999 443 621814 5299999999999999
106106100 92 84 78 77 81 90102113122127124116102 85 68 54 46 46 52 64 7920 2 3Z6 030106121012799999999999999 543 771934 4599999999999999
 93103109109104 97 91 87 88 93101111120125125117103 84 64 47 35 33 39 5320 2 4Z6 227109132612699999999999999 722 872047 3399999999999999
 72 92108119122118109100 92 88 91 98109121129130123106 83 57 35 20 17 2520 2 5Z6 355122143913199999999999999 9 6 882147 1799999999999999
 44 70 97119133136130117102 89 83 85 95111127138140130108 78 46 19  3  120 2 6Z6 4501361540141999999999999991015 832238  099999999999999
 14 40 74107134148149137118 97 81 74 79 95116137150151137108 71 32  2-1420 2 7Z6 53315016331539999999999999911 5 742324-1699999999999999
-12  8 43 84122150162157138111 86 69 65 75 97125150164161140104 60 17-1420 2 8Z6 6121621722165999999999999991147 65999999999999999999999
-27-19  9 52 98138164170158131 99 72 57 57 74103136162174167139 96 48  420 2 9Z6 64917118 817499999999999999 0 7-271228 5599999999999999
-25-32-17 19 67115154174172151118 84 57 46 53 76110145171179166133 86 3720 210Z6 726176185417999999999999999 050-3313 8 4699999999999999
 -4-27-28 -4 37 86132165176166138102 67 44 39 51 80116151173177159123 7620 211Z6 8 1176194117899999999999999 131-301349 3899999999999999
 30 -4-20-13 16 59106146169172154121 84 53 35 35 52 8311915016816714711120 212Z6 836173202817099999999999999 211-201431 3399999999999999
 69 30  4 -3 10 42 82123154167161137104 70 43 31 35 54 8411714315615313320 213Z6 911167211815799999999999999 251 -31516 3099999999999999
102 67 38 21 21 38 67102134154159146121 90 60 39 31 37 55 8210913014013720 214Z6 945159221414199999999999999 331 1916 5 3199999999999999
120 97 72 52 43 47 64 89116137149147132109 81 57 40 33 39 54 75 9711412320 215Z61021150232512499999999999999 412 4317 2 3399999999999999
122113 98 82 70 66 71 84102120134140135122102 79 58 43 36 38 49 65 82 9920 216Z611 4140999999999999999999999 459 661815 3699999999999999
110114112105 97 89 86 88 95106118127131127117101 82 63 47 37 34 40 52 6920 217Z6 11011412 413199999999999999 6 8 861946 3499999999999999
 87103114118117111104 98 95 97103111120125125119106 87 67 47 33 27 30 4120 218Z6 316118133312699999999999999 8 6 952112 2799999999999999
 60 82104120129129122112101 93 91 95105116126130125112 92 67 43 25 17 2020 219Z6 43213015 113099999999999999 949 912215 1799999999999999
 35 58 86112132141138127111 95 84 82 88102118132138133117 92 62 34 15  720 220Z6 51714116 5138999999999999991046 8123 1  799999999999999
 14 35 65 98126145150141123101 83 72 73 86105126142147138117 85 51 22  420 221Z6 5511501653147999999999999991125 712339  199999999999999
  2 16 43 79114142155153136111 86 68 62 70 89114138153154138110 73 37 1020 222Z6 6201561733155999999999999991157 62999999999999999999999
 -3  3 25 60 99133154159147123 94 69 55 56 72 98127150161154131 96 57 2320 223Z6 64716018 816199999999999999 012 -31226 5499999999999999
  1 -3 12 43 82120148161156134104 74 53 47 56 80111140159163148118 79 4120 224Z6 712162184216499999999999999 042 -41254 4799999999999999
 12  0  6 30 66105139158160144115 83 56 42 44 62 92124150163158136101 6220 225Z6 735162191416399999999999999 110 -11322 4199999999999999
 29  9  7 23 53 91127152161151126 94 63 42 36 47 72104134155160147119 8320 226Z6 758161194716099999999999999 137  51351 3699999999999999
 49 24 14 22 45 79114143157154136106 74 48 35 37 55 8311413915315013210220 227Z6 821158202015499999999999999 2 4 141421 3499999999999999
 70 42 27 27 43 70102131150154142117 87 58 39 33 42 64 9211913914513711620 228Z6 844154205614599999999999999 230 251454 3399999999999999
 89 62 44 38 45 65 92120140149144126100 72 49 36 36 49 71 9711913213412320 229Z6 9 8149213713599999999999999 257 381529 3499999999999999
104 82 63 53 54 66 86109129141142131111 86 63 45 38 41 55 75 9611312312220 3 1Z6 934143222712499999999999999 326 521611 3799999999999999
113 98 83 71 67 72 84100117130135131119100 79 60 46 41 44 56 72 9010411320 3 2Z610 5135234111499999999999999 4 0 6717 6 4199999999999999
114109100 91 84 83 87 96107118125127123112 96 79 62 49 42 43 51 64 80 9420 3 3Z61049127999999999999999999999 448 831823 4299999999999999
105111112109104 99 96 96 99105112118121120113100 84 66 50 39 36 40 52 6820 3 4Z6 141113121112199999999999999 627 951957 3699999999999999
 87104116123123118110102 97 95 98105113121124121110 92 69 48 31 23 25 3820 3 5Z6 33112414 212499999999999999 851 952117 2299999999999999
 60 85110128138138129115100 89 84 88 98113128136135122 99 69 40 17  6 1020 3 6Z6 42913915231379999999999999910 5 842216  699999999999999
 28 57 91122144154150134111 90 74 70 78 96119140152150133102 65 28  2 -920 3 7Z6 5101541623153999999999999991052 7023 5 -999999999999999
 -1 24 62103139161167154129 99 72 57 56 71 98129156169164140101 56 15-1220 3 8Z6 5471671715169999999999999991132 542350-1999999999999999
-19 -4 30 75121157175172150116 80 52 39 45 69105142170182172141 95 46  520 3 9Z6 62217618 3182999999999999991211 39999999999999999999999
-18-19  4 46 95141172182169137 96 58 32 25 39 71113153180187172135 86 3820 310Z6 655182184918899999999999999 031-221249 2599999999999999
  1-15 -8 23 68117158180180156117 74 37 17 17 39 76120159183185164125 7820 311Z6 728183193518799999999999999 111-161329 1499999999999999
 35  6 -2 14 48 93137169180168137 95 53 22  9 16 43 8212415917717415111420 312Z6 8 0180202217899999999999999 150 -214 9  999999999999999
 73 39 20 20 41 76116150171171151116 76 39 15  9 21 49 8612315116315813620 313Z6 831173211116499999999999999 228 181451  899999999999999
105 73 50 40 47 69100131155164156132 98 63 34 16 15 29 55 8711713814614020 314Z6 9 216422 414699999999999999 3 5 401536 1499999999999999
123101 80 66 63 72 92115137150151139115 87 58 36 24 25 37 58 8310612212920 315Z6 934152231312999999999999999 344 631628 2399999999999999
127117104 91 84 84 92106121133139136124105 83 62 45 35 34 42 57 75 9310820 316Z61011139999999999999999999999 429 831734 3399999999999999
117120117111105100 99102109117123127124117104 88 70 55 44 40 42 51 65 8220 317Z6 1 012011 812799999999999999 544 9919 8 4099999999999999
 98112120124122117110105102103107112117119117109 97 81 64 49 40 38 44 5720 318Z6 3 712413 311999999999999999 8161022046 3899999999999999
 76 96115128134132123112101 93 91 95103113121124119106 88 67 48 35 31 3720 319Z6 413134145212499999999999999 950 912153 3199999999999999
 54 77103125139143137122105 89 79 79 87101117130135129113 89 63 40 26 2420 320Z6 4511431558135999999999999991034 782240 2399999999999999
 35 58 87116139151149134113 90 72 65 70 85107128142145135113 84 53 30 1820 321Z6 52115116451469999999999999911 6 652316 1899999999999999
 22 41 70104133153157146123 96 71 56 55 68 91118142154152135106 72 41 2020 322Z6 5471581722156999999999999991135 532348 1599999999999999
 15 27 54 89124150162156135105 74 52 43 51 73103133155163153128 93 57 2920 323Z6 61116217571639999999999999912 2 43999999999999999999999
 16 20 41 74112143162163147117 82 52 36 36 54 84118148165165147115 78 4420 324Z6 634165182916799999999999999 016 151229 3499999999999999
 23 19 33 62 99134159167156129 93 58 34 26 37 63 98133159169160134 99 6320 325Z6 65516719 116999999999999999 043 181256 2699999999999999
 36 24 30 53 87123152166162140106 69 38 22 24 44 76113145164165149118 8320 326Z6 717167193416799999999999999 110 241324 2199999999999999
 53 35 33 48 77111142161164149119 82 48 25 18 29 55 9112615216315613410320 327Z6 73916520 716399999999999999 136 321353 1899999999999999
 72 50 42 49 70100131153162154130 96 62 34 19 21 39 6910313315215514311920 328Z6 8 1162204215699999999999999 2 2 421423 1899999999999999
 92 68 55 55 68 92119142155154138110 77 48 27 20 29 50 8011013414614413020 329Z6 825156212214799999999999999 230 531457 2099999999999999
109 87 71 66 71 87109130145149141121 94 65 42 28 27 38 60 8611112913713320 330Z6 850150221013799999999999999 3 0 661536 2699999999999999
121105 90 81 80 87102118133141139128108 85 61 43 33 34 45 63 8510512012720 331Z6 920141231912799999999999999 336 791626 3299999999999999
126118108 99 93 93 99109119128132129119103 84 65 50 40 39 46 60 78 9611120 4 1Z610 4132999999999999999999999 429 931738 3899999999999999
121125123118111105102103107113119123123118107 92 74 57 45 39 41 51 67 8720 4 2Z6 1 8125113212399999999999999 6171021915 3899999999999999
106122131134130122112103 97 97101109118124125119105 85 64 44 32 30 38 5720 4 3Z6 253134134112699999999999999 838 962043 2999999999999999
 81107130144148142128110 94 83 81 88102119133140136120 95 66 39 21 17 2720 4 4Z6 35214815 914099999999999999 945 812148 1799999999999999
 51 83116144159160148125 98 76 63 63 77100126148158153133100 63 31 10  720 4 5Z6 4341621612159999999999999991029 612240  699999999999999
 23 54 93132161173167145112 78 53 41 48 70103138164176167140100 57 22  320 4 6Z6 51117417 51769999999999999911 9 412325  199999999999999
  5 28 66111151176182166133 92 54 29 23 37 70111151179188174141 96 51 1820 4 7Z6 5451831754188999999999999991147 22999999999999999999999
  4 13 42 86131168186182155113 67 29  9 10 34 74120162188192173136 90 4820 4 8Z6 618187184119399999999999999 0 7  41226  799999999999999
 20 13 29 64109151180188172136 89 43 10 -3  6 36 81128167189188165127 8520 4 9Z6 650188192819299999999999999 047 1313 5 -399999999999999
 49 30 31 53 89130165183180155114 67 26  0 -6 10 44 8913316718217715311820 410Z6 722185201518399999999999999 126 281346 -799999999999999
 83 57 46 54 78112146170178165135 93 51 17 -1  0 20 54 9513315916916214020 411Z6 75317821 316999999999999999 2 5 461427 -399999999999999
112 86 69 65 77100128152166165146115 78 43 18  7 12 32 63 9712714715414720 412Z6 824168215715499999999999999 243 651511  699999999999999
130110 93 83 84 96114134150155148129102 71 45 26 20 26 44 69 9611913414020 413Z6 85715523 314099999999999999 324 8216 0 2099999999999999
136125113102 97 99107119132140141133117 95 73 53 40 35 39 52 70 9110912320 414Z6 936141999999999999999999999 415 9617 1 3599999999999999
130131126119111107106109115122127127122112 97 81 65 53 47 47 55 68 8510220 415Z6 035131103612799999999999999 5401061824 4699999999999999
117128132131126118110105103105109115118119114105 92 77 63 53 50 54 65 8120 416Z6 218132123511999999999999999 7581031958 5099999999999999
100118132139138130118106 95 90 91 98108117123123115102 84 67 54 48 51 6320 417Z6 323139142812499999999999999 919 902111 4799999999999999
 82105126141147142129111 94 81 76 80 92108123132133125108 86 65 49 43 4920 418Z6 4 414715361349999999999999910 2 7622 1 4399999999999999
 65 90116138152153142121 97 76 63 62 73 92115134145143130108 82 58 43 4120 419Z6 4351541625146999999999999991035 612240 4099999999999999
 52 75103132152160153133105 77 56 48 54 73100127148156150130102 73 50 3920 420Z6 5 216017 41569999999999999911 4 482314 3999999999999999
 43 62 90122148163163146117 84 55 38 38 53 81113142160163150124 92 63 4420 421Z6 5271651740164999999999999991132 362344 3999999999999999
 40 52 78110141163169157130 94 59 34 25 34 59 94129157169165144113 80 5520 422Z6 55016918141709999999999999912 0 25999999999999999999999
 43 47 68 98131158171165143108 69 37 19 19 38 71110145167173160133100 7020 423Z6 613171184717399999999999999 013 421228 1799999999999999
 51 48 61 88120150169170154122 83 46 20 11 21 49 87126156172169150120 8920 424Z6 636172192117399999999999999 042 471257 1199999999999999
 65 54 59 79109139162171162136 99 60 28 10 11 30 6310313816317016113710820 425Z6 7 0171195517199999999999999 110 541327  899999999999999
 81 65 63 75 99127152166165147115 77 42 18  9 18 43 7811514616316414912520 426Z6 725168203216599999999999999 139 621359  999999999999999
100 80 71 75 92115140157163153129 96 61 32 16 14 29 56 9012314715815413920 427Z6 752163211415899999999999999 210 711435 1399999999999999
117 97 84 81 89106127145155153139114 83 53 31 20 23 40 66 9712414214914520 428Z6 82215622 415099999999999999 246 811516 1999999999999999
132115101 92 92101115130143147142127104 78 53 36 28 32 48 71 9712013614220 429Z6 859147231214299999999999999 329 9116 8 2899999999999999
140130119108101101106116126134137133120102 81 60 44 37 39 51 70 9211313020 430Z6 953137999999999999999999999 4341001717 3699999999999999
139140135126116107103104109116124129129122109 91 71 54 43 40 48 64 8610920 5 1Z6 040141112913099999999999999 6221031843 4099999999999999
128142147144134120106 96 92 95103114125132131122105 83 61 45 38 42 58 8220 5 2Z6 2 5147132613399999999999999 8 8 9220 7 3899999999999999
109133151157153138118 97 81 74 77 90108128142146138119 93 65 44 33 37 5520 5 3Z6 3 5157145214699999999999999 912 742114 3399999999999999
 83115144163168158136107 79 59 52 59 80108136156163154131 99 66 41 30 3620 5 4Z6 350168155716399999999999999 959 5222 9 3099999999999999
 59 92128159176175157125 88 55 35 31 46 75112147171178166138101 65 39 3120 5 5Z6 4281781653178999999999999991042 302257 3199999999999999
 42 69107145174185176148108 65 31 13 15 38 76119158183188172140100 64 4120 5 6Z6 5 41851744189999999999999991122 112341 3799999999999999
 38 54 86125162185188169132 86 41  9 -3  7 37 81128167190191171136 97 6520 5 7Z6 53918918331939999999999999912 3 -3999999999999999999999
 48 50 71105143174189183155112 64 22 -4-10  7 43 89136172190187164130 9520 5 8Z6 613190192019199999999999999 024 461244-1099999999999999
 69 59 66 90124157180186171138 93 47 10 -9 -7 15 53 9814117218417715412420 5 9Z6 64718620 818499999999999999 1 5 591326-1199999999999999
 95 76 72 84108138164179176155119 77 37  8 -4  3 27 6410614216617416514420 510Z6 721180205617499999999999999 146 7214 8 -499999999999999
119 97 85 86 99121145164170161138104 67 34 13  7 17 42 7511014015816215320 511Z6 757170214716299999999999999 227 841452  799999999999999
136117101 94 97110128145157158146123 94 64 39 24 22 33 56 8411213514815120 512Z6 834159224415199999999999999 312 941539 2199999999999999
144131117106101104114127139145144133114 91 68 49 38 38 48 66 8911113014120 513Z6 919146235214499999999999999 4 71011632 3799999999999999
144139130119110105106112120128133132124111 93 75 61 52 51 58 72 9111012620 514Z61021133999999999999999999999 5221051737 5099999999999999
138142139132121111103101103109117123125122113100 85 71 62 59 64 75 9211020 515Z6 1 7142115612599999999999999 7 01011853 5999999999999999
127139144142133120107 96 90 91 98107117124125120109 94 79 68 63 66 77 9420 516Z6 212144134112699999999999999 822 9020 8 6399999999999999
114132145149145132115 97 83 76 78 88103118129133129117100 83 70 64 67 8020 517Z6 3 0149145913399999999999999 915 7621 8 6499999999999999
100122141153154145126103 81 66 61 68 84105125139144138122102 82 68 63 7020 518Z6 338155155614499999999999999 954 612155 6399999999999999
 87110133152161156139114 85 62 49 49 63 86112136151153143124100 79 66 6520 519Z6 4101611641154999999999999991028 472235 6399999999999999
 76 97123147163165152127 95 64 42 34 42 64 94125150162160144120 94 74 6520 520Z6 43916617211639999999999999911 0 342310 6599999999999999
 69 86112139161170163141108 72 42 25 25 41 71107140163170162140113 87 7020 521Z6 5 61701758170999999999999991131 232343 6799999999999999
 67 78101129155171171155124 86 50 23 13 22 48 84123154172173158133104 8120 522Z6 53217318331759999999999999912 2 13999999999999999999999
 70 74 91117145167175166141104 64 30 10  9 27 59 99138165177171151123 9620 523Z6 6 017519 917799999999999999 016 701234  799999999999999
 79 74 84106133158173173155123 83 44 16  5 12 37 7411414917117616414111420 524Z6 628175194617699999999999999 048 7413 7  599999999999999
 92 80 82 96120146166173165140105 65 31 10  6 20 49 8812615617217115513220 525Z6 659173202617399999999999999 122 791344  599999999999999
108 91 85 91108132154167168153125 89 54 25 11 12 31 62 9913315816816314720 526Z6 732169211016899999999999999 159 851423  999999999999999
126106 93 91100117138155163159141113 80 49 26 16 22 42 7210613615516215620 527Z6 81116322 116299999999999999 241 9115 8 1699999999999999
141123107 98 97106121137150155149132107 78 51 32 25 32 51 7910913515215820 528Z6 85815523 015899999999999999 333 9616 1 2599999999999999
153140124110101100106118131142146142128107 82 59 42 35 41 58 8210913315020 529Z610 2146999999999999999999999 440 9917 3 3599999999999999
156152141126111100 96 99108120132139139130113 92 70 53 45 48 61 8410913320 530Z6 0 8156112914099999999999999 6 6 961815 4499999999999999
151158156144127109 93 85 85 93107123136141138125105 82 63 52 52 64 8511220 531Z6 11415913 814199999999999999 729 841929 5099999999999999
137156164160146124100 80 68 67 77 95117137149150138118 93 71 57 56 67 8920 6 1Z6 212164143415199999999999999 835 662037 5599999999999999
117144164171164144116 86 61 47 47 62 87116142159163152129102 77 61 60 7220 6 2Z6 3 1171154416399999999999999 928 452137 5999999999999999
 97127155173177165138102 67 39 26 30 51 83119151171175162137107 81 65 6520 6 3Z6 3441781644175999999999999991016 262230 6399999999999999
 80107139166182180161127 85 47 19  9 19 46 84125160180183168140109 83 7020 6 4Z6 42518317381849999999999999911 1  92319 6999999999999999
 73 91120151176187178152112 67 29  4 -1 14 47 90133168187186168139108 8520 6 5Z6 5 41871828189999999999999991145 -2999999999999999999999
 75 82103133163183187172139 96 51 15 -4 -4 17 54 9914217318818316313410620 6 6Z6 543188191518999999999999999 0 5 751228 -799999999999999
 87 82 92115144170184182161125 81 39  9 -5  1 26 6510914817518517615512720 6 7Z6 62218620 118599999999999999 049 821311 -599999999999999
103 89 89102126152173181173148111 69 33  9  1 13 40 7811915217317716614520 6 8Z6 7 1181204517899999999999999 132 871354  199999999999999
121102 93 96111133155171173160134 99 62 32 15 13 28 56 9212715416816815520 6 9Z6 740174212917099999999999999 214 921436 1299999999999999
136116101 96102117136154164162147121 90 60 37 25 28 45 7210313215316215920 610Z6 821165221416299999999999999 258 961518 2599999999999999
146129112101 98105119135148154150135112 86 62 45 39 44 61 8611213515115620 611Z6 9 715423 115699999999999999 346 9816 1 3999999999999999
151139124110101 99105116129139143139126108 87 68 56 53 59 75 9611813714820 612Z610 1143235215299999999999999 444 991649 5299999999999999
152147136121108 99 96100109120130134132123108 92 77 67 65 72 8510312213820 613Z61111134999999999999999999999 553 961745 6599999999999999
148150145134119104 94 89 92100111121128129124113100 87 78 75 80 9210812520 614Z6 048150124013099999999999999 7 9 891850 7599999999999999
140150151145131114 97 84 78 80 89103117127132130121108 95 85 82 86 9711320 615Z6 142152141013299999999999999 815 781959 8299999999999999
130145153153144127106 86 71 65 69 81 99117132140139130116101 90 85 8910120 616Z6 230155152114099999999999999 9 6 6521 2 8599999999999999
118137151159155141119 93 70 55 51 59 77101124142150148136120103 90 87 9220 617Z6 312159161715199999999999999 949 512154 8699999999999999
107126146160163155134106 77 52 39 40 54 79108135154161155140120101 89 8820 618Z6 34916417 2161999999999999991027 372238 8799999999999999
 97115137156167166150123 89 57 34 25 33 55 86120148166169159139116 97 8820 619Z6 42316817431709999999999999911 3 252318 8799999999999999
 90104125149167173164141107 70 39 19 17 31 61 98134162175173157134110 9320 620Z6 4571731821176999999999999991139 152356 8799999999999999
 87 95113138161175175159129 90 52 23  9 13 36 7111114817218117315212610320 621Z6 5311771859181999999999999991216  8999999999999999999999
 90 89101124149170180173150114 74 37 12  4 16 44 8412515917918116814411820 622Z6 6 7180193918299999999999999 033 881254  499999999999999
 98 89 93109134159176180167139100 60 26  6  5 23 56 9713716718117816113620 623Z6 645180201918299999999999999 112 881334  399999999999999
112 95 90 98117142164177176159128 89 51 22  7 12 34 6910914617017917215320 624Z6 72617921 217999999999999999 153 901417  799999999999999
128107 93 92102122145165174169150118 82 48 23 14 22 47 8211915117117516520 625Z6 811174214717699999999999999 238 9115 2 1499999999999999
146123103 92 92104123144160167161142113 80 50 31 25 36 60 9312715416917120 626Z6 9 3167223517299999999999999 329 911550 2599999999999999
159140118100 90 91101118137152158153137112 84 59 43 40 51 7310313215516720 627Z610 5158232716999999999999999 428 891643 3999999999999999
167155136115 96 86 85 93108126142150148136116 93 71 57 55 65 8511013615620 628Z61120151999999999999999999999 536 841743 5499999999999999
166164152133110 90 77 74 81 95114132144147140125105 86 73 69 76 9411614020 629Z6 021167124914799999999999999 649 741850 6999999999999999
158167164151129105 82 66 60 66 81102124142150148137119100 86 80 8510012120 630Z6 117167141915199999999999999 759 6020 1 8099999999999999
143161169166150125 97 70 51 44 50 68 94121144157159149132111 95 88 9110520 7 1Z6 213170153816099999999999999 9 2 442111 8899999999999999
126148166173168149120 87 56 36 29 37 59 89122150167170160140118100 92 9520 7 2Z6 3 5173164317099999999999999 957 292213 9199999999999999
110131155172178169146112 75 42 21 16 28 55 91128158176178166144120101 9320 7 3Z6 3551781738179999999999999991048 1623 8 9399999999999999
 98114138162178181168140102 62 30 11  9 26 57 97137167183182166142117 9920 7 4Z6 4421821826185999999999999991135  82356 9399999999999999
 93100120145169183182164131 91 51 20  5  8 30 6610814717518718116113511020 7 5Z6 52618519 9187999999999999991219  4999999999999999999999
 95 93105127153175185179156120 79 41 14  5 14 41 8012215818018617515212520 7 6Z6 6 9186194918699999999999999 039 9213 1  599999999999999
103 92 94110135160179184173146108 68 34 14 11 26 57 9613516518118016413920 7 7Z6 650184202518399999999999999 119 911340 1099999999999999
114 97 90 98117141164178178162132 96 60 32 19 23 43 7611314717017817015120 7 8Z6 72918021 017899999999999999 157 901416 1899999999999999
127105 92 91102122146165173168149119 85 55 35 29 40 63 9512815517017115920 7 9Z6 8 9174213317299999999999999 235 901452 2999999999999999
138116 98 90 93106126146161165156136108 79 56 43 44 59 8311213915916716220 710Z6 85016522 716799999999999999 315 891526 4299999999999999
148128108 94 89 94108126143153154144125101 79 62 56 61 7710012514615916220 711Z6 935155224416299999999999999 359 8916 3 5699999999999999
154139120103 91 88 94106122136144143134119100 84 73 71 78 9411313314915720 712Z61028145232515899999999999999 451 881643 7099999999999999
156147132115 99 88 85 90101114127135136130119105 93 86 85 9210512113714920 713Z61139136999999999999999999999 553 851733 8599999999999999
155152143128111 95 83 79 83 92106119129133131124114104 98 9710211212513920 714Z6 013155131113399999999999999 7 3 791840 9799999999999999
149153151141125106 89 75 70 73 83 9811412813613813312411510710410711512720 715Z6 1 9153144413899999999999999 810 7020 110499999999999999
140150155152140122100 79 64 58 62 75 9411513314414814413412111110610811620 716Z6 2 7155155514899999999999999 9 7 58211610699999999999999
129143155159154139116 90 66 50 45 52 70 9412114315615915213912311110510720 717Z6 259159164715999999999999999 955 45221410499999999999999
117133150162165156136108 77 51 35 33 45 6910013115616916915813912010610120 718Z6 3461651730170999999999999991039 3223 110199999999999999
106120140159171171157131 96 62 35 21 23 42 7411114516917917415813511310020 719Z6 4301731810180999999999999991120 202342 9799999999999999
 97107126150170180176155122 83 46 20 10 19 45 8312415918118617515312610420 720Z6 51318018481879999999999999912 1 10999999999999999999999
 93 95110134160180187177150111 69 32  9  5 21 54 9713917218918817114311620 721Z6 555187192619199999999999999 022 921242  499999999999999
 95 87 94115143170188190175142100 57 22  4  6 29 6711215318219318516213220 722Z6 63919120 419399999999999999 1 2 871324  299999999999999
105 87 84 96120150176191189168133 90 48 19  6 15 43 8312716518719117715020 723Z6 724192204219299999999999999 143 8314 6  699999999999999
120 95 81 82 97124153177188183160124 83 46 23 17 30 6110114117218718516620 724Z6 811189212018999999999999999 226 791448 1699999999999999
138109 86 76 80 98124152173181173150117 81 51 34 34 51 8111815217518417520 725Z6 9 2181215918499999999999999 313 761531 3299999999999999
154127100 80 73 78 96120145163170163142115 86 63 51 55 7210013115817417720 726Z6 959170224117899999999999999 4 4 731617 5199999999999999
166144118 94 76 70 75 91112134151158154139118 96 79 72 76 9211413915917020 727Z611 7158232717299999999999999 5 3 7017 8 7299999999999999
170158137113 90 73 66 69 82101121138148149140126110 97 91 9410612314215820 728Z61233149999999999999999999999 611 651811 9199999999999999
166164153134111 88 70 60 60 70 8810812814214914713812611410710611312614120 729Z6 022167141614999999999999999 727 59193210599999999999999
155163163153134111 86 65 52 49 58 75 9912314315515715113912511511111512520 730Z6 128164154615899999999999999 843 4921 211199999999999999
140154164165156137110 82 57 42 38 47 67 9512414916516916214713011610911120 731Z6 237166165116999999999999999 948 38221410999999999999999
123139157168170160138108 76 48 31 28 40 64 9713115917517816714812711010320 8 1Z6 3401711739178999999999999991043 2723 810399999999999999
107122142162175176163137102 66 38 22 22 39 6910714417118418216514111710120 8 2Z6 4341781819185999999999999991129 202351 9699999999999999
 96105124149171183180162131 92 55 28 16 22 46 8212215818118917915612910520 8 3Z6 5211841854189999999999999991210 16999999999999999999999
 92 92107131158179188180156120 80 44 22 16 30 60 9913917118818616914211420 8 4Z6 6 3188192618999999999999999 028 901247 1699999999999999
 93 85 92113141168186189174145106 67 36 21 24 45 8012015618018817815412520 8 5Z6 641189195518899999999999999 1 2 851320 2099999999999999
 99 83 82 96121150175187183163130 91 57 33 27 39 6610314016918418216413720 8 6Z6 717188202218599999999999999 134 811351 2799999999999999
108 87 78 84103130157177183173148114 79 52 38 40 59 9012515617618117014720 8 7Z6 753183204818199999999999999 2 6 781421 3799999999999999
120 95 79 77 88110137160174174159132101 73 54 49 59 8211214316617717315620 8 8Z6 829176211417799999999999999 240 761450 4999999999999999
131105 85 75 78 93116139158166161144120 94 74 63 66 8010413115416917116120 8 9Z6 9 8166214217299999999999999 316 751519 6299999999999999
142118 96 80 75 81 97117137151155149133113 94 81 77 8410012114215816616220 810Z6 953155221216699999999999999 357 751551 7799999999999999
149130109 91 79 76 83 97115131142145139128113101 93 9410111513214715715920 811Z61049145224815999999999999999 446 761629 9399999999999999
153141123105 89 79 77 82 9410912313313713512912011210810811412413614615220 812Z61210137233815399999999999999 547 76172310799999999999999
153147136121104 88 77 73 77 8610011412713513813613112512011812012613414220 813Z614 3138999999999999999999999 7 3 73185611899999999999999
148150147137122104 86 72 66 67 76 9110912614014714814313512712112012313020 814Z6 052150153714899999999999999 820 65204912099999999999999
140148153151141124102 80 63 53 54 66 8510913215016016015314012711811411720 815Z6 214153163316199999999999999 925 5322 111499999999999999
127141154161159147125 98 70 49 38 41 58 8411514316417417115813912110910520 816Z6 3201621715174999999999999991017 38224910599999999999999
112128147164173169152124 89 56 33 24 31 55 89126159180185176156131109 9720 817Z6 41417317521869999999999999911 3 242329 9599999999999999
 97110132158178186178154118 77 41 18 12 27 59100142175193192175147117 9420 818Z6 5 31861827195999999999999991146 12999999999999999999999
 85 91111140170191197183152109 64 27  7  8 31 7011716019020119216613210020 819Z6 54819719 220199999999999999 0 8 851227  599999999999999
 79 75 88115150181201202183145 98 53 19  5 14 44 8813617620020218415111420 820Z6 634204193620499999999999999 046 7413 7  599999999999999
 83 66 68 88121158189205201176136 89 47 19 13 29 6411015518820219516913320 821Z6 719206201020399999999999999 125 651347 1299999999999999
 96 69 58 65 90125162190202193166126 83 48 29 30 51 8813116919319818215220 822Z6 8 6202204319999999999999999 2 6 581427 2699999999999999
115 82 59 54 66 93127161184192181154119 83 57 46 53 7711214817719118716620 823Z6 855192211719299999999999999 249 5415 6 4699999999999999
135101 72 56 54 68 94125153172177167145117 91 73 69 7910213015817718217320 824Z6 949177215318399999999999999 336 531548 6999999999999999
151122 93 70 57 57 70 92118141157162155140121104 93 9310212014116017117120 825Z61054162223317299999999999999 429 551634 9299999999999999
161141116 92 72 61 60 69 8610712714214914914113112011311211812914315516120 826Z61226150232716299999999999999 535 59173811299999999999999
161153137117 96 77 65 61 65 77 9411313014314914914313512812412412913714620 827Z61427150999999999999999999999 7 0 61192512399999999999999
153155151140123103 82 66 57 57 66 8310412614415616015614613512612112212920 828Z6 052156155716099999999999999 831 56211812199999999999999
139150156156147130108 84 63 50 48 57 7610212915216717116415013311911111220 829Z6 228157165017199999999999999 943 47222211199999999999999
122137152163165156136109 80 56 41 39 52 77108140165178178165144122106 9920 830Z6 3411661727180999999999999991036 3823 5 9999999999999999
104119140161173174161136104 71 45 32 36 55 86122156178186178157131107 9120 831Z6 4341761759186999999999999991118 322339 8899999999999999
 89101123150172184180161130 93 59 35 28 39 66103141172188187170142112 8920 9 1Z6 5171841827190999999999999991154 28999999999999999999999
 79 85105133162184191180154117 78 47 30 31 51 85124161185192180154122 9320 9 2Z6 555191185219299999999999999 0 9 791226 2899999999999999
 75 72 87114146175191191173140101 65 40 32 43 7110914717719118716613410020 9 3Z6 629194191619299999999999999 038 711254 3299999999999999
 75 65 72 94126159184193185159123 86 55 40 42 62 9513316618718917414511120 9 4Z6 7 3193193919099999999999999 1 7 651322 3899999999999999
 81 63 62 77105138168187188172143107 75 53 48 60 8612115417818817915612320 9 5Z6 73619020 218899999999999999 135 601348 4799999999999999
 91 67 58 64 86117148172183178157127 95 71 59 63 8211114216818218116413520 9 6Z6 810184202418499999999999999 2 5 571415 5999999999999999
104 77 60 58 71 96126153171174164141114 90 75 72 8310513215717417816714620 9 7Z6 845175204717899999999999999 237 571442 7199999999999999
117 90 69 59 63 80104130152163162150130109 93 85 8910312414516317116715220 9 8Z6 925164211217199999999999999 312 591510 8599999999999999
130105 82 67 63 70 8710813014615315014012511110210010611913615116116215520 9 9Z61014153214016399999999999999 352 631543 9999999999999999
139119 99 81 70 68 75 8910712413714314213612711911411512012914014915315220 910Z61123143222015499999999999999 444 68162811499999999999999
145132116 99 84 74 71 75 8610011512813714014013613112712512713113614214520 911Z61320141233614699999999999999 556 7118 412599999999999999
146142133120104 89 76 69 69 76 8910512213614615014914313612912512512813420 912Z61513150999999999999999999999 730 68203912499999999999999
141146146141128111 91 73 61 57 63 78 9912314415816416115113812511611311820 913Z6 137147161016499999999999999 853 57215111399999999999999
129142153158154139116 89 64 47 42 50 7110013115717417817015213111210010020 914Z6 3 3158164917899999999999999 953 422234 9999999999999999
110129150167174168147116 82 51 31 28 42 71108146175189188170144115 93 8320 915Z6 4 31741723191999999999999991042 272311 8399999999999999
 88107134163184191180151112 70 37 18 20 42 80124164192201190162127 94 7220 916Z6 4531911756201999999999999991125 162347 6699999999999999
 66 80108144178200203186150104 59 26 12 22 52 97144183205204182145104 7120 917Z6 54020518282079999999999999912 6 12999999999999999999999
 52 54 77113155191211209185143 94 50 22 16 34 71119165198210198166123 8120 918Z6 62521319 021099999999999999 024 511245 1599999999999999
 50 38 49 78121164199214207177133 87 48 28 31 55 9614218220520618414510020 919Z6 711214193220899999999999999 1 2 381324 2699999999999999
 61 36 32 49 84127169198208196166124 84 55 44 53 8112116119120319316412320 920Z6 75720820 420399999999999999 142 3114 2 4499999999999999
 81 48 30 33 54 89130167190196182153119 88 69 66 8010714117219119217514420 921Z6 846196203519499999999999999 223 291441 6599999999999999
106 70 44 33 39 61 94129158176179166144119 98 88 9010412815317318217715720 922Z6 93918021 818299999999999999 3 8 331521 8799999999999999
129 96 68 48 42 49 68 9412214515916215514112511310711112213815416616816120 923Z61045162214616999999999999999 359 4216 810799999999999999
144121 96 74 59 53 58 71 9111213114415014914313512812312413013814715315420 924Z61222151224015599999999999999 5 3 53172112399999999999999
149137121103 85 71 63 63 70 8310011813414615115114613913212812713013514120 925Z61428152999999999999999999999 632 62194312799999999999999
145145139129114 96 80 68 62 64 75 9211213214915916115514413212211611712320 926Z6 031145154316199999999999999 813 62212611699999999999999
132142148148140124104 83 66 57 57 68 8911413915916916815814112210810110420 927Z6 228149162617099999999999999 927 56221310199999999999999
115131147158159150131106 80 59 49 52 68 94124152171178171152128106 91 8720 928Z6 3391601658178999999999999991018 492247 8799999999999999
 96114137158170169155130100 71 51 44 53 75107141168182181165138109 86 7420 929Z6 4281711725184999999999999991056 442317 7499999999999999
 78 95121149171181175154122 88 60 43 44 61 91127160182188176150117 87 6720 930Z6 5 71811750188999999999999991129 412344 6299999999999999
 63 76102134164184187173145109 75 51 42 52 77112149177190185162128 93 652010 1Z6 5421881813191999999999999991158 42999999999999999999999
 53 59 81114150178191187165131 94 64 47 48 67 99136169188190172141103 692010 2Z6 615192183519199999999999999 011 521226 4599999999999999
 49 46 62 92130164187193179151115 81 58 51 63 89124158183191180153115 782010 3Z6 648193185619199999999999999 038 451252 5199999999999999
 51 39 47 72107145175190187166135101 73 60 63 83113146174188184163129 912010 4Z6 720191191818999999999999999 1 6 391318 5999999999999999
 59 40 38 55 85122156179186175151120 91 73 69 811051351631811831691411062010 5Z6 753186194018499999999999999 135 371344 6999999999999999
 72 47 37 44 67 99134162177176161136110 89 80 841011251511711781711511202010 6Z6 82717920 217899999999999999 2 5 371411 7999999999999999
 87 60 43 42 55 80111140161169164147126106 94 921011181401591701691561322010 7Z6 9 5169202617199999999999999 237 401440 9199999999999999
104 77 56 47 50 66 901161391541581521381221101031061161311461581621561412010 8Z6 951158205416299999999999999 314 47151410399999999999999
119 96 74 60 54 59 74 941151331451481441361261181151181251351451501501442010 9Z61055148213215199999999999999 4 1 5416 211599999999999999
131114 96 79 67 62 65 75 91108125137143144141135129125125127131136140141201010Z61240144224914199999999999999 5 8 62174712499999999999999
138130118103 88 74 66 64 70 82 99117133145151151146138129122119119124130201011Z61430152999999999999999999999 644 64202311999999999999999
137140138130115 97 78 64 57 59 71 90114136154164164155140124111103104112201012Z6 112140153016599999999999999 816 56212710299999999999999
125140151153146128103 77 56 45 47 62 88118147169178174157134109 91 83 87201013Z6 247153161017899999999999999 922 4422 9 8399999999999999
103127150167172161138105 72 46 33 38 59 93131164185190177150117 87 67 62201014Z6 3491721645190999999999999991014 332246 6299999999999999
 74101134165185189174142102 63 36 26 37 66107149182199195171134 93 60 42201015Z6 4411901718200999999999999991059 262323 4199999999999999
 45 67104145181201201179141 96 56 31 27 45 82127169198206190156110 66 34201016Z6 5292041750206999999999999991140 26999999999999999999999
 23 34 66111157193211205178135 90 53 34 37 63103148186206203177134 84 41201017Z6 616212182320899999999999999 0 0 231221 3299999999999999
 15 12 32 70119166199212201170128 86 56 45 56 86126167196206192157110 62201018Z6 7 2212185520699999999999999 039 1013 0 4599999999999999
 24  6 10 36 78126170198205191160121 87 66 63 79109146179197196174135 89201019Z6 750205192719999999999999999 119  51339 6299999999999999
 47 17  6 17 45 86130167189191176149118 93 80 83101129158181189180154117201020Z6 839193195918999999999999999 2 1  61419 8099999999999999
 76 42 20 16 29 57 93129159175175162141119103 97103119140161174175162137201021Z6 932177203417699999999999999 245 1515 2 9799999999999999
105 72 46 31 30 43 66 95124147159160152139125115111116128142154161158146201022Z61036161211416199999999999999 335 29155411199999999999999
125101 77 58 47 46 55 72 94116135147151148141132125121122127135142145144201023Z612 4151221314699999999999999 436 45171612199999999999999
136122105 88 72 61 58 62 74 90109126140148150146139130123118118122127132201024Z61349150999999999999999999999 557 58193211899999999999999
135133126115100 85 72 65 64 72 86104124141152156152142129116107104107115201025Z6 0 9135145915699999999999999 733 6421 010499999999999999
125134138136126111 93 77 65 62 69 84105128148160162154139119102 90 88 95201026Z6 210138154316399999999999999 850 622146 8899999999999999
108125140148146135117 95 75 62 59 68 88113139159169166151127103 83 73 75201027Z6 322148161516999999999999999 943 592219 7299999999999999
 88110133151159156140116 90 69 57 59 73 98128154171174163139109 81 62 58201028Z6 4121601643175999999999999991024 562249 5799999999999999
 68 90118145164169160138110 82 62 55 63 85115145169179173151119 85 58 45201029Z6 45217017 8180999999999999991058 552317 4499999999999999
 49 68 99132160176175159131 99 73 57 58 74102134163180181163132 94 60 38201030Z6 5281771731183999999999999991128 562344 3399999999999999
 34 48 76113148173183174151119 88 66 58 68 91123154177184173145107 68 38201031Z6 6 11831754184999999999999991157 58999999999999999999999
 25 31 54 90130163182184167139106 79 64 66 83111143170184180157122 81 452011 1Z6 634185181718499999999999999 012 241225 6399999999999999
 23 20 36 67107145173185178155125 95 75 69 78101132160179182167136 97 582011 2Z6 7 7185184018399999999999999 040 191253 6999999999999999
 29 16 23 47 83123157178181167141112 89 76 79 95120148170179172148113 752011 3Z6 74018219 417999999999999999 110 161321 7599999999999999
 42 21 18 33 62 99136163175171154129104 88 83 92111136158172172156128 932011 4Z6 815176193017499999999999999 141 171350 8399999999999999
 59 34 22 26 46 77111142162168160142120102 93 941061251451611661591401112011 5Z6 854168195816699999999999999 214 211423 9299999999999999
 80 52 34 28 37 59 881181421561581501341181061011051161321461561561451262011 6Z6 940159203015799999999999999 252 2815 210199999999999999
100 74 53 40 38 48 68 931181381491501441331211131091121211311411461441342011 7Z61040151211614699999999999999 339 3716 010999999999999999
118 98 77 59 48 47 54 71 921131311431471441371281191141131171231291341352011 8Z612 4147224013599999999999999 441 46174111399999999999999
130119104 86 69 57 52 56 68 861071271421501511451341221121051041081161252011 9Z61334151999999999999999999999 6 4 52194210499999999999999
132134129116 99 80 63 53 53 62 81104128148159160152136117100 88 85 91104201110Z6 047134143716199999999999999 732 512051 8599999999999999
121136145144132112 87 65 50 47 57 78107136159171169154130103 79 65 63 75201111Z6 225146152317299999999999999 844 462137 6299999999999999
 97123146160161147122 91 64 46 43 56 82116149173182174150116 81 53 39 43201112Z6 33316316 218299999999999999 941 422219 3999999999999999
 63 94130160177177159128 92 61 43 43 61 93131165186189172138 95 55 27 17201113Z6 4291791638190999999999999991030 412259 1799999999999999
 28 57 98140174191188165129 90 59 44 49 73109149180195189161119 71 29  4201114Z6 5201921713196999999999999991115 442339 -199999999999999
  1 20 57105151185199191164126 88 61 51 62 90128165191197181145 97 47  9201115Z6 6 91991748198999999999999991158 51999999999999999999999
-10 -6 20 63113159190200188158121 87 66 62 78108144176194192167126 76 30201116Z6 657200182319699999999999999 020-121240 6199999999999999
 -3-15 -4 27 72121162188193178150116 89 74 76 95124156181190179150107 61201117Z6 745194185819099999999999999 1 2-151322 7399999999999999
 21 -4 -9  6 39 82126161181182166141113 93 85 91110136161177179163132 92201118Z6 833184193518099999999999999 145-1014 5 8599999999999999
 52 21  3  3 21 52 91128156170168154133113 99 95102119140158167163146118201119Z6 924171201416899999999999999 230  11450 9599999999999999
 84 52 28 16 20 37 65 97126148158156145129114104103109122137149153148132201120Z61020159205815399999999999999 317 16154310299999999999999
109 82 58 40 33 37 51 74 99123140149148140129117109106109118127135138134201121Z61125149215713899999999999999 4 9 32165510699999999999999
123106 86 68 54 48 51 62 80100120135143145139130118109103103107114121126201122Z61239145232812799999999999999 511 48183410399999999999999
126120109 94 80 67 61 61 69 83101119134143146141130117104 95 91 93101110201123Z61349146999999999999999999999 627 6020 5 9199999999999999
119124123116104 90 77 68 66 72 85102121138148149142128110 93 80 76 79 90201124Z6 122124144115099999999999999 745 6621 2 7699999999999999
105119128131125113 97 81 71 68 74 88108129146154153140120 97 76 63 60 68201125Z6 248131152115599999999999999 850 682144 6099999999999999
 85106125137141134118 99 82 70 68 77 94117139155160152133106 78 56 45 48201126Z6 348141155416099999999999999 941 682218 4499999999999999
 63 87113136149150139120 97 78 68 70 83105130152164162146118 85 56 36 30201127Z6 4341511623165999999999999991022 672249 3099999999999999
 41 65 95126149160156140116 91 74 68 75 93119145163168158132 98 62 33 19201128Z6 5141601651169999999999999991058 682320 1899999999999999
 22 42 73109141162167157135108 84 71 70 84107135158171167147113 74 39 15201129Z6 5491671717171999999999999991131 692350  999999999999999
  9 21 50 87125155171169152126 99 78 71 77 97123150168172159130 91 51 19201130Z6 62417217441739999999999999912 3 71999999999999999999999
  3  7 28 63104141166174165142115 90 76 75 88111139162173167145109 68 312012 1Z6 657174181217399999999999999 020  21234 7399999999999999
  6 -1 11 40 79120152170171156131105 85 77 82100126151167170156127 89 502012 2Z6 732173184117199999999999999 052 -113 5 7799999999999999
 18  1  2 22 55 95132159169164145120 97 83 82 92113137157167162142110 722012 3Z6 8 8169191216799999999999999 126 -11339 8199999999999999
 37 12  3 11 35 70108140159164154135112 95 86 89102122142157161150127 952012 4Z6 848164194616199999999999999 2 2  31416 8599999999999999
 61 31 13 10 22 48 82115142156157146128109 95 90 951081251421511511381152012 5Z6 932158202715299999999999999 243  915 1 9099999999999999
 86 56 33 19 20 34 59 90119141152151140125109 98 94 981081221351421401292012 6Z61025153212014299999999999999 329 1816 0 9499999999999999
109 84 59 40 29 30 44 66 93119138148148139125110 99 93 941011121231311322012 7Z61127149223713299999999999999 423 281719 9299999999999999
124109 89 68 50 40 40 51 70 95119138148149141126110 95 86 83 88 981101222012 8Z61234150999999999999999999999 530 391851 8399999999999999
128126117100 81 62 50 47 55 73 96120140152153144127106 86 71 65 69 81 992012 9Z6 020128133715499999999999999 646 4720 6 6599999999999999
117130135129115 94 74 58 52 58 75 99124146158159146123 96 70 51 43 49 66201210Z6 159135143016099999999999999 8 1 5221 4 4399999999999999
 91116137147144129106 82 63 55 61 78104132155167163145115 81 49 27 21 31201211Z6 317147151716799999999999999 9 7 552153 2199999999999999
 55 87121147160158141115 88 67 58 65 85114143166174165140102 61 26  5  2201212Z6 42116116 01749999999999999910 4 582239  199999999999999
 18 49 89129158172168148119 90 69 62 71 94125155175178163130 86 42  6-12201213Z6 5161731641179999999999999991056 622324-1499999999999999
-10 12 50 95138168180173150119 89 70 66 79105137165181178155116 69 24 -9201214Z6 6 71801722182999999999999991143 66999999999999999999999
-23-15 14 56104146174183172146114 87 72 72 89116147172182173144102 54 11201215Z6 65518318 218299999999999999 0 8-231228 7099999999999999
-16-24-11 22 67113152175179165138108 85 74 79 98126154174177162130 87 42201216Z6 741180184217899999999999999 052-251312 7499999999999999
  5-16-18  0 35 79122155172171154128102 84 78 86107133157170168149116 75201217Z6 825174192317199999999999999 135-201354 7899999999999999
 35  5 -9 -5 17 51 92128155165160142118 97 84 82 93113135153161155134102201218Z6 9 816520 416199999999999999 218-101438 8199999999999999
 66 34 12  4 12 35 68102132151156148131111 94 84 86 97114132145149140120201219Z6 951156204814999999999999999 259  41524 8499999999999999
 92 63 38 23 20 31 54 82110133146147138123106 92 85 87 96110124134135126201220Z61036148213713699999999999999 341 201617 8599999999999999
109 87 64 46 37 38 50 69 93115132141140131117102 90 84 84 92102113121122201221Z61124142224012399999999999999 424 361724 8399999999999999
116103 87 70 58 51 54 64 81100118131138136127114100 87 79 78 82 91102110201222Z61218138999999999999999999999 514 511843 7799999999999999
114111104 92 80 70 65 66 75 88104119131137135126112 95 80 70 66 70 79 91201223Z6 0 8114131513799999999999999 617 641959 6699999999999999
103111113109101 90 81 75 74 80 92107122133139136125107 87 69 57 53 57 69201224Z6 153113141013999999999999999 733 742057 5399999999999999
 86102114120119111 99 88 80 78 83 95110126138142136121 99 75 54 41 38 47201225Z6 317121145614299999999999999 846 782143 3899999999999999
 64 86107124131129119105 90 81 79 85 99116133144146135114 87 59 36 25 26201226Z6 417131153714799999999999999 945 782222 2499999999999999
 41 65 93118136142137123105 89 79 79 88105125142151147130102 70 39 18 11201227Z6 5 21421613151999999999999991032 772257 1199999999999999
 19 42 72105132148150140122101 84 76 80 94115136152156145120 86 50 20  3201228Z6 5401511647156999999999999991111 762332  099999999999999
  2 19 49 85120146158154138115 93 78 74 83102126148160157138107 68 30  3201229Z6 6161581720161999999999999991147 74999999999999999999999
 -8  0 24 61101135157163152131106 85 74 76 90113139158164154128 90 49 13201230Z6 650163175416499999999999999 0 6 -81221 7399999999999999
 -9-12  3 35 76116147163162146121 96 78 72 80100125149164163146113 73 32201231Z6 725165182816599999999999999 041-131256 7299999999999999
