 16 16 17 18 19 19 19 18 16 13 10  7  4  3  3  4  6  9 12 15 16 17 16 1520 1 1Z8 528 1921 0 1799999999999999 035 161339  399999999999999
 14 14 14 14 15 15 16 15 14 13 10  8  6  4  4  4  5  7 10 12 14 15 15 1420 1 2Z8 6 5 162134 1599999999999999 144 1414 9  499999999999999
 13 12 11 11 11 11 12 12 12 11 10  8  7  6  5  5  6  7  9 11 12 13 14 1420 1 3Z8 7 4 1222 3 1499999999999999 318 111430  599999999999999
 12 11 10  9  8  8  8  8  9  9  9  9  8  7  7  7  7  8  9 10 12 13 14 1320 1 4Z8 929  92229 1499999999999999 5 0  81432  799999999999999
 13 11  9  7  6  5  5  5  5  6  7  8  9  9  9  9 10 10 10 11 12 13 14 1420 1 5Z82254 14999999999999999999999 6 8  5999999999999999999999
 14 12 10  8  5  4  2  2  3  4  6  7  9 10 11 12 12 12 13 13 13 14 15 1520 1 6Z82322 15999999999999999999999 652  2999999999999999999999
 15 14 12  9  6  3  1  0  0  1  3  6  9 11 13 14 15 15 15 15 15 16 16 1720 1 7Z82355 17999999999999999999999 730  0999999999999999999999
 17 16 15 12  8  5  1 -1 -2 -1  1  4  8 12 14 16 17 18 18 18 17 17 18 1820 1 8Z81716 18999999999999999999999 8 8 -22022 1799999999999999
 19 19 18 15 12  7  3  0 -3 -3 -2  1  5 10 14 17 19 20 20 20 19 19 19 2020 1 9Z8 034 191720 2099999999999999 848 -321 5 1999999999999999
 21 21 21 19 16 12  6  1 -2 -4 -4 -2  2  7 12 17 20 21 22 21 20 20 20 2020 110Z8 119 211739 2299999999999999 929 -52130 2099999999999999
 21 23 23 23 20 16 11  5  0 -4 -6 -5 -2  3  9 14 19 21 22 22 21 20 20 2020 111Z8 2 7 2318 5 22999999999999991013 -62149 2099999999999999
 21 22 24 25 24 21 16 10  3 -2 -5 -6 -5 -2  4 10 15 19 21 21 20 19 19 1920 112Z8 257 251835 22999999999999991058 -62216 1999999999999999
 20 21 23 24 25 24 20 15  8  2 -3 -6 -7 -5  0  5 11 16 19 20 19 18 17 1720 113Z8 349 2519 7 20999999999999991144 -72255 1799999999999999
 17 18 20 22 23 24 22 19 13  7  1 -4 -6 -6 -3  1  6 11 15 18 18 17 15 1420 114Z8 443 241938 18999999999999991228 -62349 1499999999999999
 14 14 15 17 19 21 21 20 16 11  5  0 -3 -4 -3 -1  3  8 12 15 16 15 14 1220 115Z8 542 2120 9 16999999999999991311 -4999999999999999999999
 11 11 11 12 14 16 18 18 17 14 10  5  2 -1 -1  0  2  6  9 12 14 14 13 1120 116Z8 648 182038 1499999999999999 059 111351 -199999999999999
  9  8  7  7  8 10 12 13 14 14 12  9  6  4  3  3  4  6  9 11 13 14 13 1120 117Z8 810 1421 5 1499999999999999 221  71425  399999999999999
  9  7  5  4  4  4  6  8  9 11 11 11  9  8  7  7  7  8 10 11 13 14 14 1320 118Z8 956 112130 1499999999999999 352  41448  699999999999999
 10  8  5  3  2  1  1  2  4  6  9 10 11 11 10 10 11 11 12 13 14 15 15 1420 119Z82157 15999999999999999999999 523  1999999999999999999999
 13 10  7  4  2 -1 -2 -2 -1  1  5  8 10 12 13 13 14 14 15 15 16 16 16 1620 120Z82231 16999999999999999999999 639 -2999999999999999999999
 16 14 11  8  4  1 -2 -4 -4 -2  0  4  8 12 14 16 16 17 17 17 17 17 18 1820 121Z82323 18999999999999999999999 739 -4999999999999999999999
 18 17 15 12  8  4  0 -3 -4 -4 -3  1  6 10 14 17 18 19 19 19 19 19 19 1920 122Z89999999999999999999999999999 830 -5999999999999999999999
 20 20 19 16 13  8  4  0 -3 -5 -4 -2  3  8 13 16 19 20 20 19 19 19 19 2020 123Z8 025 201722 2099999999999999 915 -52033 1999999999999999
 20 21 21 20 17 13  8  3 -1 -4 -5 -3  0  5 10 15 18 20 20 19 19 18 18 1920 124Z8 125 211736 2099999999999999 956 -521 4 1899999999999999
 20 21 22 22 20 17 12  7  2 -2 -4 -4 -2  2  7 12 17 19 20 19 18 17 17 1720 125Z8 218 221755 20999999999999991034 -42137 1799999999999999
 18 20 21 22 22 20 16 11  5  1 -3 -4 -3  0  4 10 14 17 19 18 17 16 15 1520 126Z8 3 6 221817 199999999999999911 9 -42212 1599999999999999
 16 18 19 21 21 20 18 13  8  3 -1 -3 -3 -2  2  6 11 15 17 17 16 14 13 1320 127Z8 349 211840 17999999999999991142 -42251 1399999999999999
 13 14 16 18 19 19 18 15 10  5  1 -2 -3 -2  0  4  8 12 15 16 15 13 11 1020 128Z8 429 2019 3 16999999999999991212 -32334 1099999999999999
 10 11 13 15 16 17 17 15 11  7  3  0 -2 -2 -1  2  6  9 12 14 13 12 10  820 129Z8 5 8 171925 14999999999999991239 -2999999999999999999999
  8  8  9 10 12 14 14 13 11  8  4  2  0 -1  0  2  4  8 10 12 12 11  9  720 130Z8 548 141945 1299999999999999 020  813 1 -199999999999999
  6  5  5  7  8 10 11 11 10  8  5  3  1  1  1  2  4  7  9 11 11 11  9  720 131Z8 635 1120 3 1199999999999999 112  51315  199999999999999
  5  4  3  3  5  6  7  8  8  7  6  4  3  3  3  4  5  7  9 10 11 11 10  820 2 1Z8 738  82019 1199999999999999 2 9  31312  399999999999999
  5  3  2  2  2  3  4  5  6  6  6  6  5  5  5  6  7  8 10 11 11 11 10  920 2 2Z8 922  62030 1199999999999999 314  21245  599999999999999
  7  4  2  1  0  0  1  2  3  5  6  6  7  7  8  9 10 10 11 12 12 12 12 1120 2 3Z82037 12999999999999999999999 431  0999999999999999999999
  9  6  4  2  0 -1 -1 -1  1  2  4  6  8  9 10 11 12 13 13 14 14 14 13 1320 2 4Z82036 14999999999999999999999 547 -1999999999999999999999
 11  9  6  4  1 -1 -2 -3 -2  0  2  5  8 10 12 14 14 15 15 15 15 15 15 1520 2 5Z81817 15999999999999999999999 649 -3999999999999999999999
 14 13 10  7  3  0 -2 -4 -4 -3 -1  3  7 10 13 15 16 17 17 17 16 16 16 1620 2 6Z81740 17999999999999999999999 742 -4999999999999999999999
 17 16 14 11  7  3 -1 -4 -6 -6 -4 -1  4  8 12 15 17 18 18 17 17 17 17 1720 2 7Z81718 18999999999999999999999 831 -62127 1799999999999999
 18 18 18 16 12  7  2 -3 -6 -8 -7 -5 -1  5 10 14 17 18 18 17 16 16 16 1620 2 8Z8 1 0 181721 1899999999999999 919 -82133 1699999999999999
 18 19 20 19 17 13  7  1 -5 -8 -9 -8 -5  0  6 11 15 17 18 16 15 14 14 1420 2 9Z8 2 6 201737 189999999999999910 5 -92150 1499999999999999
 16 18 20 21 20 17 12  6 -1 -6 -9-10 -8 -4  2  7 12 15 16 15 13 12 11 1120 210Z8 3 6 211759 16999999999999991051-102221 1199999999999999
 12 14 17 20 21 20 17 11  4 -2 -7 -9 -9 -7 -2  3  9 13 15 14 12 10  8  720 211Z8 4 6 211822 15999999999999991134 -923 4  799999999999999
  8  9 12 16 19 20 19 15 10  3 -2 -6 -7 -7 -4  1  6 10 13 13 12  9  6  420 212Z8 5 5 201846 13999999999999991214 -72355  499999999999999
  4  4  7 10 13 16 18 17 13  8  3 -1 -4 -4 -3  0  4  8 11 12 12  9  6  320 213Z8 6 7 1819 8 12999999999999991251 -4999999999999999999999
  1  1  1  4  7 10 13 14 14 11  7  4  1  0  0  2  5  8 10 12 12 10  7  320 214Z8 714 141928 1299999999999999 053  11320  099999999999999
  0 -1 -2 -1  1  4  7 10 11 11 10  7  5  4  4  5  7  9 11 12 12 11  9  620 215Z8 831 111945 1399999999999999 157 -21336  499999999999999
  2 -1 -2 -3 -3 -1  1  4  6  8  9  9  9  8  8  9 10 11 12 13 13 13 11  920 216Z81021  91954 1399999999999999 312 -31320  899999999999999
  5  2 -1 -3 -4 -4 -3 -1  1  4  7  9 10 11 11 12 13 14 14 15 15 14 13 1220 217Z81944 15999999999999999999999 444 -4999999999999999999999
  9  6  3  0 -2 -4 -5 -4 -3  0  3  6  9 11 13 14 15 16 16 16 16 15 15 1420 218Z81838 16999999999999999999999 615 -5999999999999999999999
 13 10  8  5  1 -1 -4 -5 -5 -3  0  4  7 11 13 15 16 16 17 17 16 16 16 1520 219Z818 9 17999999999999999999999 726 -5999999999999999999999
 15 14 12  9  6  2 -1 -4 -5 -5 -3  1  5  9 12 15 16 17 16 16 16 16 16 1620 220Z81715 17999999999999999999999 822 -5999999999999999999999
 16 16 15 13 10  6  2 -1 -4 -5 -4 -2  2  7 11 14 16 16 16 15 15 14 14 1520 221Z81654 16999999999999999999999 9 8 -52128 1499999999999999
 16 17 17 16 13 10  6  1 -2 -4 -5 -3  0  4  9 13 15 16 15 14 13 12 13 1320 222Z8 134 1717 0 1699999999999999 947 -52124 1299999999999999
 14 16 17 17 16 13  9  4  0 -3 -5 -5 -2  2  6 11 14 15 14 13 11 10 10 1020 223Z8 232 171714 15999999999999991021 -52143 1099999999999999
 12 14 16 17 17 15 11  7  2 -2 -4 -5 -4  0  4  8 12 14 14 12 10  8  7  720 224Z8 320 171731 14999999999999991052 -52212  799999999999999
  9 11 13 15 16 15 13  9  4  0 -3 -5 -4 -2  2  6 10 12 13 11  9  6  5  420 225Z8 4 3 161748 13999999999999991120 -52245  499999999999999
  5  7 10 13 14 15 13 10  6  2 -2 -4 -4 -3  0  4  8 10 11 11  8  5  3  220 226Z8 443 1518 6 11999999999999991146 -42321  299999999999999
  2  3  6  9 11 13 13 11  7  4  0 -2 -3 -2  0  3  6  9 10 10  8  5  2  020 227Z8 524 131821 119999999999999912 8 -32359  099999999999999
  0  0  2  5  8 10 11 10  8  5  2  0 -1 -1  1  3  6  8 10 10  8  6  2  020 228Z8 6 8 111835 10999999999999991223 -1999999999999999999999
 -2 -2 -1  2  4  7  8  9  8  6  4  3  2  2  3  4  7  9 10 10  9  7  4  120 229Z8 657  91845 1099999999999999 039 -21227  299999999999999
 -2 -3 -2 -1  1  4  6  7  8  7  6  5  4  4  5  6  8  9 10 11 10  8  5  220 3 1Z8 758  81848 1199999999999999 122 -31214  499999999999999
 -1 -2 -3 -3 -1  1  3  5  6  7  7  7  6  7  8  9 10 11 12 12 11 10  7  520 3 2Z81843 12999999999999999999999 211 -3999999999999999999999
  2 -1 -2 -3 -3 -2  0  2  4  6  7  8  8  9 10 11 12 13 13 13 12 11 10  720 3 3Z81820 13999999999999999999999 311 -3999999999999999999999
  5  2 -1 -2 -3 -3 -2 -1  1  4  6  8  9 11 12 13 14 14 14 14 13 13 12 1020 3 4Z81734 14999999999999999999999 431 -3999999999999999999999
  8  5  2  0 -2 -3 -4 -3 -2  0  3  6  9 11 13 14 15 15 15 15 14 14 13 1220 3 5Z81712 15999999999999999999999 6 0 -4999999999999999999999
 11  9  6  3  0 -3 -4 -5 -5 -3  0  3  7 10 13 15 15 16 15 15 14 14 14 1420 3 6Z81649 16999999999999999999999 711 -5999999999999999999999
 14 13 11  8  4  0 -4 -6 -7 -6 -4 -1  4  8 12 14 15 15 14 14 13 13 13 1320 3 7Z81629 15999999999999999999999 810 -72117 1399999999999999
 15 15 15 12  9  4 -1 -5 -8 -9 -8 -5  0  5  9 13 14 14 13 12 11 10 10 1120 3 8Z8 1 4 151633 1499999999999999 9 2 -92119 1099999999999999
 13 15 17 16 14 10  4 -2 -6 -9 -9 -8 -4  1  6 10 13 13 12 10  8  7  6  720 3 9Z8 217 171647 1399999999999999 950 -92140  699999999999999
 10 13 16 18 17 15 10  4 -2 -6 -9 -9 -7 -2  3  8 11 13 12  9  6  3  2  320 310Z8 322 1817 6 13999999999999991034 -92215  299999999999999
  5  8 12 16 18 18 15 10  3 -2 -5 -7 -6 -4  1  6 10 12 12  9  5  1 -1 -220 311Z8 424 181726 12999999999999991115 -72258 -299999999999999
 -1  2  6 11 15 17 17 14  9  3 -1 -3 -4 -2  1  5  9 11 12 10  6  2 -2 -420 312Z8 524 181746 12999999999999991152 -42346 -599999999999999
 -5 -3  0  5 10 14 16 16 13  9  5  2  1  1  3  6  9 11 12 12  8  4 -1 -420 313Z8 626 1618 4 12999999999999991223  0999999999999999999999
 -6 -6 -5 -1  3  8 12 14 14 12  9  7  5  5  6  8 10 12 13 13 11  7  2 -220 314Z8 731 141819 1399999999999999 038 -71243  599999999999999
 -5 -7 -7 -5 -2  2  6  9 12 12 11 10  9  9 10 11 12 14 14 14 13 10  6  220 315Z8 850 121826 1599999999999999 135 -71240  999999999999999
 -2 -4 -6 -6 -5 -3  1  4  7 10 11 11 12 12 13 14 14 15 16 15 15 13 10  720 316Z81815 16999999999999999999999 240 -6999999999999999999999
  3  0 -3 -4 -5 -4 -3  0  3  6  9 11 12 13 14 15 16 16 16 16 15 14 12 1020 317Z81729 16999999999999999999999 4 4 -5999999999999999999999
  8  5  2  0 -2 -3 -4 -3 -1  2  6  9 11 13 15 16 16 17 16 16 15 14 14 1220 318Z817 3 17999999999999999999999 542 -4999999999999999999999
 11  9  6  4  1 -1 -2 -3 -2  0  3  6  9 12 14 15 16 16 15 15 14 14 13 1320 319Z81635 16999999999999999999999 7 1 -3999999999999999999999
 13 12 10  8  5  2  0 -2 -3 -2  0  3  7 10 13 14 15 15 14 13 12 12 12 1220 320Z816 0 15999999999999999999999 8 1 -32133 1299999999999999
 13 13 12 11  8  5  2 -1 -2 -3 -2  1  5  8 11 13 14 13 12 11 10 10 10 1120 321Z8 039 131556 1499999999999999 847 -32116 1099999999999999
 12 13 13 13 11  8  4  1 -1 -3 -3 -1  2  6 10 12 13 12 11  9  7  7  7  820 322Z8 155 1316 4 1399999999999999 925 -32118  799999999999999
 10 12 13 13 13 10  7  3  0 -2 -3 -2  1  4  8 11 12 12 10  7  5  4  4  520 323Z8 250 131618 1299999999999999 957 -32135  499999999999999
  7  9 12 13 13 12  9  5  1 -1 -3 -2 -1  3  6  9 11 11  9  6  4  2  1  220 324Z8 335 131633 11999999999999991026 -322 0  199999999999999
  4  6 10 12 13 13 11  7  3  0 -1 -2 -1  2  5  8 10 11 10  7  3  0 -1 -120 325Z8 417 131648 11999999999999991052 -22230 -199999999999999
  0  3  7 10 12 13 12  9  6  3  1  0  0  2  5  8 10 11 10  7  3  0 -3 -320 326Z8 458 1317 2 11999999999999991115  023 1 -399999999999999
 -3  0  3  7 10 12 12 11  8  5  3  2  2  3  5  8 10 11 11  9  5  1 -3 -420 327Z8 539 121714 11999999999999991135  22335 -599999999999999
 -4 -3  0  4  8 11 12 12 10  8  6  5  4  5  7  9 11 12 12 10  7  2 -1 -420 328Z8 623 121723 12999999999999991147  4999999999999999999999
 -5 -4 -2  1  5  8 11 12 11 10  8  7  7  8  9 10 12 13 13 12  9  5  1 -320 329Z8 712 121729 1399999999999999 010 -51143  799999999999999
 -4 -5 -4 -1  2  6  9 11 11 11 10 10 10 10 11 12 13 14 14 13 11  7  4  020 330Z8 810 121728 1499999999999999 047 -51128 1099999999999999
 -3 -4 -4 -3  0  3  6  8 10 11 11 11 12 12 13 14 15 15 15 14 12 10  7  320 331Z81715 15999999999999999999999 130 -4999999999999999999999
  0 -2 -3 -3 -2  0  3  6  8 10 11 12 13 14 15 15 16 16 15 15 14 12  9  620 4 1Z81640 16999999999999999999999 223 -3999999999999999999999
  3  1 -1 -3 -3 -2  0  2  5  7 10 12 13 14 15 16 16 16 16 15 14 13 11  920 4 2Z81617 16999999999999999999999 336 -3999999999999999999999
  7  4  1 -1 -2 -3 -2 -1  1  4  7 10 12 14 15 16 16 16 15 14 14 13 12 1220 4 3Z81559 16999999999999999999999 511 -3999999999999999999999
 10  8  5  3  0 -2 -3 -4 -2  0  3  7 10 13 14 15 15 14 13 13 12 12 12 1220 4 4Z81523 152342 1399999999999999 636 -42052 1299999999999999
 13 12 10  7  4  0 -3 -4 -5 -3 -1  3  7 10 13 14 14 12 11 10  9  9 10 1120 4 5Z81516 14999999999999999999999 741 -52039  999999999999999
 13 14 14 12  9  4  0 -3 -5 -5 -3  0  4  8 11 13 13 11  9  7  5  5  6  820 4 6Z8 119 141526 1399999999999999 837 -52053  599999999999999
 11 14 16 16 14 10  5  1 -3 -4 -4 -2  2  6 10 12 13 11  8  4  2  1  1  320 4 7Z8 232 161543 1399999999999999 925 -42123  199999999999999
  6 11 15 17 17 15 11  6  2 -1 -2 -1  1  5  9 12 13 12  9  4  0 -2 -3 -220 4 8Z8 338 1816 2 139999999999999910 9 -222 1 -399999999999999
  0  5 11 15 18 19 16 12  7  4  2  1  2  5  9 12 14 14 11  6  1 -3 -6 -620 4 9Z8 439 191622 14999999999999991048  12245 -699999999999999
 -5 -1  5 11 16 19 19 17 13  9  7  5  6  7 10 13 15 15 14 10  4 -2 -6 -820 410Z8 539 191642 16999999999999991123  52333 -899999999999999
 -8 -6 -1  5 11 15 18 19 17 14 11 10 10 10 12 15 17 17 16 13  8  3 -2 -620 411Z8 639 191659 17999999999999991149 10999999999999999999999
 -8 -7 -5 -1  5 10 15 17 18 17 15 14 13 14 15 16 18 19 18 16 13  8  2 -220 412Z8 744 181713 1999999999999999 022 -812 1 1399999999999999
 -5 -6 -6 -3  0  5 10 14 16 17 17 16 16 16 17 18 19 20 19 18 16 12  8  320 413Z8 9 9 171716 2099999999999999 115 -61146 1699999999999999
  0 -3 -4 -4 -2  1  5  9 13 15 16 17 17 18 18 19 20 20 19 19 17 15 12  820 414Z81653 20999999999999999999999 213 -4999999999999999999999
  5  2  0 -1 -1  0  2  5  9 12 14 16 17 18 19 19 19 19 19 18 17 16 14 1120 415Z81612 19999999999999999999999 325 -1999999999999999999999
  9  6  4  2  1  1  1  3  5  8 11 14 16 17 18 18 18 18 17 16 16 15 14 1320 416Z81534 18999999999999999999999 455  1999999999999999999999
 12 10  8  6  4  2  2  2  3  6  8 11 14 16 16 17 16 16 15 14 13 13 13 1320 417Z81442 17999999999999999999999 617  2999999999999999999999
 13 12 10  9  6  4  3  2  2  4  6  9 12 14 15 15 15 13 12 11 11 10 11 1120 418Z81436 15999999999999999999999 719  22052 1099999999999999
 12 12 12 11  9  7  4  3  2  3  4  7 10 12 14 14 13 12 10  8  8  7  8  920 419Z8 058 121443 1499999999999999 8 8  22045  799999999999999
 11 12 13 12 11  9  6  4  3  2  3  5  8 11 13 13 13 11  8  6  5  4  5  720 420Z8 2 8 131456 1399999999999999 847  22054  499999999999999
  9 11 13 13 13 11  8  6  4  3  3  5  7 10 12 13 13 11  8  5  2  2  2  420 421Z8 3 1 1315 9 1399999999999999 920  32114  299999999999999
  6  9 12 13 14 13 11  8  6  4  4  5  7 10 12 13 13 11  8  4  1  0 -1  120 422Z8 346 141524 1399999999999999 949  42139 -199999999999999
  3  7 10 13 15 15 13 11  8  7  6  6  8 10 12 14 14 13  9  5  1 -1 -2 -220 423Z8 427 151538 14999999999999991016  622 8 -299999999999999
  1  4  9 12 15 16 15 13 11  9  8  8  9 11 13 15 15 14 12  7  3 -1 -3 -320 424Z8 5 8 161553 15999999999999991040  82239 -399999999999999
 -2  2  6 11 14 16 17 16 14 12 11 11 11 12 14 16 17 16 14 10  5  1 -2 -420 425Z8 549 1716 6 179999999999999911 0 112312 -499999999999999
 -3 -1  4  8 13 16 18 18 16 15 14 13 14 14 16 17 18 18 16 13  8  3  0 -320 426Z8 632 181618 189999999999999911 9 132347 -399999999999999
 -3 -2  1  6 10 14 17 18 18 17 16 16 16 17 17 19 19 19 18 16 12  7  2 -120 427Z8 721 181627 199999999999999911 3 16999999999999999999999
 -2 -2  0  3  7 11 15 17 18 18 18 18 18 18 19 20 20 20 19 17 14 10  6  220 428Z8 821 181631 2099999999999999 026 -31054 1899999999999999
  0 -1 -1  1  4  8 12 15 17 18 18 18 19 19 20 20 20 20 20 18 16 13  9  520 429Z81616 20999999999999999999999 110 -1999999999999999999999
  2  0  0  0  2  5  8 11 14 16 18 18 19 19 20 20 20 20 19 18 17 15 12  920 430Z81530 20999999999999999999999 2 3  0999999999999999999999
  6  3  1  0  1  2  4  7 10 13 16 17 18 19 19 19 19 18 18 17 17 16 14 1220 5 1Z815 0 19999999999999999999999 310  0999999999999999999999
 10  7  4  2  1  1  2  4  7 10 13 15 17 18 18 17 17 16 16 15 15 15 15 1420 5 2Z81350 18999999999999999999999 433  1999999999999999999999
 13 11  8  5  3  2  1  2  4  6 10 13 15 16 16 16 15 14 12 12 11 12 13 1420 5 3Z81342 17999999999999999999999 555  11945 1199999999999999
 15 14 13 10  7  4  3  2  3  4  7 10 13 15 16 15 13 11  9  8  7  8 10 1220 5 4Z8 0 5 151354 1699999999999999 7 3  21959  799999999999999
 15 16 16 15 12  9  6  4  4  4  6  9 12 15 16 15 13 10  7  5  3  3  5  820 5 5Z8 133 171411 1699999999999999 8 1  42028  399999999999999
 12 16 18 19 17 14 11  8  7  6  7  9 12 15 17 17 15 11  7  3  0 -1  0  320 5 6Z8 247 191431 1799999999999999 851  621 5 -199999999999999
  7 13 17 20 21 20 17 13 11 10 10 11 13 16 18 19 18 14  9  4  0 -3 -3 -220 5 7Z8 352 211454 1999999999999999 935  92148 -499999999999999
  2  8 14 19 22 23 22 19 16 14 13 14 15 18 20 21 21 18 14  8  2 -2 -5 -520 5 8Z8 453 231517 21999999999999991013 132233 -599999999999999
 -2  2  9 15 20 23 24 23 21 19 17 17 18 20 22 23 23 22 19 13  7  1 -3 -520 5 9Z8 552 241542 24999999999999991044 172320 -599999999999999
 -4 -1  4 10 16 21 24 25 24 22 21 20 21 22 23 25 25 25 22 18 13  6  1 -220 510Z8 650 2516 5 259999999999999911 6 20999999999999999999999
 -3 -2  1  6 11 17 21 24 25 24 23 23 23 23 24 25 26 26 25 22 18 12  7  320 511Z8 753 251626 2699999999999999 0 8 -31117 2399999999999999
  0 -1  0  3  7 12 17 21 23 24 24 24 24 24 25 25 26 26 25 24 21 17 12  820 512Z81639 26999999999999999999999 058 -1999999999999999999999
  5  3  2  3  5  9 13 17 20 22 23 23 24 24 24 24 25 25 24 23 22 19 16 1220 513Z81628 25999999999999999999999 151  2999999999999999999999
  9  7  5  5  5  7 10 13 17 19 21 22 23 23 23 23 23 23 22 22 21 19 17 1520 514Z81516 23999999999999999999999 250  5999999999999999999999
 12 10  8  7  7  7  8 11 14 16 19 20 21 21 21 21 20 20 19 19 18 18 17 1620 515Z81246 21999999999999999999999 358  7999999999999999999999
 14 13 11  9  8  8  8  9 11 14 16 18 19 20 19 19 18 17 16 15 15 15 15 1520 516Z81255 20999999999999999999999 510  8999999999999999999999
 15 14 13 12 10  9  9  9 10 12 14 16 18 19 18 17 16 14 13 12 12 12 13 1420 517Z813 9 19999999999999999999999 613  91957 1299999999999999
 14 15 14 13 12 11 10  9 10 11 13 15 17 18 18 16 15 12 10  9  9  9 10 1220 518Z8 055 151323 1899999999999999 7 5  920 4  999999999999999
 13 15 15 15 14 13 12 11 10 11 12 14 16 18 18 17 14 12  9  7  6  6  7  920 519Z8 212 151338 1899999999999999 749 102022  699999999999999
 12 14 16 17 16 15 14 13 12 12 13 15 16 18 19 18 15 12  9  6  4  4  5  720 520Z8 310 171354 1999999999999999 826 122047  499999999999999
 10 13 16 18 18 18 17 15 14 14 14 16 17 19 20 19 17 14 10  6  3  2  3  520 521Z8 357 181411 2099999999999999 9 0 142115  299999999999999
  8 12 16 19 20 20 20 18 17 16 16 17 19 20 21 21 20 17 13  8  4  2  1  320 522Z8 439 201430 2299999999999999 931 162146  199999999999999
  6 10 15 19 21 23 22 21 20 19 19 19 20 22 23 24 23 20 16 11  6  3  1  220 523Z8 518 231450 2499999999999999 958 192220  199999999999999
  4  8 13 18 21 24 25 24 23 22 22 22 22 23 25 26 25 23 20 15  9  5  2  120 524Z8 558 251511 26999999999999991018 212256  199999999999999
  2  6 10 15 20 24 25 26 25 24 24 24 24 25 26 27 27 26 23 19 13  8  4  220 525Z8 641 261535 27999999999999991026 242335  299999999999999
  2  4  7 12 17 22 25 26 26 25 25 25 25 26 26 27 28 27 25 22 17 12  7  420 526Z8 728 261558 28999999999999991031 25999999999999999999999
  3  3  5  9 14 18 22 25 26 26 25 25 26 26 26 27 27 27 26 24 21 16 11  720 527Z81623 28999999999999999999999 018  3999999999999999999999
  4  3  4  6 10 14 18 22 24 25 25 25 25 25 26 26 26 26 26 25 22 19 15 1120 528Z81646 26999999999999999999999 1 5  3999999999999999999999
  7  5  4  5  7 11 14 18 21 23 24 24 24 24 24 24 24 24 24 24 23 21 18 1420 529Z81257 24999999999999999999999 157  4999999999999999999999
 11  8  6  6  6  8 11 14 17 20 22 23 23 22 22 22 21 21 21 21 21 21 19 1720 530Z81133 23999999999999999999999 255  6999999999999999999999
 15 12  9  8  7  8  9 12 15 17 20 21 21 21 20 19 18 17 17 17 18 19 19 1920 531Z81153 212226 1999999999999999 4 0  71818 1799999999999999
 18 16 14 11 10  9 10 11 13 16 18 20 21 21 19 17 16 14 13 13 13 15 17 1920 6 1Z81214 21999999999999999999999 5 8  91851 1399999999999999
 20 19 18 16 14 13 12 12 13 15 18 20 21 21 20 18 15 12 10  9  9 10 13 1620 6 2Z8 021 201235 2199999999999999 613 121929  899999999999999
 19 21 22 21 19 17 16 15 15 16 18 20 22 23 22 20 16 12  8  6  5  6  8 1220 6 3Z8 149 221258 2399999999999999 712 152010  599999999999999
 16 20 23 24 24 22 20 19 19 19 20 22 24 25 25 23 19 15 10  6  3  3  4  720 6 4Z8 3 5 241324 2599999999999999 8 3 192053  399999999999999
 12 18 22 26 27 27 25 23 22 22 23 24 26 27 28 27 24 19 14  8  4  2  1  320 6 5Z8 412 271354 2899999999999999 846 222139  199999999999999
  8 13 20 25 28 30 29 27 26 26 26 26 28 29 30 30 29 25 20 13  8  4  2  220 6 6Z8 510 301426 3199999999999999 921 252225  199999999999999
  4  9 15 22 27 30 31 30 29 28 28 28 29 31 32 33 32 29 25 19 13  8  4  320 6 7Z8 6 3 3115 1 3399999999999999 950 282312  399999999999999
  3  6 12 18 23 28 31 32 31 30 29 29 30 31 32 33 34 32 29 25 19 13  8  520 6 8Z8 654 321537 34999999999999991017 292359  499999999999999
  4  6  9 14 19 25 29 31 31 31 30 30 30 31 32 33 33 33 31 28 24 18 13  920 6 9Z8 744 311612 33999999999999991047 30999999999999999999999
  7  7  8 11 16 21 25 28 30 30 30 29 29 30 30 31 32 32 31 29 26 22 18 1420 610Z8 835 301645 3299999999999999 045  71126 2999999999999999
 11  9  9 11 14 17 22 25 27 28 28 28 28 28 28 29 29 29 29 28 26 24 20 1720 611Z8 928 291715 2999999999999999 131  91227 2899999999999999
 14 12 11 11 13 15 18 22 24 26 27 27 26 26 26 26 26 26 26 26 25 23 21 1920 612Z81016 271744 2699999999999999 216 111418 2699999999999999
 16 14 13 12 13 14 16 19 22 24 25 25 25 24 23 23 22 22 22 22 22 22 21 1920 613Z81052 25999999999999999999999 3 1 12999999999999999999999
 18 16 15 14 14 14 16 18 20 22 23 24 24 23 22 21 20 19 19 19 19 19 19 1920 614Z81119 2422 2 1999999999999999 345 141825 1999999999999999
 19 18 17 16 16 15 16 17 19 20 22 23 23 23 21 19 18 16 15 15 16 16 17 1820 615Z81141 23999999999999999999999 432 151852 1599999999999999
 19 19 18 18 18 17 17 18 19 20 22 23 23 23 21 19 17 15 13 12 13 13 15 1720 616Z8 044 1912 0 2399999999999999 523 171918 1299999999999999
 18 20 20 20 20 20 19 19 20 21 22 23 24 24 23 20 17 14 12 11 10 11 13 1520 617Z8 236 201219 2499999999999999 618 191947 1099999999999999
 18 20 22 22 22 22 22 22 22 22 23 25 26 26 25 22 19 16 12 10  9  9 11 1420 618Z8 351 231240 2699999999999999 711 222018  999999999999999
 17 20 23 24 25 25 25 24 24 25 25 26 27 28 27 25 22 18 14 11  8  8  9 1220 619Z8 433 2513 5 2899999999999999 758 242052  899999999999999
 15 19 23 26 27 28 28 27 27 27 27 28 29 30 30 29 26 22 17 13  9  7  7  920 620Z8 5 5 281333 3099999999999999 837 272128  799999999999999
 13 18 22 26 29 30 30 30 29 29 29 30 31 32 32 32 30 26 21 16 11  8  7  820 621Z8 535 3014 5 3299999999999999 9 8 2922 7  799999999999999
 11 15 20 25 29 31 32 32 31 31 31 31 32 33 34 34 33 30 26 20 15 10  8  720 622Z8 6 8 321442 3499999999999999 929 302248  799999999999999
  8 12 17 22 27 30 32 33 32 31 31 31 32 33 34 35 35 33 30 25 19 13  9  720 623Z8 643 331521 3599999999999999 949 312331  799999999999999
  7  9 13 18 24 28 31 32 32 31 31 31 31 32 33 34 35 34 32 28 23 17 12  920 624Z8 722 3216 4 35999999999999991017 31999999999999999999999
  7  8 10 14 19 24 28 30 31 31 30 30 30 31 31 32 33 34 33 31 27 21 16 1220 625Z8 8 3 311652 3499999999999999 017  71057 3099999999999999
  9  8  9 12 16 20 24 27 29 30 29 28 28 28 29 29 30 31 31 31 28 25 20 1620 626Z8 844 301750 3199999999999999 1 3  812 5 2899999999999999
 12 10 10 11 13 17 21 24 27 28 28 27 26 26 25 26 26 27 28 28 28 26 23 2020 627Z8 923 2819 6 2899999999999999 150 1014 7 2599999999999999
 16 13 12 12 13 15 18 22 24 26 27 26 25 24 23 22 22 22 23 24 25 26 25 2320 628Z8 957 272049 2699999999999999 236 121553 2299999999999999
 20 18 16 15 15 16 18 20 23 25 26 26 25 23 21 20 19 18 18 19 21 23 24 2420 629Z81026 262249 2499999999999999 323 151713 1899999999999999
 23 22 20 19 18 19 20 21 23 25 26 27 26 24 21 19 17 15 14 15 16 18 21 2320 630Z81054 27999999999999999999999 410 181816 1499999999999999
 25 25 24 23 22 22 22 23 24 26 27 28 28 27 24 20 17 14 12 11 12 14 17 2120 7 1Z8 041 251122 2899999999999999 5 0 221910 1199999999999999
 24 26 27 27 27 26 26 26 27 28 29 30 31 30 28 24 20 16 12 10  9 10 13 1720 7 2Z8 224 271153 3199999999999999 557 2620 1  999999999999999
 21 26 29 30 30 30 30 29 30 30 31 32 33 33 32 29 25 20 15 11  9  8  9 1320 7 3Z8 348 301231 3399999999999999 655 292049  899999999999999
 18 23 28 31 33 33 33 32 32 32 33 34 35 36 35 34 30 25 20 15 11  8  8 1020 7 4Z8 444 331314 3699999999999999 745 322136  899999999999999
 14 20 25 30 33 35 35 34 34 34 34 35 36 37 38 37 35 31 26 20 14 11  9  920 7 5Z8 527 3514 0 3899999999999999 828 342223  999999999999999
 12 16 22 28 32 35 36 35 35 34 34 35 36 37 39 39 38 35 31 25 19 14 11 1020 7 6Z8 6 3 361447 3999999999999999 9 8 3423 7 1099999999999999
 11 14 19 24 30 33 36 36 35 34 34 34 35 36 38 39 39 37 34 30 24 19 14 1220 7 7Z8 638 361533 3999999999999999 949 342350 1199999999999999
 11 13 16 21 26 31 34 35 34 33 33 33 33 34 35 37 38 37 36 32 28 22 18 1420 7 8Z8 712 351616 38999999999999991032 32999999999999999999999
 13 13 15 18 23 27 31 33 33 32 31 31 31 31 32 34 35 36 35 33 30 25 21 1720 7 9Z8 745 331657 3699999999999999 029 121122 3199999999999999
 15 14 14 17 20 24 28 30 31 31 30 29 29 29 29 30 31 32 32 31 30 26 23 2020 710Z8 817 321738 3299999999999999 1 6 141224 2999999999999999
 17 16 15 16 19 22 25 28 29 30 29 28 27 26 26 27 27 28 29 29 28 26 24 2120 711Z8 847 301824 2999999999999999 139 151336 2699999999999999
 19 18 17 17 19 21 23 26 28 28 28 27 26 24 24 23 24 24 25 25 25 25 24 2220 712Z8 915 281932 2599999999999999 2 7 171457 2399999999999999
 21 19 19 19 20 21 23 25 26 28 28 27 25 24 22 21 21 21 21 22 22 23 23 2320 713Z8 940 282136 2399999999999999 227 191623 2199999999999999
 22 21 21 21 21 22 23 25 26 27 28 27 26 24 22 20 19 18 18 19 20 21 22 2220 714Z810 4 28999999999999999999999 230 211736 1899999999999999
 23 23 23 23 24 24 25 26 27 28 28 28 27 26 23 21 19 17 16 16 17 18 20 2220 715Z81028 299999999999999999999991828 16999999999999999999999
 24 25 25 26 26 27 27 28 28 29 30 30 29 28 25 23 20 17 15 15 15 16 19 2120 716Z81054 309999999999999999999991911 15999999999999999999999
 24 26 27 28 29 29 30 30 30 31 31 32 32 31 29 26 22 19 16 14 13 14 17 2020 717Z81128 329999999999999999999991951 13999999999999999999999
 23 26 29 30 31 32 32 32 32 32 33 33 34 34 32 29 26 21 17 14 13 13 14 1720 718Z812 8 349999999999999999999992032 12999999999999999999999
 21 25 29 32 33 34 34 34 34 34 34 35 36 36 35 33 30 25 20 16 13 12 12 1420 719Z81255 369999999999999999999992114 12999999999999999999999
 18 23 28 31 34 35 35 35 35 35 35 36 37 38 38 37 34 30 25 19 14 12 11 1220 720Z8 543 351344 3899999999999999 837 352157 1199999999999999
 15 20 25 30 33 35 36 36 35 35 35 35 36 38 39 39 37 34 29 23 17 13 10 1020 721Z8 559 361435 3999999999999999 9 5 352242 1099999999999999
 12 16 21 26 31 34 36 35 34 34 34 34 35 36 38 39 39 37 34 28 22 16 12 1020 722Z8 623 361526 4099999999999999 938 342326 1099999999999999
 10 12 17 22 27 31 34 34 34 32 32 32 32 34 35 38 39 38 36 32 26 20 15 1120 723Z8 650 341621 39999999999999991020 32999999999999999999999
 10 11 14 18 24 28 31 33 33 31 30 29 29 30 32 34 36 37 37 34 30 25 19 1520 724Z8 719 331719 3799999999999999 010 101115 2999999999999999
 12 12 13 16 20 25 29 31 31 30 28 27 26 26 27 29 31 33 34 34 32 28 24 1920 725Z8 747 311824 3499999999999999 052 121226 2699999999999999
 16 14 14 16 19 23 26 29 30 30 28 26 24 23 23 24 25 27 29 31 31 30 27 2420 726Z8 814 301941 3199999999999999 131 141346 2399999999999999
 21 19 18 18 20 23 26 28 30 30 29 26 24 22 21 20 21 22 24 26 28 29 28 2720 727Z8 841 302115 2999999999999999 2 6 1815 8 2099999999999999
 25 23 22 22 23 24 26 28 30 30 30 28 26 23 20 19 18 18 19 20 23 25 27 2820 728Z8 9 6 302315 2899999999999999 233 221634 1899999999999999
 28 27 26 26 26 27 28 30 31 32 32 31 29 26 22 19 17 16 15 16 18 21 24 2720 729Z8 933 32999999999999999999999 246 261755 1599999999999999
 29 29 30 30 30 31 31 32 33 33 34 33 32 30 26 23 19 16 14 14 14 17 20 2420 730Z810 6 3499999999999999999999919 2 14999999999999999999999
 27 30 32 33 33 33 34 34 34 35 36 36 35 34 31 27 23 19 16 14 13 14 16 2020 731Z81056 369999999999999999999991959 13999999999999999999999
 25 29 32 34 35 35 35 36 36 36 37 37 38 37 35 32 28 24 19 16 13 13 14 1720 8 1Z81159 389999999999999999999992050 13999999999999999999999
 22 27 31 34 36 36 36 36 36 36 37 38 39 39 39 37 33 29 24 19 15 13 13 1520 8 2Z813 2 399999999999999999999992136 13999999999999999999999
 19 24 29 33 36 37 37 36 36 36 36 37 38 40 40 40 37 34 29 23 18 15 13 1420 8 3Z8 518 3714 0 4099999999999999 813 362218 1399999999999999
 16 21 26 31 34 36 37 36 35 34 35 35 37 38 40 40 39 37 33 27 22 17 15 1420 8 4Z8 538 371451 4099999999999999 858 342257 1499999999999999
 15 18 23 28 32 35 36 35 34 33 32 33 34 36 38 39 40 38 35 31 25 20 17 1520 8 5Z8 6 1 361539 4099999999999999 941 322333 1499999999999999
 15 17 20 25 29 33 34 34 33 31 30 30 31 33 35 37 38 38 36 33 28 23 19 1620 8 6Z8 625 351622 38999999999999991025 30999999999999999999999
 15 16 19 23 27 30 33 33 32 30 28 28 28 29 31 33 35 35 35 33 29 25 21 1820 8 7Z8 649 3317 4 3599999999999999 0 5 151112 2899999999999999
 17 17 18 21 25 28 30 32 31 29 27 26 25 26 27 29 31 32 33 32 30 26 23 2020 8 8Z8 711 321748 3399999999999999 033 1612 3 2599999999999999
 19 18 19 21 24 26 29 30 30 29 27 25 24 23 24 25 27 28 29 30 29 27 24 2220 8 9Z8 732 301838 3099999999999999 057 181258 2399999999999999
 21 20 20 22 24 26 28 29 30 29 27 25 23 22 22 22 23 25 26 27 27 26 25 2420 810Z8 751 301944 2799999999999999 112 201357 2299999999999999
 23 22 23 23 25 26 28 29 30 29 28 26 24 22 21 20 20 21 23 24 25 25 25 2520 811Z8 8 7 302124 2599999999999999 112 2215 2 2099999999999999
 25 25 25 26 27 28 29 30 30 30 29 28 25 23 21 20 19 19 20 21 23 24 25 2620 812Z8 822 30999999999999999999999 035 251616 1999999999999999
 26 27 27 28 29 30 30 31 31 31 31 30 28 25 23 20 19 18 18 19 20 22 24 2620 813Z8 836 329999999999999999999991730 18999999999999999999999
 27 28 29 30 31 32 32 32 33 33 33 32 30 28 25 22 20 18 17 17 18 20 22 2520 814Z8 856 339999999999999999999991832 17999999999999999999999
 28 30 31 32 33 34 34 34 34 34 34 34 33 31 29 25 22 19 17 16 16 17 20 2320 815Z8 951 349999999999999999999991925 15999999999999999999999
 27 30 32 34 35 35 35 35 35 35 35 35 35 34 32 29 25 21 18 15 14 15 17 2020 816Z81123 369999999999999999999992013 14999999999999999999999
 24 28 32 34 35 36 36 35 35 35 36 36 37 37 36 33 30 25 20 16 13 13 13 1620 817Z8 517 361238 3799999999999999 827 3521 0 1399999999999999
 21 25 30 33 35 36 36 35 34 34 35 36 37 38 38 37 34 29 24 18 14 12 11 1320 818Z8 511 361341 3899999999999999 841 342145 1199999999999999
 16 21 27 31 34 35 35 34 33 33 33 34 35 37 39 39 38 34 29 22 17 13 11 1120 819Z8 521 351440 3999999999999999 9 4 332229 1099999999999999
 13 17 23 28 32 34 34 33 31 30 30 31 32 34 37 39 39 38 34 28 21 15 12 1120 820Z8 539 341538 4099999999999999 940 302311 1199999999999999
 11 14 19 24 29 32 33 32 30 28 27 27 28 30 33 36 38 39 37 32 26 20 15 1320 821Z8 6 1 331637 39999999999999991025 272352 1299999999999999
 12 13 17 22 26 30 32 31 29 26 24 23 23 25 27 31 34 36 37 35 31 25 20 1720 822Z8 623 321740 37999999999999991119 23999999999999999999999
 15 15 17 21 25 28 31 31 30 27 23 21 20 20 22 25 28 32 34 34 33 29 25 2220 823Z8 645 311847 3499999999999999 029 151220 2099999999999999
 20 19 20 22 25 28 30 31 31 28 25 21 19 18 18 20 22 25 29 31 32 31 29 2620 824Z8 7 7 3120 2 3299999999999999 1 1 191327 1899999999999999
 24 23 23 25 27 29 31 32 32 30 27 24 20 18 17 17 18 20 23 26 28 30 30 2920 825Z8 727 322138 3099999999999999 123 231440 1699999999999999
 28 28 28 28 29 31 32 33 33 32 30 27 24 21 18 16 16 16 18 20 23 26 28 3020 826Z8 745 33999999999999999999999 124 2716 7 1699999999999999
 30 31 31 31 32 33 34 34 35 34 33 31 28 25 21 19 17 15 15 16 19 22 25 2820 827Z8 8 1 359999999999999999999991739 15999999999999999999999
 30 32 33 34 34 35 35 35 36 36 35 34 32 29 26 23 20 17 15 15 16 18 21 2520 828Z8 820 369999999999999999999991855 15999999999999999999999
 29 32 34 35 35 36 36 36 36 36 36 36 35 34 31 28 24 20 17 15 14 15 18 2220 829Z8 822 369999999999999999999991955 14999999999999999999999
 26 30 33 35 36 36 36 35 35 35 36 36 37 36 35 32 29 24 20 17 15 15 16 1920 830Z812 1 379999999999999999999992045 14999999999999999999999
 23 28 32 34 35 35 35 34 34 34 35 35 37 37 37 35 33 28 24 20 16 15 15 1720 831Z8 430 351315 3799999999999999 812 342128 1599999999999999
 21 25 29 33 34 34 34 32 32 32 32 33 35 37 37 37 35 32 27 22 18 16 15 1620 9 1Z8 437 351413 3799999999999999 833 3222 5 1599999999999999
 18 23 27 31 33 34 33 31 30 29 29 30 32 34 36 37 36 34 30 25 21 17 15 1520 9 2Z8 452 3415 3 3799999999999999 9 4 292238 1599999999999999
 17 20 25 28 31 33 32 30 28 27 26 27 29 31 34 36 36 35 32 28 23 19 16 1520 9 3Z8 510 331548 3699999999999999 940 2623 7 1599999999999999
 16 19 22 26 30 31 31 29 27 25 24 24 25 27 30 33 34 34 33 29 25 21 18 1720 9 4Z8 529 321630 34999999999999991018 242332 1699999999999999
 16 18 21 25 28 30 31 29 26 24 22 21 22 24 26 29 32 33 32 30 27 23 20 1820 9 5Z8 547 311713 33999999999999991057 212354 1899999999999999
 18 19 21 24 27 29 30 29 27 24 21 20 19 20 23 26 28 30 31 30 28 25 22 2120 9 6Z8 6 4 301758 31999999999999991139 19999999999999999999999
 20 20 22 24 27 29 30 29 27 24 21 19 18 18 20 22 25 27 28 29 28 26 24 2320 9 7Z8 618 301849 2999999999999999 010 201223 1899999999999999
 22 22 23 25 27 29 30 30 28 26 23 20 18 17 18 19 22 24 26 27 27 27 26 2520 9 8Z8 628 301951 2799999999999999 014 221310 172356 259999999
 25 25 26 27 28 30 30 30 30 27 25 22 19 18 17 18 19 21 23 25 26 27 27 2720 9 9Z8 634 3199999999999999999999914 3 17999999999999999999999
 27 27 28 29 30 31 31 31 31 29 27 24 21 19 18 17 18 19 20 22 24 26 27 2820 910Z8 632 3199999999999999999999915 6 17999999999999999999999
 28 29 30 31 31 32 32 32 32 31 29 27 24 21 19 18 17 17 18 19 21 24 26 2820 911Z8 614 329999999999999999999991627 17999999999999999999999
 29 30 31 32 33 33 33 33 32 32 31 29 27 24 22 19 18 16 16 17 18 21 24 2620 912Z8 519 339999999999999999999991750 16999999999999999999999
 29 31 32 33 34 34 34 33 33 32 32 31 30 28 25 22 19 17 15 15 15 17 20 2420 913Z8 451 349999999999999999999991856 15999999999999999999999
 27 30 32 33 34 34 33 33 32 32 32 33 32 31 29 26 22 18 15 13 13 14 16 2020 914Z8 434 349999999999999999999991950 13999999999999999999999
 24 28 31 32 33 33 32 32 31 31 32 32 33 34 32 30 26 21 17 13 11 11 13 1620 915Z8 414 331239 3499999999999999 836 312039 1199999999999999
 20 25 29 31 32 32 31 29 29 29 29 31 33 34 35 34 31 26 20 15 12 10 10 1320 916Z8 413 321348 3599999999999999 840 292124 1099999999999999
 17 22 26 29 31 31 29 27 26 25 26 27 30 33 35 36 34 31 26 20 15 11 10 1120 917Z8 424 311451 3699999999999999 9 2 2522 7 1099999999999999
 14 19 23 27 30 30 28 26 23 21 21 22 25 29 33 35 36 35 31 25 19 15 12 1220 918Z8 440 301552 3699999999999999 938 212247 1299999999999999
 13 17 21 26 29 30 29 25 22 19 17 18 19 23 27 32 35 36 34 30 25 20 16 1520 919Z8 5 0 301654 36999999999999991022 172324 1599999999999999
 15 17 21 25 28 30 29 27 22 18 15 14 15 17 21 26 31 34 35 33 30 25 22 1920 920Z8 520 301757 35999999999999991113 142357 1999999999999999
 19 20 22 25 28 30 31 29 25 20 16 13 12 13 15 20 24 29 32 33 32 29 26 2420 921Z8 539 3119 3 339999999999999912 8 12999999999999999999999
 23 23 25 27 29 31 32 31 28 24 19 15 13 12 12 15 18 23 27 30 31 31 29 2820 922Z8 557 322019 3199999999999999 021 2313 8 1299999999999999
 27 27 28 29 31 32 33 33 31 28 23 19 16 13 12 13 14 17 21 25 28 30 30 3020 923Z8 612 33999999999999999999999 026 271416 1299999999999999
 30 30 31 32 33 34 34 34 33 31 28 24 20 17 15 13 13 14 16 19 23 26 28 3020 924Z8 619 349999999999999999999991541 13999999999999999999999
 31 32 33 33 34 34 34 34 34 33 31 28 25 22 19 17 15 14 14 16 19 22 25 2820 925Z8 551 349999999999999999999991718 14999999999999999999999
 30 32 33 34 34 34 34 34 33 33 32 31 29 27 24 21 18 16 15 14 16 18 22 2520 926Z8 450 349999999999999999999991838 14999999999999999999999
 28 31 32 33 33 33 33 32 32 32 32 32 31 30 28 25 22 19 16 15 14 16 18 2220 927Z8 411 339999999999999999999991939 14999999999999999999999
 26 29 31 32 32 31 31 30 30 30 30 31 32 32 30 28 25 22 18 16 14 14 16 1920 928Z8 332 321224 3299999999999999 828 302028 1499999999999999
 23 27 29 31 31 30 28 28 27 27 28 29 30 31 31 30 28 25 21 17 15 14 15 1720 929Z8 329 311335 3299999999999999 830 2721 7 1499999999999999
 21 24 27 29 29 28 27 25 24 24 24 26 28 30 31 31 30 27 23 19 16 15 14 1620 930Z8 339 301429 3199999999999999 843 242140 1499999999999999
 19 22 26 28 29 28 25 23 21 21 21 22 25 28 30 31 30 28 25 21 18 16 15 152010 1Z8 354 291516 3199999999999999 9 5 2122 8 1599999999999999
 18 21 24 27 28 27 25 22 19 18 18 19 21 24 27 30 30 29 27 23 20 17 16 162010 2Z8 4 9 281559 3099999999999999 934 182233 1699999999999999
 17 20 23 26 27 27 25 22 18 16 15 16 18 21 25 28 29 30 28 25 22 19 18 172010 3Z8 425 281641 309999999999999910 6 152254 1799999999999999
 18 20 23 26 27 27 26 23 19 16 14 14 15 18 21 25 28 29 29 27 24 22 20 192010 4Z8 439 281724 29999999999999991039 132312 1999999999999999
 20 21 23 26 27 28 27 24 20 16 14 12 13 15 18 22 25 28 29 28 26 24 22 222010 5Z8 452 2818 8 29999999999999991115 122323 2299999999999999
 22 23 24 26 28 29 28 26 22 18 15 13 12 13 16 19 23 25 27 28 27 26 25 242010 6Z8 5 2 291857 28999999999999991153 122318 2499999999999999
 24 25 26 28 29 30 29 27 24 21 17 14 12 12 14 16 20 23 25 27 27 27 26 262010 7Z8 5 8 301955 27999999999999991234 1223 0 2699999999999999
 26 27 28 29 30 30 30 29 26 23 19 16 14 13 13 15 17 20 23 25 26 27 27 272010 8Z8 5 9 309999999999999999999991320 13999999999999999999999
 28 28 29 30 31 31 30 30 28 25 22 19 16 14 13 14 15 17 19 22 24 26 27 282010 9Z8 5 0 319999999999999999999991416 13999999999999999999999
 28 29 30 31 31 31 31 30 29 27 24 22 19 16 15 14 14 15 16 18 21 23 25 27201010Z8 426 319999999999999999999991530 14999999999999999999999
 28 29 30 31 31 31 30 30 29 28 26 24 22 19 17 15 13 13 13 15 17 20 23 25201011Z8 356 3199999999999999999999917 0 13999999999999999999999
 27 29 30 30 30 30 29 29 28 28 27 26 25 22 20 17 14 13 12 12 13 16 19 22201012Z8 341 309999999999999999999991818 12999999999999999999999
 25 27 28 29 29 28 27 27 26 26 27 27 27 26 23 20 17 14 12 10 11 12 15 19201013Z8 3 9 291114 2799999999999999 824 261918 1099999999999999
 23 25 27 28 27 26 25 24 23 24 25 26 28 28 27 24 21 17 13 11 10 10 12 16201014Z8 255 281249 2899999999999999 811 232010 1099999999999999
 20 23 26 26 26 24 22 20 19 20 21 23 26 28 29 28 26 21 17 13 11 10 11 14201015Z8 3 1 2614 0 2999999999999999 823 192056 1099999999999999
 18 22 25 26 25 23 20 17 16 15 16 18 22 26 30 31 30 27 22 17 14 12 12 13201016Z8 315 2615 6 3199999999999999 851 152138 1299999999999999
 17 21 24 26 26 24 20 16 13 11 11 13 17 22 27 30 32 31 28 23 19 16 15 15201017Z8 333 2616 8 3299999999999999 930 112217 1599999999999999
 17 21 24 27 27 26 22 17 13  9  8  8 11 16 21 27 31 33 32 28 24 21 19 19201018Z8 353 2717 9 33999999999999991014  82251 1999999999999999
 20 22 25 28 29 28 26 21 15 10  7  6  7 10 15 21 27 31 32 32 29 26 24 23201019Z8 414 291811 329999999999999911 3  62319 2399999999999999
 23 24 27 29 31 31 29 25 20 14  9  6  5  7 10 15 21 26 30 32 31 29 27 27201020Z8 435 311915 32999999999999991156  52334 2699999999999999
 27 27 29 30 32 32 32 29 24 19 14 10  7  6  8 11 15 20 25 28 30 30 30 29201021Z8 455 322033 30999999999999991252  62330 2999999999999999
 29 30 30 32 33 33 33 31 28 24 19 15 11  9  8  9 12 15 20 24 27 29 30 30201022Z8 511 339999999999999999999991355  8999999999999999999999
 30 31 31 32 33 33 33 32 30 27 24 20 16 13 11 11 11 13 15 19 22 25 28 29201023Z8 512 339999999999999999999991511 11999999999999999999999
 30 30 31 31 32 32 31 31 30 29 27 24 21 18 15 14 12 12 13 15 18 21 24 27201024Z8 419 329999999999999999999991642 12999999999999999999999
 28 29 30 30 30 30 29 29 28 28 27 26 24 22 19 17 15 13 13 13 15 18 21 24201025Z8 321 3099999999999999999999918 3 13999999999999999999999
 26 28 28 28 28 27 26 26 25 25 25 25 25 24 22 20 18 15 14 13 14 15 18 21201026Z8 217 2899999999999999999999919 6 13999999999999999999999
 24 26 26 26 25 24 23 22 22 22 23 24 24 25 24 22 20 17 15 14 13 14 16 19201027Z8 211 261241 2599999999999999 8 9 221954 1399999999999999
 22 24 25 25 24 22 20 19 18 18 19 21 23 24 24 24 22 19 17 15 14 14 15 17201028Z8 219 251350 2499999999999999 817 182032 1399999999999999
 20 22 24 24 23 20 18 16 15 15 16 18 20 22 24 24 23 21 19 16 15 14 15 16201029Z8 232 241444 2499999999999999 832 1521 4 1499999999999999
 19 22 23 24 23 20 17 14 12 12 13 15 17 21 23 24 24 23 21 18 16 15 15 16201030Z8 247 241530 2499999999999999 854 122130 1599999999999999
 19 21 23 24 23 21 17 14 11 10 10 11 15 18 22 24 25 25 23 20 18 17 17 17201031Z8 3 1 241613 2599999999999999 920  92154 1799999999999999
 19 21 23 24 24 22 18 14 11  8  8  9 12 16 20 23 25 26 25 23 21 19 19 192011 1Z8 316 251654 2699999999999999 950  82215 1999999999999999
 20 22 24 25 25 24 21 16 12  8  7  7  9 13 17 21 24 26 26 25 23 22 21 212011 2Z8 331 261734 26999999999999991022  72232 2199999999999999
 22 23 25 27 27 26 23 19 14 10  7  6  8 10 15 19 23 26 27 27 25 24 23 232011 3Z8 345 271817 27999999999999991056  62241 2399999999999999
 24 25 26 28 28 27 25 22 17 12  9  7  7  9 12 16 21 24 26 27 27 26 25 252011 4Z8 359 2819 3 27999999999999991132  72237 2599999999999999
 25 26 27 28 29 29 27 24 20 15 11  8  7  8 10 14 18 21 24 26 27 26 26 262011 5Z8 411 291959 27999999999999991211  72230 2699999999999999
 26 27 28 29 29 29 28 26 22 18 14 11  8  8  9 11 14 18 21 24 25 26 26 262011 6Z8 420 299999999999999999999991255  8999999999999999999999
 27 27 28 28 29 29 28 26 24 21 17 13 10  9  8  9 11 14 17 20 23 24 25 262011 7Z8 415 299999999999999999999991347  8999999999999999999999
 26 27 27 28 28 27 27 26 24 22 19 16 13 11  9  9  9 11 13 16 19 21 23 242011 8Z8 332 289999999999999999999991450  9999999999999999999999
 25 26 26 26 26 26 25 24 24 23 21 19 16 13 11  9  9  9 10 13 15 18 20 222011 9Z8 259 2699999999999999999999916 8  9999999999999999999999
 24 24 24 24 24 23 22 22 22 22 21 20 19 16 14 11 10  9  9 10 12 15 17 20201110Z8 151 249999999999999999999991727  9999999999999999999999
 22 23 23 22 21 20 19 19 19 19 20 21 21 20 17 15 12 10  9  9 10 12 15 18201111Z8 124 231129 2199999999999999 728 181835  999999999999999
 20 22 22 21 19 17 15 14 14 15 17 19 21 22 21 19 16 13 11 10 10 11 14 17201112Z8 130 2213 2 2299999999999999 737 141931 1099999999999999
 19 21 22 20 18 15 12 11 10 10 13 16 20 23 24 24 21 18 15 13 12 12 14 16201113Z8 145 221416 2499999999999999 8 4 102020 1299999999999999
 19 22 23 22 19 15 11  8  6  6  7 11 16 20 24 26 26 24 20 18 16 15 16 17201114Z8 2 4 231523 2699999999999999 839  621 4 1599999999999999
 20 23 24 24 22 18 13  8  4  3  3  5 10 16 22 26 28 28 26 23 20 19 19 20201115Z8 226 241626 2899999999999999 921  22142 1999999999999999
 21 24 26 27 25 22 17 11  5  2  0  1  5 10 17 23 27 29 29 27 25 23 22 22201116Z8 251 271725 309999999999999910 7  02214 2299999999999999
 24 26 28 29 29 26 22 16  9  4  1  0  1  5 11 18 23 28 30 30 28 26 25 25201117Z8 319 291823 30999999999999991056  02237 2599999999999999
 26 27 29 31 31 30 27 22 15  9  4  2  1  3  7 12 18 24 28 30 29 28 27 27201118Z8 348 311923 30999999999999991147  12254 2799999999999999
 27 28 30 31 32 31 30 26 21 15  9  5  3  3  5  8 13 19 23 27 28 28 28 28201119Z8 417 322032 29999999999999991240  323 7 2899999999999999
 28 28 29 30 31 31 30 28 25 20 15 10  7  5  5  7 10 14 19 22 25 27 27 27201120Z8 445 319999999999999999999991336  5999999999999999999999
 27 27 28 29 29 29 29 28 26 23 19 15 12  9  8  8  9 11 14 18 21 24 25 26201121Z8 5 7 299999999999999999999991437  7999999999999999999999
 26 26 26 26 26 26 26 26 25 23 21 18 15 13 11 10  9 10 12 15 17 20 22 23201122Z8 444 269999999999999999999991546  9999999999999999999999
 24 24 24 23 23 23 22 22 22 21 21 19 18 15 14 12 11 11 11 12 15 17 19 21201123Z8 018 249999999999999999999991658 11999999999999999999999
 22 22 22 21 20 19 18 18 18 18 18 18 18 17 16 14 13 12 11 12 13 15 17 19201124Z8 031 2299999999999999999999918 4 11999999999999999999999
 20 21 20 19 17 16 15 14 14 15 15 16 17 17 17 16 14 13 12 12 12 14 16 18201125Z8 047 211245 1799999999999999 737 141857 1299999999999999
 19 20 19 18 16 14 12 11 10 11 12 14 16 17 17 17 16 15 14 13 13 14 15 17201126Z8 1 3 2014 7 1799999999999999 752 101940 1399999999999999
 19 20 19 18 15 13 10  8  7  8  9 11 14 16 18 18 18 17 16 15 14 14 15 17201127Z8 118 2015 8 1899999999999999 812  72016 1499999999999999
 19 20 20 19 16 13  9  7  5  5  6  9 12 15 18 19 20 19 18 17 16 16 16 18201128Z8 135 201556 2099999999999999 836  52047 1699999999999999
 19 21 21 20 18 14 10  7  4  3  4  6 10 14 17 20 21 21 21 19 18 18 18 19201129Z8 152 211636 2199999999999999 9 4  32115 1899999999999999
 20 22 23 22 20 17 13  8  4  3  2  4  7 12 16 20 22 23 23 22 21 20 20 20201130Z8 212 231713 2399999999999999 934  22140 2099999999999999
 22 23 24 24 23 20 16 11  6  3  2  3  5  9 14 19 22 24 25 24 23 22 22 222012 1Z8 234 241748 259999999999999910 8  222 0 2299999999999999
 23 24 25 26 25 23 19 14  9  5  2  2  3  7 12 17 21 24 25 25 24 23 23 232012 2Z8 258 261826 25999999999999991043  22213 2399999999999999
 24 25 26 27 27 25 22 17 12  7  4  2  2  5  9 13 18 22 24 25 25 24 24 242012 3Z8 323 2719 8 25999999999999991121  22220 2499999999999999
 24 25 26 27 27 26 24 20 15 10  6  3  2  3  6 10 15 19 22 24 25 24 24 242012 4Z8 349 271955 259999999999999912 2  22233 2499999999999999
 24 25 25 26 27 26 25 22 18 13  9  5  3  3  4  7 11 15 19 21 23 23 23 232012 5Z8 415 279999999999999999999991245  2999999999999999999999
 23 23 24 24 25 25 24 23 20 16 12  7  5  3  3  4  7 11 14 18 20 21 21 212012 6Z8 443 259999999999999999999991331  3999999999999999999999
 21 22 22 22 22 22 22 22 20 18 14 10  7  5  4  4  5  8 11 14 17 19 20 202012 7Z8 514 222251 20999999999999991422  4999999999999999999999
 20 19 19 19 19 19 19 19 19 18 16 13 10  7  6  5  5  6  8 11 14 16 18 182012 8Z82320 189999999999999999999991518  5999999999999999999999
 18 17 17 16 15 15 15 15 16 16 16 15 13 11  9  7  6  7  8  9 12 14 16 172012 9Z8 925 162343 1799999999999999 553 151622  699999999999999
 17 17 15 14 12 11 10 10 11 13 14 15 16 15 13 11 10  9  9 10 11 13 15 17201210Z81142 16999999999999999999999 629 101731  999999999999999
 18 17 15 13 10  8  7  6  6  8 11 14 16 17 17 16 14 13 12 12 12 14 16 17201211Z8 0 5 181320 1799999999999999 7 7  61837 1299999999999999
 19 19 17 14 11  7  4  2  2  3  6 10 14 18 19 20 19 17 16 15 15 16 17 19201212Z8 029 191441 2099999999999999 747  21935 1599999999999999
 20 21 20 17 14  9  4  1 -1 -1  1  5 10 15 20 22 23 22 20 19 18 18 19 21201213Z8 057 211550 2399999999999999 831 -12024 1899999999999999
 22 23 23 22 18 13  7  2 -1 -3 -2  0  5 11 17 22 25 25 24 23 22 21 21 22201214Z8 129 241649 2599999999999999 917 -321 4 2199999999999999
 24 25 26 26 23 19 13  6  1 -2 -4 -3  1  7 13 19 24 26 27 26 24 23 23 24201215Z8 2 6 261740 279999999999999910 5 -42136 2399999999999999
 25 27 28 28 27 24 19 12  6  1 -2 -3 -2  2  8 15 21 25 27 27 26 25 24 24201216Z8 246 281828 27999999999999991053 -322 5 2499999999999999
 25 26 28 29 29 27 24 18 12  6  1 -2 -2  0  4 10 16 21 25 26 26 25 24 24201217Z8 328 291915 26999999999999991141 -22237 2499999999999999
 24 25 27 28 29 29 26 23 17 11  6  2  0  0  2  6 12 17 21 24 25 24 23 23201218Z8 410 2920 0 25999999999999991229  02315 2399999999999999
 23 24 25 26 27 27 26 24 20 15 10  6  3  2  2  4  8 13 17 20 22 23 22 21201219Z8 451 272045 23999999999999991315  2999999999999999999999
 21 21 22 22 23 24 24 23 21 17 13  9  6  4  4  4  7 10 13 17 19 20 20 19201220Z8 530 242129 2099999999999999 0 8 211359  499999999999999
 19 18 18 19 19 20 20 20 19 17 15 12  9  7  6  6  6  8 11 13 16 18 18 18201221Z8 610 2022 9 1899999999999999 127 181440  599999999999999
 17 16 16 15 15 15 16 16 16 15 14 12 11  9  8  7  7  8 10 12 14 15 16 17201222Z8 7 4 162241 1799999999999999 333 151518  799999999999999
 16 15 14 12 12 11 11 12 12 12 12 12 11 10 10  9  9  9 10 11 12 14 15 16201223Z8 939 1223 8 1699999999999999 547 111553  999999999999999
 15 14 13 11  9  8  8  8  8  9 10 10 11 11 11 11 11 11 11 11 12 14 15 15201224Z82330 16999999999999999999999 641  8999999999999999999999
 15 14 13 10  8  6  5  4  5  6  7  9 10 12 12 13 13 13 13 13 13 14 15 16201225Z82353 16999999999999999999999 714  4999999999999999999999
 16 15 14 11  9  6  4  2  2  3  5  7 10 12 13 14 15 15 15 15 15 15 16 17201226Z89999999999999999999999999999 743  2999999999999999999999
 17 17 16 13 10  7  4  1  0  1  2  5  8 12 14 16 17 17 17 17 17 17 17 18201227Z8 017 1717 5 1799999999999999 814  020 5 1799999999999999
 19 19 18 16 13  9  5  2  0 -1  0  3  7 11 14 17 19 19 19 19 18 18 19 19201228Z8 046 191721 1999999999999999 846 -12049 1899999999999999
 20 21 21 19 16 12  8  3  0 -2 -1  1  5  9 14 17 20 21 21 21 20 20 20 20201229Z8 119 211739 2199999999999999 921 -22123 2099999999999999
 21 22 23 22 20 16 11  6  2 -1 -2 -1  2  6 12 16 20 22 22 22 21 21 21 21201230Z8 155 2318 1 2299999999999999 958 -22148 2199999999999999
 22 23 24 24 23 20 15 10  4  0 -2 -2 -1  3  8 14 18 21 22 22 22 21 21 21201231Z8 232 241830 23999999999999991038 -322 2 2199999999999999
