 98 66 43 34 40 62 93127157176182173153129108 95 9310211913815416115714220 1 1ZD 952182211116199999999999999 3 5 341539 9299999999999999
118 91 68 53 50 60 81109136159172172162143123106 96 9510111412914114714420 1 2ZD103317422 914799999999999999 342 501639 9499999999999999
131113 93 76 67 68 79 97120142159167165154138120105 94 90 9310311612813620 1 3ZD1119167233213799999999999999 426 6618 1 9099999999999999
136129116102 90 83 84 92107125143157163161152137119101 87 79 80 8910311820 1 4ZD1216164999999999999999999999 526 831924 7899999999999999
131136135127116105 97 95100112127144157163162153136114 92 73 63 63 74 9320 1 5ZD 117137132116499999999999999 649 952028 6199999999999999
114133145148142131117105100102113128146160168166154133105 77 54 43 46 6320 1 6ZD 250148142116899999999999999 812 992117 4299999999999999
 89118143160164157142123108 99101113131151168176171154125 90 57 32 23 3220 1 7ZD 353164151117699999999999999 920 9922 1 2399999999999999
 56 91128159178181169148124104 95 99114137161179185175150112 70 34 10  620 1 8ZD 4421821555185999999999999991014 952243  599999999999999
 22 56100144178195194175147118 97 90 97119147174191193176141 96 49 11 -920 1 9ZD 52419716361949999999999999911 0 902324-1199999999999999
 -6 19 63114162196209200174140109 89 85 99127160187202197171128 77 28 -820 110ZD 6 52091716202999999999999991142 84999999999999999999999
-23-12 24 76132180210216199166129 97 81 83105138173199208196163113 59 1120 111ZD 645217175720899999999999999 0 5-231222 7999999999999999
-21-28 -8 36 93150194218216191153115 87 76 85113149183205208190151 98 4420 112ZD 725220184020999999999999999 047-2913 2 7699999999999999
  0-25-24  4 54112165203218208177138101 78 74 90121157188204202179137 8520 113ZD 8 5218192420699999999999999 128-281343 7399999999999999
 35 -3-20-10 24 75130177206212195161122 90 73 75 9512615918519719116512420 114ZD 844213201119799999999999999 2 9-201425 7199999999999999
 76 33  4 -4 12 49 97146184204201179144109 83 71 77 9712615417518417615220 115ZD 92420521 318499999999999999 250 -41510 7199999999999999
115 75 40 20 20 39 74117157185196187163131100 79 71 77 9511914316116816220 116ZD10 319622 316899999999999999 332 1716 3 7199999999999999
141112 81 56 43 47 66 97131162182186174150122 96 77 70 73 8710612714415320 117ZD1045186231915399999999999999 418 431710 7099999999999999
151137117 95 77 69 73 88113139162176176164143118 94 76 65 65 74 9011012820 118ZD1133178999999999999999999999 512 691834 6499999999999999
141146141129114100 92 93103121142159170170160142118 94 72 57 52 57 73 9420 119ZD 058146123217199999999999999 625 911959 5299999999999999
117137149152146133119108104110123140156167169162144119 91 64 44 36 41 5820 120ZD 248152134517099999999999999 75510421 9 3699999999999999
 84114141160168163149131115107109120137155169174167147118 84 52 29 20 2720 121ZD 4 6168145617499999999999999 91910622 5 2099999999999999
 49 81118152175183176157133113102104117137159176181172148112 73 37 14  620 122ZD 5 018315541819999999999999910231012253  699999999999999
 18 47 88131168191195181155127104 94 99117143168185188174143101 58 22  020 123ZD 5421961641189999999999999991112 942335 -399999999999999
 -1 18 56103149185203199176145113 92 86 97122153180195192170131 85 41  720 124ZD 6192041721196999999999999991151 86999999999999999999999
 -8 -1 28 73124169199207193163128 97 80 82102133166191200189158114 66 2420 125ZD 652207175820099999999999999 012 -91225 7999999999999999
 -3 -9  9 47 97147186206203179144108 82 73 84112147179198198178141 94 4720 126ZD 722208183120199999999999999 046 -91257 7399999999999999
 12 -5  0 29 73123168197204190159121 89 71 72 92125161187198189161120 7320 127ZD 75020519 419899999999999999 116 -61327 6999999999999999
 33  7  2 19 56102148183199195171136100 75 66 77104138169188191174141 9820 128ZD 817200193719299999999999999 144  11357 6699999999999999
 57 26 12 19 45 85129166189194179149114 84 67 68 8611514617118217715512020 129ZD 843195201218399999999999999 211 111428 6599999999999999
 82 48 28 26 43 74113149176188182160129 98 75 66 73 9412114716517116113720 130ZD 9 9188205117199999999999999 237 2515 3 6699999999999999
105 73 50 41 48 70101134161178179166141113 88 72 69 79 9812114215515614520 131ZD 936181213715799999999999999 3 4 411544 6999999999999999
123 97 75 61 60 72 94121146165172167151128103 84 73 72 80 9611513214214320 2 1ZD10 7173223514499999999999999 335 591637 7199999999999999
134118100 85 79 82 93112132150162164156140120100 84 73 70 75 8810411913120 2 2ZD1043164235913599999999999999 412 781751 7099999999999999
135131122111102 98100108121135148156156149136119100 83 69 63 64 74 9110820 2 3ZD1135157999999999999999999999 511 981919 6299999999999999
124134137134128120114111114121132143151153149139122101 79 60 49 48 59 7820 2 4ZD 2 0137125515399999999999999 7 11112033 4799999999999999
101124142151152146134123114112116126139151158157146126 99 70 45 30 29 4320 2 5ZD 336153142415899999999999999 8501122133 2899999999999999
 69101132157171171160142123109103108122140158169169155128 92 55 25  9 1020 2 6ZD 43217215301709999999999999910 11032224  799999999999999
 31 66107147177190186167140115 97 92101121147171184182162126 81 37  4-1220 2 7ZD 5151911623185999999999999991052 912311-1299999999999999
 -4 25 71122167197206194165131100 82 80 97126160187200193164119 66 18-1520 2 8ZD 5552061710200999999999999991135 792355-2799999999999999
-27-11 29 84141187214215192155114 82 67 72 98136174202212198161108 50  220 2 9ZD 6322181756212999999999999991215 66999999999999999999999
-28-32 -6 44105163205223214181137 94 64 55 70104147187213217195151 94 3720 210ZD 7 9224184021899999999999999 037-341254 5599999999999999
 -8-31-24 12 68130183216223202162114 74 50 49 72113157194215213186138 8120 211ZD 744224192521799999999999999 117-321332 4699999999999999
 28 -9-21 -4 39 97153197219213183138 93 58 42 50 7912016219420820117012420 212ZD 818220201120999999999999999 155-211410 4199999999999999
 72 29  3  2 28 73125172203212196160116 75 48 41 55 8512315918519418315320 213ZD 851212205819499999999999999 232 -11450 4099999999999999
112 71 39 26 34 63104147181200197174137 98 65 46 45 61 8812014916917516420 214ZD 923201215117599999999999999 3 8 261534 4399999999999999
139108 79 59 56 68 95128160182189179154121 88 64 51 51 65 8611113415015520 215ZD 955189225515599999999999999 344 551626 4999999999999999
149132113 95 85 86 98118141162174174162140113 88 69 58 56 63 78 9711713220 216ZD1031175999999999999999999999 426 841740 5599999999999999
141141135125116110110116128143155162160151135115 95 76 62 55 56 66 8110020 217ZD 034142112116299999999999999 5311091922 5599999999999999
119134144146143136129123122127135144151153149139123103 81 62 49 45 51 6720 218ZD 256146125315399999999999999 7391222053 4599999999999999
 90115138155163160150136124117117124134146154156149133108 81 55 37 31 3920 219ZD 415163144515699999999999999 9301162158 3199999999999999
 59 88121151172179172154133114104104114131149163168160138107 73 43 23 1920 220ZD 45917915541689999999999999910301022246 1899999999999999
 31 59 97137170189189173147119 98 88 93111136161177180166136 98 59 27 1020 221ZD 53219116411809999999999999911 9 882326  899999999999999
 12 33 71115158188200190164130 99 79 76 90117149176190187164126 82 41 1320 222ZD 6 22001719191999999999999991142 752359  299999999999999
  2 14 46 92140180202202180145107 78 64 71 96132167192199185153108 62 2420 223ZD 6292051752199999999999999991211 64999999999999999999999
  3  3 27 70119165197207193161120 83 60 57 75110150183202199175134 87 4320 224ZD 655207182420399999999999999 029  01239 5599999999999999
 12  2 16 52100148186206201175135 93 62 48 58 87128167195204191157112 6620 225ZD 719207185520499999999999999 056  213 6 4899999999999999
 29 10 14 40 83131173199204185150107 70 47 46 67104145179198197174136 9120 226ZD 742205192620099999999999999 121  81333 4499999999999999
 50 24 19 36 72116158189201191162122 82 53 42 52 8112015718419418315411420 227ZD 8 420120 019499999999999999 145 1814 2 4299999999999999
 74 44 31 39 65104144176194192171137 98 64 45 45 63 9513116218018216513520 228ZD 826195203518499999999999999 2 8 311431 4399999999999999
 99 67 49 48 65 96131162183188175148113 80 55 46 53 7510513615917116714820 229ZD 847188211517199999999999999 233 4615 4 4699999999999999
120 92 71 64 72 93121149170179174156127 97 71 55 52 62 8310813315115815220 3 1ZD 91017922 315899999999999999 258 641542 5199999999999999
135114 95 85 85 96115137155167168158139114 89 70 59 59 67 8310412313814520 3 2ZD 93716923 914599999999999999 328 831635 5899999999999999
142131119108104106115127141152158156146129110 91 75 65 61 64 76 9211012620 3 3ZD1014158999999999999999999999 41010418 1 6199999999999999
136140138132127122121123129136143147147141131116 99 82 66 56 54 61 76 9720 3 4ZD 1 4140112714899999999999999 5521211944 5399999999999999
118136148153151145136127121120124132140146148143129109 85 61 43 36 42 6020 3 5ZD 316153134614899999999999999 84112021 3 3699999999999999
 87117144164173170158139121109105110123140155163161145117 82 49 25 15 2320 3 6ZD 415174151716499999999999999 95610522 4 1599999999999999
 48 84125161186193184161132106 90 87 98121149172185180157119 74 33  5 -420 3 7ZD 4561941616185999999999999991042 862254 -499999999999999
 10 45 93143184207208187153115 84 67 70 92127164193206196163115 62 16-1220 3 8ZD 53221017 5206999999999999991122 662338-1899999999999999
-16  8 54111166206222212179134 91 59 47 60 93139182212221204162105 48  320 3 9ZD 6 722317512219999999999999912 0 47999999999999999999999
-21-15 19 75137190223228205160109 64 36 33 57101153197225227202153 94 3820 310ZD 641230183523099999999999999 020-221237 3199999999999999
 -2-17  0 45104164209230221186134 81 40 20 28 63113165206228223191140 8320 311ZD 713231192022999999999999999 058-171313 2099999999999999
 34  4  2 29 79136186219225204159106 57 24 15 33 7312317120622020917412620 312ZD 74422620 422099999999999999 134 -11350 1599999999999999
 77 39 22 32 66114162199217210178131 81 41 19 20 44 8412916919620418915720 313ZD 813218205020499999999999999 2 9 221427 1699999999999999
116 79 55 50 68102142178201205187152108 66 36 24 32 57 9212916018018316920 314ZD 841206214018499999999999999 242 4915 6 2499999999999999
143113 90 78 82101129158181191185163130 94 63 43 37 46 67 9412214616016220 315ZD 9 8191224016399999999999999 315 771552 3799999999999999
153137119107103110125143161173174164144118 92 70 56 52 58 71 9011112914220 316ZD 938175999999999999999999999 3521031655 5299999999999999
148146140133127125128134144152157156148135118100 84 71 64 62 68 81 9711520 317ZD 016148102015899999999999999 4561251840 6299999999999999
131143150152149143137132130132137141143142137127114 98 81 67 59 60 69 8520 318ZD 251152121214399999999999999 7551302027 5899999999999999
107129149162167162151136124116116121130139146148142127106 83 63 50 49 5920 319ZD 359167144414899999999999999 9371152138 4899999999999999
 80108138163178179167147125107 97 99111128146160164155134106 76 52 38 3920 320ZD 4361801550164999999999999991021 972226 3799999999999999
 56 85121155181191184162132105 85 80 89110137162177177162132 97 63 38 2820 321ZD 5 51911633179999999999999991052 8023 3 2899999999999999
 36 62100141176197197178146110 81 65 68 89121154180192185159121 81 47 2620 322ZD 53120017 8192999999999999991121 642335 2299999999999999
 24 44 80124166196206193161121 84 58 52 67 99139175197201183148104 63 3320 323ZD 5562061740202999999999999991148 51999999999999999999999
 21 31 62106152189208204177136 93 58 41 47 75117160193208201172130 85 4720 324ZD 620209181120999999999999999 0 3 211215 4099999999999999
 26 26 50 90137178205209190152106 65 38 33 53 92138180206210192155110 6720 325ZD 642211184221199999999999999 029 231241 3299999999999999
 38 29 43 78122166197210199167122 77 42 26 36 67113158193210203176134 9120 326ZD 7 3210191421099999999999999 054 2913 8 2699999999999999
 56 39 44 70110152187205203179138 93 53 28 26 47 8713217219920518915611520 327ZD 724207194720699999999999999 118 381336 2499999999999999
 79 55 51 67100139174197201186152109 68 38 26 35 6410514617919619317113820 328ZD 744202202219799999999999999 142 5014 4 2599999999999999
102 75 64 71 95128161185195187162125 86 53 33 32 50 8111915317818717815420 329ZD 8 519521 018799999999999999 2 7 641434 3099999999999999
124 98 82 81 95120148172184183167139104 72 48 38 44 64 9312415216917316320 330ZD 826186214517499999999999999 233 7915 8 3899999999999999
143120103 96102117137157171175167148122 94 69 53 48 55 72 9512114315716020 331ZD 852175224616199999999999999 3 4 961555 4899999999999999
153140126117114120130143154161161152136116 95 76 63 57 60 71 8911113114620 4 1ZD 928162999999999999999999999 3471141711 5799999999999999
153152147140133129129132137142147148144136123106 89 73 61 57 62 76 9611920 4 2ZD 027153104414899999999999999 53812919 0 5799999999999999
139154162162157147136127122121126134142147147139124102 79 58 46 46 59 8320 4 3ZD 234163133014899999999999999 8331212030 4599999999999999
112141165179181171153132113102101110126145161167162142112 78 49 31 30 4620 4 4ZD 33918115 516799999999999999 9371002135 2899999999999999
 76115153183199196177147115 90 77 79 98126157182192183156115 72 36 16 1720 4 5ZD 42120016 4192999999999999991020 762228 1499999999999999
 40 81129174205216203171130 90 62 52 63 94135176205214199162113 63 25  620 4 6ZD 4582161654214999999999999991059 522314  699999999999999
 14 46 97151197223224199154104 61 34 31 54 98149195224229206161106 55 1920 4 7ZD 5322271741230999999999999991137 292355  799999999999999
  7 24 66122177217233221182129 75 33 12 20 55108164210235233204154 98 5020 4 8ZD 6 52331826238999999999999991214 12999999999999999999999
 21 19 46 95151199229232206157100 47 11  1 20 65121176218236227193143 9220 4 9ZD 636234191123799999999999999 034 161251  199999999999999
 52 34 43 78127177214230219182129 73 27  1  2 31 7813318321622821317813320 410ZD 7 6230195622899999999999999 111 341328 -299999999999999
 90 62 56 74111155193217219197154102 53 18  4 14 47 9314118120721119416220 411ZD 735221204221299999999999999 146 5514 5  499999999999999
126 95 79 83105138173198209199171129 84 46 22 17 32 6410314217419119217620 412ZD 8 3209213119499999999999999 219 781443 1699999999999999
151125106100109129155177191191176148112 77 50 35 36 51 7710813816117417420 413ZD 831193222817599999999999999 2541001527 3499999999999999
163146131121120128142158170176171156133106 81 63 54 55 66 8410712914815920 414ZD 9 3176235116299999999999999 3361191624 5399999999999999
162158149141135133135141149155157153143128111 94 80 71 68 73 8410112013720 415ZD 950157999999999999999999999 4541331754 6899999999999999
151159161158151143136131130133137141142140134123109 95 82 73 72 79 9411320 416ZD 153161115414299999999999999 7421301938 7299999999999999
133152165171168157143128117112115123133142148147138122103 84 71 67 73 8920 417ZD 310171142114899999999999999 9 71122054 6799999999999999
112138161177181173155132111 97 93101116135152162162150128102 79 63 60 7020 418ZD 351182152816499999999999999 948 932146 6099999999999999
 91121151177190188171143113 88 76 78 94120147169179174155126 95 69 55 5620 419ZD 4221911612179999999999999991020 752226 5399999999999999
 73102138171193199187158122 88 65 58 71 98133166187193180152116 83 59 5020 420ZD 4492001648193999999999999991050 5823 0 5099999999999999
 59 85122160191206200174136 95 61 45 49 74112153186203200178142103 70 5220 421ZD 5142061721204999999999999991118 442330 4999999999999999
 52 71106147183206209190153108 66 38 32 49 86132174204213199168127 89 6120 422ZD 5382111754213999999999999991146 312358 5199999999999999
 51 63 93133173202213202170124 78 41 23 29 60105154193215214191153112 7720 423ZD 6 12131827218999999999999991214 22999999999999999999999
 58 60 83120160194212209184142 94 51 23 17 37 78127174207219207177137 9820 424ZD 62321419 121999999999999999 026 561243 1699999999999999
 72 64 77108147182206211195159113 67 31 15 22 53 9914718821221419416012220 425ZD 645212193621699999999999999 053 641312 1499999999999999
 90 74 78100134169196207200173132 87 47 22 18 36 7311816219420920317814420 426ZD 7 8207201220999999999999999 120 731342 1699999999999999
112 90 85 97124155182198198181149108 68 37 23 28 53 9013216919320018816320 427ZD 731200205220099999999999999 148 841414 2299999999999999
134110 97100117142167185191183161128 91 59 38 32 43 6810213816718518817520 428ZD 757191213818999999999999999 218 971451 3299999999999999
154131115110116132151168178178166144115 86 61 46 44 55 7710613616017517720 429ZD 830180223817899999999999999 2561101540 4399999999999999
168152136126123127137149160166164154137115 91 71 58 54 61 7810212815116720 430ZD 918166999999999999999999999 3521231652 5499999999999999
172168158147137130129132138145151154150140125105 85 69 60 60 72 9311914420 5 1ZD 0 3172105615499999999999999 5511291826 5899999999999999
164175177170157142128119115119128140151157155143123 99 76 59 54 63 8411320 5 2ZD 140177131615799999999999999 7591151952 5499999999999999
144170186190181162138115 98 92 97113135157172176165141109 77 55 46 55 8020 5 3ZD 248190144517699999999999999 9 2 9221 0 4699999999999999
115152183202204188159124 93 72 66 78105138171193198184153114 76 49 41 5320 5 4ZD 336205154719999999999999999 949 662155 4199999999999999
 84126168201217212185145101 64 43 43 65103148188214217198160114 73 46 4120 5 5ZD 4152181640219999999999999991031 402244 4099999999999999
 59 97144188219227211172122 73 36 19 27 60109162205230229203160112 71 4820 5 6ZD 4512281729233999999999999991111 182328 4599999999999999
 49 75118167208230228200152 96 46 12  3 22 65120176218239232201156109 7320 5 7ZD 5252331816240999999999999991150  2999999999999999999999
 56 65 97143188222233219181127 70 24 -2 -2 26 7613318722423922619314810620 5 8ZD 55923319 223999999999999999 010 561229 -699999999999999
 78 71 87123166204226227202157102 50 11 -5  5 40 9114519222323021418014120 5 9ZD 631230194823199999999999999 048 7013 8 -599999999999999
107 88 89111146183210222211180134 83 39 10  3 21 5810515419321521719816820 510ZD 7 2222203421999999999999999 126 861347  399999999999999
135110100109132162190207208191158115 72 38 19 20 41 7611715718820320018320 511ZD 734210212120499999999999999 2 31001427 1799999999999999
157133117114125145168187195190171140104 70 46 35 41 60 9112515617918918520 512ZD 8 8196221219099999999999999 2421141510 3599999999999999
171152135125125134149165176179172154129101 77 60 54 60 7610012815217017820 513ZD 848179231417899999999999999 32912416 1 5499999999999999
175165152139132130135143153161162157144126107 89 76 70 74 8610512714816320 514ZD 945163999999999999999999999 44413017 8 7099999999999999
172172165155143133127126131138145150149143132117102 89 81 81 9010612514520 515ZD 032173112615099999999999999 6391261830 8099999999999999
162172175170158143127116112114123134145151150143129113 97 86 84 9010612620 516ZD 150175132715199999999999999 8 61121947 8399999999999999
148167179181174157135114 99 93 99113131148160162155139119 99 86 82 9010820 517ZD 245182144616399999999999999 859 932048 8299999999999999
131156177189187173148119 94 78 76 88110136160174176165144119 96 82 81 9220 518ZD 325190153917799999999999999 938 752137 8099999999999999
115143170190197189165132 97 71 58 63 85116149176190188170143114 91 79 8220 519ZD 3581971622191999999999999991013 582218 7899999999999999
100128160187202201182148108 72 48 43 58 90130168194204194170137106 85 7820 520ZD 42620417 0204999999999999991045 422254 7899999999999999
 89114147179202209197167125 81 47 30 35 62104149187210212195163128 98 8120 521ZD 4532101736214999999999999991116 292327 8099999999999999
 82101133168197212208184144 98 55 27 20 37 74122169204220214188153117 9220 522ZD 5192131812221999999999999991148 192359 8399999999999999
 83 93119154187209214199164118 71 34 14 19 47 9214318721622320817714010820 523ZD 5462151849224999999999999991220 13999999999999999999999
 90 89108139174201214208182141 93 50 20 11 26 6311216120022121919716412920 524ZD 613214192622399999999999999 031 871253 1199999999999999
103 93101126158188207210195162118 72 35 15 16 40 8112917420621821018415120 525ZD 64121120 521899999999999999 1 3 931327 1299999999999999
121103101116142171195205200178142 99 59 30 18 27 56 9714218020521119817220 526ZD 712206204821199999999999999 13710014 4 1899999999999999
142119108112129153177193197186162126 88 54 33 28 41 7010914918120020118720 527ZD 747197213520399999999999999 2141071447 2799999999999999
163139121115121137156174185185173150119 86 58 42 40 54 8111515017819319320 528ZD 832186223019599999999999999 2591151538 3999999999999999
180160140126121125136150164173174164146120 93 69 54 52 63 8611714917418820 529ZD 935174233519099999999999999 4 31211641 5199999999999999
189179162144129121120126137150161166163150130105 83 66 61 68 8911714717220 530ZD11 9166999999999999999999999 5371191756 6199999999999999
188191183166146126112106108119135152165169162145122 96 76 67 71 8911714820 531ZD 045191125516999999999999999 7131051912 6799999999999999
175193197188169142116 95 84 86100123148170181179163137108 84 71 74 9212120 6 1ZD 150198142218299999999999999 821 832020 7099999999999999
154184202206193167132 98 72 60 64 85116151181198197180150116 89 74 77 9720 6 2ZD 243206153020099999999999999 915 592121 7399999999999999
129165196213213193158116 76 47 36 46 75116159194214213192158121 92 78 8320 6 3ZD 32921516282169999999999999910 2 362215 7799999999999999
106142179209222215187143 95 52 25 18 35 73121170208227223198161123 95 8320 6 4ZD 4102231720228999999999999991047 1823 4 8399999999999999
 92120158194220227211175125 74 32  8  8 33 78131182219235226198159122 9720 6 5ZD 44922718 9235999999999999991130  52349 9099999999999999
 90104135174207226225201158106 55 17  0  7 39 8914419222523622219115311920 6 6ZD 5272291855236999999999999991213 -1999999999999999999999
100 99118152187215226217186140 88 42 11  1 16 5310415620022623021218014520 6 7ZD 6 4226194023199999999999999 032 971254  199999999999999
117104110133165196216220203169123 75 35 12 11 32 7112016720322221919816720 6 8ZD 641221202322399999999999999 1111031334  999999999999999
137115109121145174199211208187151108 67 36 22 27 52 9113417420221320518320 6 9ZD 71821221 421399999999999999 1501091414 2199999999999999
155130116116130152176194201192170136 99 65 43 36 47 7310814617819820219120 610ZD 757201214620299999999999999 2301141453 3699999999999999
170146127118121135154172185187177155126 95 70 55 54 67 9212315317819119120 611ZD 841188223019399999999999999 3151181535 5399999999999999
180161141126120123134149163172173164145122 98 79 70 71 8410613215717618520 612ZD 934174232018699999999999999 4111201622 6999999999999999
184173156139126119119127139151160162156142124106 91 84 86 9711613815917520 613ZD1045162999999999999999999999 5261181719 8499999999999999
182180170155137122112110115126140151157155146132117103 96 9610512214216120 614ZD 017182121715799999999999999 6491101827 9599999999999999
176182181170153133114100 9610111413114815816115514312711210310211012614620 615ZD 117183134916199999999999999 757 96193710199999999999999
165180186183170148123 99 83 79 8810613015216717316715313511810610511313020 616ZD 21118715 017399999999999999 849 79204010499999999999999
151172187192185166138107 80 65 64 7910413516218118617916113811810610611720 617ZD 256192155418699999999999999 932 62213310499999999999999
137161183196197183156121 86 59 47 53 7611014717819719918616313711510410720 618ZD 3351991640200999999999999991010 47221910499999999999999
123147173195204199176141100 64 39 33 48 8012116319521120818916013211110320 619ZD 4 92051720212999999999999991048 3323 010399999999999999
111132160188206209195164122 78 43 23 25 50 9013718121022121118515312410620 620ZD 44321018 0221999999999999991124 21233810299999999999999
103118144175201214209186147101 57 25 13 25 5810515519722222520817714311620 621ZD 51621518392269999999999999912 1 13999999999999999999999
103107128158189211217204173128 81 40 14 10 31 7112217120922722319916613320 622ZD 551217191822899999999999999 0161021240  999999999999999
110103114140171199215214194157111 65 28 10 14 42 8713818421622721618815420 623ZD 627217195922799999999999999 0531031319  899999999999999
124106106122150180204214207182143 97 54 24 13 25 5710415219321822220517620 624ZD 7 7214204122399999999999999 13210414 0 1399999999999999
143118106111130157184202207197170131 88 51 27 23 39 7411916319821621419420 625ZD 751208212421799999999999999 2131061443 2299999999999999
165136115107114133158180195198186160124 86 55 37 37 56 9013117019821120520 626ZD 843199221021199999999999999 3 01071530 3599999999999999
184157131113107114130151171185188178155124 92 66 52 55 7310414117419720520 627ZD 945188225920599999999999999 3571071622 5199999999999999
197177151127110103107121139159174179174156131104 82 70 72 8811614817719620 628ZD11 2180235320299999999999999 5 71031722 6999999999999999
202193173148123104 94 95106124145164175175164144120 99 87 8710012415317920 629ZD1231177999999999999999999999 627 931830 8599999999999999
196201192172145118 94 80 78 88108134158176183177160137115101 9910913115720 630ZD 05020114 118399999999999999 741 771942 9899999999999999
182198203193171141108 80 62 59 70 9512615818219419217615212811110611513520 7 1ZD 149203152019599999999999999 844 58205110699999999999999
162187203207195169134 96 64 44 41 56 8612416219220820618916213511611011820 7 2ZD 245207162420999999999999999 940 40215511099999999999999
140168193210212196165124 82 47 28 28 48 8412817220522121719616513611611020 7 3ZD 3372131718222999999999999991031 25225011099999999999999
121146175202217215194157112 67 33 16 20 46 8913818421723022119516213211320 7 4ZD 42521818 5230999999999999991118 15233810999999999999999
110125153185210222215188146 98 54 22 10 21 5310115219722523321818815312420 7 5ZD 5 922218482339999999999999912 3 10999999999999999999999
109112132163194217223210178133 84 43 16 11 29 6811816820822922920717414020 7 6ZD 550223192823299999999999999 0211081244 1099999999999999
115106115141173202219219200163117 72 36 17 20 46 8813718321522721819215820 7 7ZD 63022220 422799999999999999 1 01061322 1599999999999999
127108106122150181206217210185147103 63 35 25 37 6811115619421621920317420 7 8ZD 7 8217203822199999999999999 1361051357 2599999999999999
142116104110130158186204209196169131 91 59 40 40 59 9313317220021320718620 7 9ZD 747209211121399999999999999 2121041430 3899999999999999
157128109104114136162185197197181153118 85 61 52 60 8311615218220120519320 710ZD 827199214320699999999999999 24910415 3 5299999999999999
170143120106106118138160178187183166140111 86 71 69 8210613516518719819520 711ZD 912187221819999999999999999 3311051537 6899999999999999
180157134115106107118135154169175170156134112 94 86 8810212414817118719220 712ZD10 6175225619299999999999999 4231051616 8599999999999999
18617015012911310410411312814415816516315213612010710210611813515617318420 713ZD1115165234318799999999999999 52910317 710299999999999999
186179165146126109 99 9610311713415016016115614513212211611812714215817320 714ZD1243162999999999999999999999 645 96181711699999999999999
182183177162143122102 88 84 9110612714616116816615814613412612513114415920 715ZD 041184141816899999999999999 753 84194012499999999999999
173182184177162139114 90 74 70 79 9812414916918018017115614112912613114420 716ZD 144185153118199999999999999 849 70205412699999999999999
160176187189180160132101 74 57 55 69 9512715818319519418116114112712313020 717ZD 242189162419699999999999999 938 54215312399999999999999
145165183195195182156121 85 56 40 43 63 9613617319921020418516013612111820 718ZD 33219717 8210999999999999991022 39224211899999999999999
129149173194205201181147106 66 37 25 34 6210415019021522220918315312711320 719ZD 41620617492229999999999999911 5 25232511299999999999999
114131157185207215205177135 89 48 21 14 31 6811716720722822720717414111620 720ZD 4582151828231999999999999991147 13999999999999999999999
105113136168198218221204169121 72 32  9  9 35 8013518522123622719816212720 721ZD 54022219 623699999999999999 0 61051229  699999999999999
105100114144179209225222199158107 58 21  4 13 47 9815320123023721918514620 722ZD 623226194523799999999999999 045 991310  499999999999999
114 96 98119152188215226219190145 94 48 17  9 26 6611917221223423120616920 723ZD 7 7227202323599999999999999 125 941350  899999999999999
130102 90 98124158192215222210179134 86 46 23 23 47 9014018621923121919020 724ZD 75422221 123199999999999999 2 6 901431 2099999999999999
152117 94 88101127160189209213199168126 85 53 38 45 7311415819621922220520 725ZD 845213213822499999999999999 249 881511 3899999999999999
173137107 89 87101126155181198201187159125 91 68 61 72 9913517220021521120 726ZD 941201221721599999999999999 336 861555 6199999999999999
190159127101 87 86 99120145169184188178157130106 89 86 9712015017919920720 727ZD104718823 020799999999999999 433 851644 8699999999999999
199178150122 99 85 83 9110913215417117917516214312511210911713515818019520 728ZD1210179235119999999999999999 543 82174710999999999999999
199191172148121 98 82 75 80 9511714116217517917316014513212612914115917720 729ZD1352179999999999999999999999 7 5 75191012699999999999999
190194188173149122 96 75 64 66 8010313115817918918817716114513413314115620 730ZD 056194152519099999999999999 822 63203913299999999999999
173188195191177152122 90 65 51 52 67 9412816218920320319016914813312913620 731ZD 213195163020599999999999999 928 50215312999999999999999
152172190200198182154118 82 53 38 40 59 9313317320321821419516814312512120 8 1ZD 3222011718218999999999999991024 37224912099999999999999
130151176198209206185151110 70 41 27 33 5910014618821822821719115913111420 8 2ZD 4172101758228999999999999991112 27233311199999999999999
113128155185208218210183143 97 57 30 21 34 6811516420522923021117814311620 8 3ZD 5 42181834232999999999999991154 21999999999999999999999
103109132165197218223207174129 83 45 23 23 45 8713718421923322419615912420 8 4ZD 54522319 623399999999999999 0111031231 2099999999999999
101 96112142178208224221198159112 68 36 23 34 6611216120222722921017513720 8 5ZD 622225193623199999999999999 045 9613 4 2399999999999999
107 91 96120155190215223212183140 95 57 35 33 54 9314018321522721718915220 8 6ZD 65722420 422799999999999999 116 911334 3199999999999999
117 93 88102131167198216216198164121 82 53 42 52 8212316520021921919916720 8 7ZD 732218203022299999999999999 147 8714 1 4299999999999999
131101 86 90111142175199210203180145107 76 58 59 7811114918420821520517920 8 8ZD 8 8210205521599999999999999 219 851428 5699999999999999
145114 92 86 96120149176195199188163131100 79 72 8210513716919420720518720 8 9ZD 847199212120899999999999999 253 861455 7299999999999999
159129104 90 89102125150172185186173150124103 91 9210612915617919520019120 810ZD 932187214920099999999999999 332 881525 9099999999999999
171145120100 91 9310512414516317417316314512711410811312714616518219018920 811ZD1028175222219199999999999999 420 9016 110899999999999999
178159137116101 93 9310311813715316416616014913812912713114015316717818220 812ZD114316623 818399999999999999 525 92165512799999999999999
179169153135116101 91 88 9510812614415816516516015314614114014515316317220 813ZD1331166999999999999999999999 647 88183714099999999999999
176175168155137117 98 83 78 82 9711713915917217817616815714714214214715720 814ZD 019177151217899999999999999 8 4 78203014199999999999999
168175178173160140114 89 70 62 68 8511114116718619419117916214513513314020 815ZD 154178161219599999999999999 9 7 62214313399999999999999
153169182188184167140107 76 53 45 53 7711215018320421120218215713612312220 816ZD 3 718816552119999999999999910 0 45223312199999999999999
134154177195202195172136 95 58 34 28 43 7612016520222322420617714512010820 817ZD 4 22021733226999999999999991048 28231510899999999999999
112132161190211217204172127 80 40 17 16 40 8313518522123722920116412810220 818ZD 45021818 9237999999999999991132 132354 9499999999999999
 94106135172206227229208167115 64 24  5 13 47 9915620623724422518814410720 819ZD 5352311845245999999999999991214  5999999999999999999999
 85 84106144186220238233205157102 51 15  4 21 6512217922424624121216712220 820ZD 619239192024899999999999999 032 821254  499999999999999
 87 72 80110154197228241231196145 90 44 16 15 42 9114820023524622919114420 821ZD 7 4241195424699999999999999 110 711333 1299999999999999
101 72 65 81117162202229237221183133 84 46 29 38 7212117321423723621016820 822ZD 750237202624099999999999999 148 641410 2899999999999999
122 84 63 64 87124165200222225206170126 86 59 52 6910514919122023121918720 823ZD 838226205823199999999999999 227 611446 5299999999999999
146105 75 62 69 93127162191208208190160125 96 81 8210213416919921721719920 824ZD 930210213121999999999999999 3 9 621524 7999999999999999
167130 97 74 67 75 9612415317719119117815613311510711212915317819820620020 825ZD103119322 620699999999999999 358 6716 610799999999999999
181153123 97 80 74 79 9411513916017417817316114813713213514616117718919220 826ZD1155178225319299999999999999 5 2 7417 713299999999999999
186171149126104 88 78 78 8710312414516217317717416615715014715015816817720 827ZD14 0177999999999999999999999 633 7719 014799999999999999
181179170155135113 93 78 72 75 8911013515917818819018216915614614314715620 828ZD 012181153719099999999999999 8 9 71205614399999999999999
167177181178165145119 93 72 61 63 7710313416519020420419117115013512913420 829ZD 2 6181162920599999999999999 923 6022 312999999999999999
147164181191190176151118 86 61 49 52 7210414318020721821119016213511811420 830ZD 32719217 7218999999999999991018 48224711499999999999999
124145170192204201182149110 74 49 39 48 7611616019822222520817814411610120 831ZD 42020517392279999999999999911 2 392322 9999999999999999
103122152183207217207180140 97 60 37 34 53 90137182217231223195157121 9520 9 1ZD 5 121718 8232999999999999991139 332354 8799999999999999
 87100129166200221223205169123 80 47 32 40 69114163204229232211174132 9820 9 2ZD 5372251835234999999999999991211 32999999999999999999999
 79 82106144184215229222194151105 65 40 36 56 9514318922123322118914710620 9 3ZD 61122919 023399999999999999 023 781239 3599999999999999
 78 70 85119161200224229211176131 87 55 42 52 8312717220922922620116211920 9 4ZD 643229192323099999999999999 051 7013 5 4299999999999999
 84 67 71 97136178210225220195155112 76 55 55 7611415719522022621017613420 9 5ZD 716226194522699999999999999 119 651330 5299999999999999
 96 70 64 79112152189213219206175136 99 73 65 7710714518220922021318715020 9 6ZD 74922020 722099999999999999 147 631354 6599999999999999
111 80 65 69 92126163192208207188157123 95 81 8410413516919621121019316220 9 7ZD 825210202821399999999999999 217 641419 8099999999999999
127 95 74 68 79105136166189198191171144118101 9710813015718219920319417220 9 8ZD 9 5198205020399999999999999 249 681445 9799999999999999
142112 88 75 76 9011313916318018517716014012311511813114916918519219017620 9 9ZD 953185211619399999999999999 326 74151411599999999999999
154129106 89 82 84 9611413515516917316815714513613313714615817017818117620 910ZD1056173215018199999999999999 416 81155513399999999999999
163146127109 95 88 87 9410812614415816616716315715214914915115616316816920 911ZD1241167225616999999999999999 535 86173514899999999999999
167159147133117101 89 82 85 9511313315216717517717416715815014614615015720 912ZD1450177999999999999999999999 716 82202814599999999999999
163167166158144124102 83 70 69 8010112715417719119518817415714113213113820 913ZD 118167155119599999999999999 836 68213713099999999999999
151166177181175156128 97 69 53 51 65 9312916619521121119717214512411211420 914ZD 255181163121399999999999999 937 49222111199999999999999
129153177196202191164126 86 52 33 35 56 95141185216229221195159125100 9220 915ZD 35320217 6229999999999999991027 312259 9299999999999999
101128162195218222204167118 71 35 18 26 58107161208236240220182137 99 7620 916ZD 4422231740242999999999999991112 182335 7299999999999999
 74 95133177215237236209162107 57 22 11 29 72130186229249241208160110 7320 917ZD 5272401813250999999999999991153 11999999999999999999999
 55 63 96144194232250241206153 96 47 19 18 46 98157210244252230186132 8320 918ZD 611250184625399999999999999 012 541232 1499999999999999
 50 42 61104157206241252237196142 87 46 27 37 7512918422724924220915810420 919ZD 656253191725099999999999999 049 411310 2799999999999999
 60 36 38 67114167212240245224182132 86 55 48 6810915920523524222318313120 920ZD 741247194724299999999999999 125 341346 4799999999999999
 82 47 33 44 78124171209231230207169127 92 74 7710214118221423022519915620 921ZD 828233201723199999999999999 2 3 331421 7299999999999999
110 70 45 40 57 89130169199214210190160129107 9910913316419221221620317420 922ZD 919215204621799999999999999 243 391456 9999999999999999
137 99 69 54 54 70 9712915918319419217815813912712613515317319019919718220 923ZD1019195211820099999999999999 328 52153612599999999999999
157128100 79 68 69 80 9912214616517717917316415414714615015916917818217820 924ZD114517922 318299999999999999 427 67164314699999999999999
167150130111 94 83 79 83 9411113115116617517817616916215515115215616116620 925ZD14 0178234616799999999999999 6 3 79192415199999999999999
167163155142126109 93 82 79 8510012014316518119018918016615114013613814620 926ZD1525190999999999999999999999 751 7921 913699999999999999
156165170168158140117 94 77 70 75 9111614617419420319818115913712111612220 927ZD 21617016 820399999999999999 9 7 70215611699999999999999
137156173184183170146116 88 67 60 68 90123159190210213198172141115100 9920 928ZD 32818516402149999999999999910 0 602231 9899999999999999
114139166189200196175143107 76 56 53 68 99139179209222214188152117 91 8120 929ZD 41420117 8222999999999999991040 5223 1 8199999999999999
 90116150184207214201171132 93 63 48 54 79119163201224225204167126 90 7020 930ZD 4512141734227999999999999991114 482329 6799999999999999
 70 92128169203222220197158115 77 53 48 65101145188219230217184140 97 662010 1ZD 5242231758230999999999999991144 472356 5699999999999999
 56 69103147190219229216184141 98 65 51 58 87129174210229225198156109 702010 2ZD 5562291820231999999999999991211 50999999999999999999999
 49 52 79122169208229228205166122 84 60 58 78116160199224228209171125 812010 3ZD 628232184122999999999999999 024 471236 5699999999999999
 51 42 59 96143187219230219188146106 76 65 76106146186214226215185141 962010 4ZD 7 023019 222699999999999999 051 4213 1 6599999999999999
 60 41 46 74116162200222223203168129 96 78 801011361732032192161941561132010 5ZD 733225192222099999999999999 118 401325 7699999999999999
 74 48 43 58 92134175204217209184151118 96 901021281601892082111971681302010 6ZD 8 8217194221299999999999999 146 421350 8999999999999999
 92 62 48 53 751091471802012051931681391161041081251501761952021961751442010 7ZD 84620620 320299999999999999 216 47141610499999999999999
110 81 61 56 67 901211521771911911781571361221191271441631801891891771552010 8ZD 929193202719099999999999999 249 56144611999999999999999
128101 80 68 68 79 991231481681791781691551421351351421531651741771731612010 9ZD1027180205917799999999999999 332 67152713499999999999999
144123104 88 79 77 84 98118139157168172169162154149147148151156160162161201010ZD115817222 616299999999999999 441 7717 814799999999999999
154144130115100 87 80 80 89106127147164174178175168159150142139140144151201011ZD14 2178999999999999999999999 628 79201713899999999999999
156159156146130110 90 75 69 75 92117144169186194191178160140125118120131201012ZD 1 0159151119499999999999999 8 0 69211711799999999999999
147163174176166144115 86 63 53 60 82114151183205212202179149120100 93102201013ZD 241177155421299999999999999 9 7 532157 9399999999999999
123152179197200185154114 76 49 39 49 80122167204225224203167127 92 72 70201014ZD 341201163022799999999999999 959 392234 6899999999999999
 89124165200221221198157108 65 36 30 49 89140189225239228193146 98 62 45201015ZD 43022417 3240999999999999991045 292311 4599999999999999
 53 85133182222241235203153100 56 31 32 60109165213242245220173117 67 34201016ZD 5162421736247999999999999991128 282348 2599999999999999
 25 45 90146199238253239199146 93 53 35 46 83137191231249238200145 87 40201017ZD 6 125318 82499999999999999912 8 35999999999999999999999
 14 16 48100160212246254233190138 89 57 50 71113165211240244221174116 61201018ZD 647254183924699999999999999 025 111246 4999999999999999
 22  6 19 59114170217243245220178131 92 71 74101143188222238229196146 92201019ZD 73224719 923899999999999999 1 3  61323 6999999999999999
 45 16 11 32 74125175213232228203166128101 91102130167200221224206170123201020ZD 820233193922699999999999999 141 101359 9199999999999999
 77 41 22 26 50 88132173202215209187158131115113127151178200209204182148201021ZD 910215201021099999999999999 221 21143611299999999999999
109 74 49 39 46 67 99133165187196191176156140131133144160177188191182163201022ZD10 7196204419199999999999999 3 5 39152013099999999999999
136107 82 65 59 64 80103129154172180180172161151145144148156165170171164201023ZD1125181213417199999999999999 4 1 59163714499999999999999
151134115 97 84 77 77 86102122142160172177175169160151144141142146151155201024ZD1314177233415599999999999999 526 76191514199999999999999
155151142129114 99 88 82 85 97114135156172182184177163147133124122127137201025ZD1439184999999999999999999999 710 82204412299999999999999
148156160156144127107 90 80 81 91111136161181193192179157134114102103114201026ZD 2 0160152519499999999999999 829 79212810199999999999999
131151167175171156132107 86 74 76 90115145174195203195172142112 90 82 89201027ZD 311175155920399999999999999 925 7322 2 8199999999999999
109136164183190182159129100 77 68 74 96127162192209208188155118 85 67 66201028ZD 35719016272119999999999999910 7 682232 6499999999999999
 84115151182201202185155120 89 69 66 80110147183208216203172130 89 60 49201029ZD 4342041653216999999999999991041 6523 1 4999999999999999
 59 89130171201215207181144107 78 65 71 95132171203219214188146100 61 39201030ZD 5 82151717220999999999999991112 642329 3699999999999999
 39 63104151192217221204170130 94 71 68 84117157194217221202164116 71 38201031ZD 5412231740222999999999999991141 672357 2799999999999999
 27 41 77125173210226220193154115 85 71 79106144182210222211180134 86 452011 1ZD 61422718 22229999999999999912 9 71999999999999999999999
 23 25 52 97148192220227211177138103 81 79 98131169200217215192152104 602011 2ZD 646228182421999999999999999 025 211236 7899999999999999
 29 19 34 71119167204223219195160123 96 86 95121155187209214199167124 792011 3ZD 720224184621499999999999999 054 1913 3 8699999999999999
 43 23 26 51 92139180209218206178144114 97 971141431731962072011781411002011 4ZD 75521819 920799999999999999 123 221330 9599999999999999
 62 36 28 40 701101521862052061901621341131051131331591811951961821551202011 5ZD 833208193419799999999999999 154 2814 010599999999999999
 84 55 39 39 56 861221571831961921761521311181171281461651801851801641382011 6ZD 91719720 318699999999999999 229 37143411699999999999999
108 79 58 49 53 70 961261551761851811681501361281291371491611691711651502011 7ZD1011185204417199999999999999 313 49152312899999999999999
130107 85 68 61 63 76 971231481671771761681561451371351361411481541571552011 8ZD112617822 715799999999999999 415 6017 413599999999999999
147133116 97 81 70 68 75 921161401611751791751651531401301241241291381472011 9ZD13 0179999999999999999999999 546 68193112399999999999999
153154147133113 92 75 66 69 84108136162181190187174154133114102101109126201110ZD 037154141519099999999999999 717 66203910099999999999999
145162171168153128 99 74 60 61 77105139171195204198177146114 88 74 76 92201111ZD 21717115 620499999999999999 828 582125 7399999999999999
120152178193191171138102 71 53 55 75110151187212217202170128 88 58 46 54201112ZD 323194154621899999999999999 926 5222 6 4699999999999999
 82123165199215210183143100 66 50 55 82124169206227224197153102 57 28 22201113ZD 4162161623228999999999999991016 492246 2199999999999999
 40 80132182218233222189143 98 64 51 63 97144190223235221183129 73 29  4201114ZD 5 523316582359999999999999911 2 512326  199999999999999
  6 36 86145197232243226187139 95 66 60 79119166208234235209161103 47  7201115ZD 5532431733238999999999999991145 59999999999999999999999
-10  2 41 98158208239243221181134 95 73 75100142186220235225190137 78 28201116ZD 64024518 723599999999999999 0 5-101226 7199999999999999
 -5-12  9 54111168213237235210170129 97 84 94123162199223227207167114 61201117ZD 726239184022899999999999999 045-1313 5 8499999999999999
 18 -4 -2 25 70124174211227221195160126103 99113142175203216211186145 97201118ZD 813228191421699999999999999 126 -71344 9899999999999999
 52 20  7 15 44 87133174203213204180151126112113129154179196201190165128201119ZD 9 0213195020199999999999999 2 7  7142411199999999999999
 88 54 31 25 37 64100138170191197188168146129121124137155172182182170148201120ZD 951197203018499999999999999 250 25151112199999999999999
118 88 63 48 46 58 80109139164179183176162146133127129136147158164164155201121ZD1049183212516599999999999999 339 46161812799999999999999
138117 96 78 67 65 73 90113137157171175171161148136128124126133141147150201122ZD12 0175225815099999999999999 441 6518 812499999999999999
147137124108 93 83 79 83 95114134153167174172164150134121112110115124135201123ZD1318174999999999999999999999 6 0 79194511099999999999999
144147144135121106 93 85 87 97114135155170178177165147125106 93 91 98113201124ZD 1 5147142017999999999999999 722 852043 9099999999999999
131146156156148132113 96 87 87 98116139162179186180163136108 85 72 73 87201125ZD 23315715 418699999999999999 829 862125 7199999999999999
110136157170170158137114 95 85 87100123150174190192179152118 85 61 52 61201126ZD 330171153919399999999999999 921 8422 0 5299999999999999
 85117149174185181163137110 90 82 88108136165189199193170133 93 59 39 38201127ZD 41418616 92009999999999999910 4 822232 3699999999999999
 57 91131167191198187162131103 85 82 95121153182201203186152108 66 35 22201128ZD 4521981637205999999999999991041 8123 3 2299999999999999
 32 63106151187206206186155121 94 82 86108139172197208199170127 80 40 16201129ZD 52720917 3208999999999999991114 812334 1299999999999999
 14 36 77126171203215205178143110 88 83 97125159189207207186148100 54 20201130ZD 6 22151730210999999999999991146 83999999999999999999999
  5 15 49 96147189214217198165129100 86 90112144177201209198167122 74 332012 1ZD 637219175620999999999999999 0 6  51217 8599999999999999
  7  4 26 67118166202217211185150117 95 89102129162190205203181144 97 532012 2ZD 712218182320699999999999999 037  21248 8999999999999999
 19  4 12 42 87137179207213199170136108 94 97117146175195201190162121 772012 3ZD 748214185220199999999999999 110  31319 9399999999999999
 39 14  9 25 60106151186205204185155126105 991081301571791921901731431042012 4ZD 826207192419399999999999999 144  81353 9999999999999999
 65 34 18 20 42 771191581871991921721451211071061181381601761821761581282012 5ZD 9 919920 318299999999999999 222 16143310599999999999999
 93 61 37 27 34 56 901271611831901821631401211111121221381541651691631472012 6ZD 957190205416999999999999999 3 6 27152511099999999999999
122 93 66 47 40 47 68 971301591781841761601401241141121181281411511571542012 7ZD1054184221415799999999999999 4 0 40164411299999999999999
143124101 78 61 53 58 741001301571751811761611431251111031031111231371482012 8ZD12 1181999999999999999999999 5 9 53182910299999999999999
152149136116 94 75 64 64 78101130157176184180165144120 99 86 82 891051252012 9ZD 0 515313 918599999999999999 627 621951 8299999999999999
145158162153134110 87 71 68 79102132161183192187168140108 80 61 56 67 90201210ZD 14716214 919299999999999999 743 672049 5699999999999999
119149171180173152123 95 76 70 81106139170193201192166129 89 55 34 32 48201211ZD 3 4180145920199999999999999 850 702139 3099999999999999
 80120159187199191166133100 78 73 85113149182205209193159113 67 30  9 11201212ZD 4 6199154421099999999999999 949 722225  799999999999999
 36 78127172204215204174137102 80 76 93125163196215213189146 94 44  7-10201213ZD 5 02151626217999999999999991041 752310-1099999999999999
 -1 32 82137185217225209175136101 81 82103138177207220211179129 73 24-10201214ZD 55022617 6221999999999999991129 792353-2099999999999999
-20 -3 37 93150197225228207170130 99 84 90116153189214220203164111 56 10201215ZD 6372301745221999999999999991213 83999999999999999999999
-17-20  4 50107162204226222197160123 96 88100129166197215213189146 94 43201216ZD 721227182421699999999999999 036-221254 8899999999999999
  4-15-10 20 68122171206220210183147115 95 94111141174198208199171128 79201217ZD 8 422019 320899999999999999 117-171334 9299999999999999
 36  5 -5  8 41 87136177203209194166134109 96101121148175193196182152112201218ZD 846210194219799999999999999 157 -51414 9699999999999999
 70 35 15 13 31 64106147179196195177151124106100107126150170181179164136201219ZD 926198202318299999999999999 236 11145510099999999999999
101 68 42 30 35 55 86121154177186180163140119105102110126144159166162147201220ZD10 6186211116699999999999999 314 30154510299999999999999
124 96 71 55 49 57 76103132156172176169153134116105102108119133144150148201221ZD1050177221315099999999999999 355 49165010299999999999999
136119 99 81 70 68 76 92114137156167169162148131115103 97 99107118130138201222ZD1141170234113999999999999999 443 681817 9799999999999999
139133122108 95 86 84 89102120139155165166160147129111 95 86 84 92104119201223ZD1242167999999999999999999999 547 831938 8499999999999999
132138138131120108 98 94 97108123140156166168161146125102 82 69 68 77 94201224ZD 128139134616899999999999999 7 6 942038 6799999999999999
115133146150145133119106 99100109125143160170172162143115 87 63 50 52 67201225ZD 255150143917299999999999999 822 982124 4999999999999999
 91119143159164158142124108 99100111129150167178176161133100 66 42 32 40201226ZD 354164152317899999999999999 924 9822 4 3299999999999999
 63 95130159176178167146123104 96 99114136160178185177153118 79 44 22 18201227ZD 43917916 0185999999999999991013 952241 1799999999999999
 35 67107147177191188169143116 98 92101122148173188189173140 98 56 22  6201228ZD 5181921634191999999999999991054 922316  599999999999999
 11 37 78124166193202190165134107 91 91107133162186196189163122 75 33  4201229ZD 55420217 6196999999999999991130 892352 -599999999999999
 -4 11 47 95144184205205186154121 97 86 94116147177196199182147101 53 14201230ZD 62920817392009999999999999912 5 86999999999999999999999
 -8 -7 18 62114163197211202175140109 89 86101130162188201195170129 80 34201231ZD 7 5211181220199999999999999 027-111239 8599999999999999
