 14 15 16 18 19 19 19 16 13  9  5  2  0  0  1  4  7 10 12 13 14 13 13 1220 1 1ZE 453 191946 14999999999999991244  02352 1299999999999999
 12 12 13 14 15 16 16 15 13 10  7  5  3  2  2  3  6  8 11 13 13 13 13 1220 1 2ZE 536 162024 13999999999999991319  2999999999999999999999
 11 11 11 11 12 12 13 13 12 11  9  7  5  4  4  4  6  8 10 12 14 14 14 1320 1 3ZE 635 132051 1499999999999999 150 111350  499999999999999
 11 10  9  8  8  9 10 10 11 11 10  9  7  7  6  6  7  8 10 13 14 15 15 1420 1 4ZE 8 7 112118 1599999999999999 334  81424  699999999999999
 12 10  8  7  6  5  6  7  8  9 10 10  9  9  8  8  8  9 11 13 15 16 16 1620 1 5ZE1020 102147 1799999999999999 445  515 5  899999999999999
 14 11  9  6  4  3  3  4  5  8  9 10 11 11 11 10 10 10 11 13 15 17 18 1820 1 6ZE1226 112220 1899999999999999 535  316 0 1099999999999999
 16 14 10  7  4  1  0  0  2  5  8 10 12 12 13 12 12 12 12 13 15 17 19 2020 1 7ZE1340 132257 2099999999999999 617  017 0 1299999999999999
 19 17 13  9  4  1 -2 -3 -2  1  5  8 11 13 14 14 13 13 13 13 15 17 20 2120 1 8ZE1423 142338 2299999999999999 659 -31752 1399999999999999
 22 20 17 12  7  2 -2 -5 -5 -3  0  5  9 13 15 15 15 14 13 13 14 16 19 2220 1 9ZE1457 15999999999999999999999 741 -51838 1399999999999999
 23 23 21 16 10  4 -1 -5 -8 -7 -4  0  6 11 14 15 15 15 14 13 13 14 17 2020 110ZE 022 231531 1699999999999999 825 -81919 1399999999999999
 23 25 24 21 15  9  2 -4 -8-10 -9 -5  1  7 11 14 15 15 14 13 12 13 15 1820 111ZE 1 9 2516 6 1599999999999999 910-1020 0 1299999999999999
 21 25 26 24 20 14  7  0 -6-10-11 -9 -5  2  7 12 14 15 14 12 12 11 12 1420 112ZE 158 261643 1599999999999999 956-112045 1199999999999999
 18 22 25 26 24 19 12  5 -2 -7-11-11 -9 -4  3  8 12 14 14 12 11 10 10 1120 113ZE 248 261721 14999999999999991042-122141 1099999999999999
 13 17 21 24 25 22 17 10  3 -3 -8-10-10 -7 -2  4  9 12 13 12 11  9  9  820 114ZE 341 2518 0 13999999999999991128-112249  899999999999999
  9 12 16 19 22 22 20 15  9  3 -3 -6 -8 -7 -4  1  6 10 12 13 11 10  8  720 115ZE 437 221840 13999999999999991214 -8999999999999999999999
  6  7  9 13 16 19 19 17 13  8  3 -1 -4 -5 -4  0  4  8 11 13 13 11  9  720 116ZE 537 191920 1399999999999999 0 2  61259 -599999999999999
  5  4  5  6  9 12 14 15 14 11  7  4  1  0 -1  1  3  7 10 13 14 13 11  920 117ZE 648 1520 0 1499999999999999 119  41344 -199999999999999
  6  4  2  2  3  5  8 10 11 11 10  8  6  4  4  4  5  7 10 13 15 15 14 1120 118ZE 817 112043 1599999999999999 244  21430  399999999999999
  8  5  2  0 -1 -1  1  4  7  9 10  9  9  8  8  7  7  8 10 13 15 16 16 1520 119ZE1024 102127 1699999999999999 410 -11518  799999999999999
 12  8  4  1 -2 -4 -4 -2  1  4  7  9 10 10 10 10 10 10 11 13 15 17 18 1720 120ZE2215 18999999999999999999999 526 -4999999999999999999999
 15 12  8  3 -1 -4 -6 -6 -4 -1  3  7  9 11 12 12 12 12 12 12 14 16 18 1920 121ZE23 5 19999999999999999999999 628 -7999999999999999999999
 18 16 12  7  2 -3 -6 -8 -8 -5 -1  4  8 10 12 12 12 12 12 12 13 15 17 1920 122ZE1518 122355 2099999999999999 720 -81813 1299999999999999
 20 19 16 11  6  0 -5 -8-10 -8 -5  0  5  9 11 12 12 12 12 11 12 13 15 1820 123ZE1530 12999999999999999999999 8 5-101849 1199999999999999
 20 21 19 15 10  4 -2 -6 -9-10 -8 -4  1  6 10 12 12 11 11 10 10 11 13 1620 124ZE 043 211546 1299999999999999 846-101917 1099999999999999
 19 21 20 18 14  8  2 -4 -8-10-10 -7 -2  3  7 10 11 11 10  9  9  9 10 1320 125ZE 128 2116 8 1199999999999999 924-111946  999999999999999
 16 19 20 20 17 11  5 -1 -6 -9-11 -9 -5  0  5  8 10 10  9  8  7  7  8 1020 126ZE 210 201632 109999999999999910 0-112020  799999999999999
 13 16 19 19 18 14  8  2 -3 -7-10-10 -7 -3  2  6  9  9  9  7  6  6  6  720 127ZE 250 191658  9999999999999991032-1021 0  699999999999999
  9 13 16 17 17 15 11  5  0 -5 -8 -9 -8 -5 -1  4  7  8  8  7  5  4  4  520 128ZE 327 171725  99999999999999911 3 -92146  499999999999999
  6  9 12 14 15 14 11  7  2 -2 -6 -7 -7 -5 -2  2  5  7  8  7  6  4  3  320 129ZE 4 4 151751  8999999999999991131 -82242  399999999999999
  4  6  8 10 12 12 11  8  4  0 -3 -5 -6 -5 -2  1  4  7  8  8  6  4  3  220 130ZE 442 121816  8999999999999991156 -62345  299999999999999
  2  3  4  6  8  9  9  8  5  2 -1 -2 -3 -3 -1  1  4  6  8  8  7  6  4  220 131ZE 524  91841  8999999999999991217 -3999999999999999999999
  1  1  2  3  4  6  7  6  5  3  1  0 -1 -1  0  2  4  7  8  9  9  7  5  320 2 1ZE 618  719 8  999999999999999 055  11234 -199999999999999
  2  0  0  0  1  2  3  4  4  4  3  2  2  2  2  3  5  7  9 10 10  9  7  520 2 2ZE 737  41941 1099999999999999 213  01237  299999999999999
  3  1 -1 -2 -2 -1  0  1  3  3  4  4  4  4  4  5  6  7  9 10 11 11 10  820 2 3ZE2021 11999999999999999999999 338 -2999999999999999999999
  5  2  0 -3 -4 -4 -4 -2  0  2  3  4  5  6  6  6  7  7  9 10 12 12 12 1020 2 4ZE2111 12999999999999999999999 450 -4999999999999999999999
  8  5  1 -2 -5 -6 -7 -6 -4 -1  2  4  6  7  7  8  8  8  8 10 11 13 14 1320 2 5ZE2210 14999999999999999999999 547 -7999999999999999999999
 11  8  4  0 -4 -7 -9 -9 -8 -5 -1  3  6  7  8  9  8  8  8  9 10 13 15 1620 2 6ZE23 9 16999999999999999999999 637-10999999999999999999999
 15 13  9  4 -1 -6-10-12-12 -9 -5  0  4  7  9  9  9  8  7  8  9 11 14 1620 2 7ZE1453  9999999999999999999999 725-121822  799999999999999
 18 17 14  9  3 -3 -9-13-15-14-10 -5  1  5  8  9  9  8  7  6  6  8 11 1520 2 8ZE 0 7 181512  999999999999999 812-151911  699999999999999
 18 19 18 14  8  1 -5-11-15-16-15-10 -4  2  6  9  9  8  6  5  4  5  7 1120 2 9ZE 1 2 191537  999999999999999 857-1620 0  499999999999999
 16 19 20 19 14  8  0 -7-13-16-17-14 -8 -2  4  7  9  8  6  4  2  2  3  620 210ZE 157 2016 7  999999999999999 942-172053  299999999999999
 11 16 19 20 18 13  6 -1 -8-13-16-16-12 -6  1  5  8  9  7  4  1  0  0  120 211ZE 251 211638  9999999999999991026-162152  099999999999999
  4 10 15 18 19 17 12  5 -2 -8-12-14-12 -8 -2  3  7  9  8  5  2  0 -2 -320 212ZE 346 191710  99999999999999911 8-142253 -399999999999999
 -1  2  8 13 16 16 14  9  3 -2 -6 -9-10 -8 -4  2  6  9  9  8  4  1 -2 -420 213ZE 443 161744 10999999999999991148-102356 -599999999999999
 -5 -3  0  5  9 12 13 11  7  3 -1 -4 -5 -5 -3  1  5  8 10 10  7  4  0 -320 214ZE 545 131819 10999999999999991227 -6999999999999999999999
 -5 -6 -5 -2  1  5  8  8  8  5  3  1  0 -1  0  2  5  8 10 11 10  7  4  020 215ZE 658  81857 1199999999999999 1 4 -613 2 -199999999999999
 -3 -6 -7 -7 -5 -2  1  4  5  5  5  4  4  3  3  4  6  8 10 11 12 10  8  420 216ZE 842  51940 1299999999999999 223 -71327  399999999999999
  1 -3 -6 -8 -8 -7 -5 -2  0  3  4  5  6  6  6  6  7  8  9 11 12 12 11  820 217ZE2034 12999999999999999999999 351 -8999999999999999999999
  5  1 -2 -6 -9-10 -9 -7 -4 -1  2  4  6  7  8  8  8  8  9 10 11 12 13 1120 218ZE2140 13999999999999999999999 514-10999999999999999999999
  9  6  2 -3 -6-10-11-11 -9 -5 -1  2  5  7  8  8  8  8  8  8 10 11 13 1320 219ZE2248 13999999999999999999999 620-11999999999999999999999
 12 10  6  1 -3 -7-11-12-11 -9 -5 -1  3  6  7  8  8  7  7  7  8  9 11 1320 220ZE1516  82348 1499999999999999 712-121831  799999999999999
 14 12 10  5  0 -5 -9-12-13-11 -8 -3  1  4  6  7  7  6  5  5  6  7  9 1220 221ZE15 6  7999999999999999999999 754-1319 4  599999999999999
 14 14 12  9  4 -1 -6-10-12-13-10 -6 -1  3  5  6  6  5  4  3  3  4  6  920 222ZE 039 141511  699999999999999 831-131930  399999999999999
 12 14 14 11  7  2 -4 -8-12-13-12 -8 -3  1  4  6  6  4  3  2  1  2  3  620 223ZE 124 141525  699999999999999 9 3-131958  199999999999999
 10 13 14 13 10  5 -1 -6-10-12-12-10 -6 -1  3  5  6  4  2  0  0  0  1  320 224ZE 2 4 141543  699999999999999 933-132031 -199999999999999
  7 10 13 13 11  7  2 -3 -8-11-12-11 -7 -3  2  5  6  5  3  0 -2 -2 -2  020 225ZE 243 1316 3  69999999999999910 0-122110 -299999999999999
  3  7 10 12 11  9  4 -1 -5 -9-10-10 -8 -4  1  4  6  5  4  1 -2 -3 -4 -320 226ZE 320 121624  6999999999999991025-102153 -499999999999999
  0  3  7  9 10  9  6  2 -3 -6 -8 -8 -7 -4  0  3  6  6  5  2 -1 -3 -4 -520 227ZE 358 101644  6999999999999991048 -92239 -599999999999999
 -3 -1  3  6  8  8  6  3  0 -3 -5 -6 -6 -3  0  3  6  7  6  4  1 -2 -4 -520 228ZE 439  817 5  79999999999999911 9 -62328 -599999999999999
 -5 -4 -1  2  4  6  5  4  1 -1 -3 -4 -3 -2  1  3  6  7  7  5  3  0 -3 -520 229ZE 524  61726  7999999999999991125 -4999999999999999999999
 -6 -6 -4 -2  1  3  4  3  2  1 -1 -1 -1  0  1  4  6  8  8  7  5  2 -1 -420 3 1ZE 619  41751  899999999999999 021 -61127 -199999999999999
 -5 -6 -6 -5 -3 -1  1  2  2  2  1  1  1  2  3  4  6  8  9  8  7  4  1 -120 3 2ZE 739  21821  999999999999999 121 -61045  199999999999999
 -4 -6 -7 -7 -6 -4 -2 -1  1  1  2  2  3  3  4  5  6  7  9  9  9  7  5  220 3 3ZE19 4  9999999999999999999999 234 -7999999999999999999999
 -1 -4 -6 -8 -8 -8 -6 -4 -2  0  2  3  4  5  5  6  6  7  8  9 10  9  8  520 3 4ZE20 9 10999999999999999999999 357 -8999999999999999999999
  2 -1 -4 -7 -9-10-10 -8 -5 -2  1  3  4  5  6  6  6  6  7  8  9 10 10  920 3 5ZE2132 10999999999999999999999 511-10999999999999999999999
  6  3 -1 -5 -9-11-13-12-10 -6 -2  2  4  6  6  6  6  5  5  6  8 10 12 1220 3 6ZE1419  62250 1299999999999999 611-131727  599999999999999
 11  8  4 -1 -6-10-14-15-14-10 -6 -1  3  5  6  6  5  4  4  4  5  8 11 1320 3 7ZE1414  72357 1499999999999999 7 3-151822  499999999999999
 14 13 10  5 -1 -7-12-15-16-14-10 -4  1  5  7  7  5  3  2  1  1  3  7 1220 3 8ZE1429  7999999999999999999999 751-161911  199999999999999
 15 16 15 11  5 -2 -8-13-16-17-14 -8 -2  3  6  7  6  3  0 -1 -2 -1  2  720 3 9ZE 058 161452  799999999999999 837-1720 2 -299999999999999
 12 16 17 16 11  4 -3 -9-13-16-15-11 -5  1  6  8  7  5  1 -2 -5 -5 -4  020 310ZE 156 171518  899999999999999 920-162056 -599999999999999
  6 12 16 17 15 11  4 -3 -8-12-13-12 -7 -1  5  8  9  7  3 -2 -5 -7 -8 -620 311ZE 254 171547  99999999999999910 1-132151 -899999999999999
 -2  5 11 15 16 14  9  3 -2 -6 -9-10 -7 -2  4  8 10 10  6  1 -3 -7 -9-1020 312ZE 352 161618 10999999999999991040-102247-1099999999999999
 -8 -3  3  9 12 13 11  7  3 -1 -4 -5 -5 -2  3  8 11 11 10  5  0 -4 -8-1120 313ZE 452 131650 11999999999999991118 -52345-1199999999999999
-11 -9 -5  1  6  9 10  9  6  3  1  0 -1  1  3  7 10 12 12  9  5  0 -4 -820 314ZE 557 101724 12999999999999991152 -1999999999999999999999
-11-11-10 -6 -2  2  5  7  6  5  4  4  3  3  5  7 10 12 12 11  9  5  0 -420 315ZE 717  718 1 1299999999999999 048-121217  399999999999999
 -7-10-11-10 -8 -4 -1  2  4  5  5  6  6  6  7  8  9 10 12 12 11  8  5  120 316ZE1845 12999999999999999999999 2 1-11999999999999999999999
 -3 -6 -9-10-10 -9 -6 -3  0  2  4  6  7  8  8  8  9  9 10 11 11 10  8  620 317ZE1945 11999999999999999999999 327-11999999999999999999999
  2 -1 -5 -8-10-11-10 -7 -4 -1  2  5  6  8  8  8  8  8  8  9 10 10 10  920 318ZE2111 10999999999999999999999 451-11999999999999999999999
  6  3 -1 -4 -8-10-11-10 -7 -4  0  3  5  7  7  8  7  7  6  7  8  9 10 1020 319ZE1432  82237 1099999999999999 558-1118 4  699999999999999
  9  7  3 -1 -5 -8-10-11 -9 -6 -3  1  4  6  7  7  6  5  4  4  5  7  9 1020 320ZE1418  72342 1099999999999999 649-111842  499999999999999
 10  9  7  3 -1 -5 -9-10-10 -8 -5  0  3  5  6  6  5  4  3  2  3  4  6  920 321ZE1413  6999999999999999999999 728-111910  299999999999999
 11 11  9  6  2 -3 -7 -9-10 -9 -6 -2  2  5  6  6  4  2  1  0  0  1  4  720 322ZE 033 111419  699999999999999 8 1-101934  099999999999999
 10 11 11  8  4  0 -4 -8 -9 -9 -7 -3  1  4  6  6  5  2  0 -2 -2 -1  1  420 323ZE 117 111431  699999999999999 829-1020 1 -299999999999999
  8 10 11 10  7  3 -2 -6 -8 -9 -7 -4  0  4  6  7  6  3  0 -3 -4 -4 -2  120 324ZE 158 111446  799999999999999 854 -92033 -499999999999999
  5  8 11 11  9  5  1 -3 -6 -7 -7 -4  0  4  7  8  7  4  1 -3 -5 -6 -5 -320 325ZE 237 1115 4  899999999999999 918 -721 8 -699999999999999
  1  6  9 10 10  8  4  0 -3 -5 -5 -4  0  4  7  9  8  6  3 -1 -4 -6 -7 -520 326ZE 317 101522  999999999999999 941 -52147 -799999999999999
 -2  2  6  9 10  9  6  2  0 -2 -3 -2  0  4  7  9 10  8  5  1 -3 -6 -7 -720 327ZE 358 101542 109999999999999910 3 -32227 -899999999999999
 -5 -2  3  6  8  8  7  4  2  0 -1  0  1  4  7 10 11 10  7  3 -1 -5 -7 -820 328ZE 442  816 2 11999999999999991023 -12310 -899999999999999
 -7 -5 -1  3  5  7  7  6  4  3  2  2  3  5  8 10 11 11  9  6  2 -2 -5 -720 329ZE 531  71624 11999999999999991033  22356 -899999999999999
 -8 -7 -4 -1  2  4  6  6  5  4  4  4  5  6  8 10 11 12 11  8  5  1 -3 -620 330ZE 631  61648 129999999999999910 6  4999999999999999999999
 -7 -8 -7 -4 -1  1  3  5  5  5  5  6  6  7  8 10 11 12 12 10  7  4  0 -320 331ZE1720 12999999999999999999999 048 -8999999999999999999999
 -5 -7 -8 -7 -5 -3  0  2  4  5  6  6  7  8  8  9 10 11 12 11 10  7  4  120 4 1ZE18 8 12999999999999999999999 153 -8999999999999999999999
 -3 -5 -7 -8 -8 -6 -4 -1  2  4  6  7  8  8  9  9  9 10 11 11 11 10  8  520 4 2ZE1929 11999999999999999999999 312 -8999999999999999999999
  1 -2 -5 -8 -9 -9 -8 -5 -2  2  5  7  8  8  9  8  8  8  9 10 11 12 11 1020 4 3ZE2110 12999999999999999999999 432 -9999999999999999999999
  6  3 -1 -5 -8-10-10 -9 -5 -1  3  6  8  9  8  8  7  6  6  7  9 11 13 1320 4 4ZE1311  92238 1399999999999999 538-101730  699999999999999
 12  8  4 -1 -5 -9-11-11 -9 -5  0  5  8  9  9  7  5  4  3  3  5  8 12 1520 4 5ZE1316  92351 1599999999999999 633-111820  399999999999999
 15 14 10  5  0 -5 -9-11-10 -7 -2  3  7 10 10  8  5  2  0 -1  0  3  7 1220 4 6ZE1334 10999999999999999999999 722-1119 8 -199999999999999
 16 17 16 12  6  0 -4 -8 -9 -8 -4  1  7 10 12 10  7  3 -1 -3 -4 -3  1  720 4 7ZE 056 171358 1299999999999999 8 7 -91959 -499999999999999
 13 17 18 17 12  7  1 -3 -6 -7 -5  0  6 11 13 13 10  5  0 -4 -7 -8 -6 -120 4 8ZE 158 181425 1399999999999999 849 -72051 -899999999999999
  6 12 17 18 17 13  7  3 -1 -3 -3  0  5 11 14 16 14  9  3 -2 -7 -9-10 -720 4 9ZE 259 181455 1699999999999999 929 -32144-1099999999999999
 -2  5 12 16 17 16 12  8  4  2  1  2  5 10 15 17 17 14  8  2 -4 -8-11-1120 410ZE 4 0 171527 179999999999999910 7  12237-1199999999999999
 -8 -2  4 10 14 15 14 11  9  7  5  5  7 10 14 17 18 17 13  8  1 -4 -8-1120 411ZE 5 2 1516 1 18999999999999991042  52332-1199999999999999
-11 -8 -3  3  8 11 13 12 11 10  9  8  9 11 13 16 18 18 17 12  7  1 -4 -720 412ZE 611 131637 19999999999999991112  8999999999999999999999
-10-10 -7 -3  1  6  9 11 11 11 11 11 11 12 13 15 17 18 17 15 11  7  2 -220 413ZE1716 18999999999999999999999 031-10999999999999999999999
 -6 -8 -8 -7 -4  0  4  7  9 10 11 12 12 12 13 14 15 16 16 16 14 11  7  320 414ZE18 1 16999999999999999999999 137 -8999999999999999999999
 -1 -4 -6 -7 -6 -4  0  3  6  8 10 11 12 13 13 13 13 13 14 14 14 13 10  720 415ZE19 5 14999999999999999999999 255 -7999999999999999999999
  4  1 -2 -5 -6 -5 -3  0  3  6  8 10 12 12 12 12 11 11 11 12 13 13 12 1020 416ZE1330 122041 1399999999999999 414 -617 3 1199999999999999
  8  5  2 -1 -4 -5 -4 -3  0  4  7  9 11 11 11 11 10  9  9  9 10 11 12 1220 417ZE1318 112216 1299999999999999 518 -51756  999999999999999
 10  8  5  2 -1 -3 -4 -3 -1  2  6  8 10 11 11 10  8  7  7  7  8  9 11 1220 418ZE13 9 112326 1299999999999999 6 6 -41829  699999999999999
 12 11  8  5  2 -1 -3 -3 -2  1  5  8 10 11 11  9  7  6  5  4  5  7  9 1120 419ZE1310 11999999999999999999999 643 -31856  499999999999999
 12 12 11  8  5  1 -1 -2 -1  1  4  8 11 12 11 10  7  5  3  2  2  4  7 1020 420ZE 021 131317 1299999999999999 713 -21921  299999999999999
 12 13 13 10  7  4  1  0  0  1  4  8 11 13 13 11  8  5  2  0  0  1  4  720 421ZE 1 8 131329 1399999999999999 738  01949  099999999999999
 11 13 14 13 10  7  4  2  1  2  4  8 12 14 14 13 10  6  2  0 -2 -1  1  420 422ZE 152 141345 1499999999999999 8 2  12021 -299999999999999
  9 12 14 14 13 10  7  4  3  3  5  8 12 15 16 15 12  8  4  0 -2 -3 -2  120 423ZE 235 1414 4 1699999999999999 826  32056 -399999999999999
  6 10 13 15 14 12 10  7  6  5  6  9 12 16 17 17 15 11  6  1 -2 -4 -4 -220 424ZE 318 151425 1899999999999999 851  52133 -499999999999999
  2  7 11 14 15 14 12 10  8  7  8 10 13 16 18 19 17 14  9  4  0 -3 -5 -420 425ZE 4 2 151447 1999999999999999 915  72212 -599999999999999
 -1  4  8 12 14 14 13 12 10 10 10 11 13 16 18 20 19 17 12  7  2 -1 -4 -520 426ZE 448 141512 2099999999999999 933 102254 -599999999999999
 -3  0  5  9 12 14 14 13 12 11 12 12 13 16 18 20 20 19 15 11  6  1 -2 -420 427ZE 540 141539 2099999999999999 927 112339 -499999999999999
 -4 -3  1  5  9 11 13 13 13 13 13 13 14 15 17 19 20 20 18 14  9  5  1 -220 428ZE1610 209999999999999999999999999999999999999999999999999
 -4 -4 -2  1  5  8 11 12 13 13 14 14 15 15 17 18 19 20 19 17 13  9  5  120 429ZE1651 20999999999999999999999 030 -4999999999999999999999
 -2 -3 -3 -2  1  4  7 10 12 13 14 15 15 15 16 17 18 18 19 18 16 13  9  520 430ZE1752 19999999999999999999999 130 -3999999999999999999999
  2 -1 -3 -3 -2  1  4  7 10 12 14 15 15 15 15 15 15 16 17 18 18 16 14 1020 5 1ZE1921 18999999999999999999999 241 -3999999999999999999999
  6  3  0 -2 -3 -2  1  4  8 11 14 15 15 15 14 14 13 13 14 16 17 18 17 1520 5 2ZE1158 1521 1 1899999999999999 354 -31619 1399999999999999
 12  8  4  1 -1 -2 -1  2  5 10 13 15 16 15 14 12 11 10 10 12 14 17 19 1920 5 3ZE1158 162231 1999999999999999 459 -21720 1099999999999999
 17 14 10  6  2  0 -1  0  4  8 13 16 17 17 15 12  9  7  6  7  9 13 17 2020 5 4ZE1213 172349 2099999999999999 555 -11811  699999999999999
 20 19 16 12  7  4  2  2  3  7 12 16 19 19 17 14 10  6  3  2  4  7 12 1720 5 5ZE1236 19999999999999999999999 644  119 1  299999999999999
 21 22 21 18 13  9  6  5  5  7 12 17 20 22 21 17 12  7  3  0 -1  1  5 1220 5 6ZE 059 2213 4 2299999999999999 729  51952 -199999999999999
 17 21 23 22 19 15 12  9  8  9 12 17 21 24 24 22 17 10  4  0 -3 -4 -1  420 5 7ZE 2 5 231335 2499999999999999 811  82043 -499999999999999
 11 17 22 23 22 20 16 14 12 12 13 17 21 25 27 26 22 16  9  3 -2 -5 -5 -220 5 8ZE 3 8 2314 8 2799999999999999 851 122134 -699999999999999
  4 11 17 21 23 22 20 18 16 15 15 17 21 25 28 28 26 21 15  8  2 -3 -5 -520 5 9ZE 4 9 231445 2899999999999999 927 152226 -699999999999999
 -2  4 11 16 20 22 21 20 19 18 18 18 20 24 27 29 28 26 20 14  7  2 -2 -520 510ZE 512 221523 2999999999999999 958 182319 -599999999999999
 -4  0  5 11 15 19 20 20 20 19 19 19 20 22 25 27 28 27 24 19 13  8  3 -120 511ZE 624 2016 4 28999999999999991012 19999999999999999999999
 -3 -2  1  5 10 14 17 19 19 20 20 20 21 21 23 25 26 26 25 22 18 13  8  420 512ZE1647 27999999999999999999999 013 -3999999999999999999999
  1 -1  0  2  6 10 14 16 18 19 20 20 20 21 21 22 23 24 24 23 20 17 13  920 513ZE1735 24999999999999999999999 112 -1999999999999999999999
  6  3  2  2  4  7 10 13 16 18 19 20 20 20 20 20 20 21 22 22 21 19 16 1320 514ZE1835 22999999999999999999999 216  2999999999999999999999
 10  7  5  4  4  5  8 11 14 16 18 19 19 19 19 18 18 18 19 19 19 19 18 1620 515ZE1210 1920 0 1999999999999999 322  41625 1899999999999999
 13 11  8  6  5  6  7 10 13 15 17 19 19 19 18 17 16 15 16 16 17 18 18 1720 516ZE1157 192139 1899999999999999 419  51723 1599999999999999
 16 14 11  9  8  7  7  9 12 15 17 19 19 19 18 16 15 13 13 13 15 16 18 1820 517ZE1155 1923 0 1899999999999999 5 4  718 0 1399999999999999
 18 16 14 12 10  9  9 10 12 15 18 20 20 20 18 16 14 12 11 11 12 14 16 1820 518ZE12 0 20999999999999999999999 538  91829 1199999999999999
 19 18 17 15 13 11 10 11 13 16 19 21 22 21 20 17 14 11  9  9  9 11 14 1720 519ZE 0 5 191210 2299999999999999 6 6 101858  999999999999999
 19 20 19 17 15 14 13 13 14 16 19 22 24 24 22 19 15 11  8  7  7  9 12 1520 520ZE 1 1 201226 2499999999999999 632 121929  799999999999999
 18 20 21 20 18 16 15 14 15 17 20 23 25 26 25 21 17 13  9  6  5  6  9 1320 521ZE 150 211246 2699999999999999 7 0 1420 2  599999999999999
 17 20 22 22 21 19 17 17 17 18 20 24 27 28 27 25 20 15 10  6  4  4  6 1020 522ZE 236 221310 2899999999999999 728 162039  499999999999999
 14 19 22 23 23 21 20 19 18 19 21 24 27 29 29 28 24 19 13  8  5  3  4  720 523ZE 320 231338 3099999999999999 756 182117  399999999999999
 11 16 20 23 24 23 22 21 20 20 21 24 27 30 31 30 27 22 17 11  7  4  3  420 524ZE 4 5 2414 8 3199999999999999 821 202158  399999999999999
  8 13 17 21 23 24 23 22 22 22 22 24 26 29 31 31 30 26 21 15 10  6  3  320 525ZE 453 241441 3199999999999999 836 212242  299999999999999
  5  9 14 18 21 23 24 23 23 23 23 24 25 28 30 31 31 29 25 19 13  9  5  320 526ZE 547 241518 3299999999999999 834 232329  399999999999999
  3  5 10 14 18 21 23 23 23 23 23 24 25 26 29 30 31 30 28 23 18 13  8  520 527ZE16 1 319999999999999999999999999999999999999999999999999
  3  4  6 10 14 18 21 23 23 23 24 24 24 25 26 28 30 30 29 26 22 17 13  920 528ZE1654 30999999999999999999999 020  3999999999999999999999
  6  4  5  7 11 15 18 21 23 23 24 24 24 24 24 25 27 28 29 28 26 22 18 1320 529ZE18 1 29999999999999999999999 116  4999999999999999999999
 10  7  6  6  8 12 16 19 22 24 24 24 24 23 22 22 23 25 26 27 27 25 22 1920 530ZE1019 241925 2799999999999999 216  61433 2299999999999999
 15 12  9  8  8 10 14 17 21 24 25 25 24 23 21 20 20 20 22 24 26 27 26 2420 531ZE1029 252059 2799999999999999 318  81559 2099999999999999
 20 17 14 12 11 11 13 16 20 24 26 27 26 24 21 19 17 16 17 19 22 25 27 2720 6 1ZE1050 272231 2799999999999999 418 1017 4 1699999999999999
 25 22 19 17 15 14 14 16 20 24 27 29 28 26 23 19 16 13 12 13 16 20 24 2720 6 2ZE1115 292355 2899999999999999 512 1418 1 1299999999999999
 28 27 25 22 20 18 17 18 21 24 28 31 32 30 26 21 17 13 10  9 10 14 20 2420 6 3ZE1144 32999999999999999999999 6 0 171854  999999999999999
 28 29 29 27 24 22 21 21 22 25 29 32 34 34 31 26 20 14 10  7  6  8 13 1920 6 4ZE 111 291218 3499999999999999 645 211945  699999999999999
 25 29 30 30 28 26 25 24 24 26 29 33 36 37 35 31 25 19 12  8  5  5  8 1320 6 5ZE 219 301254 3799999999999999 725 242036  499999999999999
 20 25 29 31 31 29 28 27 26 27 29 32 36 38 39 36 31 25 17 11  7  4  4  820 6 6ZE 320 311335 3999999999999999 8 1 262126  499999999999999
 14 20 26 29 31 31 29 28 28 28 29 31 35 38 40 39 36 31 24 17 11  6  4  520 6 7ZE 417 311417 4099999999999999 829 282215  499999999999999
  9 15 21 26 29 30 30 29 29 29 29 30 33 36 39 40 38 35 29 22 16 11  7  520 6 8ZE 514 3015 1 4099999999999999 841 2923 5  599999999999999
  7 11 16 21 26 28 29 29 29 29 29 30 31 33 36 38 38 37 33 28 22 16 11  820 6 9ZE1545 389999999999999999999992354  7999999999999999999999
  7  9 12 17 22 25 28 28 28 28 29 29 30 31 33 35 36 36 34 31 26 21 16 1220 610ZE1630 369999999999999999999999999999999999999999999999999
 10 10 11 14 18 22 25 27 28 28 28 28 29 29 30 31 33 34 33 31 28 24 20 1720 611ZE1716 34999999999999999999999 043 10999999999999999999999
 14 12 12 14 16 20 23 25 27 28 28 28 28 28 28 28 29 30 31 30 29 26 23 2020 612ZE18 8 31999999999999999999999 132 12999999999999999999999
 17 15 14 14 16 18 21 24 26 27 28 28 27 27 26 26 26 27 28 28 28 27 25 2320 613ZE1023 281916 2899999999999999 219 1415 7 2699999999999999
 21 18 17 17 17 19 21 24 26 28 28 28 28 27 25 24 24 24 25 25 26 26 26 2520 614ZE1025 282050 2699999999999999 3 3 171627 2499999999999999
 23 21 20 19 19 20 21 24 26 28 29 29 29 27 25 23 22 21 22 23 24 25 26 2620 615ZE1033 292231 2699999999999999 341 191717 2199999999999999
 25 24 23 22 21 21 23 25 27 29 31 31 30 28 26 23 21 20 19 20 21 23 25 2620 616ZE1046 312355 2799999999999999 415 211755 1999999999999999
 27 26 25 24 24 23 24 26 28 30 32 33 33 31 28 24 21 19 17 17 19 21 24 2620 617ZE11 5 33999999999999999999999 449 231829 1799999999999999
 28 28 28 27 26 25 26 27 29 31 34 35 35 34 30 27 22 19 16 15 16 18 22 2520 618ZE 1 3 281129 3599999999999999 523 2519 5 1599999999999999
 28 29 30 29 29 28 27 28 29 32 35 37 38 37 34 30 25 20 17 14 14 15 19 2320 619ZE 156 301157 3899999999999999 559 271942 1499999999999999
 27 30 31 31 31 30 29 29 30 32 35 38 39 39 37 33 28 23 18 14 13 13 16 2020 620ZE 241 311230 4099999999999999 634 292022 1299999999999999
 24 28 31 32 32 31 31 30 30 32 34 37 40 41 40 37 33 27 21 16 13 11 13 1620 621ZE 323 3213 6 4199999999999999 7 7 3021 4 1199999999999999
 21 26 30 32 33 33 32 31 31 32 33 36 39 42 42 41 37 31 25 19 14 11 11 1320 622ZE 4 4 331346 4299999999999999 736 312148 1199999999999999
 17 22 27 31 33 33 33 32 31 32 33 35 38 41 43 43 40 36 30 23 18 13 11 1120 623ZE 448 331429 4399999999999999 8 2 312233 1099999999999999
 13 18 23 28 31 33 33 32 32 32 32 33 35 39 41 43 42 39 34 28 22 17 13 1120 624ZE 534 331515 4399999999999999 830 322321 1199999999999999
 11 14 19 24 28 31 33 32 32 32 32 32 33 35 38 41 42 41 38 33 27 21 17 1320 625ZE 624 3316 6 4299999999999999 914 32999999999999999999999
 12 13 16 20 25 29 31 32 32 32 31 31 31 32 35 37 39 40 40 37 32 26 22 1820 626ZE 714 3217 4 4099999999999999 0 9 1211 8 3199999999999999
 15 14 15 18 22 26 30 32 33 32 32 31 30 30 31 33 35 37 38 38 35 31 27 2320 627ZE 8 0 331811 3899999999999999 059 141249 3099999999999999
 19 17 17 18 21 25 29 32 33 34 33 32 30 29 28 28 30 32 34 36 36 34 31 2820 628ZE 840 341931 3699999999999999 150 171417 2899999999999999
 25 22 21 20 22 24 28 31 34 35 35 33 31 29 27 26 25 26 29 32 34 35 34 3220 629ZE 915 3521 4 3599999999999999 242 201540 2599999999999999
 30 27 25 24 24 25 28 31 35 37 37 36 34 31 27 25 23 22 23 26 29 32 34 3420 630ZE 949 382246 3499999999999999 335 241651 2299999999999999
 33 32 30 29 28 28 29 32 35 38 40 40 38 34 30 26 22 20 19 20 23 27 31 3420 7 1ZE1025 40999999999999999999999 427 281753 1999999999999999
 35 35 34 33 32 31 32 33 36 39 42 43 42 39 34 29 24 20 17 16 18 22 27 3120 7 2ZE 022 3511 4 4399999999999999 515 311849 1699999999999999
 35 36 37 36 35 34 34 34 36 39 42 45 45 43 40 34 28 23 18 15 15 17 22 2720 7 3ZE 142 371146 4599999999999999 558 341941 1599999999999999
 32 36 37 38 37 36 36 36 36 38 41 45 47 47 44 40 34 27 21 17 14 14 17 2220 7 4ZE 243 381230 4799999999999999 634 362031 1499999999999999
 28 33 36 38 38 37 36 36 36 38 40 43 46 48 48 45 39 33 26 20 16 14 14 1820 7 5ZE 330 381317 4899999999999999 7 3 362118 1399999999999999
 23 29 34 37 38 38 37 36 36 37 38 41 44 47 48 47 44 38 31 25 19 16 14 1520 7 6ZE 412 3814 4 4899999999999999 729 3622 4 1499999999999999
 19 25 30 34 37 37 37 36 36 36 37 38 41 45 47 48 46 42 36 30 24 19 16 1520 7 7ZE 452 371449 4899999999999999 758 362247 1599999999999999
 17 21 27 31 35 36 36 36 35 35 35 36 38 41 44 46 46 44 40 34 28 23 19 1720 7 8ZE 532 361533 4699999999999999 832 352329 1799999999999999
 17 20 24 28 32 35 36 35 35 34 34 35 36 38 40 43 44 43 41 37 32 27 23 2020 7 9ZE 613 361615 4499999999999999 914 34999999999999999999999
 19 20 22 26 30 33 35 35 35 34 34 34 34 35 37 39 41 41 40 38 34 30 26 2320 710ZE 654 351657 4199999999999999 0 8 191025 3499999999999999
 21 21 22 25 28 31 34 35 35 34 34 33 33 33 34 35 37 38 38 37 35 32 29 2720 711ZE 733 351744 3899999999999999 043 2112 8 3399999999999999
 25 24 24 26 28 31 33 35 35 35 34 33 33 32 32 32 33 35 35 36 35 33 31 2920 712ZE 8 6 351843 3699999999999999 116 241341 3299999999999999
 28 27 26 27 29 31 33 35 36 36 36 34 33 32 31 30 30 31 32 33 34 33 33 3120 713ZE 833 3620 8 3499999999999999 144 261511 3099999999999999
 30 29 29 29 30 32 34 36 37 38 37 36 34 32 30 29 28 28 29 30 32 33 33 3320 714ZE 9 0 382211 3399999999999999 212 291623 2899999999999999
 33 32 32 31 32 33 35 37 39 40 40 38 36 34 31 29 27 26 26 28 29 31 33 3420 715ZE 929 40999999999999999999999 244 311715 2699999999999999
 34 34 34 34 34 34 36 37 40 41 42 41 39 36 33 30 27 25 24 25 27 29 32 3420 716ZE 016 3410 2 4299999999999999 328 341759 2499999999999999
 35 36 36 36 35 35 36 38 40 42 43 44 42 40 36 32 28 25 23 22 24 27 30 3320 717ZE 134 361039 4499999999999999 422 351841 2299999999999999
 36 37 37 37 37 37 37 38 40 42 44 46 45 43 40 35 30 26 22 21 21 23 27 3120 718ZE 215 381120 4699999999999999 514 371923 2199999999999999
 35 37 38 39 38 38 37 38 39 41 44 47 48 47 44 39 34 28 24 20 19 20 23 2820 719ZE 245 3912 4 4899999999999999 559 3720 6 1999999999999999
 32 36 38 39 39 38 38 38 38 40 43 46 49 49 48 44 39 32 26 22 18 17 19 2320 720ZE 315 391249 4999999999999999 640 382051 1799999999999999
 29 33 37 39 40 39 38 37 38 39 41 44 48 50 50 48 44 37 31 24 20 17 17 1920 721ZE 347 401337 5199999999999999 718 372136 1699999999999999
 24 30 35 38 39 39 38 37 37 37 38 41 45 49 51 51 48 43 36 29 23 19 16 1720 722ZE 422 401426 5199999999999999 8 1 372221 1699999999999999
 20 26 31 36 38 39 39 37 36 36 36 38 41 45 49 51 50 47 41 34 28 23 19 1720 723ZE 457 391517 5199999999999999 854 3623 6 1799999999999999
 18 22 28 33 37 39 39 38 36 35 35 35 37 40 44 48 49 49 45 40 33 28 23 2020 724ZE 534 391611 499999999999999910 8 352351 1999999999999999
 19 21 25 30 35 38 39 39 37 36 34 34 34 35 39 42 46 47 46 43 38 33 29 2520 725ZE 612 401711 47999999999999991127 34999999999999999999999
 23 23 25 29 33 37 40 40 39 37 35 34 32 32 33 36 40 42 44 44 41 38 34 3120 726ZE 650 401819 4499999999999999 035 221242 3299999999999999
 28 27 27 29 33 36 40 41 41 40 37 35 33 31 30 31 33 36 39 41 41 40 38 3520 727ZE 730 421941 4199999999999999 119 2714 1 3099999999999999
 33 32 31 32 34 37 40 42 43 43 41 38 35 32 29 28 28 30 33 36 38 39 39 3820 728ZE 811 432128 3999999999999999 2 4 311524 2899999999999999
 37 36 35 35 36 37 40 43 45 45 44 42 39 35 31 28 26 25 27 30 33 36 38 3920 729ZE 856 452348 4099999999999999 252 351642 2599999999999999
 40 39 39 38 38 39 40 43 45 47 47 46 43 39 35 30 26 24 23 25 28 32 35 3820 730ZE 946 47999999999999999999999 346 381749 2399999999999999
 40 41 41 41 40 40 41 42 45 47 49 49 47 44 39 34 29 25 22 22 23 27 31 3620 731ZE 141 411038 4999999999999999 443 401847 2299999999999999
 39 41 42 42 42 41 41 42 43 46 49 50 50 48 44 39 34 28 24 21 21 23 27 3220 8 1ZE 230 421131 5199999999999999 534 411938 2199999999999999
 37 40 42 42 42 41 41 41 42 44 47 50 51 51 49 44 39 32 27 23 21 21 24 2920 8 2ZE 255 421222 5299999999999999 613 412024 2099999999999999
 34 38 41 42 42 41 40 40 40 42 44 48 51 52 51 48 43 37 31 26 22 20 22 2520 8 3ZE 318 421311 5299999999999999 647 4021 7 2099999999999999
 30 35 39 41 41 41 39 39 39 40 42 45 48 51 52 51 47 41 35 29 25 22 21 2320 8 4ZE 342 411357 5299999999999999 720 392146 2199999999999999
 27 32 37 40 41 40 39 38 38 38 39 41 45 48 51 51 49 45 39 33 28 24 22 2220 8 5ZE 4 9 411439 5199999999999999 757 382222 2299999999999999
 25 30 34 38 40 40 39 37 37 36 37 38 41 45 48 49 49 46 42 36 31 27 24 2320 8 6ZE 437 401520 5099999999999999 839 362255 2399999999999999
 25 28 32 36 39 40 39 38 36 36 36 36 38 41 44 46 47 46 43 39 34 30 27 2520 8 7ZE 5 6 4016 0 4799999999999999 929 352325 2599999999999999
 26 28 31 35 38 39 40 38 37 35 35 35 36 37 40 43 44 45 43 40 36 33 30 2820 8 8ZE 533 401640 45999999999999991029 352352 2899999999999999
 28 29 31 34 37 39 40 39 38 36 35 34 34 35 37 39 41 42 42 40 38 35 33 3120 8 9ZE 6 0 401726 42999999999999991136 34999999999999999999999
 30 31 32 35 37 39 40 40 39 37 36 34 33 33 34 35 37 39 39 39 38 37 35 3420 810ZE 626 411823 3999999999999999 014 301245 3399999999999999
 33 33 34 36 38 40 41 42 41 39 37 36 34 33 32 33 34 35 36 37 38 37 36 3620 811ZE 654 421946 3899999999999999 034 3314 0 3299999999999999
 35 35 36 37 38 40 42 43 43 41 40 37 35 33 32 31 31 32 33 35 36 37 37 3720 812ZE 727 43999999999999999999999 047 351520 3199999999999999
 37 37 38 38 39 41 42 43 44 44 42 40 38 35 32 30 29 29 30 32 34 36 37 3820 813ZE 8 9 449999999999999999999991630 29999999999999999999999
 39 39 39 39 40 41 42 44 45 45 45 43 41 37 34 31 29 27 27 29 31 34 36 3820 814ZE 9 0 459999999999999999999991727 27999999999999999999999
 40 40 41 41 40 41 42 43 45 46 47 46 44 41 37 33 29 27 25 26 28 31 34 3720 815ZE 957 479999999999999999999991817 25999999999999999999999
 40 41 41 41 41 41 41 42 44 46 48 49 48 45 41 36 31 27 24 23 24 27 31 3520 816ZE 220 411053 4999999999999999 459 4119 4 2399999999999999
 39 41 42 42 41 40 40 41 42 45 48 50 50 49 46 41 35 30 25 22 21 23 27 3220 817ZE 228 421147 5099999999999999 550 401949 2199999999999999
 36 40 42 42 41 40 39 39 40 42 46 49 52 52 50 46 40 33 28 23 20 20 23 2820 818ZE 245 421240 5299999999999999 634 392034 2099999999999999
 33 38 41 42 42 40 39 38 38 39 42 47 51 53 53 51 46 39 32 26 22 19 20 2420 819ZE 310 421331 5499999999999999 719 382118 1999999999999999
 29 35 39 42 42 40 38 37 36 36 38 42 47 51 54 54 50 45 38 31 25 21 20 2120 820ZE 338 421424 5499999999999999 811 3622 1 2099999999999999
 26 32 37 41 42 41 39 36 35 34 34 37 41 47 51 53 53 49 43 36 30 26 23 2220 821ZE 4 8 421519 5399999999999999 912 342243 2299999999999999
 24 29 35 40 42 43 41 38 35 33 32 32 35 40 45 49 51 51 47 42 36 31 28 2520 822ZE 440 431616 51999999999999991017 322325 2599999999999999
 26 29 34 38 42 44 43 40 37 34 32 30 31 33 38 43 46 48 48 45 41 36 33 3120 823ZE 514 441719 48999999999999991123 30999999999999999999999
 29 30 34 38 42 44 45 43 40 37 33 31 29 29 31 35 39 43 45 45 43 40 38 3620 824ZE 550 451830 4599999999999999 0 5 291231 2999999999999999
 34 34 35 38 41 44 46 46 44 40 37 33 30 28 28 29 32 36 39 41 42 41 40 3920 825ZE 629 4620 2 4299999999999999 045 341345 2899999999999999
 39 38 38 39 41 44 46 47 46 44 41 38 34 30 28 27 27 29 32 36 38 40 41 4120 826ZE 715 47999999999999999999999 126 3815 9 2799999999999999
 41 41 41 41 42 43 45 47 48 47 45 42 39 35 31 27 26 26 27 30 34 37 39 4120 827ZE 811 489999999999999999999991633 25999999999999999999999
 42 43 43 43 43 43 44 46 47 48 48 46 43 39 35 31 27 25 24 26 29 33 36 3920 828ZE 918 489999999999999999999991744 24999999999999999999999
 42 43 43 43 43 43 43 44 46 48 49 49 47 44 40 35 30 26 24 23 25 29 33 3720 829ZE 216 431028 4999999999999999 5 2 431841 2399999999999999
 40 42 43 43 42 42 41 42 43 46 48 50 50 48 44 39 34 29 26 23 23 26 30 3420 830ZE 223 431129 5099999999999999 555 411929 2399999999999999
 38 41 42 42 41 40 40 40 41 43 46 49 50 50 48 43 38 33 28 25 23 24 27 3220 831ZE 228 421222 5099999999999999 633 402010 2399999999999999
 36 39 41 42 41 39 38 38 38 40 43 46 49 50 50 47 42 36 31 27 24 23 25 2920 9 1ZE 239 4213 8 5099999999999999 7 2 382046 2399999999999999
 34 38 40 41 40 39 37 36 36 37 39 43 47 49 50 48 45 39 34 29 26 24 25 2820 9 2ZE 256 411350 5099999999999999 732 362118 2499999999999999
 32 36 40 41 41 39 36 35 34 35 36 39 43 47 49 49 47 42 37 32 28 26 25 2720 9 3ZE 316 411430 4999999999999999 8 7 342147 2599999999999999
 31 35 39 41 41 39 37 34 33 33 34 36 39 43 46 48 47 44 40 35 31 28 27 2720 9 4ZE 338 4115 9 4899999999999999 847 332213 2799999999999999
 30 34 38 40 41 40 38 35 33 32 32 33 36 39 43 45 46 44 41 37 33 31 29 2920 9 5ZE 359 411549 4699999999999999 931 322237 2999999999999999
 30 34 37 40 41 41 39 36 33 32 31 31 33 36 39 42 43 43 42 39 36 33 32 3120 9 6ZE 421 411631 44999999999999991020 312258 3199999999999999
 32 34 37 40 42 42 41 38 35 32 31 30 31 32 35 38 40 41 41 39 37 35 34 3320 9 7ZE 442 421719 41999999999999991111 302315 3399999999999999
 34 35 37 40 42 43 42 40 37 34 32 30 30 30 32 34 37 38 39 39 38 37 36 3620 9 8ZE 5 5 431817 399999999999999912 6 302321 3699999999999999
 36 36 38 40 42 43 43 42 39 36 34 32 30 29 30 31 33 35 37 38 38 37 37 3720 9 9ZE 531 4399999999999999999999913 8 29999999999999999999999
 38 38 39 40 42 43 43 43 41 39 36 34 31 30 29 29 30 32 33 35 37 37 38 3820 910ZE 6 4 439999999999999999999991420 29999999999999999999999
 39 39 40 40 41 43 43 44 43 41 39 36 34 31 29 28 28 28 30 32 34 36 38 3920 911ZE 652 449999999999999999999991542 28999999999999999999999
 40 40 40 41 41 42 43 44 44 43 42 40 37 34 31 28 26 26 27 29 31 34 37 3820 912ZE 8 0 449999999999999999999991652 26999999999999999999999
 40 40 41 40 40 41 41 43 44 45 45 43 40 37 33 30 26 24 24 25 28 31 35 3720 913ZE 920 459999999999999999999991749 24999999999999999999999
 39 40 41 40 40 39 40 41 43 45 46 46 45 41 37 33 28 24 22 22 24 27 32 3620 914ZE 143 411033 4699999999999999 5 5 391839 2299999999999999
 39 40 40 40 39 38 37 38 40 43 46 48 48 46 42 37 32 26 23 20 21 23 28 3320 915ZE 144 411135 4899999999999999 552 371925 2099999999999999
 37 40 41 40 38 36 35 35 36 39 43 47 50 50 47 43 37 30 25 21 20 21 24 3020 916ZE 158 411232 5099999999999999 637 3520 9 2099999999999999
 35 39 41 40 38 36 34 32 33 34 38 43 48 51 51 48 43 36 30 25 21 20 22 2720 917ZE 220 411328 5199999999999999 725 322052 2099999999999999
 33 38 41 42 40 37 33 30 29 30 32 37 43 49 51 51 48 42 35 30 25 23 22 2520 918ZE 245 421425 5199999999999999 818 292134 2299999999999999
 31 37 41 43 42 39 34 30 28 26 27 30 36 43 48 50 50 46 41 35 30 27 25 2620 919ZE 314 431523 5099999999999999 915 262214 2599999999999999
 30 35 40 43 44 42 38 33 28 26 24 25 29 35 41 46 48 48 45 40 36 32 30 2920 920ZE 345 441623 48999999999999991014 242253 2999999999999999
 31 35 39 43 45 45 42 37 32 27 24 23 23 27 33 38 42 45 45 43 40 37 35 3420 921ZE 419 451729 45999999999999991114 232331 3399999999999999
 34 36 39 43 45 46 45 41 36 31 27 24 22 23 26 30 35 39 41 42 41 39 38 3820 922ZE 455 461846 42999999999999991217 22999999999999999999999
 37 37 39 42 44 46 46 44 41 36 32 28 24 22 23 25 28 32 36 38 39 40 40 4020 923ZE 536 46999999999999999999999 0 8 371329 2299999999999999
 40 40 40 41 43 45 46 46 44 41 37 33 29 26 23 22 24 26 29 33 36 38 39 4020 924ZE 626 469999999999999999999991452 22999999999999999999999
 41 41 41 41 42 43 44 45 45 44 41 38 34 30 27 24 22 23 25 28 31 35 37 3920 925ZE 733 459999999999999999999991618 22999999999999999999999
 40 41 41 41 40 41 41 43 44 44 44 42 39 35 31 27 24 22 22 24 27 31 35 3720 926ZE 124 41 9 0 4499999999999999 414 401729 2299999999999999
 39 40 40 40 39 38 39 40 41 43 44 44 42 39 35 31 27 24 22 22 25 28 32 3520 927ZE 135 401023 4499999999999999 525 381823 2299999999999999
 38 39 39 39 38 37 36 36 38 40 42 44 44 42 39 35 30 26 23 22 23 26 30 3420 928ZE 136 391127 4499999999999999 610 3619 7 2299999999999999
 37 38 38 38 36 35 34 34 35 37 40 42 44 44 41 38 33 29 25 23 23 24 28 3220 929ZE 139 391219 4499999999999999 643 341942 2399999999999999
 36 38 38 37 35 33 32 31 32 33 37 40 43 44 43 40 36 31 27 25 23 24 27 3120 930ZE 148 3813 3 4499999999999999 711 312012 2399999999999999
 35 37 38 38 35 33 31 29 29 30 33 37 41 43 43 42 38 34 30 27 25 24 26 302010 1ZE 2 2 381344 4399999999999999 739 292038 2499999999999999
 34 37 39 38 36 33 30 28 27 28 30 33 37 41 43 42 40 36 32 29 26 26 27 292010 2ZE 218 391423 4399999999999999 811 2721 1 2699999999999999
 33 37 39 39 37 34 30 27 26 25 27 30 34 38 41 42 41 38 35 31 29 27 28 302010 3ZE 236 3915 4 4299999999999999 846 252123 2799999999999999
 33 37 39 40 39 36 32 28 25 24 24 26 30 34 38 40 41 39 36 33 31 30 29 302010 4ZE 256 401545 4199999999999999 925 242144 2999999999999999
 33 36 39 41 40 38 34 30 26 24 23 24 26 30 34 37 39 39 37 35 33 32 31 322010 5ZE 316 411630 399999999999999910 6 2322 3 3199999999999999
 34 36 39 41 41 39 36 32 28 25 23 23 24 27 31 34 36 38 37 36 34 33 33 332010 6ZE 336 411719 38999999999999991050 232212 3399999999999999
 34 36 39 41 41 41 38 35 30 27 24 23 23 24 27 30 33 35 36 36 35 34 34 352010 7ZE 358 411819 36999999999999991137 232142 3499999999999999
 35 36 38 40 41 41 39 37 33 29 26 24 23 23 24 27 29 32 33 34 35 35 35 362010 8ZE 424 419999999999999999999991231 23999999999999999999999
 36 37 38 39 40 41 40 38 36 32 29 26 24 23 23 24 26 28 30 32 34 34 35 362010 9ZE 456 419999999999999999999991335 22999999999999999999999
 36 37 37 38 39 40 40 39 38 35 32 29 26 24 22 22 22 24 26 29 31 33 35 36201010ZE 548 409999999999999999999991453 22999999999999999999999
 36 37 37 37 37 38 39 39 39 38 35 32 29 26 23 21 21 21 23 25 28 31 34 35201011ZE 712 399999999999999999999991611 21999999999999999999999
 36 36 36 36 36 36 37 38 39 39 38 36 33 30 26 23 20 19 20 22 25 29 32 35201012ZE 1 4 36 850 3999999999999999 4 9 361714 1999999999999999
 36 36 36 35 34 33 34 35 37 39 40 40 38 34 30 26 22 19 18 19 22 26 30 34201013ZE 044 361015 4099999999999999 5 6 3318 6 1899999999999999
 36 36 35 34 32 31 30 31 33 37 40 42 42 39 35 30 25 21 19 18 19 23 28 32201014ZE 047 361125 4299999999999999 551 301853 1899999999999999
 36 37 36 34 31 28 27 27 28 32 37 41 43 43 41 36 31 26 22 19 19 21 26 31201015ZE 1 3 371228 4399999999999999 637 271937 1999999999999999
 35 38 37 35 31 27 24 23 23 26 30 36 41 44 44 41 36 31 26 23 21 21 25 30201016ZE 125 381329 4499999999999999 726 232020 2199999999999999
 35 39 39 38 34 29 24 21 19 20 23 29 36 41 44 44 41 37 31 27 25 24 25 29201017ZE 152 401429 4499999999999999 817 1921 0 2499999999999999
 34 39 41 41 38 32 26 21 18 16 17 21 28 35 40 43 43 40 36 32 29 28 27 29201018ZE 222 411530 4499999999999999 911 162140 2799999999999999
 34 38 42 43 41 37 31 24 19 16 14 15 20 27 33 38 41 41 39 36 33 32 31 31201019ZE 255 431633 429999999999999910 6 142217 3099999999999999
 33 38 41 44 44 41 36 30 23 18 15 13 15 19 25 31 36 38 39 38 36 34 34 33201020ZE 331 441740 399999999999999911 3 132253 3399999999999999
 34 37 40 43 44 43 40 35 29 23 19 15 14 15 19 24 29 33 36 36 36 36 35 35201021ZE 411 4419 6 369999999999999912 3 142325 3599999999999999
 35 36 38 41 42 43 42 39 34 29 24 20 17 15 16 19 22 27 30 33 34 35 36 36201022ZE 456 439999999999999999999991310 15999999999999999999999
 36 36 37 38 40 41 41 40 38 34 30 25 21 18 17 17 18 21 25 28 31 33 35 35201023ZE 550 419999999999999999999991427 16999999999999999999999
 36 36 36 36 36 37 38 39 38 36 34 30 26 23 20 18 17 18 21 24 28 31 33 34201024ZE 7 1 399999999999999999999991548 17999999999999999999999
 35 35 35 34 34 34 34 36 36 36 35 33 31 27 24 21 18 18 19 21 24 28 31 33201025ZE 036 35 835 3799999999999999 419 341656 1899999999999999
 34 34 33 32 31 31 31 32 33 35 35 35 33 30 27 24 21 19 18 20 22 26 29 32201026ZE 038 3410 7 3599999999999999 523 311748 1899999999999999
 33 33 32 31 29 28 28 28 30 32 34 35 34 33 30 27 24 21 19 19 21 24 28 31201027ZE 038 331117 3599999999999999 6 5 281828 1999999999999999
 32 33 32 30 28 26 25 25 26 28 31 33 34 34 32 29 26 23 21 20 21 24 27 30201028ZE 043 331211 3499999999999999 638 2519 0 2099999999999999
 32 33 32 30 27 25 23 22 23 25 28 31 34 34 33 31 28 25 23 22 22 24 27 30201029ZE 052 331258 3499999999999999 7 6 221924 2199999999999999
 33 34 33 31 27 24 22 20 20 22 25 29 32 34 34 33 30 27 25 23 23 24 27 30201030ZE 1 4 341342 3499999999999999 734 201946 2399999999999999
 33 35 34 32 29 25 21 19 18 19 21 25 29 33 34 34 32 29 27 25 24 25 27 30201031ZE 120 351424 3499999999999999 8 4 1820 7 2499999999999999
 33 35 36 34 31 26 22 18 16 16 18 22 26 30 33 34 33 31 29 27 26 26 27 302011 1ZE 139 3615 6 3499999999999999 837 162029 2699999999999999
 33 36 37 36 33 28 23 19 16 15 15 18 22 27 31 33 34 33 30 29 27 27 28 302011 2ZE 2 1 371548 3499999999999999 913 152051 2799999999999999
 33 36 37 37 35 31 26 21 17 15 14 15 19 23 28 31 33 33 31 30 29 28 29 302011 3ZE 224 381633 3399999999999999 952 1421 9 2899999999999999
 32 35 37 38 36 33 29 24 19 16 14 14 16 20 24 28 30 32 31 30 30 29 29 302011 4ZE 249 381723 32999999999999991034 132110 2999999999999999
 32 34 36 37 37 35 31 26 22 18 15 13 14 16 20 24 27 29 30 30 30 30 30 302011 5ZE 316 371824 30999999999999991118 132045 3099999999999999
 31 33 35 36 37 36 33 29 25 20 17 15 13 14 16 20 23 26 28 29 29 30 30 302011 6ZE 347 3799999999999999999999912 8 13999999999999999999999
 31 32 33 35 35 35 34 31 28 23 20 17 14 13 14 16 19 22 25 27 28 29 30 302011 7ZE 426 3599999999999999999999913 6 13999999999999999999999
 31 31 32 32 33 34 34 33 30 27 23 19 17 14 13 14 16 18 21 24 26 28 29 302011 8ZE 522 349999999999999999999991413 13999999999999999999999
 30 30 30 30 31 31 32 32 32 30 27 23 20 17 15 13 13 15 18 21 24 27 29 292011 9ZE 647 322340 29999999999999991524 13999999999999999999999
 29 29 28 28 28 28 29 31 31 31 30 27 24 21 17 15 13 13 15 18 22 25 28 29201110ZE 827 322332 3099999999999999 353 281629 1399999999999999
 29 29 27 26 25 24 25 27 29 31 32 31 29 25 22 18 16 14 14 16 20 24 28 30201111ZE 959 322345 3099999999999999 454 241725 1499999999999999
 30 29 27 24 22 21 20 21 24 28 31 33 32 30 27 23 19 17 15 16 19 23 27 30201112ZE1119 33999999999999999999999 544 201814 1599999999999999
 32 31 28 25 21 18 16 16 18 22 27 31 34 34 32 28 24 21 19 18 19 22 27 31201113ZE 0 6 321230 3499999999999999 633 161859 1899999999999999
 33 34 31 27 22 17 14 12 12 15 21 27 32 34 35 33 29 26 23 21 21 22 26 31201114ZE 033 341337 3599999999999999 723 121942 2099999999999999
 35 36 35 31 25 19 14 10  8  9 13 19 26 32 35 35 33 30 27 25 23 24 26 30201115ZE 1 4 361440 3599999999999999 814  82023 2399999999999999
 35 38 38 36 31 24 17 11  7  5  7 12 18 25 31 34 34 33 30 28 26 26 27 29201116ZE 139 381542 3599999999999999 9 6  521 1 2699999999999999
 34 38 40 39 36 30 22 15 10  6  4  6 11 18 24 30 33 33 32 30 29 28 28 29201117ZE 218 401643 3399999999999999 959  42136 2899999999999999
 32 36 39 40 39 35 28 21 14  9  5  4  6 11 17 23 28 31 31 30 29 29 29 29201118ZE 3 0 401748 31999999999999991053  422 7 2999999999999999
 30 33 36 38 39 37 33 27 20 14 10  6  5  7 12 17 22 26 28 29 29 29 29 29201119ZE 344 399999999999999999999991149  5999999999999999999999
 29 31 33 35 37 37 35 31 26 20 15 11  8  7  9 12 16 21 24 26 27 28 28 28201120ZE 433 379999999999999999999991248  7999999999999999999999
 28 29 30 31 33 34 34 32 29 24 20 16 12 10  9 10 13 16 20 23 25 26 27 27201121ZE 526 349999999999999999999991352  9999999999999999999999
 27 27 27 28 28 29 30 30 29 27 23 20 16 14 11 11 12 14 17 20 23 25 26 26201122ZE 629 302329 26999999999999991459 11999999999999999999999
 26 26 25 25 25 25 26 27 27 27 25 23 20 17 15 13 12 13 15 18 21 23 25 26201123ZE 751 272327 2699999999999999 345 2516 1 1299999999999999
 26 25 24 23 22 21 22 23 24 25 25 24 22 20 18 16 14 14 15 17 19 22 24 25201124ZE 929 252331 2699999999999999 5 0 211651 1499999999999999
 25 25 23 21 20 19 18 19 20 22 23 24 23 22 20 18 16 15 15 17 19 22 24 26201125ZE1056 242339 2699999999999999 548 181729 1599999999999999
 26 25 23 21 18 16 15 16 17 19 21 23 24 23 22 20 18 17 17 17 19 22 24 26201126ZE12 5 242350 2799999999999999 622 151757 1799999999999999
 27 26 24 21 18 15 13 13 14 16 19 22 23 24 23 22 20 19 18 18 20 22 25 27201127ZE13 2 24999999999999999999999 652 131821 1899999999999999
 28 27 25 22 18 14 12 10 11 13 16 19 22 24 25 24 22 21 20 19 20 22 25 28201128ZE 0 6 281350 2599999999999999 721 101845 1999999999999999
 29 29 27 24 19 15 11  9  8  9 13 17 21 23 25 25 24 22 21 20 21 22 25 28201129ZE 027 301433 2599999999999999 752  81911 2099999999999999
 30 31 30 26 22 17 12  9  7  7  9 13 18 22 24 26 25 24 23 22 21 22 24 27201130ZE 052 311514 2699999999999999 826  61939 2199999999999999
 30 32 31 29 25 19 14  9  6  5  6 10 14 19 23 25 26 25 24 23 22 22 24 262012 1ZE 120 321555 2699999999999999 9 2  520 6 2299999999999999
 29 32 32 31 28 23 17 11  7  5  4  6 10 15 20 23 25 25 24 23 23 23 23 252012 2ZE 151 321637 2599999999999999 942  42028 2299999999999999
 28 31 32 32 30 26 20 14  9  6  4  4  7 11 16 20 23 24 24 23 23 23 23 242012 3ZE 224 321724 24999999999999991023  42038 2399999999999999
 26 29 31 32 31 28 23 18 12  8  5  3  4  7 12 16 20 22 23 23 22 22 23 232012 4ZE 3 0 321818 239999999999999911 7  32040 2299999999999999
 24 26 29 30 31 29 26 21 15 10  7  4  3  5  8 12 16 19 21 22 22 22 22 222012 5ZE 339 319999999999999999999991154  3999999999999999999999
 23 24 26 28 29 29 27 24 19 14 10  6  4  4  5  8 12 16 19 21 21 21 22 222012 6ZE 426 299999999999999999999991244  4999999999999999999999
 22 22 23 24 26 27 27 25 22 18 13  9  7  5  5  6  9 12 16 19 21 21 21 212012 7ZE 524 272134 21999999999999991338  4999999999999999999999
 21 20 20 21 22 23 24 25 23 21 17 14 10  8  6  6  7 10 13 17 20 21 22 212012 8ZE 640 252152 2299999999999999 142 201437  699999999999999
 20 19 18 17 18 19 20 22 23 22 21 18 15 12 10  8  8  9 12 15 19 21 23 222012 9ZE 813 232216 2399999999999999 321 171537  899999999999999
 21 19 17 15 14 14 15 17 20 22 22 21 19 16 14 12 11 11 12 15 18 22 24 24201210ZE 951 222243 2499999999999999 434 131635 1099999999999999
 23 20 17 14 11  9  9 11 14 18 21 23 22 21 19 16 14 13 13 15 18 22 25 26201211ZE1124 232314 2699999999999999 534  91728 1399999999999999
 26 23 19 15 10  7  5  5  8 12 17 21 23 24 23 21 18 17 16 16 18 22 25 28201212ZE1246 242349 2999999999999999 628  51817 1699999999999999
 29 27 23 18 12  7  3  1  2  5 10 16 21 24 25 24 22 20 19 18 19 21 25 29201213ZE1357 25999999999999999999999 720  119 2 1899999999999999
 31 31 28 23 17 10  4  0 -2 -1  3  9 16 21 24 25 24 23 21 20 20 21 24 28201214ZE 028 311458 2599999999999999 812 -21943 2099999999999999
 31 33 32 28 23 15  8  2 -2 -4 -2  3  9 16 21 24 25 24 23 21 21 21 22 26201215ZE 111 331554 2599999999999999 9 3 -42020 2199999999999999
 29 33 34 32 28 21 14  7  1 -3 -4 -2  3 10 16 21 23 24 23 22 21 21 21 23201216ZE 157 341645 2499999999999999 953 -42053 2199999999999999
 26 30 33 33 31 27 20 12  6  0 -3 -4 -1  4 10 16 20 22 22 21 21 20 20 21201217ZE 244 331737 22999999999999991043 -42122 2099999999999999
 23 26 29 31 31 29 24 18 11  5  0 -2 -2  0  5 10 15 19 20 20 20 19 19 19201218ZE 332 321831 20999999999999991133 -32154 1999999999999999
 20 22 25 27 29 28 26 21 16 10  5  1 -1  0  2  7 11 15 18 19 19 18 18 18201219ZE 420 291931 19999999999999991221 -123 1 1899999999999999
 18 19 21 23 25 25 25 22 18 14  9  5  3  1  2  5  8 12 15 17 18 18 17 17201220ZE 5 7 252035 189999999999999913 9  1999999999999999999999
 17 17 17 18 20 21 22 21 19 16 12  9  6  4  4  5  7 10 13 15 17 17 17 17201221ZE 558 222119 1799999999999999 042 171355  499999999999999
 16 15 15 15 15 16 17 18 17 16 14 11  9  7  6  6  7  9 11 14 16 17 17 17201222ZE 659 182145 1799999999999999 231 151438  699999999999999
 16 15 13 13 12 12 13 14 15 15 14 13 11 10  9  8  9 10 11 14 16 17 18 17201223ZE 830 1522 4 1899999999999999 4 9 121516  899999999999999
 16 14 13 11 10  9  9 10 12 13 13 13 13 12 11 11 10 11 12 14 16 18 19 18201224ZE1031 132222 1999999999999999 514  91550 1099999999999999
 17 15 13 10  8  7  6  7  8 10 12 13 14 13 13 12 12 12 13 14 16 18 20 20201225ZE1220 142243 2099999999999999 556  61624 1299999999999999
 19 17 14 11  8  5  4  4  5  7 10 12 14 15 15 14 14 13 14 15 17 19 21 21201226ZE1335 152310 2299999999999999 630  417 3 1399999999999999
 21 19 16 12  8  5  2  1  2  4  8 11 13 15 16 16 15 15 14 15 17 19 21 23201227ZE1421 162342 2399999999999999 7 3  11744 1499999999999999
 23 22 19 15 10  5  2  0 -1  1  4  8 12 15 16 17 16 16 15 15 16 18 21 23201228ZE1456 17999999999999999999999 737 -11825 1599999999999999
 24 24 22 18 13  7  3 -1 -2 -2  1  5 10 13 16 17 17 16 16 15 16 17 19 22201229ZE 017 241527 1799999999999999 814 -219 3 1599999999999999
 24 25 24 21 16 10  5  0 -3 -4 -2  1  6 11 14 17 17 17 16 15 15 16 18 21201230ZE 055 251559 1799999999999999 853 -41939 1599999999999999
 24 26 26 24 20 14  8  2 -2 -5 -5 -3  2  7 12 15 17 17 16 15 15 15 16 18201231ZE 133 261635 1799999999999999 934 -520 6 1599999999999999
