 17 17 18 20 21 22 22 21 18 15 11  8  5  4  4  5  8 11 14 16 17 17 17 1620 1 1ZI 527 232044 17999999999999991330  4999999999999999999999
 16 15 15 16 17 19 19 19 17 15 12  9  7  6  5  5  7  9 12 14 16 16 16 1620 1 2ZI 6 7 192119 1699999999999999 110 1514 3  599999999999999
 15 14 13 13 14 15 15 16 15 14 13 11  9  8  7  7  8 10 12 14 15 16 16 1620 1 3ZI 7 1 162143 1699999999999999 240 131428  799999999999999
 15 13 12 11 11 11 12 12 13 13 12 11 10 10  9  9  9 11 12 14 15 17 17 1720 1 4ZI 839 1322 3 1799999999999999 4 7 111444  999999999999999
 16 14 12 10  9  8  8  9 10 11 11 12 12 12 11 11 12 12 13 15 16 18 18 1820 1 5ZI1124 122224 1899999999999999 525  81443 1199999999999999
 17 15 13 11  8  7  6  6  7  8 10 12 13 13 14 14 14 14 15 16 17 19 20 2020 1 6ZI2250 20999999999999999999999 621  6999999999999999999999
 19 18 15 12  9  6  4  4  4  6  8 11 13 14 15 16 16 16 17 18 19 20 21 2220 1 7ZI2324 22999999999999999999999 7 5  4999999999999999999999
 22 21 18 15 11  7  4  2  2  3  5  9 12 15 17 18 18 18 19 19 19 21 22 2320 1 8ZI9999999999999999999999999999 747  2999999999999999999999
 24 24 22 18 14  9  5  2  0  0  2  5 10 14 17 19 20 20 20 20 20 21 22 2420 1 9ZI 0 6 24999999999999999999999 829  0999999999999999999999
 25 26 25 22 18 13  8  3 -1 -2 -2  1  6 11 15 18 20 21 21 20 20 20 21 2320 110ZI 053 261713 2199999999999999 913 -21958 2099999999999999
 25 27 27 26 22 18 12  6  0 -3 -4 -3  1  6 11 16 19 20 21 20 19 19 20 2120 111ZI 142 271740 2199999999999999 958 -42043 1999999999999999
 23 26 28 28 26 22 16 10  3 -2 -5 -5 -3  1  7 12 16 19 20 19 18 18 18 1920 112ZI 233 281811 20999999999999991045 -52126 1899999999999999
 20 23 26 28 28 25 21 15  8  1 -3 -6 -6 -3  2  7 12 16 18 18 17 16 16 1620 113ZI 324 281843 18999999999999991132 -62215 1699999999999999
 17 19 22 25 27 26 23 19 13  6  0 -4 -6 -5 -2  3  8 13 15 17 16 15 14 1320 114ZI 417 271914 17999999999999991218 -62317 1399999999999999
 13 14 17 20 23 24 24 21 16 11  5  0 -3 -4 -3  0  5 10 13 15 15 14 13 1120 115ZI 512 241944 159999999999999913 2 -4999999999999999999999
 11 11 12 14 17 20 21 20 18 14  9  5  1 -1 -1  0  4  8 11 14 15 15 13 1120 116ZI 613 212013 1599999999999999 035 111343 -199999999999999
  9  8  8  9 11 13 16 17 17 15 12  9  6  4  2  3  4  7 11 13 15 15 14 1220 117ZI 727 172042 1599999999999999 154  81421  299999999999999
 10  8  6  5  6  7  9 11 13 14 13 12 10  8  7  6  7  9 11 14 16 17 16 1520 118ZI 9 2 142113 1799999999999999 314  51452  699999999999999
 12  9  7  4  3  3  4  5  8 10 11 12 12 11 11 10 11 12 13 15 17 18 18 1820 119ZI1118 122148 1899999999999999 441  315 9 1099999999999999
 16 13  9  6  3  1  0  1  3  5  8 10 12 13 14 14 14 14 15 16 18 19 20 2020 120ZI2231 20999999999999999999999 6 5  0999999999999999999999
 19 17 13  9  5  2  0 -2 -1  1  4  7 11 13 15 16 16 17 17 18 18 20 21 2220 121ZI2322 22999999999999999999999 714 -2999999999999999999999
 22 20 18 14  9  5  1 -2 -3 -2  0  4  8 12 15 16 17 18 18 18 19 20 21 2320 122ZI9999999999999999999999999999 8 9 -3999999999999999999999
 23 23 21 18 14  9  4  0 -2 -3 -2  1  5 10 13 16 18 18 18 18 18 19 20 2220 123ZI 017 24999999999999999999999 858 -3999999999999999999999
 23 24 24 22 18 14  8  3 -1 -3 -4 -2  2  7 11 15 17 18 18 17 17 17 18 2020 124ZI 112 241729 1899999999999999 941 -420 5 1799999999999999
 22 24 25 24 22 17 12  7  2 -2 -4 -3 -1  4  8 12 15 17 17 16 16 15 16 1720 125ZI 2 2 251740 17999999999999991020 -42048 1599999999999999
 19 22 24 25 23 20 15 10  4  0 -3 -4 -3  1  5 10 13 15 16 15 14 13 14 1420 126ZI 248 251757 16999999999999991056 -42128 1399999999999999
 16 19 21 23 23 21 18 13  7  2 -2 -4 -4 -2  2  7 11 13 14 14 13 12 11 1220 127ZI 330 231818 14999999999999991130 -42210 1199999999999999
 13 15 18 20 21 21 18 14  9  4  0 -3 -4 -3  0  4  8 11 13 13 12 11 10  920 128ZI 4 9 211841 139999999999999912 0 -42256  999999999999999
 10 11 14 16 18 19 18 15 11  6  2 -1 -3 -3 -1  2  6  9 11 12 11 10  9  820 129ZI 447 1919 4 12999999999999991228 -32350  799999999999999
  7  8 10 12 14 16 15 14 11  7  3  0 -1 -2 -1  2  5  8 10 11 11 10  8  720 130ZI 525 161926 11999999999999991252 -2999999999999999999999
  6  6  6  8 10 12 12 12 10  8  5  2  1  0  0  2  5  7 10 11 11 10  9  720 131ZI 6 8 121944 1199999999999999 049  61311  099999999999999
  5  4  4  5  6  8  9 10  9  8  6  4  3  2  3  4  6  8 10 11 12 11 10  820 2 1ZI 7 3 1020 1 1299999999999999 151  41319  299999999999999
  6  4  3  3  3  4  6  7  7  7  7  6  5  5  5  6  7  9 11 12 13 13 12 1020 2 2ZI 826  72018 1399999999999999 256  313 6  599999999999999
  8  5  3  2  1  2  3  4  5  6  7  7  7  7  7  8  9 11 12 13 14 14 14 1220 2 3ZI2043 14999999999999999999999 4 7  1999999999999999999999
 10  7  5  2  1  0  0  1  2  4  6  7  8  9  9 10 11 12 13 14 15 16 16 1520 2 4ZI2122 16999999999999999999999 522  0999999999999999999999
 13 10  7  4  1 -1 -2 -2 -1  1  4  6  8 10 11 12 13 13 14 15 16 17 17 1720 2 5ZI2219 17999999999999999999999 628 -2999999999999999999999
 16 14 11  7  3  0 -2 -4 -4 -2  1  4  7 10 12 13 14 14 14 15 16 17 18 1920 2 6ZI2329 19999999999999999999999 723 -4999999999999999999999
 19 17 15 11  7  2 -2 -5 -6 -6 -3  0  4  8 11 13 14 14 14 14 15 16 17 1920 2 7ZI9999999999999999999999999999 814 -6999999999999999999999
 20 20 19 16 11  6  1 -4 -7 -8 -7 -4  0  5  9 12 14 14 14 13 13 13 15 1720 2 8ZI 037 2017 0 1499999999999999 9 3 -81952 1399999999999999
 19 21 21 20 16 11  5 -1 -6 -9-10 -8 -4  1  6 10 12 13 13 12 11 11 12 1320 2 9ZI 139 211712 1399999999999999 951-102045 1199999999999999
 16 19 22 22 20 16 10  3 -3 -8-11-11 -8 -4  2  7 10 12 12 11  9  8  8  920 210ZI 237 221731 12999999999999991036-112137  899999999999999
 11 15 19 21 22 19 15  8  2 -5 -9-11-10 -7 -2  4  8 11 11 10  8  6  5  520 211ZI 333 221753 11999999999999991119-112234  599999999999999
  6  9 14 18 20 20 18 13  7  0 -5 -8-10 -8 -4  1  6  9 11 10  8  5  3  220 212ZI 430 201817 11999999999999991159-102334  299999999999999
  2  3  7 11 15 17 17 15 11  5  0 -4 -6 -6 -4  0  5  9 11 11  9  7  3  120 213ZI 530 181841 11999999999999991237 -7999999999999999999999
 -1 -1  1  4  8 12 14 14 12  9  5  1 -2 -3 -2  1  5  8 11 12 11  9  5  220 214ZI 635 1419 6 1299999999999999 037 -11310 -399999999999999
 -1 -2 -3 -1  2  5  8 10 11 10  7  5  3  2  2  3  6  9 11 13 13 11  8  520 215ZI 750 111933 1399999999999999 141 -31335  299999999999999
  1 -1 -3 -4 -3 -1  2  5  7  8  8  7  6  6  6  6  8 10 12 14 14 14 12  920 216ZI 930  820 4 1499999999999999 252 -41341  699999999999999
  5  2 -1 -4 -5 -4 -3 -1  2  4  6  7  8  8  9  9 10 11 13 14 15 15 14 1220 217ZI2041 15999999999999999999999 417 -5999999999999999999999
 10  6  3 -1 -3 -5 -5 -4 -2  0  3  6  8  9 10 11 12 13 14 14 15 16 16 1520 218ZI2135 16999999999999999999999 551 -5999999999999999999999
 13 11  7  4  0 -3 -5 -6 -5 -3  0  3  6  9 10 12 13 13 14 14 15 15 16 1620 219ZI2250 16999999999999999999999 7 6 -6999999999999999999999
 16 14 11  8  4  0 -3 -5 -6 -6 -3  0  4  7 10 11 12 13 13 13 13 14 15 1620 220ZI9999999999999999999999999999 8 4 -6999999999999999999999
 17 16 15 12  8  4  0 -4 -6 -7 -5 -3  1  5  8 10 12 12 12 11 11 12 13 1520 221ZI 0 7 17999999999999999999999 851 -7999999999999999999999
 16 17 17 15 12  8  3 -2 -5 -7 -7 -5 -1  3  7  9 11 11 10 10  9  9 10 1220 222ZI 110 171649 1199999999999999 931 -72016  999999999999999
 14 16 17 17 14 10  6  1 -3 -6 -8 -7 -4  0  5  8 10 10  9  8  7  7  7  920 223ZI 2 2 171655 109999999999999910 6 -82055  799999999999999
 11 14 16 17 16 13  8  3 -2 -5 -7 -8 -6 -2  2  6  8  9  9  7  5  4  4  520 224ZI 247 1717 8  9999999999999991037 -82135  499999999999999
  8 11 14 16 16 14 10  5  0 -4 -7 -8 -7 -4  0  4  7  8  8  7  5  3  2  220 225ZI 329 161724  99999999999999911 5 -82216  299999999999999
  4  7 10 13 14 14 11  7  2 -2 -5 -7 -7 -5 -1  3  6  8  8  7  4  2  0  020 226ZI 4 9 141742  8999999999999991130 -72259  099999999999999
  1  3  6  9 12 12 11  8  4  0 -3 -5 -6 -5 -2  2  5  7  8  7  5  2  0 -120 227ZI 450 121758  8999999999999991152 -62343 -299999999999999
 -2 -1  2  5  8 10 10  8  6  2 -1 -3 -4 -3 -1  2  5  7  8  8  6  3  0 -220 228ZI 533 101812  8999999999999991210 -4999999999999999999999
 -3 -3 -1  2  5  7  8  8  6  4  1  0 -1 -1  0  3  6  8  9  9  7  5  2 -120 229ZI 622  81823  999999999999999 028 -31221 -199999999999999
 -3 -4 -3 -2  1  3  5  6  6  5  3  2  1  2  2  4  7  9 10 10  9  7  4  120 3 1ZI 720  61835 1099999999999999 115 -41215  199999999999999
 -2 -3 -4 -4 -2  0  2  4  5  5  4  4  3  4  5  6  8 10 11 11 11  9  6  320 3 2ZI 838  51853 1199999999999999 2 6 -41149  399999999999999
  0 -2 -4 -5 -4 -3 -1  1  3  4  4  5  5  6  6  8  9 10 12 12 12 11  9  620 3 3ZI1920 12999999999999999999999 3 7 -5999999999999999999999
  3  0 -2 -4 -5 -5 -4 -2  0  2  4  5  6  7  8  9 10 11 12 12 13 12 11  920 3 4ZI20 5 13999999999999999999999 423 -5999999999999999999999
  7  4  0 -2 -5 -6 -6 -5 -4 -1  1  4  6  7  8  9 10 11 11 12 13 13 13 1220 3 5ZI2124 13999999999999999999999 546 -6999999999999999999999
 10  8  4  1 -3 -5 -7 -8 -7 -5 -2  1  4  7  8  9 10 10 10 11 11 12 13 1420 3 6ZI23 8 14999999999999999999999 656 -8999999999999999999999
 13 12  9  5  1 -3 -7 -9-10 -9 -6 -2  2  5  7  9  9  9  9  9  9 10 11 1320 3 7ZI1618  9999999999999999999999 755-1019 4  999999999999999
 14 15 13 10  6  1 -4 -8-11-12-10 -6 -2  3  6  8  9  8  7  6  6  6  8 1020 3 8ZI 033 1516 7  999999999999999 846-1220 2  699999999999999
 13 15 16 14 11  6  0 -6-10-12-12-10 -5  0  4  7  8  8  6  4  3  2  3  520 3 9ZI 142 161616  899999999999999 933-122053  299999999999999
  9 13 16 16 15 11  5 -1 -6-10-12-11 -8 -3  2  6  8  8  6  3  1 -1 -2  020 310ZI 244 171632  8999999999999991016-122145 -299999999999999
  3  8 13 16 16 15 10  5 -1 -6 -9-10 -9 -5  1  5  8  9  7  4  0 -3 -5 -520 311ZI 345 161652  9999999999999991055-102239 -599999999999999
 -3  1  7 11 14 15 13  9  4 -1 -5 -7 -7 -5  0  5  8 10  9  6  2 -2 -6 -820 312ZI 448 151714 10999999999999991132 -72333 -899999999999999
 -8 -5 -1  5  9 12 13 12  8  4  0 -2 -3 -3  1  5  9 11 11  9  5  1 -4 -720 313ZI 552 131738 119999999999999912 4 -3999999999999999999999
 -9 -9 -7 -2  3  7 10 11 10  7  4  2  1  1  3  6  9 12 13 12  9  5  0 -520 314ZI 659 1118 4 1399999999999999 028-101231  199999999999999
 -8-10-10 -7 -3  1  4  7  8  8  7  6  5  5  6  7 10 12 14 14 12  9  4  020 315ZI 816  81831 1499999999999999 126-101244  599999999999999
 -4 -7 -9 -9 -7 -4 -1  2  5  6  7  7  7  8  8  9 11 12 14 14 14 12  8  520 316ZI19 0 14999999999999999999999 230 -9999999999999999999999
  1 -3 -6 -8 -8 -7 -5 -2  0  3  5  7  8  9 10 10 11 12 13 14 14 13 11  920 317ZI1936 14999999999999999999999 349 -8999999999999999999999
  5  2 -1 -4 -6 -7 -7 -6 -3  0  2  5  7  9 10 11 11 12 12 12 13 13 12 1120 318ZI2035 13999999999999999999999 523 -7999999999999999999999
  9  6  3  0 -3 -5 -7 -7 -6 -3  0  3  5  8  9 10 11 11 11 11 11 11 12 1220 319ZI2224 12999999999999999999999 642 -7999999999999999999999
 11  9  7  4  1 -2 -5 -6 -7 -5 -3  0  3  6  8  9  9  9  9  9  9  9 10 1120 320ZI16 4  9999999999999999999999 741 -71924  999999999999999
 12 11 10  7  4  1 -3 -5 -7 -7 -5 -2  1  5  7  8  8  8  7  6  6  6  7  920 321ZI 0 1 121547  899999999999999 827 -71958  699999999999999
 11 12 11  9  7  3  0 -4 -6 -7 -6 -4  0  3  6  7  8  7  5  4  3  3  4  620 322ZI 1 9 121546  899999999999999 9 4 -72029  399999999999999
  9 11 11 11  9  6  2 -2 -5 -7 -7 -5 -2  2  5  7  7  6  5  3  1  1  1  320 323ZI 2 2 111554  799999999999999 935 -721 3  199999999999999
  6  9 11 11 10  8  4  0 -3 -6 -7 -6 -3  1  4  6  7  7  5  2  0 -2 -2 -120 324ZI 250 1116 6  79999999999999910 3 -72138 -299999999999999
  2  6  9 11 11  9  6  2 -1 -4 -6 -5 -3  0  4  6  7  7  5  2 -1 -3 -4 -420 325ZI 335 111620  8999999999999991027 -62214 -499999999999999
 -1  2  6  9 10 10  8  5  1 -2 -4 -4 -3  0  3  6  8  8  6  3  0 -3 -5 -620 326ZI 419 101634  8999999999999991050 -42250 -699999999999999
 -4 -1  3  6  9  9  9  7  4  1 -1 -2 -1  1  4  7  9  9  8  5  1 -2 -5 -720 327ZI 5 4 101646  99999999999999911 9 -22327 -799999999999999
 -7 -5 -1  3  6  8  9  8  6  3  1  1  1  2  5  8 10 10  9  7  4 -1 -4 -620 328ZI 551  91657 10999999999999991123  0999999999999999999999
 -7 -7 -4  0  3  6  8  8  7  5  4  3  3  4  6  8 11 11 11  9  6  2 -2 -520 329ZI 642  817 9 1199999999999999 0 5 -71126  399999999999999
 -7 -7 -6 -3  0  3  6  7  7  6  6  5  5  6  7  9 11 12 12 11  8  5  1 -320 330ZI 741  71726 1299999999999999 046 -81112  599999999999999
 -6 -7 -7 -6 -3  0  3  5  6  7  7  6  7  8  9 10 12 13 13 12 10  7  4  020 331ZI1748 13999999999999999999999 133 -7999999999999999999999
 -3 -6 -7 -7 -5 -3 -1  2  4  6  6  7  8  8  9 10 12 13 13 13 12 10  7  320 4 1ZI1819 13999999999999999999999 228 -7999999999999999999999
  0 -3 -5 -7 -7 -6 -4 -2  1  3  5  7  8  9 10 10 11 12 12 13 12 11 10  720 4 2ZI1910 13999999999999999999999 340 -7999999999999999999999
  4  1 -2 -5 -7 -7 -7 -5 -3  0  3  5  7  8  9 10 10 10 11 11 11 12 11 1020 4 3ZI2056 12999999999999999999999 5 5 -7999999999999999999999
  8  5  2 -2 -5 -7 -8 -8 -6 -4  0  3  6  7  8  9  9  8  8  8  9 10 11 1120 4 4ZI1522  923 3 1199999999999999 621 -81818  899999999999999
 11  9  6  3 -1 -5 -7 -9 -8 -7 -3  0  4  6  8  8  8  7  6  5  5  6  8 1120 4 5ZI1450  8999999999999999999999 723 -91915  599999999999999
 12 12 11  8  4  0 -4 -7 -9 -8 -6 -2  2  6  7  8  7  5  3  2  1  2  4  720 4 6ZI 035 121451  899999999999999 816 -920 4  199999999999999
 10 13 14 12  9  5  0 -4 -7 -8 -7 -4  1  5  8  9  8  6  3  0 -2 -3 -2  120 4 7ZI 149 1415 4  999999999999999 9 2 -82053 -399999999999999
  6 10 14 15 13 10  6  1 -3 -5 -6 -4  0  5  9 10 10  8  4  0 -4 -6 -7 -520 4 8ZI 258 151522 1099999999999999 944 -62143 -799999999999999
 -1  5 10 14 15 14 11  7  2 -1 -2 -2  1  5  9 12 13 11  7  2 -3 -7 -9-1020 4 9ZI 4 5 151545 13999999999999991022 -22233-1099999999999999
 -7 -2  4 10 13 15 14 11  8  4  2  1  3  6 10 13 15 14 11  6  0 -5 -9-1120 410ZI 510 151611 15999999999999991056  12324-1199999999999999
-11 -8 -2  4  9 13 14 14 11  9  7  6  6  7 11 14 16 17 15 11  5 -1 -6-1020 411ZI 613 141639 17999999999999991126  5999999999999999999999
-11-11 -7 -2  3  8 11 13 13 11 10  9  9 10 12 15 17 18 17 15 10  5 -1 -620 412ZI 721 1317 8 1899999999999999 015-121147  999999999999999
 -9-10 -9 -6 -2  3  7 10 11 12 12 11 11 12 13 15 16 18 18 17 14  9  4  020 413ZI 852 121737 1899999999999999 1 8-101135 1199999999999999
 -4 -7 -8 -8 -5 -2  2  6  8 10 11 12 12 13 13 14 16 17 17 17 15 12  9  520 414ZI18 6 17999999999999999999999 2 7 -8999999999999999999999
  1 -3 -5 -6 -6 -4 -2  2  5  7  9 11 12 13 13 14 14 15 15 15 15 13 11  820 415ZI1838 15999999999999999999999 316 -6999999999999999999999
  5  2 -1 -3 -4 -4 -3 -1  2  4  7  9 11 12 13 13 13 13 13 13 13 13 12 1020 416ZI1810 13999999999999999999999 438 -4999999999999999999999
  8  6  3  1 -1 -3 -3 -3 -1  2  5  7  9 11 11 11 11 11 10 10 10 11 11 1120 417ZI1445 122156 1199999999999999 554 -31857 1099999999999999
 10  8  6  4  1 -1 -2 -3 -2  0  3  5  8 10 10 10 10  9  8  7  7  8  9 1020 418ZI1427 102352 1099999999999999 653 -31928  799999999999999
 10 10  8  6  4  1 -1 -2 -2 -1  1  4  7  9 10 10  9  7  6  5  5  5  6  820 419ZI1426 10999999999999999999999 739 -21956  599999999999999
  9 10 10  8  6  4  1 -1 -1 -1  1  3  6  9 10 10  9  7  5  3  2  2  3  520 420ZI 1 7 101431 1099999999999999 815 -12025  299999999999999
  8 10 10 10  8  6  4  1  0  0  1  3  6  9 10 10  9  7  4  2  0 -1  0  220 421ZI 2 8 101440 1099999999999999 845  02055 -199999999999999
  6  8 10 11 10  9  6  4  2  1  1  3  6  9 11 12 11  8  5  1 -1 -3 -2 -120 422ZI 3 1 111453 1299999999999999 912  12126 -399999999999999
  3  6  9 11 12 11  9  6  4  3  3  4  7 10 12 13 12 10  7  3 -1 -3 -4 -320 423ZI 350 1215 6 1399999999999999 936  32159 -499999999999999
  0  4  8 11 12 12 11  9  7  6  5  6  8 11 13 15 14 12  9  5  0 -3 -5 -520 424ZI 437 131520 1599999999999999 958  52232 -599999999999999
 -3  1  5  9 12 13 13 11 10  8  7  8  9 12 14 16 16 15 12  7  2 -2 -5 -620 425ZI 522 131536 16999999999999991016  723 7 -699999999999999
 -5 -2  2  7 10 13 14 13 12 10 10 10 11 13 15 17 18 17 14 10  5  0 -3 -620 426ZI 6 8 141554 18999999999999991027 102344 -699999999999999
 -6 -4 -1  4  8 11 13 14 13 12 12 12 12 14 16 18 19 18 16 13  9  4 -1 -420 427ZI 659 141616 19999999999999991027 12999999999999999999999
 -6 -6 -3  0  4  8 11 13 13 13 13 13 13 14 16 17 19 19 18 15 12  7  2 -220 428ZI1641 19999999999999999999999 025 -6999999999999999999999
 -4 -5 -5 -3  1  5  8 11 12 13 13 13 14 15 16 17 18 19 18 17 14 10  6  220 429ZI1711 19999999999999999999999 112 -5999999999999999999999
 -2 -4 -5 -4 -2  1  4  7 10 11 12 13 14 14 15 16 17 17 18 17 16 13 10  620 430ZI1752 18999999999999999999999 2 7 -5999999999999999999999
  2 -1 -3 -4 -4 -2  1  4  7  9 11 12 13 14 14 14 15 15 16 16 16 14 12 1020 5 1ZI19 3 16999999999999999999999 313 -4999999999999999999999
  6  3  0 -2 -3 -3 -2  0  3  6  9 11 12 13 13 13 13 12 13 13 14 14 14 1320 5 2ZI21 5 14999999999999999999999 427 -3999999999999999999999
 10  7  4  1 -1 -2 -3 -1  1  4  7 10 12 12 12 11 10 10  9  9 10 12 13 1420 5 3ZI1318 1223 9 1499999999999999 537 -31815  999999999999999
 13 12  9  6  3  0 -1 -1  0  3  6  9 12 13 12 11  9  7  6  5  6  7 10 1320 5 4ZI1318 13999999999999999999999 638 -119 7  599999999999999
 14 15 14 11  8  5  2  1  1  3  6  9 12 14 14 12 10  7  4  2  1  2  5  920 5 5ZI 044 151330 1499999999999999 731  11957  199999999999999
 13 15 16 16 14 10  7  5  4  4  6 10 13 16 16 15 12  8  4  0 -2 -3 -1  320 5 6ZI 2 6 161351 1699999999999999 818  42046 -399999999999999
  8 13 16 18 18 16 13 10  8  7  8 11 14 18 19 19 16 12  7  1 -3 -5 -5 -320 5 7ZI 321 181417 1999999999999999 9 0  72135 -699999999999999
  2  8 13 17 19 19 17 15 13 11 11 12 15 19 22 22 21 17 12  5 -1 -5 -7 -720 5 8ZI 429 191447 2299999999999999 939 112223 -799999999999999
 -3  2  9 14 18 20 20 19 17 15 14 15 17 20 23 24 24 22 17 11  4 -2 -6 -720 5 9ZI 531 201519 25999999999999991012 142312 -799999999999999
 -7 -3  3  9 14 18 20 20 19 18 17 17 18 20 23 25 26 25 21 16 10  4 -2 -520 510ZI 633 211553 26999999999999991039 17999999999999999999999
 -6 -5 -1  4 10 14 18 20 20 19 19 19 19 20 22 25 26 26 24 20 15  9  4 -120 511ZI 740 201628 2699999999999999 0 1 -61053 1999999999999999
 -4 -4 -3  1  5 10 14 17 19 19 19 19 20 20 21 23 24 25 24 22 19 14  9  420 512ZI17 3 25999999999999999999999 051 -4999999999999999999999
  1 -1 -2  0  3  6 10 14 16 18 19 19 19 20 20 21 22 23 23 22 20 17 13  920 513ZI1738 23999999999999999999999 143 -2999999999999999999999
  5  2  1  0  2  4  7 10 13 16 17 18 18 19 19 19 19 20 20 20 19 17 15 1220 514ZI1816 20999999999999999999999 240  0999999999999999999999
  9  6  4  3  2  3  5  8 11 13 15 16 17 17 17 17 17 17 17 17 17 16 15 1320 515ZI13 4 17999999999999999999999 340  2999999999999999999999
 11  9  7  5  4  4  5  6  9 11 14 15 16 17 16 15 15 14 14 14 14 14 14 1420 516ZI1253 172123 1499999999999999 441  41825 1499999999999999
 13 11  9  8  6  6  5  6  8 10 13 15 16 16 16 15 13 12 11 11 11 12 12 1320 517ZI1254 162338 1399999999999999 534  519 3 1199999999999999
 13 13 12 10  9  8  7  7  8 10 12 14 16 16 16 15 13 11  9  8  8  9 10 1220 518ZI13 0 16999999999999999999999 618  71934  899999999999999
 13 14 13 12 11 10  9  9  9 10 13 15 17 17 17 15 13 10  8  6  5  6  8 1020 519ZI 111 1413 9 1799999999999999 655  920 3  599999999999999
 12 14 15 15 14 13 11 11 11 12 13 16 18 19 19 17 15 11  8  5  4  4  5  820 520ZI 224 151322 1999999999999999 727 112033  399999999999999
 11 14 16 16 16 15 14 13 13 13 15 17 19 21 21 20 17 13  9  5  3  2  3  520 521ZI 322 161337 2199999999999999 757 1321 4  299999999999999
  9 13 16 18 18 18 17 16 15 15 16 18 21 22 23 22 20 16 11  7  3  1  1  320 522ZI 410 181356 2399999999999999 825 152136  199999999999999
  7 11 15 18 20 20 20 19 18 18 18 19 22 24 25 25 23 19 15  9  5  2  0  120 523ZI 454 201419 2599999999999999 851 182211  099999999999999
  4  8 13 17 20 21 22 21 20 19 20 21 22 25 26 27 26 23 18 13  7  3  0  020 524ZI 536 221445 2799999999999999 914 192248  099999999999999
  1  5 10 15 19 21 22 22 21 21 21 21 23 25 27 28 28 25 22 17 11  6  2  020 525ZI 621 221514 2899999999999999 930 212329  099999999999999
  0  2  7 11 16 19 22 22 22 22 22 22 23 24 26 28 28 27 24 20 15  9  5  120 526ZI 712 221548 2899999999999999 940 22999999999999999999999
  0  0  3  7 12 16 19 21 22 22 22 22 23 24 25 27 28 28 26 23 18 13  8  420 527ZI1625 28999999999999999999999 013  0999999999999999999999
  1  0  1  4  8 12 16 19 20 21 21 21 22 23 23 25 26 26 26 24 21 17 12  820 528ZI1710 26999999999999999999999 1 2  0999999999999999999999
  4  2  1  2  5  9 12 16 18 20 20 21 21 21 21 22 23 24 24 24 22 20 16 1220 529ZI18 8 24999999999999999999999 155  1999999999999999999999
  8  5  3  3  4  6  9 13 16 18 19 20 20 20 19 19 20 20 21 22 22 21 19 1620 530ZI1139 201932 2299999999999999 251  315 0 1999999999999999
 12  9  7  5  4  5  8 11 14 17 19 19 19 19 18 17 16 16 17 18 19 20 20 1920 531ZI1130 202126 2099999999999999 349  41646 1699999999999999
 17 14 11  9  8  7  8 10 13 16 19 20 20 19 18 16 14 13 12 13 14 17 18 1920 6 1ZI1140 202324 2099999999999999 446  71756 1299999999999999
 19 18 16 14 12 11 11 12 14 17 19 21 22 21 19 16 13 11  9  8  9 12 15 1820 6 2ZI1157 22999999999999999999999 541 111853  899999999999999
 20 21 20 19 17 16 15 15 16 18 21 23 25 24 23 19 15 11  8  6  5  6 10 1420 6 3ZI 1 7 211221 2599999999999999 632 141946  599999999999999
 18 21 23 23 22 20 19 18 19 20 22 25 27 28 27 24 19 14  9  5  3  3  5  920 6 4ZI 237 231251 2899999999999999 720 182037  299999999999999
 14 19 23 25 25 25 23 22 22 22 24 26 29 31 31 29 25 19 13  8  3  1  1  420 6 5ZI 353 251326 3199999999999999 8 4 222126  199999999999999
  9 15 20 24 27 27 27 26 25 25 25 27 30 32 34 33 30 25 19 12  7  3  1  120 6 6ZI 456 2714 5 3499999999999999 843 252214  199999999999999
  5 11 17 22 26 28 29 28 27 27 27 28 30 32 35 35 34 30 25 18 12  6  3  120 6 7ZI 551 291445 3599999999999999 916 2723 1  199999999999999
  3  7 12 18 23 27 28 29 28 28 27 28 29 31 34 35 35 33 29 24 17 11  6  420 6 8ZI 643 291527 3599999999999999 945 272347  399999999999999
  3  5  9 14 19 24 27 28 28 28 27 28 28 30 32 34 35 34 31 27 22 16 11  720 6 9ZI 736 2816 8 359999999999999910 9 27999999999999999999999
  5  5  7 11 15 20 24 26 27 27 27 27 27 28 29 31 32 33 31 29 25 20 15 1120 610ZI1649 33999999999999999999999 033  5999999999999999999999
  8  7  7  9 13 17 20 23 25 26 26 26 26 26 26 27 29 30 30 28 26 22 18 1420 611ZI1729 30999999999999999999999 118  6999999999999999999999
 11  9  8  9 11 14 18 21 23 24 25 25 24 24 24 24 25 26 26 26 25 23 20 1720 612ZI1028 251812 2699999999999999 2 1  81339 2499999999999999
 14 12 11 10 11 13 16 19 21 23 24 24 24 23 22 22 22 22 23 23 23 22 20 1820 613ZI1050 2419 9 2399999999999999 242 101534 2299999999999999
 16 15 13 12 13 14 15 18 20 22 23 24 23 22 21 20 19 19 19 19 20 20 20 1920 614ZI11 6 242056 2099999999999999 319 121714 1999999999999999
 18 17 16 15 15 15 16 18 20 22 23 24 24 23 21 19 18 17 16 16 17 18 19 1920 615ZI1118 242327 1999999999999999 351 151816 1699999999999999
 19 19 18 17 17 17 18 19 21 22 24 25 25 24 22 20 17 15 14 14 14 15 17 1920 616ZI1132 25999999999999999999999 419 171856 1499999999999999
 20 20 20 20 20 20 20 21 22 24 25 27 27 26 24 21 18 15 13 12 12 13 15 1820 617ZI 139 201147 2799999999999999 445 201930 1299999999999999
 20 21 22 23 22 22 22 23 24 25 27 28 29 29 27 24 20 17 13 11 10 11 13 1620 618ZI12 7 2999999999999999999999920 3 10999999999999999999999
 19 22 24 25 25 25 25 25 26 27 28 30 31 31 30 27 23 19 15 11  9  9 11 1420 619ZI1232 329999999999999999999992037  9999999999999999999999
 18 21 24 26 27 27 27 27 27 28 29 31 33 34 33 31 27 22 17 13 10  8  9 1120 620ZI13 2 349999999999999999999992113  8999999999999999999999
 15 20 24 27 29 29 29 29 29 29 30 32 34 35 35 34 31 26 21 16 11  8  7  920 621ZI 515 291338 3699999999999999 745 292153  799999999999999
 12 17 22 26 29 30 30 30 30 30 30 32 34 36 37 36 34 30 25 19 14  9  7  720 622ZI 547 301417 3799999999999999 823 302234  799999999999999
  9 13 18 23 27 29 31 30 30 30 30 31 33 35 37 37 36 34 29 23 17 12  8  620 623ZI 625 311459 3799999999999999 857 302319  699999999999999
  7 10 14 19 24 27 29 30 30 29 29 30 31 33 35 37 37 36 32 27 21 16 11  720 624ZI 7 5 301543 3799999999999999 929 29999999999999999999999
  6  7 10 15 20 24 27 29 29 29 28 29 29 30 32 34 35 36 34 30 25 20 14 1020 625ZI 748 291632 3699999999999999 0 5  61010 2899999999999999
  8  7  8 12 16 21 24 27 28 28 27 27 27 28 29 30 32 33 33 32 28 24 19 1420 626ZI 829 281726 3499999999999999 052  71120 2799999999999999
 11  9  8 10 14 18 22 25 27 27 27 26 26 25 25 26 28 29 30 31 29 27 23 1920 627ZI 9 3 271832 3199999999999999 139  81325 2599999999999999
 15 12 11 11 13 16 20 23 26 27 27 26 25 24 23 22 23 24 26 27 28 27 25 2320 628ZI 931 2720 0 2899999999999999 225 111459 2299999999999999
 20 17 15 14 15 17 20 23 26 27 28 27 26 24 22 20 19 19 21 22 24 25 26 2520 629ZI 956 282152 2699999999999999 3 8 141622 1999999999999999
 24 22 20 19 19 19 21 24 26 29 30 29 28 26 23 20 17 16 16 17 19 22 24 2620 630ZI1021 302358 2699999999999999 350 191737 1699999999999999
 26 26 25 24 23 23 24 26 28 30 32 32 31 29 26 22 18 15 13 13 14 17 20 2420 7 1ZI1051 32999999999999999999999 429 231842 1399999999999999
 26 28 28 28 27 27 27 28 30 32 34 35 35 33 30 26 21 17 13 11 11 13 16 2020 7 2ZI 2 1 281127 3599999999999999 5 9 271939 1199999999999999
 24 28 30 31 31 31 31 31 32 33 35 37 38 37 35 31 26 21 16 12 10 10 12 1620 7 3ZI12 9 389999999999999999999992031 10999999999999999999999
 21 26 30 32 33 33 33 33 33 34 36 38 40 40 39 36 32 26 20 15 11  9 10 1320 7 4ZI1255 409999999999999999999992120  9999999999999999999999
 17 23 28 31 34 34 34 34 34 34 35 37 40 41 42 40 37 32 26 20 15 11  9 1020 7 5ZI1343 4299999999999999999999922 7  9999999999999999999999
 14 19 25 29 33 34 35 34 34 34 35 36 38 40 42 42 40 36 31 25 19 14 11 1020 7 6ZI 555 351431 4299999999999999 833 342251 1099999999999999
 12 16 21 26 30 33 34 34 34 33 33 34 36 38 40 42 41 39 35 29 23 18 14 1120 7 7ZI 625 341517 4299999999999999 915 332333 1199999999999999
 11 14 18 23 27 31 33 33 33 32 32 32 33 35 37 39 40 39 37 32 27 21 17 1420 7 8ZI 655 3316 1 4099999999999999 959 32999999999999999999999
 12 13 16 20 24 28 31 32 32 31 30 30 31 32 34 36 37 38 36 34 29 24 20 1620 7 9ZI 725 321642 3899999999999999 012 121050 3099999999999999
 14 14 15 18 22 26 28 30 31 30 30 29 29 29 30 32 33 34 34 33 30 26 22 1920 710ZI 757 311723 3599999999999999 048 141159 2999999999999999
 17 15 16 17 20 24 27 29 30 30 29 28 27 27 27 28 29 31 31 31 29 27 24 2120 711ZI 827 3018 7 3199999999999999 120 151319 2799999999999999
 19 18 17 18 20 23 26 28 29 30 29 28 27 26 25 25 26 27 27 28 28 26 25 2320 712ZI 854 3019 6 2899999999999999 147 171437 2599999999999999
 21 20 20 20 21 23 26 28 29 30 30 29 27 26 24 23 23 23 24 25 25 25 25 2420 713ZI 917 302045 2599999999999999 2 7 201556 2399999999999999
 23 23 22 23 23 25 27 28 30 31 31 30 29 27 25 23 21 21 21 22 23 24 25 2520 714ZI 937 31999999999999999999999 214 221710 2199999999999999
 25 25 25 25 26 27 28 30 31 32 33 32 31 29 26 23 21 20 19 19 20 22 24 2520 715ZI 958 3399999999999999999999918 6 19999999999999999999999
 26 27 27 28 28 29 30 31 33 34 35 35 33 31 28 25 22 19 18 17 18 20 22 2520 716ZI1024 359999999999999999999991851 17999999999999999999999
 27 28 29 30 31 31 32 33 34 35 36 37 36 34 32 28 24 21 18 16 16 18 20 2320 717ZI1058 379999999999999999999991931 16999999999999999999999
 26 29 31 32 33 33 33 34 35 36 38 39 39 38 35 32 27 23 19 16 15 15 18 2120 718ZI1140 399999999999999999999992012 15999999999999999999999
 25 29 31 33 34 34 34 35 35 36 38 39 40 40 39 36 31 26 21 17 14 13 15 1820 719ZI1228 419999999999999999999992054 13999999999999999999999
 22 27 30 33 35 35 35 35 35 36 37 39 41 42 42 39 36 31 25 19 15 13 12 1420 720ZI1317 429999999999999999999992138 12999999999999999999999
 18 23 28 32 34 35 35 35 35 35 36 37 40 42 43 42 39 35 29 23 17 13 11 1220 721ZI 536 3514 8 4399999999999999 8 9 352223 1199999999999999
 14 19 24 29 32 34 35 34 34 33 34 35 37 40 42 43 42 39 34 28 21 16 12 1120 722ZI 559 351458 4399999999999999 856 3323 8 1199999999999999
 12 15 20 25 30 32 34 34 33 32 32 32 34 36 39 41 42 41 37 32 26 20 15 1220 723ZI 625 341549 4299999999999999 947 322352 1199999999999999
 11 13 17 22 27 30 32 33 32 31 30 30 30 32 34 37 40 40 39 35 30 24 19 1520 724ZI 653 331644 40999999999999991051 30999999999999999999999
 13 13 15 19 24 28 31 32 32 31 29 28 27 28 29 32 35 37 37 36 33 28 24 2020 725ZI 720 321745 3799999999999999 034 121210 2799999999999999
 17 15 16 19 23 27 30 32 32 31 29 27 26 25 25 26 29 32 33 34 33 31 28 2420 726ZI 746 321858 3499999999999999 114 151328 2599999999999999
 21 20 19 20 23 26 30 32 33 33 31 29 26 24 23 22 23 26 28 30 31 31 30 2820 727ZI 813 332031 3199999999999999 151 191443 2299999999999999
 26 24 24 24 25 28 31 33 35 35 34 31 28 25 23 21 20 21 22 25 27 29 30 3020 728ZI 842 352234 3099999999999999 222 2416 2 2099999999999999
 29 29 28 28 29 30 32 34 36 37 37 35 32 29 25 22 19 18 18 20 22 25 28 3020 729ZI 916 37999999999999999999999 243 281724 1899999999999999
 31 32 32 32 32 33 34 36 37 39 39 39 36 33 29 25 21 18 17 16 18 21 24 2820 730ZI 957 399999999999999999999991836 16999999999999999999999
 31 33 34 34 35 35 36 37 38 40 41 41 40 38 34 30 25 21 18 16 15 17 21 2520 731ZI1048 419999999999999999999991936 15999999999999999999999
 29 32 34 36 37 37 37 38 38 40 41 43 43 42 39 35 30 25 21 17 15 15 17 2120 8 1ZI1146 439999999999999999999992028 15999999999999999999999
 26 30 34 36 37 37 37 37 38 39 40 42 44 44 43 40 36 30 25 20 17 15 16 1820 8 2ZI1244 449999999999999999999992115 15999999999999999999999
 23 28 32 35 37 37 37 37 37 37 38 40 43 44 45 43 40 35 29 24 19 16 15 1620 8 3ZI 511 371338 4599999999999999 737 372158 1599999999999999
 20 25 29 33 36 37 36 36 35 35 36 38 40 43 44 44 42 39 33 28 22 18 16 1620 8 4ZI 521 371428 4499999999999999 827 352237 1599999999999999
 18 22 27 31 34 35 36 35 34 33 33 34 36 39 42 43 43 40 36 31 25 21 17 1620 8 5ZI 538 361513 4399999999999999 912 332312 1699999999999999
 17 20 24 28 32 34 35 34 33 32 31 32 33 35 38 41 41 40 38 33 28 23 19 1720 8 6ZI 559 351555 4199999999999999 959 312344 1799999999999999
 17 18 22 26 30 33 34 34 32 31 30 29 30 31 34 37 39 39 37 34 30 26 22 1920 8 7ZI 621 341636 39999999999999991051 29999999999999999999999
 18 19 21 25 28 31 33 33 32 30 29 28 28 28 30 33 35 36 36 34 31 27 24 2220 8 8ZI 644 331719 3699999999999999 012 181149 2899999999999999
 20 20 22 24 28 30 32 33 32 31 29 27 26 26 27 29 31 32 33 32 31 29 26 2420 8 9ZI 7 5 3318 7 3399999999999999 036 201249 2699999999999999
 23 22 23 25 28 30 32 33 33 32 30 28 26 25 25 25 27 29 30 30 30 29 27 2620 810ZI 724 331912 3099999999999999 052 221349 2599999999999999
 25 25 25 27 29 31 33 34 34 33 31 29 27 25 24 24 24 25 27 28 28 29 28 2820 811ZI 741 342049 2999999999999999 056 251452 2499999999999999
 27 28 28 29 30 32 34 35 35 35 33 31 29 26 24 23 22 23 24 25 26 28 28 2920 812ZI 759 35999999999999999999999 022 2716 1 2299999999999999
 29 30 30 31 32 34 35 36 37 37 36 34 31 29 26 24 22 21 22 23 24 26 28 2920 813ZI 824 379999999999999999999991711 21999999999999999999999
 30 31 32 33 34 35 36 37 38 38 38 37 34 32 28 25 23 21 20 20 22 24 26 2920 814ZI 9 2 389999999999999999999991811 20999999999999999999999
 31 32 34 34 35 36 37 37 38 39 39 39 38 35 32 28 24 21 19 18 19 21 24 2720 815ZI 958 3999999999999999999999919 3 18999999999999999999999
 30 33 34 35 36 36 37 37 38 39 40 41 40 39 36 32 27 23 20 17 17 18 21 2420 816ZI11 5 419999999999999999999991951 17999999999999999999999
 28 32 34 36 36 36 36 37 37 38 40 41 42 41 39 36 31 26 22 18 16 15 17 2120 817ZI1212 429999999999999999999992037 15999999999999999999999
 25 29 33 35 36 36 36 35 35 36 38 40 42 43 42 40 36 31 25 20 16 14 14 1720 818ZI 441 361312 4399999999999999 725 352123 1499999999999999
 21 26 30 34 35 36 35 34 33 34 35 37 40 42 44 43 40 35 29 23 18 14 13 1420 819ZI 449 3614 8 4499999999999999 816 3322 7 1399999999999999
 17 22 27 31 34 35 34 33 31 31 31 33 35 39 42 43 42 39 34 28 22 17 14 1320 820ZI 5 6 3515 3 4399999999999999 9 7 312249 1399999999999999
 15 19 24 29 33 34 34 32 30 29 28 28 30 34 38 41 42 41 38 33 27 21 17 1520 821ZI 526 341559 429999999999999910 3 282330 1499999999999999
 15 17 22 27 31 34 34 33 30 28 26 25 26 28 32 36 39 40 39 36 31 26 22 1920 822ZI 547 3417 0 409999999999999911 5 25999999999999999999999
 17 18 22 26 31 33 35 34 32 28 25 23 22 23 26 30 34 36 38 37 34 30 27 2420 823ZI 611 3518 9 3899999999999999 0 7 171210 2299999999999999
 22 21 23 26 30 34 35 36 34 31 27 24 22 21 21 23 27 30 33 35 35 33 30 2820 824ZI 636 361927 3599999999999999 042 211315 2099999999999999
 27 26 26 28 31 34 36 37 37 34 31 27 23 21 19 19 21 24 27 30 32 33 32 3120 825ZI 7 3 3721 6 3399999999999999 111 261424 1999999999999999
 31 30 30 31 33 35 37 39 39 37 35 31 27 24 21 19 19 20 22 25 28 30 32 3320 826ZI 736 39999999999999999999999 126 301543 1899999999999999
 33 33 34 34 35 36 38 39 40 40 38 36 32 28 24 21 19 18 18 20 23 26 29 3220 827ZI 817 409999999999999999999991712 18999999999999999999999
 33 35 36 36 37 37 38 39 40 41 41 39 37 33 29 25 22 19 18 18 19 22 26 2920 828ZI 912 419999999999999999999991829 17999999999999999999999
 32 35 36 37 37 38 38 39 40 41 41 41 40 38 34 30 26 22 19 17 17 19 22 2620 829ZI1027 419999999999999999999991930 17999999999999999999999
 30 33 35 37 37 37 37 37 38 39 40 41 42 41 38 35 31 26 22 19 17 17 20 2320 830ZI1144 429999999999999999999992021 17999999999999999999999
 28 31 34 36 36 36 36 36 36 37 38 40 42 42 41 38 35 30 25 21 18 17 18 2120 831ZI 417 361248 4299999999999999 713 3621 4 1799999999999999
 25 29 33 35 36 35 34 34 33 34 35 37 40 42 42 41 38 33 28 24 20 18 17 1920 9 1ZI 416 361341 4299999999999999 756 332141 1799999999999999
 23 27 31 33 35 34 33 32 31 31 32 34 37 39 41 41 39 36 31 26 22 19 17 1820 9 2ZI 424 351428 4199999999999999 836 312213 1799999999999999
 21 25 29 32 34 34 33 31 29 28 29 30 33 36 39 40 40 37 34 29 24 21 18 1820 9 3ZI 438 341512 4099999999999999 917 282242 1899999999999999
 20 23 27 31 33 34 33 31 28 27 26 27 29 32 35 38 39 38 35 31 26 23 20 1920 9 4ZI 455 341554 3999999999999999 959 2623 8 1999999999999999
 20 22 26 30 32 33 33 31 28 26 25 24 25 28 31 34 36 36 35 32 29 25 22 2120 9 5ZI 513 331638 37999999999999991044 242330 2199999999999999
 21 23 26 29 32 33 33 32 29 26 24 23 23 25 27 31 33 34 34 33 30 27 25 2420 9 6ZI 529 331725 34999999999999991129 232346 2399999999999999
 23 24 27 30 32 34 34 33 30 27 25 23 22 22 24 27 30 31 32 32 31 29 27 2620 9 7ZI 543 341819 32999999999999991216 222353 2699999999999999
 26 26 28 30 33 34 35 34 32 29 26 24 22 21 22 24 26 28 30 31 31 30 29 2820 9 8ZI 555 351926 319999999999999913 5 212335 2899999999999999
 28 29 30 32 34 35 36 35 34 31 28 25 23 22 21 22 23 25 27 29 30 30 30 3020 9 9ZI 6 6 369999999999999999999991359 21999999999999999999999
 30 31 31 33 34 36 36 36 35 34 31 28 25 23 21 21 21 23 24 26 28 29 30 3120 910ZI 623 3799999999999999999999915 1 21999999999999999999999
 31 32 33 34 35 36 37 37 37 35 33 31 28 25 23 21 20 20 22 23 25 27 29 3120 911ZI 651 379999999999999999999991615 20999999999999999999999
 32 33 34 35 35 36 37 37 37 37 36 34 31 28 25 22 20 19 19 20 22 25 27 3020 912ZI 741 379999999999999999999991730 19999999999999999999999
 32 33 34 35 35 36 36 37 37 37 37 36 34 31 28 25 22 19 18 18 19 21 24 2820 913ZI 9 7 379999999999999999999991833 17999999999999999999999
 30 33 34 35 35 35 35 35 36 37 38 38 37 35 32 28 24 21 18 16 16 18 21 2520 914ZI1048 389999999999999999999991927 16999999999999999999999
 28 31 33 34 34 34 33 33 33 35 36 38 39 38 36 32 28 23 19 16 14 15 17 2120 915ZI 340 3412 9 3999999999999999 649 332015 1499999999999999
 26 29 32 33 33 32 31 30 30 31 33 36 38 40 39 37 33 28 22 18 15 14 15 1820 916ZI 334 331314 4099999999999999 736 3021 0 1499999999999999
 23 27 31 32 33 32 30 28 27 27 29 32 35 39 40 40 37 33 27 22 17 15 14 1620 917ZI 342 331414 4099999999999999 823 272142 1499999999999999
 20 25 29 32 33 32 30 27 24 23 24 26 30 35 39 40 40 37 32 27 21 18 16 1620 918ZI 357 331514 4099999999999999 912 232222 1699999999999999
 19 24 29 32 33 33 31 27 23 21 20 21 24 28 34 38 39 39 36 32 27 22 19 1820 919ZI 415 331617 409999999999999910 6 202259 1899999999999999
 20 23 28 32 34 35 33 29 25 21 18 17 18 22 27 32 36 38 38 35 31 27 24 2320 920ZI 437 351723 389999999999999911 1 172334 2299999999999999
 23 24 28 32 35 36 35 32 28 23 19 16 15 17 20 25 30 34 36 36 34 31 29 2720 921ZI 5 2 361834 36999999999999991159 15999999999999999999999
 27 27 30 33 36 38 38 36 32 27 22 18 16 15 16 19 24 28 31 33 34 33 32 3120 922ZI 529 381954 3499999999999999 0 3 271258 1599999999999999
 30 31 32 34 36 38 39 38 36 32 27 23 19 16 15 16 18 22 26 29 31 33 33 3320 923ZI 6 0 39999999999999999999999 023 3014 4 1599999999999999
 33 33 34 35 37 38 39 39 38 36 32 28 24 20 17 16 16 18 21 24 27 30 32 3320 924ZI 635 399999999999999999999991522 16999999999999999999999
 34 35 35 36 37 38 38 39 39 38 35 32 29 25 22 19 17 17 18 20 23 26 29 3120 925ZI 722 399999999999999999999991653 17999999999999999999999
 33 35 35 36 36 36 37 37 38 38 37 35 33 30 27 23 20 18 17 17 19 22 26 2920 926ZI 836 389999999999999999999991812 17999999999999999999999
 32 34 35 35 35 35 35 35 36 36 37 37 36 34 31 27 24 21 18 17 18 20 23 2620 927ZI1021 379999999999999999999991912 17999999999999999999999
 30 32 33 34 34 33 32 32 33 34 35 36 36 36 34 31 27 24 20 18 17 18 21 2420 928ZI 3 8 341150 3699999999999999 657 3220 0 1799999999999999
 27 30 32 33 32 31 30 29 29 30 32 34 36 36 35 33 30 26 23 20 18 17 19 2220 929ZI 3 4 331255 3699999999999999 733 292039 1799999999999999
 26 29 31 32 31 30 28 27 26 27 28 31 34 35 36 35 32 29 25 21 19 18 18 2120 930ZI 3 9 321347 3699999999999999 8 6 262111 1899999999999999
 24 28 30 31 31 30 27 25 24 24 25 27 30 33 35 35 34 31 27 23 21 19 19 202010 1ZI 318 311434 3599999999999999 840 242139 1899999999999999
 23 27 30 31 31 30 27 24 22 21 22 24 27 30 33 35 34 33 29 26 23 20 20 202010 2ZI 331 311519 3599999999999999 915 2122 3 2099999999999999
 23 26 29 31 32 31 28 25 22 20 19 20 23 27 31 33 34 33 31 28 25 23 21 222010 3ZI 345 3216 4 3499999999999999 951 192224 2199999999999999
 23 26 30 32 32 32 29 26 22 19 18 18 20 23 27 31 33 33 32 30 27 25 24 232010 4ZI 359 321651 33999999999999991028 182242 2399999999999999
 25 27 30 32 33 33 31 28 24 20 18 17 18 20 24 28 30 32 32 31 29 27 26 262010 5ZI 412 331740 329999999999999911 6 172253 2699999999999999
 26 28 31 33 34 34 33 30 26 22 19 17 16 18 21 24 28 30 31 31 30 29 28 282010 6ZI 424 341833 31999999999999991145 162250 2899999999999999
 28 29 31 33 35 35 34 32 28 24 20 18 16 17 18 21 24 27 29 30 30 30 29 292010 7ZI 437 351935 31999999999999991228 162230 2999999999999999
 30 31 32 34 35 36 35 33 30 27 23 20 18 17 17 19 21 24 26 28 29 30 30 302010 8ZI 453 369999999999999999999991317 16999999999999999999999
 31 32 33 34 35 36 35 34 32 29 26 22 20 18 17 17 19 21 23 25 27 29 30 302010 9ZI 514 369999999999999999999991414 17999999999999999999999
 31 32 33 34 34 35 35 35 33 31 28 25 22 20 18 17 17 18 20 22 24 27 28 30201010ZI 542 359999999999999999999991526 17999999999999999999999
 31 32 33 33 33 34 34 34 34 33 31 28 25 22 20 18 16 16 17 18 21 24 26 28201011ZI 632 349999999999999999999991648 16999999999999999999999
 30 31 32 32 32 32 32 32 33 33 32 31 29 26 23 20 17 15 15 16 18 20 23 26201012ZI 837 339999999999999999999991758 15999999999999999999999
 29 30 31 31 30 30 30 30 30 31 32 32 32 30 27 23 20 17 15 14 15 17 21 24201013ZI 235 311043 3399999999999999 611 291855 1499999999999999
 27 29 30 29 29 27 27 26 27 28 30 32 33 33 31 28 24 20 16 14 14 15 18 22201014ZI 214 301211 3399999999999999 653 261944 1499999999999999
 26 28 29 29 28 26 24 23 22 24 26 30 33 34 34 32 28 24 20 17 15 15 17 21201015ZI 215 291321 3499999999999999 735 222028 1599999999999999
 25 28 30 30 28 25 22 20 18 19 21 25 29 33 35 35 33 29 25 21 18 17 17 20201016ZI 227 301427 3599999999999999 820 182110 1799999999999999
 24 28 31 31 30 27 23 19 16 14 15 18 23 29 33 36 36 34 30 26 22 20 20 21201017ZI 244 321533 3699999999999999 9 9 142148 2099999999999999
 24 29 32 34 33 30 25 20 15 12 11 13 17 22 29 33 36 36 34 31 27 25 23 23201018ZI 3 7 341640 3699999999999999 959 112224 2399999999999999
 26 29 33 36 36 34 30 24 18 13 10  9 11 16 22 28 32 35 35 34 31 29 27 27201019ZI 334 361745 35999999999999991051  92256 2799999999999999
 28 30 34 37 38 37 34 29 23 17 12 10  9 11 16 21 27 31 34 34 33 32 31 30201020ZI 4 4 381854 34999999999999991145  92321 3099999999999999
 30 31 34 37 38 39 37 33 28 22 17 13 10 10 12 16 21 25 29 32 33 33 32 32201021ZI 437 392018 33999999999999991241 102324 3299999999999999
 32 33 34 36 38 39 38 36 32 28 22 18 14 12 11 13 16 20 24 28 30 31 32 33201022ZI 511 399999999999999999999991343 11999999999999999999999
 33 33 34 35 36 37 37 37 35 31 27 23 19 16 14 13 14 16 19 23 26 29 30 32201023ZI 550 379999999999999999999991455 13999999999999999999999
 32 33 33 34 34 35 35 35 35 33 30 27 24 21 18 16 15 15 17 19 22 25 28 30201024ZI 642 359999999999999999999991619 15999999999999999999999
 31 32 32 32 32 32 32 32 32 32 31 30 27 25 22 19 17 16 16 17 19 22 25 27201025ZI 8 7 329999999999999999999991735 16999999999999999999999
 29 30 30 30 30 29 29 29 29 30 30 30 29 27 25 22 20 18 16 16 17 20 23 25201026ZI 150 301012 3099999999999999 615 291835 1699999999999999
 28 29 29 29 28 26 25 25 26 27 28 29 29 29 27 25 22 20 18 17 17 18 21 24201027ZI 147 291152 2999999999999999 657 251921 1799999999999999
 26 28 28 28 26 24 23 22 22 23 25 27 28 29 28 27 25 22 20 18 17 18 20 23201028ZI 151 2813 2 2999999999999999 730 221958 1799999999999999
 26 28 28 27 26 23 21 19 19 19 21 24 27 28 29 28 27 24 22 20 19 19 20 23201029ZI 158 281358 2999999999999999 8 2 192027 1899999999999999
 25 28 29 28 26 23 20 18 16 16 18 21 24 27 29 29 28 26 24 22 20 20 21 23201030ZI 2 8 291449 2999999999999999 832 162051 2099999999999999
 26 28 29 29 27 24 21 17 15 14 15 17 21 25 28 29 29 28 26 24 22 22 22 24201031ZI 221 291536 3099999999999999 9 4 142113 2299999999999999
 26 29 30 31 29 26 22 18 15 13 13 15 18 22 26 29 30 30 28 26 25 24 24 252011 1ZI 236 311622 3099999999999999 936 132133 2399999999999999
 27 29 31 32 31 28 24 20 16 13 12 12 15 19 24 27 30 30 30 28 27 26 25 262011 2ZI 252 3217 6 309999999999999910 9 122150 2599999999999999
 28 30 32 33 33 31 27 22 18 14 12 11 13 16 21 25 28 30 30 30 28 27 27 272011 3ZI 3 9 331752 30999999999999991044 1122 0 2799999999999999
 28 30 33 34 34 32 29 25 20 16 13 11 11 14 17 22 25 28 30 30 29 28 28 282011 4ZI 328 341841 30999999999999991122 1122 1 2899999999999999
 29 31 33 34 35 34 31 28 23 18 14 12 11 12 15 18 22 25 28 29 29 29 29 292011 5ZI 350 3599999999999999999999912 3 11999999999999999999999
 30 31 32 33 34 34 32 30 26 21 17 14 12 11 12 15 18 22 25 27 28 28 28 292011 6ZI 415 349999999999999999999991250 11999999999999999999999
 29 30 31 32 33 33 33 31 28 24 20 16 14 12 12 13 15 18 21 23 25 27 27 282011 7ZI 444 339999999999999999999991345 11999999999999999999999
 29 29 30 31 31 32 32 31 29 26 23 19 16 14 12 12 12 14 17 20 22 24 26 272011 8ZI 522 329999999999999999999991450 12999999999999999999999
 27 28 28 29 29 29 29 29 29 27 25 22 19 16 14 12 12 12 14 16 19 22 24 252011 9ZI 630 2999999999999999999999916 2 12999999999999999999999
 26 27 27 26 26 26 26 27 27 27 27 25 23 20 17 15 13 12 12 14 17 20 22 24201110ZI 131 27 836 2799999999999999 449 261710 1299999999999999
 25 26 25 24 23 23 22 23 24 25 26 27 26 24 21 18 16 14 13 13 15 18 21 24201111ZI 049 261042 2799999999999999 552 2218 9 1399999999999999
 25 26 25 23 21 20 18 18 19 21 24 26 27 27 25 23 20 17 15 14 15 17 21 24201112ZI 047 261217 2799999999999999 639 1819 0 1499999999999999
 26 27 26 24 21 18 15 14 14 16 19 23 27 28 29 27 25 22 19 17 17 18 21 24201113ZI 058 271336 2999999999999999 725 141946 1799999999999999
 27 29 28 26 23 18 14 11 10 11 13 18 23 27 30 30 29 27 24 22 20 20 22 25201114ZI 117 291450 3099999999999999 813 102029 2099999999999999
 28 31 31 30 26 21 16 11  8  7  8 12 17 23 28 31 32 31 29 26 24 23 24 26201115ZI 144 311558 3299999999999999 9 2  721 8 2399999999999999
 29 33 34 34 31 26 20 14  9  5  5  6 11 17 24 28 32 33 32 30 28 27 26 27201116ZI 215 3417 1 3399999999999999 952  52144 2699999999999999
 30 33 36 36 35 31 26 19 12  7  4  4  6 11 18 24 28 31 33 32 30 29 28 29201117ZI 250 3618 2 33999999999999991042  42214 2899999999999999
 30 33 36 37 37 35 31 25 18 12  7  5  5  7 12 18 24 28 31 32 31 30 30 30201118ZI 328 3819 5 32999999999999991134  42238 3099999999999999
 30 32 34 36 38 37 34 30 24 18 12  8  6  6  9 13 18 23 27 29 30 30 30 30201119ZI 4 7 389999999999999999999991227  6999999999999999999999
 30 31 32 34 36 36 35 32 28 23 18 13 10  8  8 10 14 18 22 25 27 28 29 29201120ZI 449 369999999999999999999991323  8999999999999999999999
 29 29 30 31 32 33 33 32 30 26 22 18 14 11 10 10 12 15 18 21 24 26 27 27201121ZI 534 339999999999999999999991423 10999999999999999999999
 28 28 28 28 29 29 30 30 29 27 24 21 18 15 13 12 12 13 15 18 21 23 25 26201122ZI 626 309999999999999999999991527 12999999999999999999999
 26 26 26 25 25 25 26 26 26 26 24 23 20 18 16 14 13 13 14 16 19 21 23 24201123ZI 016 26 739 2699999999999999 4 2 251630 1399999999999999
 25 25 24 23 22 22 22 22 23 23 23 23 22 20 18 17 15 14 14 15 17 19 22 23201124ZI 019 25 939 2399999999999999 542 221727 1499999999999999
 24 24 23 22 20 19 18 18 19 20 21 22 22 21 20 19 17 16 16 16 17 19 21 23201125ZI 025 241144 2299999999999999 636 181812 1699999999999999
 24 24 23 21 19 17 16 15 15 16 18 20 21 22 22 21 19 18 17 17 18 19 21 23201126ZI 034 241313 2299999999999999 714 151849 1799999999999999
 25 25 24 22 19 16 14 13 12 13 15 18 20 22 22 22 22 20 19 19 19 20 22 24201127ZI 045 251422 2399999999999999 746 121918 1999999999999999
 25 26 25 23 20 17 14 11 10 10 12 15 19 21 23 24 24 23 22 21 21 21 23 25201128ZI 058 261516 2499999999999999 816 101945 2199999999999999
 27 28 27 26 22 19 14 11  9  8 10 13 16 20 23 25 25 25 24 23 22 23 24 26201129ZI 116 2816 1 2599999999999999 846  82011 2299999999999999
 28 29 29 28 25 21 16 12  9  7  8 10 14 18 22 25 26 26 26 25 24 24 25 26201130ZI 137 291641 2799999999999999 919  72037 2499999999999999
 28 30 31 30 28 24 19 14 10  7  6  8 11 16 20 24 26 27 27 26 25 25 25 272012 1ZI 2 1 311720 2799999999999999 953  621 1 2599999999999999
 28 31 32 32 30 27 22 17 12  8  6  6  8 12 17 21 25 27 27 27 26 26 26 272012 2ZI 228 3218 0 27999999999999991030  62120 2699999999999999
 28 30 32 33 32 29 25 20 15 10  7  5  6  9 13 18 22 25 26 27 26 26 26 262012 3ZI 259 331844 279999999999999911 9  52134 2699999999999999
 27 29 31 32 32 31 28 23 18 12  8  6  5  6 10 14 18 22 24 25 26 25 25 252012 4ZI 332 329999999999999999999991152  5999999999999999999999
 26 27 29 30 31 31 29 25 21 15 11  7  5  5  7 10 14 18 21 23 24 24 24 242012 5ZI 4 9 319999999999999999999991239  5999999999999999999999
 25 25 27 28 29 30 29 26 23 18 14 10  7  5  5  7 10 14 17 20 22 22 23 232012 6ZI 450 309999999999999999999991329  5999999999999999999999
 23 23 24 25 26 27 27 26 24 21 17 13 10  7  6  6  8 11 14 17 19 21 21 222012 7ZI 542 279999999999999999999991422  6999999999999999999999
 21 21 21 22 22 23 24 24 24 22 19 16 13 10  8  7  7  9 12 15 17 19 21 212012 8ZI 655 242254 21999999999999991517  7999999999999999999999
 21 20 19 19 18 19 19 21 21 22 21 19 17 14 12 10  9 10 11 14 16 19 21 212012 9ZI 842 2223 6 2199999999999999 4 1 181611  999999999999999
 21 20 18 16 15 14 15 16 17 19 20 21 20 18 16 14 13 12 12 14 16 19 21 22201210ZI1045 212324 2399999999999999 519 1417 6 1299999999999999
 22 21 19 16 13 11 10 10 12 15 18 20 21 21 20 19 17 16 15 16 17 20 22 24201211ZI1233 212349 2599999999999999 620 1018 0 1599999999999999
 25 24 21 18 14 10  8  6  7  9 13 17 20 22 23 23 22 20 19 19 19 21 24 26201212ZI14 6 23999999999999999999999 716  61851 1999999999999999
 28 27 25 22 17 12  8  4  3  4  7 12 17 21 24 25 25 24 23 22 22 23 25 27201213ZI 021 281524 2599999999999999 8 8  31939 2299999999999999
 30 31 30 27 22 16 10  5  2  1  2  6 12 18 22 25 27 27 26 25 24 24 25 28201214ZI 059 311628 2799999999999999 859  12023 2499999999999999
 30 33 33 31 27 22 15  9  4  1  0  2  6 12 18 23 26 28 28 27 26 25 26 27201215ZI 141 331722 2899999999999999 949  021 2 2599999999999999
 30 33 34 34 32 28 21 15  8  3  0  0  2  7 13 19 24 27 28 27 26 26 26 26201216ZI 227 341811 28999999999999991039  02136 2699999999999999
 28 31 33 35 34 31 27 20 14  8  3  1  1  4  9 14 19 23 26 26 26 25 25 25201217ZI 313 351857 26999999999999991128  02210 2599999999999999
 26 28 30 33 34 33 30 25 19 13  7  4  2  2  5 10 15 19 23 24 25 24 24 23201218ZI 4 0 341943 25999999999999991216  22248 2399999999999999
 24 25 27 29 31 31 30 27 22 17 12  7  4  3  4  7 11 15 19 21 22 23 22 22201219ZI 445 312030 239999999999999913 2  32343 2299999999999999
 22 22 23 25 26 28 28 26 23 19 15 11  8  6  5  6  9 12 16 18 20 21 21 20201220ZI 530 282116 21999999999999991347  5999999999999999999999
 20 20 20 21 22 23 24 24 22 20 17 13 10  8  7  7  8 11 13 16 18 19 20 19201221ZI 617 242155 2099999999999999 110 201428  799999999999999
 19 18 17 17 18 18 19 20 19 18 17 15 13 11  9  9  9 11 13 15 17 18 19 19201222ZI 714 202224 1999999999999999 248 1715 4  999999999999999
 18 17 16 15 14 14 15 16 16 16 16 15 14 13 12 11 11 12 13 14 16 18 19 19201223ZI 848 162246 1999999999999999 428 141534 1199999999999999
 18 17 16 14 12 12 11 12 12 13 14 14 14 14 14 13 13 13 14 15 17 18 19 20201224ZI1124 1423 4 2099999999999999 551 111554 1399999999999999
 19 18 16 14 12 10  9  9  9 11 12 13 15 15 15 15 15 15 16 17 18 19 20 21201225ZI2324 21999999999999999999999 643  9999999999999999999999
 21 20 18 15 12  9  7  6  7  8 10 12 14 16 17 17 17 17 18 18 19 20 21 23201226ZI2348 23999999999999999999999 721  6999999999999999999999
 23 22 20 17 14 10  7  5  5  6  8 10 13 16 18 19 19 19 19 19 20 21 22 24201227ZI9999999999999999999999999999 754  5999999999999999999999
 25 24 23 20 16 12  8  5  3  3  5  8 12 15 18 20 21 21 21 21 21 22 23 25201228ZI 017 25999999999999999999999 828  3999999999999999999999
 26 26 25 23 19 15 10  6  3  2  3  6  9 14 17 20 21 22 22 21 21 22 23 24201229ZI 051 2617 9 2299999999999999 9 4  21947 2199999999999999
 26 27 27 26 23 18 13  8  4  1  1  3  6 11 15 19 21 22 22 22 21 21 22 24201230ZI 129 281733 2299999999999999 942  12026 2199999999999999
 26 28 29 28 26 22 17 11  6  2  0  0  3  7 12 16 19 21 22 22 21 21 21 22201231ZI 2 9 2918 5 22999999999999991023  02055 2199999999999999
