 28 23 28 42 61 82101114119117108 98 88 81 82 88 98109116117110 96 78 6020 1 1ZM 8 7119183811899999999999999 1 2 231329 8199999999999999
 45 36 35 42 57 74 92107116117113104 94 85 79 79 84 92100105105 99 87 7420 1 2ZM 844118192810699999999999999 136 341430 7999999999999999
 61 51 47 49 57 71 86101112117116110101 90 81 75 73 76 82 88 93 94 90 8320 1 3ZM 9201172041 9499999999999999 211 471550 7399999999999999
 75 67 61 60 63 71 82 95107115118115108 98 86 75 67 64 65 70 76 83 86 8720 1 4ZM10 11182241 8799999999999999 252 601716 6399999999999999
 85 81 76 73 72 74 81 91101111117119115106 94 80 67 56 50 51 57 66 76 8420 1 5ZM1046119999999999999999999999 349 721823 5099999999999999
 90 91 90 87 84 82 83 89 97107115120121115105 89 71 54 41 35 37 46 59 7420 1 6ZM 1 5 91113512199999999999999 5 6 821914 3599999999999999
 87 97101101 97 92 89 90 94102111120125124116101 81 58 38 24 20 25 38 5720 1 7ZM 225101122212599999999999999 625 891958 2099999999999999
 77 94106111110104 98 93 93 98107117126130127115 95 70 43 21  8  6 16 3520 1 8ZM 31411113 713099999999999999 731 932039  599999999999999
 59 84103116119115108100 95 95102112124133136130113 87 56 27  5 -6 -4 1220 1 9ZM 356119135013699999999999999 825 942119 -799999999999999
 36 65 92112123124117107 99 94 97105118132141141130108 77 43 13 -8-16 -820 110ZM 435125143214299999999999999 912 9422 0-1699999999999999
 13 42 74101119127124115104 95 93 97109124139146143128100 66 31  2-16-1920 111ZM 513127151514799999999999999 954 922240-2099999999999999
 -6 19 51 83109124127121110 98 90 90 98112129143148142122 92 56 22 -4-1820 112ZM 5501281558148999999999999991034 892321-1999999999999999
-15  2 31 63 93115125125115102 91 84 87 98114131143146136114 83 49 18 -420 113ZM 6251261643146999999999999991115 84999999999999999999999
-12 -4 17 46 76102119125119107 93 82 78 83 96113129139138126104 75 45 1920 114ZM 658125172914099999999999999 0 0-121158 7899999999999999
  3  1 13 35 63 90111122122113 99 84 74 72 78 91107121129127115 95 70 4520 115ZM 729123182012999999999999999 039  01245 7299999999999999
 26 17 20 34 55 80103118123118106 91 76 67 66 72 83 97109115113103 87 6920 116ZM 759123191711599999999999999 116 161340 6599999999999999
 51 38 35 41 55 75 96113122122114100 84 70 61 59 63 72 83 93 99 99 94 8420 117ZM 830124203010099999999999999 153 351448 5899999999999999
 72 61 54 54 61 75 92108120125121111 96 80 65 54 50 52 58 68 78 85 89 8920 118ZM 9 31252226 8999999999999999 231 531612 5099999999999999
 85 80 74 71 72 79 90104116125126121110 94 77 60 48 40 39 44 53 64 74 8320 119ZM 944127999999999999999999999 314 711741 3999999999999999
 89 91 90 87 85 86 91100111121127127122110 94 75 55 39 29 26 30 40 54 6920 120ZM 111 91103612899999999999999 416 851856 2699999999999999
 83 94100101 99 96 95 98104113122128129124112 94 72 49 29 17 13 19 32 5020 121ZM 246101114112999999999999999 546 951954 1399999999999999
 70 88102109110106101 98 99104113123130132127113 92 66 40 19  6  4 12 2920 122ZM 336110124913399999999999999 714 972043  399999999999999
 52 76 97111117114108100 96 96103113125134136129113 88 58 30  9 -2 -1 1120 123ZM 412117134713799999999999999 823 952125 -499999999999999
 33 60 86106118120115105 95 90 92101115129138139129108 80 48 20  1 -7 -120 124ZM 443121143614099999999999999 915 9022 3 -799999999999999
 17 43 72 97115122120110 98 88 84 89101118133142140125100 69 37 11 -4 -620 125ZM 512122151914299999999999999 957 842238 -799999999999999
  6 29 57 86108120122115102 88 79 79 88104122137142136117 89 57 28  6 -420 126ZM 5391231559142999999999999991034 782310 -499999999999999
  1 19 45 73 99116122118106 91 78 72 76 89107125137139127105 76 46 21  520 127ZM 6 412216371409999999999999911 9 722340  299999999999999
  3 14 36 63 89110120120111 96 81 70 67 75 91110126134131115 92 64 38 1920 128ZM 6281211714134999999999999991144 67999999999999999999999
 11 16 32 55 81103117121114101 85 71 64 65 76 93110122126119102 79 55 3520 129ZM 651121175112699999999999999 0 8 111220 6399999999999999
 23 22 33 52 74 96113120117107 92 76 64 60 65 77 92106115115106 89 69 5020 130ZM 714120183111699999999999999 034 211259 6099999999999999
 37 33 38 52 71 91108118119112 98 83 69 60 58 64 75 88 99105103 93 79 6420 131ZM 738120191510599999999999999 059 331344 5899999999999999
 52 46 47 55 70 87103114119115105 91 76 64 57 56 61 70 81 89 94 92 85 7520 2 1ZM 8 31192012 9499999999999999 123 451439 5599999999999999
 66 60 58 62 72 85 98110117117110 99 85 71 60 53 51 54 62 71 79 83 84 8120 2 2ZM 8301182139 8499999999999999 147 581550 5199999999999999
 77 73 71 72 77 85 95105113116114106 95 82 68 56 47 43 45 51 60 69 76 8120 2 3ZM 9 4116999999999999999999999 211 711713 4399999999999999
 84 84 84 84 85 88 94101109114115112105 94 80 64 50 38 32 32 38 49 62 7420 2 4ZM 9511159999999999999999999991828 31999999999999999999999
 84 91 95 96 95 94 95 99104109114116114107 95 79 60 41 26 18 18 26 41 5820 2 5ZM 256 9611 311699999999999999 457 941928 1799999999999999
 76 91101105105102 99 98 99103109116120119112 98 77 53 29 12  3  5 17 3720 2 6ZM 327106122412099999999999999 7 3 982019  299999999999999
 60 82100111114111105 98 95 96102111120127126117 99 73 44 17 -2-10 -5 1320 2 7ZM 357114133012899999999999999 817 9521 5-1099999999999999
 38 66 91110119118111101 93 89 92101114127135134122 98 67 34  5-13-18 -820 2 8ZM 426119142513699999999999999 9 7 892149-1899999999999999
 15 45 76102118123117106 93 84 81 87101118134142139123 95 60 25 -3-19-1920 2 9ZM 456123151614399999999999999 949 812229-2199999999999999
 -3 25 58 89112123122111 96 81 72 72 83101122138146139119 88 52 19 -6-1720 210ZM 52412416 4146999999999999991028 7123 8-1799999999999999
-10 11 41 74102120124117101 82 67 60 65 80101123139144134112 81 47 17 -220 211ZM 55012516511449999999999999911 8 602344 -699999999999999
 -6  6 31 62 92114125122108 88 68 54 50 58 76 99120134136125102 73 44 2120 212ZM 6161251739137999999999999991148 50999999999999999999999
 10 13 29 55 84108123126115 97 75 55 43 43 54 73 94113124123112 92 68 4620 213ZM 640126182912599999999999999 017  91232 4299999999999999
 31 27 36 55 79103121128123107 86 63 46 37 39 50 67 86101110109 99 84 6720 214ZM 7 4128192311099999999999999 048 271319 3699999999999999
 53 46 48 60 78 99117128127117 99 77 56 41 34 36 46 60 75 87 94 94 89 8020 215ZM 7291292030 9599999999999999 116 451415 3499999999999999
 71 64 63 69 81 97113124129124111 93 73 54 41 34 34 40 51 63 73 80 83 8320 216ZM 7581292228 8499999999999999 141 631526 3399999999999999
 81 79 77 79 85 96107118125125119106 90 73 56 42 34 31 34 41 51 61 71 7820 217ZM 833126999999999999999999999 2 0 771659 3199999999999999
 84 87 89 90 92 96102110117121121115105 92 76 59 44 32 26 25 31 41 53 6720 218ZM 9241229999999999999999999991832 25999999999999999999999
 80 90 96 99 99 98 99102107112116117115108 96 80 61 42 27 18 17 23 35 5220 219ZM 322 99105411799999999999999 5 7 981942 1799999999999999
 70 87 99105106102 98 95 96100106113118118113100 82 59 38 20 10 10 19 3620 220ZM 335106123811999999999999999 723 952033  999999999999999
 57 79 97108112108100 92 87 87 93102113121124118102 80 54 30 12  4  7 2120 221ZM 356112134812499999999999999 830 862114  499999999999999
 42 67 90107115114105 93 82 77 79 88103117127129119100 74 45 21  5  1 1020 222ZM 419116143912999999999999999 914 772149  199999999999999
 29 55 81103116118110 96 81 70 67 74 88107123132131117 93 64 35 13  2  420 223ZM 441118152113399999999999999 949 672220  199999999999999
 19 43 71 96113120115101 84 68 59 61 73 92113129135128109 82 53 26  9  520 224ZM 5 21201559135999999999999991022 592249  499999999999999
 14 35 62 88109120118107 88 70 55 51 58 75 98118131132120 98 70 43 21 1120 225ZM 5221211635133999999999999991053 512315 1199999999999999
 14 30 55 81104118121112 94 74 56 46 47 59 80103121129125109 85 59 36 2220 226ZM 5421211711130999999999999991125 442340 1999999999999999
 20 30 51 75 99116122116101 80 60 45 40 46 63 85105119123114 96 73 52 3520 227ZM 6 11221747123999999999999991157 40999999999999999999999
 29 34 50 72 94112122120107 88 66 48 38 38 48 67 87104114113102 85 65 5020 228ZM 620122182511599999999999999 0 3 291230 3699999999999999
 41 42 52 70 90108120121113 96 75 55 41 35 39 51 69 86100106102 91 76 6320 229ZM 63912219 710699999999999999 025 4013 6 3599999999999999
 54 52 58 71 88104116121116103 84 64 48 37 35 40 52 68 82 92 96 92 83 7420 3 1ZM 6591211957 9699999999999999 045 511348 3499999999999999
 66 63 66 74 87101112118117108 93 75 58 44 36 35 40 50 63 74 83 86 85 8120 3 2ZM 7211192111 8699999999999999 1 3 631442 3599999999999999
 77 74 75 80 88 98108114116111101 87 71 56 44 36 33 36 43 54 65 73 79 8320 3 3ZM 746116999999999999999999999 117 741559 3399999999999999
 84 85 85 88 92 97103109112111106 97 86 72 58 45 34 28 28 33 43 55 67 7720 3 4ZM 8211129999999999999999999991734 27999999999999999999999
 86 91 95 96 97 98100103106108108105100 90 77 61 44 30 20 17 21 32 47 6420 3 5ZM 9351089999999999999999999991854 17999999999999999999999
 80 93101105104101 98 97 97100104108110107 98 83 63 42 22  9  5 10 25 4520 3 6ZM 317105115611099999999999999 712 971956  499999999999999
 67 88103111111106 98 91 88 89 94103112118117108 89 64 37 13 -2 -5  4 2420 3 7ZM 333112132411999999999999999 818 882046 -599999999999999
 50 76 99113117112101 88 79 75 79 90105119128128115 92 61 31  6 -8 -8  620 3 8ZM 354117142612999999999999999 9 0 752129-1099999999999999
 31 61 90110120118106 89 73 63 61 70 88109127137134118 91 57 25  2 -8 -320 3 9ZM 417120151913899999999999999 938 6122 9 -899999999999999
 17 47 78105120123112 94 72 54 46 49 64 87112132141136116 87 53 23  4  020 310ZM 44012316 9141999999999999991015 452245  099999999999999
 12 37 68 97118126120102 77 53 36 31 39 60 87114133139131110 81 50 26 1420 311ZM 5 31261657139999999999999991053 312319 1399999999999999
 17 34 61 90115128127112 88 60 36 21 21 34 58 86112128132122101 75 51 3420 312ZM 5251291745132999999999999991132 192349 2999999999999999
 29 39 60 86111128132122101 73 45 23 13 17 33 58 84106118119109 92 72 5520 313ZM 5481321835120999999999999991213 13999999999999999999999
 46 49 63 84107125134130113 88 60 35 17 11 18 35 57 79 96106106 98 85 7220 314ZM 611134192810799999999999999 016 461257 1199999999999999
 63 62 69 84103121132133123103 78 53 31 18 15 22 36 54 72 85 92 93 89 8320 315ZM 6371342036 9399999999999999 041 611346 1599999999999999
 77 74 77 86100114125130126113 94 72 51 34 24 22 27 37 50 63 74 81 85 8520 316ZM 7 51302254 8599999999999999 1 1 741447 2299999999999999
 85 84 85 89 97106116122123117105 89 72 55 41 32 28 29 35 45 55 66 75 8220 317ZM 738123999999999999999999999 1 7 841613 2899999999999999
 87 91 92 94 96100105110113113109101 90 77 63 49 38 31 28 31 39 49 62 7420 318ZM 8271149999999999999999999991756 28999999999999999999999
 85 94 98 99 98 96 96 97100103105104101 94 84 70 54 40 29 25 26 35 48 6420 319ZM 246 99102210599999999999999 542 961914 2599999999999999
 80 93102105102 96 90 86 86 89 95101105106101 90 74 55 38 25 20 23 34 5120 320ZM 257105123910699999999999999 737 8620 7 2099999999999999
 71 90103110108100 89 79 74 74 80 91102111113107 93 74 52 32 20 17 24 4020 321ZM 316110135011399999999999999 826 732048 1699999999999999
 61 83102112113105 92 77 65 61 65 77 92108118119110 92 69 45 26 16 18 3020 322ZM 336114143812099999999999999 9 2 612122 1599999999999999
 51 75 97112117111 97 78 62 51 51 60 78 98115124122109 87 61 38 22 17 2520 323ZM 356117151912599999999999999 933 502153 1799999999999999
 43 67 92111120117103 83 62 46 39 45 61 83106122128121102 78 53 33 22 2420 324ZM 41512015561289999999999999910 3 392220 2199999999999999
 38 61 86107120121110 90 66 45 32 32 44 66 91113126127114 93 69 46 32 2820 325ZM 4341221632128999999999999991033 302246 2899999999999999
 37 57 81103119124116 97 73 48 30 23 29 48 73 98118126121105 83 61 44 3620 326ZM 45212417 81269999999999999911 2 232310 3699999999999999
 40 55 77 99117125121105 81 55 33 20 19 32 54 80103118121112 95 75 57 4720 327ZM 5101251744121999999999999991132 182333 4599999999999999
 46 56 75 96114125124112 90 64 40 22 15 21 38 62 86105115113102 86 70 5820 328ZM 52812618221159999999999999912 2 152354 5599999999999999
 55 60 74 92110122125117 99 75 50 29 17 16 26 45 67 88102108104 93 81 7020 329ZM 54712619 3108999999999999991235 15999999999999999999999
 64 66 76 90106118124120106 86 62 40 24 17 20 32 49 69 86 96 99 96 88 8020 330ZM 6 61241954 9999999999999999 015 641313 1799999999999999
 74 74 79 90102113120120111 95 75 54 36 25 20 24 35 50 66 80 88 92 90 8720 331ZM 62812121 9 9299999999999999 035 7314 0 2099999999999999
 84 82 85 91 99108115117113102 87 70 53 38 28 24 26 34 46 59 72 81 87 9020 4 1ZM 652117999999999999999999999 051 8215 9 2499999999999999
 90 91 92 94 98103108110110106 97 85 71 57 44 33 26 25 29 38 51 64 77 8620 4 2ZM 7251119999999999999999999991645 25999999999999999999999
 93 97 99 99 99 99100101103103101 97 90 79 66 51 36 25 20 22 30 44 61 7720 4 3ZM 8451039999999999999999999991816 20999999999999999999999
 91101105105101 96 92 89 90 93 98101103 99 90 75 56 37 22 14 15 25 42 6320 4 4ZM 224106115010399999999999999 718 891923 1399999999999999
 84100110111106 96 86 78 74 77 85 96106113112102 83 60 37 18 10 12 26 4820 4 5ZM 243112132411399999999999999 8 4 742016  999999999999999
 73 95111117112100 84 68 59 57 64 79 97114123123111 88 61 35 17 10 17 3520 4 6ZM 3 3117142712599999999999999 842 5621 0 1099999999999999
 61 88109121120107 87 65 47 38 40 54 76100121132130115 90 61 36 20 18 2920 4 7ZM 325122152113399999999999999 919 372140 1799999999999999
 52 80106123127117 96 69 44 25 19 27 48 76104126136132114 88 61 39 28 3220 4 8ZM 348127161213699999999999999 956 192216 2899999999999999
 49 74101123132128109 81 50 23  7  6 20 46 77106127134128110 85 62 46 4220 4 9ZM 41013317 1134999999999999991034  52249 4199999999999999
 51 71 97120135136122 96 64 32  8 -4  1 19 48 79106123128120103 83 65 5620 410ZM 4341371750128999999999999991113 -42319 5599999999999999
 58 72 93116134141133112 82 49 19 -1 -7  2 23 51 79102116118110 96 82 7120 411ZM 4591411841118999999999999991154 -72347 6899999999999999
 68 75 91111129140139125100 70 39 14 -1 -2  9 30 54 78 96106107101 92 8320 412ZM 5261411936108999999999999991236 -3999999999999999999999
 78 80 90105121133137131113 89 61 35 16  6  8 19 36 56 75 89 97 98 95 9020 413ZM 5551372046 9899999999999999 014 771322  599999999999999
 86 85 90 99111123129129119102 80 58 38 24 17 19 28 41 57 71 83 90 93 9320 414ZM 6261302240 9399999999999999 042 851416 1799999999999999
 92 91 91 95102110117120117108 94 77 60 45 34 28 28 34 43 55 68 79 87 9320 415ZM 7 3120999999999999999999999 117 911528 2899999999999999
 96 96 95 95 96 99103106108105 99 90 79 67 55 44 37 34 37 44 54 66 78 8920 416ZM 044 96 75710899999999999999 255 9517 1 3499999999999999
 97101101 98 94 91 89 91 93 96 97 96 92 85 75 63 51 41 36 37 43 55 69 8320 417ZM 12910110 6 9799999999999999 557 891823 3699999999999999
 95104106103 96 87 80 77 77 82 88 94 98 98 93 82 68 53 42 36 36 45 58 7520 418ZM 1561061229 9999999999999999 720 761922 3599999999999999
 92104111109101 89 76 66 62 65 74 85 97104105 99 86 69 53 40 35 38 50 6720 419ZM 220111134110699999999999999 8 4 6220 7 3599999999999999
 86103113115108 94 76 60 51 49 57 71 88103112112103 87 67 50 39 36 44 6020 420ZM 242116143111399999999999999 838 492044 3699999999999999
 80 99114120115101 80 59 43 36 40 54 74 95111119116103 84 64 48 40 42 5520 421ZM 3 3120151211999999999999999 9 9 362116 3999999999999999
 74 95113122121108 87 63 41 27 25 36 56 81104119123116 99 79 60 48 45 5320 422ZM 323123155112399999999999999 939 252146 4499999999999999
 69 91110123126116 96 70 44 24 15 20 38 63 90112124123112 94 74 59 51 5420 423ZM 34212616281259999999999999910 8 152213 5199999999999999
 67 87107123129123105 79 51 26 11  9 21 44 72 99117125120106 88 71 60 5820 424ZM 4 112917 4125999999999999991038  82239 5899999999999999
 67 84103121130128114 90 61 33 12  3  9 27 53 81105119122113 99 83 70 6520 425ZM 42113117421229999999999999911 8  323 5 6599999999999999
 69 82 99117129131122101 73 44 20  4  2 14 35 62 88108117116106 93 81 7320 426ZM 4421321822118999999999999991139  22329 7299999999999999
 73 82 96112125131126110 86 58 32 12  3  6 21 44 69 91106112109100 90 8220 427ZM 5 413119 6112999999999999991214  32355 7999999999999999
 79 83 94107120128127117 98 73 47 25 11  7 13 29 50 72 90102106103 97 9020 428ZM 52812920 1106999999999999991252  7999999999999999999999
 86 87 93103114122125120107 87 65 43 25 15 13 20 35 53 71 87 97101100 9620 429ZM 554125211610199999999999999 022 851340 1399999999999999
 93 92 94 99107114118118111 98 81 62 45 30 21 20 25 37 52 68 82 93 9810020 430ZM 62611923 610099999999999999 056 921443 2099999999999999
 99 98 96 97100104108110109103 94 81 67 52 38 29 25 28 36 50 65 80 9210020 5 1ZM 713110999999999999999999999 2 7 9616 6 2599999999999999
104104101 98 95 94 94 96 99100 99 95 87 76 62 48 36 29 29 36 49 65 82 9620 5 2ZM 029104 9 910099999999999999 5 8 941732 2899999999999999
106109107101 93 85 80 79 82 88 94100101 97 88 73 56 41 32 30 37 52 71 8920 5 3ZM 1 8109115010199999999999999 647 791841 2999999999999999
105113114107 95 81 68 61 60 67 78 92104110109100 83 63 46 35 34 43 60 8120 5 4ZM 136115132211199999999999999 735 601936 3399999999999999
101116121116103 83 63 47 39 42 54 72 93110120120109 90 68 50 41 42 54 7420 5 5ZM 2 2121142712199999999999999 816 392023 4099999999999999
 97116127127114 92 66 41 25 19 26 45 70 96117128126114 94 72 56 49 54 7020 5 6ZM 227128152312999999999999999 856 1921 5 4999999999999999
 92114130135127106 77 46 20  5  3 16 41 71100122132129115 95 76 63 60 6920 5 7ZM 254136161513299999999999999 936  22143 6099999999999999
 88110130141139123 95 61 28  3 -9 -5 13 42 74103123131126112 95 79 70 7320 5 8ZM 32114217 6131999999999999991016 -92218 7099999999999999
 85105126142146137114 81 46 14 -7-14 -6 16 46 78105122127121108 94 82 7920 5 9ZM 3501461756127999999999999991056-142252 7999999999999999
 85100119137147145129102 68 35  7-10-12  1 24 53 82104117120114104 93 8620 510ZM 4211481847120999999999999991137-132326 8599999999999999
 86 96111128141146138118 90 58 29  6 -5 -3 12 34 60 84102112113108100 9220 511ZM 4531461940113999999999999991219 -6999999999999999999999
 89 93103117130139138127107 80 53 28 11  5 10 24 44 66 85 99106107104 9820 512ZM 528140203910899999999999999 0 1 8913 3  599999999999999
 93 92 96105117126131127115 96 74 52 33 21 18 23 36 52 70 86 9710310410220 513ZM 6 6131214610499999999999999 043 921351 1899999999999999
 98 94 93 97103111117119115104 89 72 55 41 32 30 35 45 59 73 87 9710310420 514ZM 650119225710499999999999999 141 931447 3099999999999999
102 99 94 92 93 96101105106104 96 86 74 61 50 43 41 44 52 63 77 89 9910520 515ZM 752106235510799999999999999 316 921557 4199999999999999
107104 99 93 87 85 85 88 92 96 96 94 88 79 69 59 51 48 49 56 68 81 9410420 516ZM 942 96999999999999999999999 518 841712 4899999999999999
110110106 97 87 78 72 72 75 82 89 94 95 93 87 77 66 57 52 54 61 73 8710120 517ZM 0381111157 9599999999999999 638 711818 5299999999999999
111115113104 91 77 64 58 58 65 75 87 96101100 94 83 70 61 56 58 67 81 9620 518ZM 111115132210299999999999999 728 571911 5699999999999999
110118119112 98 80 62 49 43 47 58 74 90103109107 99 86 73 63 60 64 76 9120 519ZM 139120141810999999999999999 8 6 431955 6099999999999999
107119124120107 87 64 44 32 30 39 56 77 97111116112101 87 74 65 65 73 8720 520ZM 2 412415 411699999999999999 840 302034 6499999999999999
103119128127116 96 71 46 27 18 22 37 60 85106119121114101 86 74 69 72 8320 521ZM 228129154512299999999999999 912 1821 8 6999999999999999
100116129132125107 81 52 28 12  9 19 41 68 94114124123113 99 85 76 74 8220 522ZM 251133162412599999999999999 943  82141 7499999999999999
 96113128136133118 93 63 34 12  2  5 22 48 77103120126122110 96 85 79 8220 523ZM 31613617 3126999999999999991015  12211 7999999999999999
 92108125136138128107 78 47 19  2 -3  7 29 57 86109123125118106 94 85 8420 524ZM 3411381743125999999999999991049 -32242 8399999999999999
 90104119133139135119 93 63 33  9 -3 -1 13 38 67 93112122121113102 93 8820 525ZM 4 81391825123999999999999991124 -42313 8899999999999999
 90 99113127137138128108 80 51 24  5 -2  5 22 47 74 97113119117109100 9320 526ZM 43713919121199999999999999912 1 -22346 9199999999999999
 91 96106119130136132119 97 70 43 21  7  4 13 31 55 79 98111115112106 9920 527ZM 5 813620 4115999999999999991243  4999999999999999999999
 94 95101110121128130124109 88 64 41 23 13 13 22 39 61 81 9810911211010520 528ZM 54513021 211299999999999999 026 941330 1199999999999999
 99 95 96101109116121121115102 84 64 45 30 22 23 31 47 65 84 9910811211020 529ZM 63112222 311299999999999999 120 951426 2199999999999999
104 99 95 94 96101107111111107 98 85 69 53 40 33 33 40 53 70 8810211111320 530ZM 740112225811399999999999999 244 941532 3299999999999999
111104 96 90 85 85 88 93 98102102 98 90 78 65 52 44 43 48 61 77 9410711520 531ZM 934103234311799999999999999 439 851643 4299999999999999
117112103 91 79 71 68 70 77 86 95101103 99 89 77 64 55 52 57 70 8610311620 6 1ZM1146103999999999999999999999 6 4 681750 5299999999999999
122121112 98 80 64 53 48 52 62 77 92104110109101 88 74 64 62 67 80 9711420 6 2ZM 022123132111199999999999999 7 2 481849 6299999999999999
126130125110 89 66 46 32 29 35 51 71 92109118118110 96 82 73 71 78 9311020 6 3ZM 057130143111999999999999999 751 281941 7199999999999999
126136136125105 78 50 27 13 12 23 44 69 95115125125116102 89 80 81 9010520 6 4ZM 131137153012699999999999999 836 112029 7999999999999999
123138145140123 96 64 33 10 -1  1 17 42 72 99120129128118105 93 87 8910020 6 5ZM 2 6145162213099999999999999 919 -22113 8699999999999999
117135147150139117 85 51 20 -2-10 -3 17 46 77104123131128118105 95 91 9720 6 6ZM 24215017121319999999999999910 2-102154 9199999999999999
110127143152150135108 74 40 11 -7-11  0 23 53 83108124129124114103 95 9420 6 7ZM 3191531759129999999999999991044-112235 9399999999999999
102117134148153146127 98 64 32  7 -6 -5  9 34 63 90111123125119110100 9420 6 8ZM 3571531843125999999999999991125 -82315 9499999999999999
 96106122137148149138116 87 56 28  8  0  6 22 46 73 96113121120114105 9620 6 9ZM 43615019261229999999999999912 5  02357 9399999999999999
 93 97108123136143140127105 78 51 28 14 11 20 37 59 8210111411811610910020 610ZM 51714320 7118999999999999991245 11999999999999999999999
 94 92 97108120130134129116 95 72 50 33 24 24 34 51 71 9010511411611310520 611ZM 559134204911699999999999999 043 921325 2399999999999999
 97 91 90 95104114121123117105 88 70 53 40 35 38 48 63 81 9710911511511120 612ZM 647123213211699999999999999 139 9014 8 3599999999999999
103 95 89 87 90 97104110111107 97 85 71 59 50 47 51 60 74 8910211211611520 613ZM 745111221711799999999999999 250 871456 4799999999999999
110101 92 85 81 82 86 93 98101 99 94 85 76 67 61 59 62 71 83 9610811611920 614ZM 9 810123 211999999999999999 419 811553 5999999999999999
116109 99 87 78 72 71 74 81 88 94 96 95 90 84 76 70 68 71 79 9010211312020 615ZM11 7 96234612199999999999999 542 701657 6899999999999999
121117107 94 79 67 59 58 62 72 82 92 98100 98 92 85 79 76 79 86 9710911920 616ZM1256100999999999999999999999 642 5718 1 7699999999999999
125124117103 86 67 53 45 45 53 66 81 95104108106 99 91 85 82 85 9310511720 617ZM 02512514 710899999999999999 728 441858 8299999999999999
126129125114 95 73 52 37 31 34 47 65 85102113116113105 95 89 87 9110111320 618ZM 1 0129145811699999999999999 8 8 311948 8799999999999999
125132133124107 83 58 36 22 19 28 46 69 92110121122117107 97 91 91 9710920 619ZM 134134154212399999999999999 844 192032 9099999999999999
122133138134120 97 69 41 20  9 11 26 49 76101118127126118107 98 93 9510420 620ZM 2 6138162212899999999999999 921  92112 9399999999999999
117131141142133113 85 54 26  7  1  9 28 56 85109125130126117106 97 9510020 621ZM 23914317 213099999999999999 957  12150 9599999999999999
111126139146143128103 72 40 14 -1 -2 11 35 64 93116128130124113103 97 9720 622ZM 3131461742131999999999999991035 -32227 9699999999999999
105118133145148140120 92 60 29  7 -4  0 17 44 74101120129128120109100 9620 623ZM 3491481823130999999999999991114 -423 5 9699999999999999
 99109124138146146134111 82 50 23  5 -1  7 27 54 83107122128124115105 9720 624ZM 42714719 4128999999999999991154 -12346 9599999999999999
 95101112126138144140126102 74 45 22  8  7 18 40 66 9111112312512011010020 625ZM 5 81441945126999999999999991235  6999999999999999999999
 94 94100111124134137132117 95 70 45 26 17 19 32 53 77 9911612412311610520 626ZM 555137202412499999999999999 032 931318 1799999999999999
 95 90 90 96106117125128122109 91 70 50 36 30 34 48 67 8810712012412111220 627ZM 65012821 312499999999999999 127 8914 4 3099999999999999
101 90 84 83 88 96106113117113104 90 74 59 49 46 51 63 80 9911512412512020 628ZM 8 1117214112699999999999999 237 831454 4699999999999999
109 96 84 76 73 75 82 91100106107102 94 83 72 64 62 67 78 9310912212812720 629ZM 939107222212999999999999999 4 1 731549 6299999999999999
120107 91 76 65 59 60 66 76 88 97103104101 94 85 79 76 81 9110411812913320 630ZM114510523 613399999999999999 524 591651 7699999999999999
130120104 85 67 52 43 43 50 63 78 93104110110105 98 91 88 9210111412613620 7 1ZM1332111235413999999999999999 633 421757 8899999999999999
139134121101 78 55 37 28 27 37 53 73 92108117119115107100 9710010912113320 7 2ZM1446120999999999999999999999 731 2619 1 9799999999999999
142144137121 97 69 43 24 14 15 28 48 72 9611412512712111210510110511412720 7 3ZM 043144154312799999999999999 822 1320 110199999999999999
140148149139119 91 60 32 12  4  8 24 49 7610212113013012311310510210711720 7 4ZM 133150163013299999999999999 9 9  4205510299999999999999
132146153151138114 83 51 23  4 -1  8 28 55 8410912613313112211110310110720 7 5ZM 220154171113399999999999999 953 -1214310199999999999999
120136150156151134107 74 42 16  1  0 13 36 65 94117130133127117105 98 9920 7 6ZM 3 51561748133999999999999991034 -12226 9899999999999999
108123140152156147127 98 65 35 13  3  7 24 49 78104123131130122110 99 9420 7 7ZM 3491561822132999999999999991112  323 7 9399999999999999
 97109125141152152140117 88 58 31 14 10 19 39 65 91113126130125114102 9220 7 8ZM 4311531853130999999999999991149 102348 8999999999999999
 90 96109126140147144129106 79 52 31 20 22 35 56 80103120128127119107 9520 7 9ZM 5121471922129999999999999991223 20999999999999999999999
 87 87 95109124135139133117 95 71 50 36 31 37 52 73 9511312512812311310020 710ZM 554139195112899999999999999 030 861255 3199999999999999
 89 83 85 94106119127128121106 87 68 53 44 45 54 70 8810712112712611810720 711ZM 639129202012899999999999999 116 831328 4399999999999999
 94 85 80 82 90100111117117110 98 83 70 60 56 60 70 8510111612512812411420 712ZM 730118205212899999999999999 211 8014 1 5699999999999999
102 90 81 76 77 83 92101106107102 94 84 76 70 70 74 84 9711012112712712120 713ZM 835107212712899999999999999 317 761437 6999999999999999
111 98 86 76 70 70 74 82 91 97100 99 95 90 85 82 82 87 9510611712512812620 714ZM101310022 812899999999999999 435 691524 8299999999999999
119108 95 81 69 61 59 64 72 82 91 98101101 99 96 93 93 9610311212112712920 715ZM1231101225712999999999999999 547 591632 9399999999999999
126118106 90 73 59 50 48 53 63 77 9010010711010810510210010310811612413020 716ZM14 7110235013299999999999999 646 47175310099999999999999
132128118102 83 63 46 37 36 44 58 75 9310711611911711210710510611212012820 717ZM15 2119999999999999999999999 735 3519 610599999999999999
134136130117 97 73 50 32 23 25 37 56 78 9911612412612211510910610811412420 718ZM 042136154312699999999999999 820 2320 610699999999999999
134140140132114 89 61 36 19 12 18 35 59 8510812413113012311410710510811720 719ZM 131141162013299999999999999 9 2 12205610599999999999999
129141147145132109 79 49 23  7  5 15 37 65 9411713113513112111110410310920 720ZM 216147165513599999999999999 943  4213910399999999999999
121136148152147129102 69 38 13  0  2 18 44 75104125135136128116105 9910020 721ZM 3 01521730137999999999999991023 -12219 9999999999999999
110125141153155146124 94 60 29  8 -1  6 27 56 87113131137133121108 97 9320 722ZM 34415618 31379999999999999911 3 -12259 9399999999999999
 98111128144154154141117 86 53 25  8  5 17 41 70 99122135135127113 99 8920 723ZM 4291561835136999999999999991142  42341 8799999999999999
 87 95110128143151148134109 79 50 27 15 18 33 58 86112129136132119103 8920 724ZM 51515219 4136999999999999991220 15999999999999999999999
 81 82 91107124138144139124102 76 51 35 29 36 54 78103123135135126111 9420 725ZM 6 5144193313699999999999999 025 801256 2999999999999999
 80 74 76 86101116128133128115 96 76 58 48 47 57 75 9611713213713312010320 726ZM 7 113320 113799999999999999 115 731333 4699999999999999
 86 73 67 69 78 91105115120117108 95 81 70 64 67 78 9411212813813813011520 727ZM 8 7120203213999999999999999 213 6714 9 6499999999999999
 97 80 67 61 61 68 79 91102108108105 98 90 84 82 86 9611012413514013712720 728ZM 93910921 814099999999999999 324 601450 8299999999999999
112 94 77 63 54 52 56 65 77 89 98104106105102 98 9810110911913113914113720 729ZM12 7106215414199999999999999 448 521542 9799999999999999
127112 94 75 58 46 42 44 53 65 80 9310411111411311010811011612413314014220 730ZM14 8114225714299999999999999 6 9 4217 410899999999999999
139129114 94 72 52 38 31 33 42 58 76 9410911912312211711411311712413314020 731ZM15 9123999999999999999999999 718 31183911399999999999999
144142133116 93 68 46 29 22 24 36 55 7810011712813012611911311111412213220 8 1ZM 012144154913099999999999999 814 21195611199999999999999
142148147136117 91 63 38 21 15 20 36 59 8510912613413312611610810510912020 8 2ZM 120149162213599999999999999 9 2 15205410599999999999999
133146153150137114 85 55 30 15 12 22 42 69 96119133137131120108100 9910620 8 3ZM 216153165213799999999999999 943 112139 9899999999999999
120136150156151134108 77 47 24 13 15 30 54 83109128137136125111 98 91 9320 8 4ZM 3 41561719138999999999999991021 122218 9199999999999999
104122140153157148127 99 68 40 21 16 24 44 70 98121135138130116100 88 8420 8 5ZM 3481571744138999999999999991055 152255 8499999999999999
 90105125143154153140117 88 59 36 24 25 38 61 88113131138134122105 89 8020 8 6ZM 42815518 8138999999999999991126 222331 7899999999999999
 79 90107127143150146129105 78 54 37 32 39 57 81106126136137127111 94 8020 8 7ZM 5 71501830138999999999999991154 31999999999999999999999
 74 78 91109127140143135117 94 71 53 43 45 57 77100120134138132118101 8420 8 8ZM 546143185313899999999999999 0 8 731221 4299999999999999
 73 70 77 92109124133132122105 86 69 57 55 62 77 96115130137135125109 9220 8 9ZM 627134191513899999999999999 046 701247 5499999999999999
 77 69 69 77 91106118123121111 97 83 72 67 70 80 9511112613513713011710120 810ZM 713124193913799999999999999 129 681311 6799999999999999
 85 73 67 68 76 87100109113111104 94 86 80 80 85 9610912213213613312311020 811ZM 8 811320 513699999999999999 220 661334 8099999999999999
 95 81 70 65 65 71 81 91100104104101 97 93 92 94 9910811812713313312811820 812ZM 930105203613499999999999999 324 641358 9299999999999999
106 92 78 67 61 60 64 72 82 92 9910310410410310410510911512212813213112620 813ZM1224104211913299999999999999 442 60142510399999999999999
117104 90 76 63 54 51 54 63 74 86 9710611111411411311311511812312813013020 814ZM1441114222813199999999999999 559 51163411399999999999999
126118105 89 72 56 44 40 43 54 69 8510111312012312211911611611812212713220 815ZM15 9123235813399999999999999 7 3 40184711699999999999999
133131122107 87 65 45 32 28 33 47 67 8810812213013012612011411211412012820 816ZM1536131999999999999999999999 756 2820 211299999999999999
136140137127107 82 56 34 20 17 27 46 70 9611713113613312511510810611012020 817ZM 11014016 313699999999999999 843 17205110699999999999999
132143148144130106 76 46 23 10 11 26 50 79107128138139131118106 99 9910720 818ZM 2 7148163114099999999999999 926  92131 9899999999999999
121138151156149130101 68 37 15  6 12 32 61 92119136142136123107 94 88 9220 819ZM 25715616581429999999999999910 6  622 9 8899999999999999
104123143157160150127 95 61 32 13  9 21 46 77107131142141129111 93 80 7720 820ZM 3451601724143999999999999991045  92247 7799999999999999
 85103125146159159146121 89 57 31 18 21 38 65 96123140144136118 97 78 6720 821ZM 4331611749144999999999999991121 172327 6699999999999999
 68 81101125145155153138113 84 57 37 31 40 60 88115136146142127105 83 6520 822ZM 5211561813146999999999999991155 31999999999999999999999
 57 62 77 99121139147143128106 82 61 50 50 63 85110132145147136117 93 7120 823ZM 611147183714899999999999999 0 8 571227 4899999999999999
 56 51 58 73 94113128134130118101 84 71 67 72 87107128143149144128107 8420 824ZM 7 513419 214999999999999999 054 511256 6799999999999999
 64 51 49 55 69 86103115120118110100 90 84 85 9310812413914814813812110020 825ZM 810120193014999999999999999 145 481323 8499999999999999
 79 62 51 48 53 64 77 91102108109107103100 9910211012113314314714413311720 826ZM 95110920 414799999999999999 249 481348 9999999999999999
 98 80 64 53 48 50 57 67 79 90 9910510911111111111411912713514114313913020 827ZM2051143999999999999999999999 414 48999999999999999999999
117101 84 68 55 47 45 49 58 70 84 9710811511912011911912112513013513713620 828ZM1445120221313899999999999999 549 45163811999999999999999
131121106 89 70 54 43 38 41 51 66 8310011412412712612111711611812312913520 829ZM15 6127999999999999999999999 7 7 38185611699999999999999
137135127112 92 70 51 37 32 36 48 67 8810912413213212611711010610911612620 830ZM 0 6137153013399999999999999 8 4 3220 710699999999999999
136142141132115 91 66 45 31 28 35 52 75 99120133137131120108 99 9610011220 831ZM 126143155313799999999999999 849 272053 9699999999999999
127140148146134113 86 59 38 27 27 40 62 88113131139137125110 95 86 86 9620 9 1ZM 221149161514099999999999999 926 252130 8599999999999999
112131146153148132106 78 51 33 27 33 52 77104126139141131115 96 82 75 8020 9 2ZM 3 615316371419999999999999910 0 2722 4 7599999999999999
 95116137151155145124 97 69 46 32 33 46 69 95120137143136121101 82 69 6820 9 3ZM 3461551657143999999999999991029 312237 6799999999999999
 79 98122142153151137114 87 62 44 38 45 64 89114134143141127107 85 68 6020 9 4ZM 4241541717144999999999999991057 3823 9 6099999999999999
 65 81103127144150144127103 78 58 48 49 63 84109129142144133114 92 72 5820 9 5ZM 5 11501736144999999999999991122 472341 5599999999999999
 56 66 85108129142143133115 93 74 61 57 66 83105125140145138122100 78 6120 9 6ZM 5381441756145999999999999991146 57999999999999999999999
 53 56 69 90111128136134122105 88 74 68 72 84102121137144141129109 87 6820 9 7ZM 617136181514499999999999999 014 5212 8 6899999999999999
 55 52 59 73 92110123127123112 99 87 80 80 88102118132141142134117 97 7820 9 8ZM 659127183514399999999999999 050 521229 7999999999999999
 62 54 54 62 76 92106116118114106 97 91 90 94103116128137140136124107 8920 9 9ZM 750118185614099999999999999 130 521247 9099999999999999
 73 61 55 56 63 75 8810010711010810510110010210711512413213613512811610120 910ZM 9 3110192013799999999999999 221 54125910099999999999999
 86 72 62 56 56 61 70 81 9110010510710810911011211612112713113212912311320 911ZM1951132999999999999999999999 333 55999999999999999999999
100 87 74 63 55 52 54 61 72 84 9510511211611811912012012212412612712612220 912ZM2057127999999999999999999999 5 6 52999999999999999999999
115105 92 77 62 51 44 44 51 64 79 9510911912512712512111811711812012412620 913ZM1450127233012799999999999999 628 4319 811799999999999999
126122112 97 78 59 43 34 34 43 59 8010011812913313112411611010710911612420 914ZM15 6133999999999999999999999 730 3320 410799999999999999
132135132120101 76 52 34 24 27 40 61 86110128137137129117105 97 9610111320 915ZM 1 4135152713899999999999999 820 242041 9599999999999999
128140146142126102 73 46 26 19 25 44 70 99123138142135120103 88 81 83 9520 916ZM 2 6146154914299999999999999 9 3 192116 8199999999999999
114134149155148128100 68 41 23 20 32 56 86115136145141126105 84 70 65 7320 917ZM 259155161214599999999999999 943 202152 6599999999999999
 91116140156160150127 96 65 40 27 30 48 75105131146147135112 87 65 52 5220 918ZM 3481601634149999999999999991019 272229 5099999999999999
 66 90118143158159146122 92 64 45 39 48 70 98126145152144123 96 68 47 3820 919ZM 4361601657152999999999999991054 3923 7 3899999999999999
 44 62 89118141154153138115 90 68 56 57 71 95121143154152135109 79 53 3520 920ZM 5241551720155999999999999991125 542348 3099999999999999
 31 40 62 89115136145142129110 90 76 71 78 95117139153156146124 96 67 4320 921ZM 6151451744157999999999999991154 71999999999999999999999
 30 30 42 63 87110126132129119106 94 87 88 99115134149156152137113 86 6020 922ZM 71013318 915799999999999999 031 281221 8699999999999999
 41 32 34 45 63 83101114120119113106100 99104115129142151153144127105 8220 923ZM 818120183815399999999999999 119 311244 9999999999999999
 61 46 39 40 49 63 78 9210310911211111010911011512413414214614413512010220 924ZM1021112191114699999999999999 217 3813 210999999999999999
 83 67 54 47 46 51 60 72 84 9510411011411611711812012513013413613412711720 925ZM20 0136999999999999999999999 338 46999999999999999999999
104 90 76 63 54 49 50 56 66 79 9210411412012212212011811812012312612612420 926ZM1410122214912699999999999999 520 49172511899999999999999
119111 98 84 69 56 49 47 52 63 78 9511012112712712211510910610711211812320 927ZM1427128999999999999999999999 643 47191610699999999999999
127125119106 89 70 55 46 44 51 65 84103120130133127117105 96 92 9510311520 928ZM 017127144713399999999999999 740 4420 5 9299999999999999
126133133125109 89 68 51 42 43 54 73 95115131137133122106 91 81 79 8610020 929ZM 13313415 813799999999999999 823 422041 7999999999999999
117132140139127108 84 62 47 41 47 63 86109128139139128110 90 74 67 70 8320 930ZM 223141152914099999999999999 859 412114 6699999999999999
102123139146141125102 78 57 45 45 57 78102124139143135117 94 73 59 56 652010 1ZM 3 5146154814399999999999999 930 442144 5599999999999999
 85109131146148139119 95 72 55 49 55 72 96119138145140124101 76 56 47 502010 2ZM 34314916 714599999999999999 959 492214 4699999999999999
 66 91117138148146132111 87 68 57 58 70 91115135146145132109 83 59 43 402010 3ZM 4201491626147999999999999991026 562244 3999999999999999
 50 72 99124141147140123102 82 68 64 72 89110131145148138118 91 65 45 352010 4ZM 4561471644148999999999999991050 642314 3499999999999999
 39 55 80106128141141131114 95 80 73 76 89107127142148143126101 75 51 362010 5ZM 53214317 3148999999999999991114 732344 3399999999999999
 33 43 63 88112129136133121106 92 83 82 90105123138147145133111 86 61 432010 6ZM 6101371722147999999999999991136 82999999999999999999999
 34 36 50 70 93113126129124113102 93 90 94105119133143144137120 97 74 532010 7ZM 651129174114599999999999999 017 331156 9099999999999999
 40 36 42 57 76 95111120121116109102 98100106117128138141137126108 87 672010 8ZM 74112118 114199999999999999 053 361216 9899999999999999
 51 42 41 48 61 77 93105112114112109106106109116124131136135128116100 822010 9ZM 853114182413699999999999999 137 41123210699999999999999
 67 54 47 46 51 61 74 87 98106111113113113114117121125128129127120110 98201010ZM1850129999999999999999999999 240 46999999999999999999999
 84 71 60 52 48 50 57 67 80 93104112117120120120119119119120120119116111201011ZM1351120195012099999999999999 411 48164811999999999999999
102 92 79 66 54 47 45 50 61 76 92106118125127124120114110108109112115118201012ZM1356127232211899999999999999 545 45191210899999999999999
117112102 87 70 54 43 39 44 58 76 96114126132130122112102 95 93 97105116201013ZM1414132999999999999999999999 654 391948 9399999999999999
124128124112 93 72 52 39 35 43 60 83106125136136128113 97 83 76 77 87102201014ZM 1 3128143513799999999999999 748 352021 7599999999999999
120134140135120 97 72 50 37 37 49 70 96120137142136119 97 76 61 56 63 80201015ZM 2 6140145614299999999999999 832 362056 5699999999999999
103126143150143124 98 72 51 41 45 62 87114136147144129104 76 53 39 39 52201016ZM 3 0150151914899999999999999 912 412132 3799999999999999
 76105132150155145124 98 73 56 51 61 82108133150153141116 85 55 31 21 27201017ZM 350155154215399999999999999 949 5122 9 2199999999999999
 47 76108135152154142122 97 76 65 66 81104129149158152131101 66 36 16 11201018ZM 43915516 6158999999999999991023 642248 1199999999999999
 22 46 78110135148148136117 97 82 77 84102125146159160145119 85 51 24  9201019ZM 5291501632161999999999999991055 772329  799999999999999
  9 24 50 80109130140138128113 99 90 91102120140156162155135105 73 42 20201020ZM 6211411659162999999999999991125 89999999999999999999999
 10 14 31 55 82106123130128121111102 99104116132148157157145123 95 66 40201021ZM 717130172815899999999999999 011 101154 9999999999999999
 24 18 24 40 60 82101114120120116110107107114124137147151146133112 88 65201022ZM 82712118 115199999999999999 057 18122410699999999999999
 46 34 30 36 48 64 81 96107113115115113111113118125133139139134122105 87201023ZM1012115183814099999999999999 150 3013 411199999999999999
 70 55 46 43 46 54 66 80 92103111115117116114114116119123126126122114104201024ZM12 5117193312699999999999999 259 43144411499999999999999
 91 78 66 57 52 52 57 67 79 92103113119121119114110107107109111114114112201025ZM1256121214111499999999999999 429 52174010799999999999999
107 99 88 76 65 57 55 59 68 80 95109119125124119110101 94 92 94 99106112201026ZM1326125999999999999999999999 555 5519 2 9299999999999999
115113107 96 82 69 59 56 60 71 86103117127130125114100 87 78 77 81 92104201027ZM 013115135213099999999999999 657 561945 7699999999999999
115121121114100 84 69 59 57 64 77 95114128135132121104 85 70 62 64 74 90201028ZM 129122141513599999999999999 743 572020 6299999999999999
107122129127117101 82 67 59 61 71 88108126137138129111 88 67 52 48 55 72201029ZM 220129143713999999999999999 822 592052 4899999999999999
 94115130136131117 98 80 66 62 68 83103123137143136119 95 69 48 37 39 53201030ZM 3 2136145814399999999999999 855 622122 3699999999999999
 76101124137139130114 94 78 68 69 80 98118136145142128104 75 50 32 27 36201031ZM 340140151814599999999999999 926 672151 2799999999999999
 57 84111132141139126108 90 77 73 79 94114133145147136113 85 56 33 21 232011 1ZM 417142153814799999999999999 954 732221 2099999999999999
 39 65 94120136141135120103 88 80 82 93110129143149142123 96 66 39 21 162011 2ZM 4531411558149999999999999991021 802251 1699999999999999
 25 47 75103126137137128113 99 88 86 93107124140148146132108 78 50 27 152011 3ZM 5301391619149999999999999991047 862321 1599999999999999
 17 33 57 85110128134131121108 97 92 94104119135145147138118 92 63 38 222011 4ZM 6 81341641147999999999999991111 922354 1699999999999999
 16 24 42 67 92113126129124114105 98 98104115128140144140126104 78 53 332011 5ZM 65012917 4144999999999999991136 97999999999999999999999
 22 22 33 51 74 95112121123118111105102105112122132139138130114 93 70 492011 6ZM 741123172914099999999999999 030 2112 410299999999999999
 34 27 30 41 58 77 95109116118115111108108111117124130133129120104 86 672011 7ZM 848118175713399999999999999 113 27123810799999999999999
 51 39 35 37 46 60 77 93105113116116114112111113116120123123119111100 862011 8ZM1024116183512399999999999999 2 9 35134511199999999999999
 71 58 47 42 42 49 60 75 901031131181191171141111091091091111121111081012011 9ZM1152119201011299999999999999 326 41165110999999999999999
 92 80 68 56 48 46 50 60 75 91106117123123119112104 98 94 94 97102107109201110ZM1237124231510999999999999999 453 461833 9499999999999999
108102 92 78 64 53 48 51 62 78 96113124129126117104 90 80 74 76 83 94106201111ZM13 7129999999999999999999999 6 7 481917 7499999999999999
115119115103 87 70 57 51 55 68 87107124134134125109 88 70 57 53 58 72 91201112ZM 059119133313599999999999999 7 6 511956 5399999999999999
110124130126113 94 75 61 57 63 79100121136142136119 94 68 46 33 32 44 65201113ZM 2 713014 014299999999999999 755 572034 3199999999999999
 91115133139134119 99 80 68 66 76 94117136148147133108 76 46 23 13 17 35201114ZM 3 3139142714999999999999999 838 652113 1399999999999999
 62 93121139145138121101 84 76 78 91112134150156147125 93 58 26  5 -1  9201115ZM 355145145515699999999999999 918 752153 -199999999999999
 32 64 97125141145136121103 89 85 91107128148160158142114 78 41 12 -5 -6201116ZM 446145152516199999999999999 955 852234 -899999999999999
  8 35 68101126139141132118103 94 94104122141157163155133101 64 30  4 -7201117ZM 5361421556163999999999999991030 932315 -899999999999999
 -4 15 42 74103124134134126114104 99103115132149159159146121 89 55 25  5201118ZM 62713516301619999999999999911 5 992357 -299999999999999
 -2  6 25 52 80104120128127120111104102109121136149155150134109 80 51 27201119ZM 72012817 6155999999999999991142102999999999999999999999
 12 10 20 38 61 84104116122120115109104105111122134142144137121 99 75 52201120ZM 817122174414599999999999999 041 10122510499999999999999
 34 24 25 34 50 69 88103113118117113108104105110118126131131124110 93 74201121ZM 919118182913299999999999999 127 23132210499999999999999
 57 44 38 39 47 60 75 91104112116116112107103102104108113117117112103 91201122ZM1023117192811799999999999999 220 37145210299999999999999
 77 65 55 50 51 57 67 81 95106114118117113106 99 95 93 95 99103105104100201123ZM1121118211210599999999999999 323 501655 9399999999999999
 93 84 74 66 60 60 64 74 86 99111119122120113102 92 84 80 80 85 91 97101201124ZM12 6122234110299999999999999 438 591822 7999999999999999
102 99 92 83 74 68 66 70 79 92106117124126121109 95 80 69 64 66 73 84 95201125ZM1242126999999999999999999999 548 661914 6499999999999999
103108106100 90 79 72 70 75 86100114125130128118101 82 64 52 49 54 66 82201126ZM 115108131413199999999999999 646 701953 4899999999999999
 98110116114106 94 83 75 75 82 94109123133134127110 88 65 46 36 36 47 65201127ZM 214116134113599999999999999 735 742027 3599999999999999
 86106119123119109 95 84 79 80 90104120133139135120 97 71 46 29 22 29 46201128ZM 3 012314 713999999999999999 816 782059 2299999999999999
 70 95115127128121109 95 85 82 88100116131141141130109 81 52 28 14 14 28201129ZM 340129143214299999999999999 852 822130 1399999999999999
 51 79105123132130120107 94 87 88 96111127140145138120 93 62 34 13  6 12201130ZM 417133145714599999999999999 926 8622 2  699999999999999
 32 60 89114129134128116103 93 90 94106122137146144131107 76 45 19  4  32012 1ZM 454134152314799999999999999 957 902234  199999999999999
 16 41 70 99120132132124112100 93 94102116132144147139120 92 60 31  9  12012 2ZM 5311331550147999999999999991027 9323 7  099999999999999
  6 24 51 81106124130128118107 98 95 99110125138145143130106 77 47 21  62012 3ZM 6101311618146999999999999991057 952343  299999999999999
  3 14 35 62 89111124127122113104 98 98105117130140142135118 93 65 38 182012 4ZM 6521271648143999999999999991130 97999999999999999999999
  8 10 23 45 71 94112122123118110102 99101109120130136135125107 83 58 362012 5ZM 738123172213799999999999999 020  712 7 9999999999999999
 20 15 20 34 55 77 98112119119114108102100103110118125128125115 98 77 572012 6ZM 82812018 212899999999999999 1 2 15125510099999999999999
 39 27 24 30 44 62 82100113118118113107101 99100104110115117114106 93 772012 7ZM 923119185811799999999999999 150 2414 8 9999999999999999
 61 47 38 36 41 53 69 87103114119118112105 98 93 91 93 97101105105101 932012 8ZM1017119203410599999999999999 248 351558 9199999999999999
 82 70 58 50 47 51 61 77 93108118122119112102 91 82 77 76 80 86 93 991012012 9ZM11 512223 010199999999999999 356 471738 7699999999999999
 99 92 82 71 62 58 61 70 85101115124126121110 95 79 65 57 56 61 72 85 97201210ZM1147126999999999999999999999 5 7 581841 5599999999999999
105107104 95 84 74 69 71 80 95111124132131122105 84 62 45 35 35 44 60 80201211ZM 056107122613399999999999999 613 681930 3499999999999999
 98111117115106 94 83 78 80 90106122135140135120 97 70 43 24 15 17 31 54201212ZM 21311813 314099999999999999 711 782016 1499999999999999
 79102119126124114101 90 86 89101117134145147137116 86 54 25  5 -2  5 24201213ZM 314127134114899999999999999 8 3 8621 0 -299999999999999
 52 82108126132129118105 95 92 98111128144153151135109 74 39 10 -8-12  0201214ZM 4 7132141915499999999999999 850 922143-1299999999999999
 24 55 87113130134129118105 97 96105120138152158151130 99 62 27  0-15-14201215ZM 456134145815899999999999999 934 962225-1699999999999999
  2 30 62 93117131133126115103 97 99110127144156158146122 88 52 19 -4-14201216ZM 5431331538159999999999999991016 9723 7-1499999999999999
 -8 11 40 71 99119129128121109100 96101114131146155152137111 78 44 16 -2201217ZM 6261301618156999999999999991057 962347 -799999999999999
 -6  3 25 52 81105120126123114103 95 94101115131144149143125 99 69 40 17201218ZM 7 612617 0149999999999999991139 94999999999999999999999
  5  6 19 40 66 90109120122117107 98 92 92100113127136138130113 89 63 40201219ZM 744122174213999999999999999 026  41224 9199999999999999
 24 17 22 36 56 78 98113119118112102 93 88 90 97108119125125116101 81 61201220ZM 821120182812699999999999999 1 4 171317 8899999999999999
 44 33 31 38 52 70 89105115118115108 98 90 85 86 91 99107112111104 92 77201221ZM 859118192111299999999999999 142 311422 8599999999999999
 63 51 45 46 54 67 82 98110117118114106 96 86 81 79 82 88 94 98 99 95 87201222ZM 9391182035 9999999999999999 223 451548 7999999999999999
 78 69 62 58 60 67 78 91104114119118113104 92 81 73 69 70 75 81 87 90 91201223ZM10241192235 9199999999999999 310 581719 6999999999999999
 88 83 78 73 70 71 77 87 98109118121119113101 87 73 62 56 56 62 70 80 87201224ZM1111121999999999999999999999 411 701828 5599999999999999
 92 94 92 88 83 80 80 85 94104114121124120111 96 79 61 48 42 43 51 64 78201225ZM 055 94115712499999999999999 524 791919 4199999999999999
 90 99102101 96 91 86 86 91 99109119126127121107 88 66 46 32 28 32 45 62201226ZM 214102123912799999999999999 634 8620 0 2899999999999999
 81 97107111109102 95 90 90 95104115125131129118100 76 51 30 18 16 26 44201227ZM 3 5111131713199999999999999 733 902037 1599999999999999
 66 88106116118113105 97 92 93100110122132135129113 89 61 34 14  5  9 24201228ZM 345118135313599999999999999 822 922113  599999999999999
 48 74 98115123122114104 96 93 96105117130138137126105 76 45 19  1 -3  7201229ZM 421123142713999999999999999 9 4 932148 -399999999999999
 28 56 84108122126122112102 94 93 99111125137142137120 93 61 30  6 -7 -5201230ZM 45612615 114299999999999999 941 932223 -899999999999999
 10 35 66 94115125126118108 98 93 95104118133143144133111 80 47 18 -3-10201231ZM 5321271535144999999999999991015 9323 0-1099999999999999
