 17 17 17 18 20 20 20 19 17 14 10  7  5  4  4  6  9 12 16 18 19 20 19 1820 1 1ZP 524 202039 2099999999999999 1 4 171317  499999999999999
 17 16 15 16 16 17 17 17 16 14 11  9  7  5  5  6  8 10 13 16 17 18 18 1720 1 2ZP 6 0 172114 1899999999999999 2 4 151351  599999999999999
 16 14 13 13 13 14 14 14 14 13 12 10  9  8  7  7  8 10 12 14 16 17 17 1720 1 3ZP 7 2 142141 1799999999999999 316 131418  799999999999999
 15 14 12 11 10 10 11 11 12 12 12 11 11 10 10 10 10 11 13 14 16 17 17 1720 1 4ZP 920 1222 5 1799999999999999 436 101438 1099999999999999
 16 14 12 10  8  8  7  8  9 10 11 12 12 13 13 13 13 13 14 15 16 17 18 1820 1 5ZP2231 18999999999999999999999 539  7999999999999999999999
 17 15 13 10  8  6  5  5  6  8 10 12 14 15 15 15 15 15 16 16 17 18 19 1920 1 6ZP23 1 19999999999999999999999 625  5999999999999999999999
 19 17 15 12  9  6  4  3  4  5  8 11 14 16 18 18 18 18 18 18 18 19 20 2120 1 7ZP1541 182339 2199999999999999 7 4  31842 1899999999999999
 21 20 18 14 11  7  4  2  1  3  6  9 13 17 19 21 21 21 20 19 19 20 21 2220 1 8ZP1558 21999999999999999999999 743  11951 1999999999999999
 23 22 21 18 14  9  5  2  0  0  2  6 11 16 19 22 23 23 22 21 20 20 21 2220 1 9ZP 022 231622 2399999999999999 823  02040 2099999999999999
 23 24 24 21 18 13  8  3  0 -2 -1  3  7 13 18 22 24 24 24 22 21 21 21 2220 110ZP 1 8 241652 2499999999999999 9 5 -22120 2099999999999999
 23 25 26 25 22 17 11  6  1 -2 -3 -1  3  9 14 19 23 24 24 23 22 20 20 2120 111ZP 155 261724 2599999999999999 948 -32157 2099999999999999
 22 24 26 26 25 21 16 10  3 -1 -4 -4 -1  4 10 16 20 23 24 23 22 20 19 1920 112ZP 243 261759 24999999999999991033 -42235 1999999999999999
 20 22 24 26 26 24 20 14  8  2 -3 -5 -4 -1  5 11 16 20 23 23 21 19 18 1720 113ZP 331 261834 23999999999999991117 -52320 1799999999999999
 17 19 21 24 25 25 22 18 12  6  0 -3 -4 -3  1  6 12 17 20 21 21 19 17 1520 114ZP 421 2519 9 219999999999999912 1 -4999999999999999999999
 15 15 17 19 22 23 22 20 16 10  5  0 -2 -3 -1  3  8 13 17 20 20 19 17 1420 115ZP 515 231943 2099999999999999 013 151244 -399999999999999
 13 12 12 14 16 19 20 19 17 14  9  5  2  0  0  2  6 11 15 18 19 19 17 1420 116ZP 618 202016 1999999999999999 114 121325  099999999999999
 12 10  9  9 11 13 15 16 16 15 13  9  7  4  4  4  7 10 13 16 18 19 18 1520 117ZP 738 162048 1999999999999999 222  914 3  499999999999999
 13 10  8  7  6  7  9 11 13 14 14 13 11  9  8  8  9 11 13 16 18 19 19 1720 118ZP 925 142120 1999999999999999 338  61440  899999999999999
 14 11  8  6  4  4  4  6  8 10 12 13 14 13 13 12 13 13 15 16 18 19 20 1920 119ZP1150 142153 2099999999999999 459  41514 1299999999999999
 17 14 11  7  4  2  1  2  3  6  9 12 14 16 16 16 16 16 17 17 19 20 20 2120 120ZP2233 21999999999999999999999 613  1999999999999999999999
 19 17 14 10  7  3  1  0  0  2  6 10 13 16 18 19 19 19 19 19 19 20 21 2220 121ZP2323 22999999999999999999999 712  0999999999999999999999
 22 20 18 14 10  6  2  0 -1  0  3  7 11 15 19 20 21 21 21 20 20 20 21 2220 122ZP1616 21999999999999999999999 8 1 -11955 2099999999999999
 23 23 21 18 14 10  5  2 -1 -1  0  4  9 14 18 21 22 22 22 21 20 20 20 2120 123ZP 020 231637 2299999999999999 845 -12045 2099999999999999
 23 24 23 21 18 14  9  4  1 -1 -1  1  6 11 16 20 22 23 22 21 20 19 19 2020 124ZP 115 241659 2399999999999999 926 -22123 1999999999999999
 22 23 24 23 21 18 13  7  3 -1 -2 -1  3  8 13 18 21 22 22 21 19 18 17 1820 125ZP 2 5 241723 239999999999999910 4 -22158 1799999999999999
 19 22 23 24 23 20 16 10  5  1 -2 -2  0  4 10 15 19 21 22 21 19 17 16 1620 126ZP 251 241748 22999999999999991040 -22234 1699999999999999
 17 19 21 23 23 21 18 13  8  3 -1 -2 -2  1  6 11 16 19 21 20 18 16 15 1420 127ZP 332 231815 21999999999999991114 -22312 1499999999999999
 14 16 18 20 21 21 18 15 10  5  1 -1 -2  0  3  8 13 17 19 19 18 16 14 1320 128ZP 4 9 211842 19999999999999991145 -22352 1299999999999999
 12 13 15 17 19 19 18 15 11  7  3  0 -1 -1  2  6 10 14 17 18 17 15 13 1220 129ZP 446 1919 8 18999999999999991214 -1999999999999999999999
 10 10 11 13 15 16 16 15 12  8  5  2  1  0  2  5  9 12 15 16 16 15 13 1120 130ZP 523 161932 1799999999999999 034 101238  099999999999999
  9  9  9 10 12 13 14 13 12 10  7  5  3  3  3  5  8 11 14 15 16 15 13 1120 131ZP 6 7 141952 1699999999999999 120  91257  399999999999999
  9  8  7  7  8 10 11 11 11 10  8  7  6  5  6  7  9 11 14 15 16 15 14 1220 2 1ZP 7 9 112011 1699999999999999 211  713 5  599999999999999
 10  8  6  5  6  7  8  9 10 10 10  9  8  8  8  9 11 12 14 15 16 16 15 1320 2 2ZP 850 102029 1699999999999999 3 9  51253  899999999999999
 11  8  6  5  4  4  5  6  8  9 10 10 11 11 11 12 13 14 15 16 17 17 17 1520 2 3ZP2053 17999999999999999999999 416  4999999999999999999999
 13 10  8  5  4  3  3  4  5  7  9 11 12 13 14 15 15 16 16 17 18 18 18 1720 2 4ZP2132 18999999999999999999999 526  3999999999999999999999
 16 13 10  7  4  2  1  1  3  5  7 10 13 15 16 17 17 17 17 18 18 19 19 1920 2 5ZP2234 19999999999999999999999 627  1999999999999999999999
 18 16 14 10  7  3  1 -1  0  1  4  8 12 15 17 18 19 19 19 18 18 19 19 2020 2 6ZP1622 192347 2099999999999999 720 -11936 1899999999999999
 20 19 17 14 10  6  2 -1 -2 -2  1  5  9 13 17 19 20 20 19 18 18 18 19 2020 2 7ZP1624 20999999999999999999999 810 -22026 1899999999999999
 21 22 21 18 14  9  4  0 -3 -4 -3  0  5 10 15 18 20 20 19 18 17 17 17 1820 2 8ZP 052 221641 2099999999999999 857 -421 5 1799999999999999
 20 22 23 21 18 14  8  2 -3 -6 -6 -4  0  6 12 16 19 20 19 18 16 15 15 1620 2 9ZP 151 2317 4 2099999999999999 943 -62143 1599999999999999
 18 20 23 23 22 18 13  6  0 -5 -7 -7 -4  1  8 13 17 19 19 17 15 13 12 1220 210ZP 247 231729 19999999999999991026 -72224 1299999999999999
 14 17 20 23 23 21 17 11  4 -2 -6 -7 -6 -2  4 10 15 18 19 17 15 12 10  920 211ZP 341 231756 199999999999999911 7 -72310  999999999999999
  9 12 15 19 21 22 20 15  9  3 -2 -5 -6 -4  1  7 12 16 18 18 15 12  9  720 212ZP 436 221823 18999999999999991146 -6999999999999999999999
  6  7 10 13 17 19 19 17 13  8  3 -1 -3 -3  0  5 10 14 17 18 16 13  9  620 213ZP 535 191850 1899999999999999 0 0  61223 -399999999999999
  4  3  5  7 11 14 16 17 15 12  7  4  1  1  2  5  9 13 16 18 17 15 11  820 214ZP 640 171917 1899999999999999 054  31256  199999999999999
  4  2  2  3  5  8 11 13 14 13 11  8  6  5  5  7 10 13 16 17 18 17 14 1020 215ZP 757 141944 1899999999999999 154  21324  599999999999999
  7  4  1  1  1  3  6  8 10 12 12 11 10 10 10 10 12 14 16 17 18 18 16 1320 216ZP 941 122011 1899999999999999 3 2  11338 1099999999999999
 10  7  4  1  0  0  1  4  6  9 11 12 13 13 13 14 14 15 17 18 18 19 18 1620 217ZP2043 19999999999999999999999 426  0999999999999999999999
 13 10  7  4  2  0  0  0  2  5  8 11 13 14 16 16 17 17 17 18 18 19 19 1820 218ZP2134 19999999999999999999999 554  0999999999999999999999
 16 14 11  8  5  2  0 -1  0  2  5  8 12 14 16 18 18 18 18 18 18 18 19 1920 219ZP2257 19999999999999999999999 7 5 -1999999999999999999999
 18 17 15 12  8  5  2 -1 -1 -1  2  6 10 13 16 18 18 18 18 17 17 17 18 1920 220ZP1613 18999999999999999999999 8 0 -12014 1799999999999999
 19 19 18 15 12  8  4  1 -1 -2  0  3  7 12 15 17 18 18 17 16 16 15 16 1720 221ZP 018 191619 1899999999999999 844 -22046 1599999999999999
 19 20 19 18 15 11  7  3 -1 -2 -2  0  5  9 13 16 18 18 17 15 14 13 14 1520 222ZP 121 201632 1899999999999999 922 -22114 1399999999999999
 17 19 20 19 17 14 10  5  1 -2 -3 -2  2  6 11 15 17 18 17 15 13 11 11 1220 223ZP 212 201649 1899999999999999 956 -32144 1199999999999999
 14 17 19 19 18 16 12  7  2 -1 -3 -3 -1  4  9 13 16 17 16 14 12 10  9  920 224ZP 255 1917 9 17999999999999991026 -32217  999999999999999
 11 14 16 18 18 17 14  9  4  0 -3 -3 -2  1  6 11 14 16 16 14 12  9  7  720 225ZP 335 181729 16999999999999991055 -32251  799999999999999
  8 10 13 16 17 17 14 11  6  2 -1 -3 -2  0  4  9 13 15 16 14 12  9  6  520 226ZP 414 171750 16999999999999991120 -32327  599999999999999
  5  7 10 13 15 15 14 12  8  4  1 -1 -1  0  3  7 11 14 15 14 12  9  6  420 227ZP 453 1518 9 15999999999999991144 -1999999999999999999999
  4  4  6  9 12 14 14 12 10  6  3  1  1  1  4  7 11 13 15 15 13 10  7  420 228ZP 535 141826 1599999999999999 0 2  312 3  199999999999999
  3  2  4  6  9 11 12 12 11  8  6  4  3  4  5  8 11 13 15 15 14 11  8  520 229ZP 623 121841 1599999999999999 040  21217  399999999999999
  3  2  2  4  6  8 10 11 11 10  8  7  6  6  7  9 11 14 15 15 15 13 10  720 3 1ZP 722 111854 1599999999999999 120  21219  699999999999999
  4  2  1  2  4  6  8  9 10 10 10  9  9  9 10 11 12 14 15 16 16 14 12  920 3 2ZP 841 1019 7 1699999999999999 2 7  112 6  999999999999999
  6  4  2  1  2  3  5  7  8 10 11 11 11 11 12 13 14 15 16 16 16 16 14 1220 3 3ZP1923 16999999999999999999999 3 6  1999999999999999999999
  9  6  4  2  1  1  2  4  6  8 10 11 12 13 14 15 15 16 16 17 17 16 16 1420 3 4ZP1951 17999999999999999999999 422  1999999999999999999999
 12  9  6  4  2  0  0  1  2  5  8 10 12 14 15 16 16 16 16 16 16 17 17 1620 3 5ZP1923 17999999999999999999999 547  0999999999999999999999
 15 13 10  7  3  1 -1 -2 -1  1  4  8 11 14 15 16 17 16 16 16 15 16 16 1720 3 6ZP1558 172334 1799999999999999 658 -21945 1599999999999999
 17 16 14 11  7  3 -1 -3 -4 -3  0  4  8 12 15 16 17 16 15 14 14 14 15 1620 3 7ZP1552 17999999999999999999999 756 -42017 1499999999999999
 18 18 17 15 11  6  1 -3 -5 -6 -4  0  4  9 13 15 16 16 14 12 11 11 12 1420 3 8ZP 053 1816 2 1699999999999999 846 -62051 1199999999999999
 16 19 20 19 16 11  5  0 -4 -6 -6 -4  1  6 11 14 16 16 14 11  9  8  8  920 3 9ZP 159 201619 1699999999999999 930 -72128  799999999999999
 13 16 19 20 19 16 10  4 -1 -5 -7 -6 -2  3  9 13 15 16 14 11  7  5  4  520 310ZP 258 201640 16999999999999991011 -72210  499999999999999
  7 12 16 19 20 19 15  9  3 -2 -5 -5 -4  1  7 12 15 16 15 12  8  4  1  120 311ZP 357 2017 3 16999999999999991049 -52255  199999999999999
  2  5 11 15 18 19 18 14  9  3 -1 -3 -2  0  5 10 14 17 17 14 10  5  1 -120 312ZP 455 191728 17999999999999991125 -32342 -299999999999999
 -2  0  4  9 14 17 18 17 13  9  5  2  1  2  5 10 14 17 18 16 13  8  3 -120 313ZP 556 181753 18999999999999991158  1999999999999999999999
 -3 -3 -1  3  8 12 15 16 15 12  9  7  5  5  7 10 14 17 18 18 15 11  6  220 314ZP 7 0 161818 1899999999999999 032 -31227  599999999999999
 -1 -3 -3 -1  3  7 10 13 14 14 12 11 10  9 10 12 14 17 18 18 17 14 10  620 315ZP 814 141842 1899999999999999 127 -31249  999999999999999
  2  0 -2 -2  0  2  5  8 11 12 13 13 13 13 13 14 15 17 18 18 18 16 14 1020 316ZP19 5 18999999999999999999999 229 -2999999999999999999999
  7  4  1 -1 -1  0  2  4  7 10 12 13 14 15 15 16 16 17 17 18 18 17 16 1420 317ZP1926 18999999999999999999999 349 -1999999999999999999999
 11  8  5  3  1  0  0  1  3  6  9 12 14 15 16 17 17 17 17 17 17 17 16 1520 318ZP1828 17999999999999999999999 526  0999999999999999999999
 14 12  9  7  4  2  0  0  1  3  6  9 12 15 16 17 17 16 16 15 15 15 16 1620 319ZP1529 172249 1699999999999999 646  020 2 1599999999999999
 15 14 13 10  7  4  1  0 -1  1  3  7 10 13 15 16 16 15 15 14 13 13 14 1520 320ZP1527 16999999999999999999999 744 -12020 1399999999999999
 16 16 15 13 10  7  3  1 -1 -1  1  4  8 12 14 15 16 15 13 12 11 11 12 1320 321ZP 028 161534 1699999999999999 828 -12040 1199999999999999
 15 16 16 15 12  9  5  2 -1 -2 -1  2  6 10 13 15 15 14 12 10  9  8  9 1020 322ZP 132 161545 1599999999999999 9 3 -221 3  899999999999999
 13 15 16 16 14 11  7  3  0 -1 -2  0  4  8 12 14 15 14 12  9  7  6  6  720 323ZP 221 161558 1599999999999999 933 -22130  699999999999999
 10 13 15 16 15 13  9  5  2 -1 -1  0  2  6 10 13 14 14 12  9  6  4  3  420 324ZP 3 4 161614 159999999999999910 0 -12159  399999999999999
  6 10 13 15 15 14 11  8  4  1  0  0  2  5  9 13 14 14 13  9  6  3  1  120 325ZP 346 151630 15999999999999991026 -12230  199999999999999
  3  7 10 13 15 15 13 10  6  3  1  1  2  5  9 12 14 15 14 11  7  3  1  020 326ZP 427 151647 15999999999999991049  123 1  099999999999999
  1  3  7 11 14 15 14 12  9  6  4  3  3  6  9 12 15 16 15 12  8  4  1 -120 327ZP 5 9 1517 4 16999999999999991111  32334 -199999999999999
 -1  1  4  8 12 14 14 13 11  9  7  5  5  7  9 13 15 16 16 14 10  6  2  020 328ZP 553 141718 16999999999999991130  5999999999999999999999
 -1 -1  2  6  9 12 14 14 13 11  9  8  8  9 11 13 15 17 17 15 12  8  4  120 329ZP 641 141731 1799999999999999 0 7 -11143  899999999999999
 -1 -1  0  3  7 10 12 14 14 13 12 11 11 11 12 14 16 17 17 16 14 11  7  320 330ZP 736 141743 1799999999999999 044 -11144 1199999999999999
  1 -1 -1  1  4  7 10 12 13 13 13 13 13 13 14 15 16 17 18 17 16 13 10  620 331ZP 850 131754 1899999999999999 126 -11128 1399999999999999
  3  1  0  0  1  4  6  9 11 13 13 14 14 15 15 16 17 17 18 17 16 15 12  920 4 1ZP18 3 18999999999999999999999 220  0999999999999999999999
  6  3  1  0  0  1  3  5  8 10 12 13 14 15 16 16 17 17 17 17 16 16 14 1220 4 2ZP1744 17999999999999999999999 332  0999999999999999999999
 10  7  4  2  0  0  0  2  4  7  9 12 14 15 16 16 16 16 16 15 15 15 15 1420 4 3ZP1519 16999999999999999999999 5 2  0999999999999999999999
 13 11  8  5  2  0 -1 -1  0  3  6  9 12 14 16 16 15 15 14 13 13 14 14 1520 4 4ZP1450 162333 1599999999999999 624 -11941 1399999999999999
 15 14 12  9  5  2 -1 -2 -2 -1  3  7 10 13 15 15 15 13 11 10 10 10 12 1420 4 5ZP1449 15999999999999999999999 727 -320 4 1099999999999999
 16 17 16 13 10  6  2 -1 -3 -3  0  4  8 12 14 15 14 12 10  7  6  6  7 1020 4 6ZP 1 0 1715 0 1599999999999999 819 -32036  699999999999999
 14 17 18 17 15 11  6  2 -1 -2 -1  2  6 11 14 16 15 13  9  6  3  2  2  520 4 7ZP 211 181517 1699999999999999 9 3 -22114  299999999999999
  9 14 18 19 19 16 11  6  2  0 -1  1  5 10 14 16 17 15 11  6  2 -1 -2 -120 4 8ZP 315 191537 1799999999999999 944 -12155 -299999999999999
  3  9 14 18 20 19 16 12  7  4  2  3  5 10 14 17 18 17 14  8  3 -2 -4 -420 4 9ZP 415 2016 1 18999999999999991021  22239 -599999999999999
 -2  3  9 14 18 20 20 17 13  9  6  6  7 10 14 18 20 19 17 12  6  1 -3 -620 410ZP 514 201626 20999999999999991057  62324 -699999999999999
 -5 -2  3  9 14 18 20 19 17 14 11 10 10 11 14 18 20 21 20 16 11  5  0 -420 411ZP 614 201652 21999999999999991130  9999999999999999999999
 -6 -5 -1  4  9 14 17 19 19 17 15 13 13 14 15 18 20 22 21 19 15 10  5  020 412ZP 716 191718 2299999999999999 012 -61159 1399999999999999
 -3 -4 -3  0  4  9 13 16 18 18 17 16 16 16 17 18 20 21 21 20 18 14  9  520 413ZP 832 181741 2199999999999999 1 2 -41222 1699999999999999
  1 -1 -2 -1  1  5  9 12 15 17 17 18 18 18 18 19 20 20 21 20 19 16 13 1020 414ZP1758 21999999999999999999999 159 -2999999999999999999999
  6  3  1  0  1  3  5  8 11 14 16 17 18 19 19 19 19 19 19 19 18 17 15 1320 415ZP1725 19999999999999999999999 3 8  0999999999999999999999
 10  7  5  3  2  2  3  5  8 11 13 16 17 18 19 18 18 18 17 17 17 16 15 1420 416ZP14 5 19999999999999999999999 433  2999999999999999999999
 13 11  9  6  4  3  3  3  5  8 11 14 16 17 18 18 17 16 15 14 14 14 14 1420 417ZP1411 18999999999999999999999 556  3999999999999999999999
 14 13 11  9  7  5  3  3  3  5  8 11 14 16 17 17 16 14 13 12 11 12 12 1320 418ZP1420 17999999999999999999999 658  32012 1199999999999999
 14 14 13 12  9  7  5  3  3  4  6  9 12 15 16 16 15 13 11  9  9  9 10 1120 419ZP 029 141429 1699999999999999 745  32027  899999999999999
 13 14 14 13 11  9  6  4  3  3  5  8 11 14 16 16 15 12 10  7  6  6  7  920 420ZP 138 141439 1699999999999999 821  32047  699999999999999
 11 13 14 15 13 11  9  6  5  4  5  7 11 14 16 16 15 13  9  6  4  3  3  620 421ZP 232 151450 1699999999999999 852  42111  399999999999999
  9 12 14 15 15 13 11  9  6  5  6  8 10 14 16 17 16 14 10  6  3  1  1  320 422ZP 319 1515 3 1799999999999999 919  52137  199999999999999
  6 10 13 15 16 16 14 11  9  7  7  8 11 14 17 18 18 16 12  7  3  1 -1  020 423ZP 4 3 161520 1899999999999999 945  722 6 -199999999999999
  3  7 11 15 17 17 16 14 12 10  9 10 12 14 17 19 19 18 14 10  5  1 -1 -120 424ZP 445 171537 19999999999999991010  92236 -299999999999999
  1  5  9 14 17 18 18 17 15 13 12 12 13 15 18 20 21 20 17 12  7  3  0 -220 425ZP 526 181555 21999999999999991034 1223 8 -299999999999999
 -1  2  7 11 15 18 19 19 17 15 14 14 14 16 18 20 21 21 19 15 10  5  1 -120 426ZP 6 9 191613 22999999999999991057 142341 -299999999999999
 -1  0  4  9 13 17 19 20 19 18 17 16 16 17 19 21 22 22 21 18 13  8  4  120 427ZP 656 201630 22999999999999991114 16999999999999999999999
 -1 -1  2  6 10 14 17 19 20 19 18 18 18 18 20 21 22 22 21 19 16 11  7  320 428ZP 751 201646 2299999999999999 019 -11118 1899999999999999
  0  0  0  3  7 11 14 17 19 19 19 19 19 19 20 21 22 22 22 20 18 14 10  620 429ZP17 1 22999999999999999999999 1 2  0999999999999999999999
  3  1  0  1  4  7 10 14 16 18 19 19 20 20 20 20 21 21 21 20 19 16 13 1020 430ZP17 8 21999999999999999999999 154  0999999999999999999999
  6  3  2  1  2  4  6 10 13 15 17 18 19 20 20 20 19 19 19 19 18 17 15 1320 5 1ZP1355 20999999999999999999999 258  1999999999999999999999
 10  7  4  3  2  2  3  6  9 12 15 17 18 19 19 18 17 17 16 16 16 16 16 1520 5 2ZP1319 19999999999999999999999 414  2999999999999999999999
 14 11  8  6  4  2  2  4  6  9 12 15 17 18 18 17 16 14 13 12 12 13 15 1620 5 3ZP1319 182341 1699999999999999 532  21915 1299999999999999
 16 15 13 10  7  5  3  3  4  7 11 14 17 18 18 17 15 12 10  8  8  9 11 1420 5 4ZP1329 18999999999999999999999 639  31943  899999999999999
 17 18 17 15 12  9  7  5  5  7  9 13 17 19 19 18 15 11  8  5  4  4  6 1020 5 5ZP 114 181345 1999999999999999 735  52018  499999999999999
 14 18 20 20 18 15 11  9  8  8 10 13 17 20 21 20 17 13  8  4  1  0  1  520 5 6ZP 228 2014 6 2199999999999999 824  72057  099999999999999
 10 15 19 22 22 20 17 14 12 11 11 14 17 21 23 23 20 16 11  5  0 -2 -3  020 5 7ZP 334 221430 2399999999999999 9 7 112138 -399999999999999
  5 11 17 21 24 24 22 19 16 14 14 15 18 21 24 25 24 20 15  9  3 -2 -4 -420 5 8ZP 434 241458 2599999999999999 948 142221 -499999999999999
  0  6 12 18 22 25 25 23 21 18 17 17 19 22 25 26 26 24 20 14  7  2 -2 -420 5 9ZP 531 251528 27999999999999991026 1723 6 -499999999999999
 -3  1  7 14 19 23 25 25 24 22 20 20 20 22 25 27 28 27 24 19 13  7  2 -220 510ZP 628 261559 289999999999999911 3 202352 -399999999999999
 -3 -1  3  9 15 20 24 25 25 24 23 22 22 23 24 26 27 27 26 22 17 12  7  220 511ZP 727 251629 28999999999999991140 22999999999999999999999
  0  0  2  5 10 16 20 23 25 25 24 24 23 23 24 25 26 26 26 24 21 16 11  720 512ZP 837 251656 2699999999999999 040  01221 2399999999999999
  4  2  2  4  7 11 16 20 22 24 24 24 24 23 23 24 24 25 24 23 21 18 15 1120 513ZP1015 241714 2599999999999999 130  21328 2399999999999999
  8  6  4  4  6  9 12 16 19 21 23 23 24 23 23 23 22 22 22 22 21 19 17 1420 514ZP1142 24999999999999999999999 226  4999999999999999999999
 12  9  7  6  6  7  9 12 15 18 21 22 23 23 22 21 20 20 19 19 19 18 17 1620 515ZP1222 23999999999999999999999 328  6999999999999999999999
 14 12 10  8  8  7  8 10 13 16 18 20 21 22 21 20 19 17 16 16 16 16 16 1620 516ZP1245 22999999999999999999999 433  7999999999999999999999
 15 14 13 11 10  9  9 10 11 14 16 19 20 21 20 19 17 15 14 13 13 13 14 1520 517ZP1259 21999999999999999999999 536  91945 1399999999999999
 15 15 15 13 12 11 10 10 11 13 15 18 20 20 20 18 16 14 12 10 10 10 12 1320 518ZP 025 1513 8 2099999999999999 630 101958 1099999999999999
 15 16 16 16 15 13 12 12 12 13 15 18 20 21 21 19 16 13 10  8  7  7  9 1120 519ZP 150 161318 2199999999999999 713 122017  799999999999999
 14 16 17 18 17 16 15 14 14 14 16 18 20 22 22 20 18 14 10  7  5  5  6  920 520ZP 251 181331 2299999999999999 751 142041  599999999999999
 13 16 18 20 20 19 18 17 16 16 17 19 21 23 24 22 20 16 11  7  4  3  4  720 521ZP 340 201348 2499999999999999 825 1621 8  399999999999999
 11 15 18 21 22 22 21 19 18 18 19 20 22 24 25 25 22 19 14  9  5  3  2  420 522ZP 421 221410 2599999999999999 858 182138  299999999999999
  8 13 18 21 23 24 24 22 21 20 20 21 23 25 27 27 25 22 17 12  7  3  2  320 523ZP 459 241433 2799999999999999 932 202210  299999999999999
  6 11 16 20 24 26 26 25 24 23 22 22 24 26 28 28 27 25 21 15 10  5  2  220 524ZP 536 261459 289999999999999910 4 222244  299999999999999
  4  8 13 18 23 26 27 27 26 25 24 24 24 26 28 29 29 27 24 19 13  8  4  220 525ZP 617 271525 29999999999999991036 242321  299999999999999
  2  5 10 15 20 24 27 28 27 26 25 25 25 26 27 29 29 28 26 22 17 11  6  320 526ZP 7 2 281552 299999999999999911 5 25999999999999999999999
  2  3  7 11 16 21 25 27 27 27 26 26 26 26 27 28 29 28 27 24 20 15 10  620 527ZP 755 271620 2999999999999999 0 2  21135 2699999999999999
  3  3  4  8 12 17 21 24 26 26 26 26 26 26 26 26 27 27 27 25 22 18 13  920 528ZP 9 0 261652 2799999999999999 046  31233 2699999999999999
  6  4  4  5  9 13 17 21 23 25 25 25 25 25 24 24 25 25 25 24 23 20 17 1320 529ZP1012 251735 2599999999999999 136  41442 2499999999999999
 10  7  5  5  7 10 13 17 20 23 24 25 24 24 23 22 22 22 22 22 22 21 19 1720 530ZP1059 25999999999999999999999 231  5999999999999999999999
 14 11  9  7  7  9 11 14 18 21 23 24 24 23 22 20 19 18 18 18 19 20 20 1920 531ZP1126 242154 2099999999999999 332  71750 1899999999999999
 18 16 13 11 10 10 11 13 16 19 22 24 24 23 21 19 16 15 13 13 14 16 18 2020 6 1ZP1148 24999999999999999999999 437 101834 1399999999999999
 21 20 18 16 14 13 13 14 16 19 22 24 25 24 22 19 16 13 10  9  9 12 15 1820 6 2ZP 0 0 2112 9 2599999999999999 543 131914  999999999999999
 21 23 23 22 20 18 17 17 17 19 22 25 26 26 25 22 17 13  9  6  6  7 10 1520 6 3ZP 135 231233 2799999999999999 645 171956  599999999999999
 19 23 25 26 25 23 21 20 20 21 23 26 28 29 28 25 21 16 10  6  4  3  5 1020 6 4ZP 251 2613 1 2999999999999999 742 202038  399999999999999
 15 21 25 28 29 28 26 24 23 23 24 27 29 31 31 29 25 20 14  8  4  2  3  620 6 5ZP 355 291333 3199999999999999 833 232120  299999999999999
 11 17 23 28 30 31 30 28 27 26 26 27 30 32 33 32 30 25 19 13  7  4  2  320 6 6ZP 450 3114 9 3399999999999999 919 2622 4  299999999999999
  7 13 20 25 30 32 32 31 29 28 28 28 30 32 33 34 33 29 25 18 12  7  4  320 6 7ZP 539 321448 349999999999999910 3 282248  399999999999999
  5  9 15 22 27 31 33 33 31 30 29 29 29 31 33 34 34 32 29 23 17 12  7  520 6 8ZP 626 331528 34999999999999991048 292333  499999999999999
  5  7 12 18 23 28 31 33 32 31 30 29 29 30 31 33 33 33 31 27 22 16 12  820 6 9ZP 714 3316 7 33999999999999991135 29999999999999999999999
  6  7  9 14 19 24 28 31 32 31 30 29 29 29 29 30 31 32 31 28 25 20 16 1220 610ZP 8 3 321643 3299999999999999 018  61230 2899999999999999
  9  8  9 12 16 20 25 28 30 30 30 29 28 27 27 28 29 29 29 28 25 22 19 1520 611ZP 856 301717 2999999999999999 1 2  81339 2799999999999999
 12 10 10 11 14 17 21 25 27 28 29 28 27 26 26 25 26 26 26 26 24 23 20 1820 612ZP 950 29999999999999999999999 146 10999999999999999999999
 15 13 12 12 13 15 18 22 24 26 27 27 27 26 24 23 23 23 23 23 22 22 21 1920 613ZP1033 27999999999999999999999 229 12999999999999999999999
 17 16 14 14 14 15 17 20 22 25 26 26 26 25 23 22 20 20 19 19 20 20 20 2020 614ZP11 1 262135 2099999999999999 311 141815 1999999999999999
 19 18 17 16 16 17 18 19 21 24 25 26 26 25 23 21 19 17 16 16 17 18 19 2020 615ZP1119 26999999999999999999999 354 161841 1699999999999999
 20 20 20 19 19 19 19 20 22 24 25 26 26 25 23 21 18 16 14 14 14 15 17 1920 616ZP 029 201134 2699999999999999 441 1919 5 1499999999999999
 21 22 22 22 22 22 22 22 23 24 26 27 28 27 25 22 19 16 13 12 12 13 15 1820 617ZP 220 221152 2899999999999999 540 221931 1199999999999999
 21 23 24 25 25 25 24 24 25 26 27 28 29 29 27 24 21 17 13 11 10 11 13 1720 618ZP 323 251214 2999999999999999 644 2420 0 1099999999999999
 20 24 26 27 28 28 27 26 26 27 28 30 31 31 30 27 23 19 15 11  9  9 11 1520 619ZP 359 281242 3199999999999999 740 262033  999999999999999
 19 23 27 29 30 30 30 29 28 28 29 30 32 33 32 30 27 22 17 13 10  8  9 1220 620ZP 428 301315 3399999999999999 829 2821 7  899999999999999
 17 22 26 30 32 33 32 31 30 30 30 31 32 34 34 33 30 26 21 16 11  9  8 1020 621ZP 457 331351 3499999999999999 913 302145  899999999999999
 14 19 24 29 32 34 34 33 32 31 31 31 32 34 35 35 33 30 25 19 14 10  8  820 622ZP 530 341428 3599999999999999 953 312224  899999999999999
 11 15 21 27 31 34 34 34 33 32 31 31 32 33 35 36 35 33 29 23 17 12  9  720 623ZP 6 6 3415 8 36999999999999991032 3123 6  799999999999999
  8 12 17 23 28 32 34 34 33 32 31 31 31 32 33 35 35 34 31 27 21 16 11  820 624ZP 645 341549 35999999999999991114 312349  799999999999999
  8  9 13 18 24 28 32 33 33 32 31 30 30 30 31 33 34 34 32 29 25 20 14 1120 625ZP 727 331634 349999999999999912 4 30999999999999999999999
  8  8 10 14 19 24 28 31 32 32 30 29 28 28 28 29 31 32 32 30 27 23 19 1420 626ZP 8 8 321728 3299999999999999 035  813 7 2899999999999999
 11 10 10 12 16 21 25 28 30 31 30 29 27 26 26 26 27 28 29 29 28 26 23 1920 627ZP 848 311839 2999999999999999 121 101419 2699999999999999
 15 13 12 13 15 19 22 26 29 30 30 28 27 25 23 23 23 23 25 26 27 26 25 2320 628ZP 924 302022 2799999999999999 2 8 121533 2299999999999999
 20 18 16 16 16 18 21 25 27 29 30 29 27 25 22 20 19 19 20 21 23 25 26 2620 629ZP 956 302226 2699999999999999 257 161646 1999999999999999
 25 23 21 20 20 20 22 24 27 29 30 30 29 26 23 20 17 16 15 16 18 21 24 2620 630ZP1025 30999999999999999999999 350 201749 1599999999999999
 27 27 26 25 24 24 25 26 28 30 31 32 31 29 26 22 18 15 13 13 14 17 21 2520 7 1ZP 026 271056 3299999999999999 454 241843 1399999999999999
 28 30 30 30 29 28 28 28 29 31 32 34 34 32 29 25 21 16 13 11 11 13 17 2120 7 2ZP 2 5 301131 3499999999999999 6 9 281933 1199999999999999
 26 30 32 33 33 32 31 31 31 32 33 35 36 35 33 30 25 20 15 12 10 10 13 1820 7 3ZP 317 331212 3699999999999999 722 312020 1099999999999999
 23 28 32 35 36 35 34 33 33 33 34 35 37 37 36 34 30 25 20 15 11 10 11 1420 7 4ZP 4 8 361258 3799999999999999 821 3321 5 1099999999999999
 20 25 31 35 37 37 37 35 34 33 34 35 36 38 38 37 34 30 25 19 14 11 11 1220 7 5ZP 448 371348 3899999999999999 911 332150 1099999999999999
 16 22 28 33 36 38 38 36 35 34 33 34 35 37 39 39 37 34 29 24 18 14 12 1220 7 6ZP 524 381437 3999999999999999 956 332234 1199999999999999
 14 18 24 30 34 37 38 37 35 34 33 33 33 35 37 38 38 36 33 28 23 18 14 1220 7 7ZP 559 381525 38999999999999991040 332317 1299999999999999
 13 16 20 26 31 35 37 37 36 34 32 31 32 33 34 36 37 37 35 31 26 21 17 1420 7 8ZP 634 3716 9 37999999999999991124 312357 1399999999999999
 13 14 18 22 27 32 34 36 35 34 32 30 30 30 31 33 35 35 34 32 28 24 20 1620 7 9ZP 7 9 361651 35999999999999991211 30999999999999999999999
 15 14 16 20 24 28 32 34 34 33 31 30 29 28 29 30 31 32 32 31 29 26 22 1920 710ZP 745 341734 3399999999999999 035 1413 1 2899999999999999
 17 16 16 19 22 26 29 31 32 32 31 29 28 27 26 27 28 29 30 30 28 27 24 2220 711ZP 818 321823 3099999999999999 111 161355 2699999999999999
 20 18 18 19 21 24 27 29 31 31 30 29 27 26 25 24 25 26 26 27 27 26 25 2420 712ZP 847 311935 2799999999999999 143 181454 2499999999999999
 22 21 21 21 22 24 26 28 30 31 30 29 27 25 24 22 22 22 23 24 25 26 26 2520 713ZP 911 312133 2699999999999999 210 211558 2299999999999999
 25 24 24 24 24 25 27 28 30 31 31 30 28 26 24 22 20 20 20 21 23 24 25 2620 714ZP 932 31999999999999999999999 232 241658 2099999999999999
 27 27 27 27 27 27 28 29 30 31 31 31 29 27 25 22 20 19 18 19 21 23 25 2720 715ZP 955 319999999999999999999991750 18999999999999999999999
 28 29 29 30 30 30 30 31 31 32 33 33 32 30 27 24 21 19 17 17 18 21 23 2620 716ZP1025 339999999999999999999991835 17999999999999999999999
 29 31 32 32 32 32 32 32 32 33 34 34 34 32 30 27 23 20 17 16 16 18 21 2520 717ZP11 5 349999999999999999999991917 16999999999999999999999
 29 32 34 34 35 34 34 33 33 34 35 35 36 35 33 30 26 22 19 16 15 16 19 2320 718ZP 349 351154 3699999999999999 737 3320 0 1599999999999999
 27 31 34 36 37 36 35 35 34 34 35 36 37 37 36 34 30 26 21 17 15 15 16 2020 719ZP 4 8 371246 3799999999999999 828 342043 1499999999999999
 24 29 33 36 38 38 37 36 35 34 34 35 37 38 38 37 34 30 24 20 16 14 14 1620 720ZP 433 381337 3899999999999999 9 8 342127 1499999999999999
 20 26 31 35 37 38 38 36 35 34 34 34 36 38 39 39 37 33 28 23 18 14 13 1320 721ZP 5 2 381427 3999999999999999 945 342211 1399999999999999
 17 21 27 32 36 38 38 36 35 33 33 33 34 36 38 39 39 37 32 27 21 16 13 1220 722ZP 534 381516 39999999999999991023 322256 1299999999999999
 13 17 23 28 33 36 37 36 35 33 31 31 31 33 35 38 39 38 35 31 25 20 15 1320 723ZP 6 6 3716 7 399999999999999911 4 312340 1299999999999999
 12 14 19 24 29 33 35 36 34 32 30 29 29 29 31 34 37 37 37 34 29 24 19 1520 724ZP 639 3617 2 37999999999999991151 28999999999999999999999
 14 14 17 21 26 31 34 35 34 32 30 28 26 26 27 29 32 34 35 35 32 28 24 2020 725ZP 710 3518 6 3599999999999999 023 131244 2699999999999999
 17 16 17 20 24 28 32 34 34 33 30 27 25 24 23 25 27 30 32 33 33 31 28 2520 726ZP 741 341923 3399999999999999 1 5 161342 2399999999999999
 22 20 20 21 24 27 30 33 34 33 31 28 25 23 21 21 22 24 27 29 31 32 31 2920 727ZP 810 342056 3299999999999999 146 201446 2199999999999999
 27 25 24 24 25 28 30 32 34 34 33 30 27 24 22 20 19 20 22 24 27 30 31 3120 728ZP 840 342251 3199999999999999 228 241557 1999999999999999
 31 30 29 29 29 30 31 33 34 35 35 33 30 27 24 21 19 18 18 20 23 26 29 3220 729ZP 912 35999999999999999999999 316 281711 1899999999999999
 33 33 33 33 32 32 33 34 35 36 36 35 34 31 27 24 20 18 17 17 19 22 26 3020 730ZP 1 4 33 953 3699999999999999 429 321820 1799999999999999
 33 35 36 36 36 35 35 35 35 36 37 37 36 35 32 28 24 21 18 16 17 19 23 2720 731ZP 237 361048 3799999999999999 622 351919 1699999999999999
 31 35 37 38 38 37 36 36 36 36 37 38 38 38 36 33 29 24 21 18 16 17 20 2420 8 1ZP 324 381154 3899999999999999 743 362012 1699999999999999
 29 33 36 38 39 38 37 36 35 35 36 37 39 39 39 37 33 29 24 20 18 17 18 2120 8 2ZP 355 391259 3999999999999999 832 3521 0 1799999999999999
 26 31 35 38 39 39 38 36 35 34 35 36 38 39 40 39 37 33 28 24 20 17 17 1920 8 3ZP 422 391357 4099999999999999 9 9 342144 1799999999999999
 22 27 32 36 38 39 38 36 34 33 33 34 35 38 40 40 39 36 32 27 22 19 17 1720 8 4ZP 449 391448 4099999999999999 944 332224 1799999999999999
 20 24 29 34 37 38 38 36 34 32 31 31 32 35 38 39 39 38 35 30 25 21 18 1720 8 5ZP 516 381535 40999999999999991020 3123 2 1799999999999999
 18 21 26 31 34 37 37 36 33 31 29 29 30 32 34 37 38 38 36 32 28 23 20 1820 8 6ZP 544 371618 38999999999999991057 292337 1799999999999999
 18 19 23 28 32 35 36 35 33 31 29 27 27 28 31 34 36 36 36 33 30 26 22 2020 8 7ZP 612 3617 1 36999999999999991136 27999999999999999999999
 19 19 22 25 29 32 34 34 33 31 28 26 26 26 27 30 32 34 34 33 31 28 25 2220 8 8ZP 638 351745 3499999999999999 0 9 191216 2599999999999999
 21 20 22 24 28 31 33 33 33 31 28 26 25 24 25 27 29 31 32 32 31 29 27 2520 8 9ZP 7 1 331837 3299999999999999 038 201258 2499999999999999
 23 23 23 25 27 30 32 33 32 31 29 26 24 23 23 24 26 28 29 30 31 30 29 2720 810ZP 720 331944 3199999999999999 1 4 231342 2399999999999999
 26 26 26 27 28 30 32 33 33 32 30 27 25 23 22 22 23 25 27 28 29 30 30 2920 811ZP 737 332114 3099999999999999 125 251432 2299999999999999
 29 28 28 29 30 31 32 33 33 33 31 29 27 24 23 22 22 23 24 26 28 29 30 3120 812ZP 752 33999999999999999999999 135 281530 2299999999999999
 31 31 31 31 32 32 33 34 34 34 33 31 29 26 24 22 21 21 22 24 26 28 30 3220 813ZP 812 349999999999999999999991636 21999999999999999999999
 33 33 33 34 34 34 34 34 34 35 34 33 32 29 27 24 22 21 21 21 23 26 29 3120 814ZP 852 359999999999999999999991743 20999999999999999999999
 33 35 35 35 35 35 35 35 35 35 35 35 34 32 30 27 24 22 20 20 21 23 26 2920 815ZP 3 8 351012 3599999999999999 655 351844 2099999999999999
 33 35 36 37 37 36 35 35 35 35 36 36 36 35 33 30 27 23 21 19 19 20 23 2720 816ZP 317 371135 3699999999999999 748 351939 1899999999999999
 30 34 36 37 37 37 36 35 34 34 35 36 37 38 36 34 31 26 22 19 17 17 19 2320 817ZP 335 371244 3899999999999999 821 342030 1799999999999999
 27 31 35 37 38 37 36 34 33 33 33 35 37 38 39 37 34 30 25 21 17 16 16 1920 818ZP 358 381342 3999999999999999 851 332118 1699999999999999
 23 28 32 36 37 37 35 33 32 31 31 32 35 38 39 40 38 34 29 24 19 16 14 1620 819ZP 424 371436 4099999999999999 923 3122 3 1499999999999999
 19 24 29 33 36 36 35 33 31 29 28 29 31 35 38 40 40 38 34 28 22 18 15 1420 820ZP 451 361530 4099999999999999 959 282246 1499999999999999
 16 20 26 31 34 36 35 33 30 27 26 26 27 30 34 38 40 39 37 33 27 21 17 1520 821ZP 518 361626 40999999999999991040 252327 1599999999999999
 16 18 23 28 32 35 35 34 30 27 24 23 23 25 29 33 37 38 38 36 31 26 22 1920 822ZP 545 351725 39999999999999991126 23999999999999999999999
 17 18 22 26 30 34 35 34 32 28 24 22 20 21 23 27 31 35 37 37 35 31 27 2420 823ZP 612 351830 3799999999999999 0 6 171217 2099999999999999
 21 21 23 26 30 33 35 35 33 30 26 22 20 19 19 22 26 30 33 35 35 34 31 2820 824ZP 639 351942 3599999999999999 045 211311 1999999999999999
 26 25 25 27 30 32 35 35 35 32 29 25 22 19 18 19 21 24 28 31 33 34 33 3220 825ZP 7 6 352110 3499999999999999 123 251412 1899999999999999
 31 30 29 30 31 33 35 36 36 35 32 29 25 22 20 19 19 20 23 26 29 32 33 3420 826ZP 734 362320 3499999999999999 2 2 291523 1899999999999999
 34 33 33 33 33 34 35 36 36 36 35 32 29 26 23 21 19 19 20 22 25 28 31 3320 827ZP 810 36999999999999999999999 250 331648 1999999999999999
 35 35 36 35 35 35 35 36 36 36 36 35 33 31 28 25 22 20 19 19 21 24 28 3120 828ZP 147 36 9 9 3699999999999999 456 351812 1999999999999999
 34 36 37 37 36 36 35 35 35 36 36 36 36 34 32 29 26 23 20 19 19 21 24 2820 829ZP 239 371046 3699999999999999 7 9 351920 1999999999999999
 32 35 37 37 37 36 35 34 34 34 35 36 37 37 35 33 30 26 23 20 19 19 22 2520 830ZP 3 5 371214 3799999999999999 754 342014 1999999999999999
 29 33 35 37 37 36 34 33 32 32 33 35 37 38 38 36 33 30 25 22 19 18 19 2220 831ZP 326 371321 3899999999999999 824 322059 1899999999999999
 27 31 34 36 36 35 33 31 30 30 31 32 35 37 38 38 36 33 28 24 21 19 18 2020 9 1ZP 346 361414 3899999999999999 851 302138 1899999999999999
 24 28 32 34 35 35 33 30 29 28 28 29 32 35 37 38 37 35 31 26 22 19 18 1920 9 2ZP 4 7 351459 3899999999999999 921 272212 1899999999999999
 21 25 30 33 34 34 33 30 27 26 25 26 29 32 35 37 37 36 33 29 24 21 19 1820 9 3ZP 429 351541 3799999999999999 953 252244 1899999999999999
 20 23 27 31 33 34 33 30 27 25 23 23 25 28 32 35 36 36 34 31 26 23 20 1920 9 4ZP 452 341622 36999999999999991026 232313 1999999999999999
 19 22 25 29 32 33 33 31 27 24 22 22 22 25 28 32 34 35 34 32 29 25 22 2120 9 5ZP 514 3317 3 359999999999999911 1 222340 2099999999999999
 20 22 25 28 31 32 32 31 28 25 22 21 21 22 25 28 31 33 34 33 30 27 25 2320 9 6ZP 534 331747 34999999999999991135 20999999999999999999999
 22 23 25 28 30 32 32 31 29 26 23 21 20 20 22 25 29 31 32 33 31 29 27 2620 9 7ZP 552 321836 3399999999999999 0 5 221212 2099999999999999
 25 25 26 28 30 32 32 32 30 27 24 22 20 19 20 23 26 28 30 32 32 31 29 2820 9 8ZP 6 6 321933 3299999999999999 028 251250 1999999999999999
 27 27 28 29 31 32 33 33 31 29 26 23 21 20 20 21 23 26 28 30 31 31 31 3020 9 9ZP 617 332044 3199999999999999 045 271335 2099999999999999
 30 30 30 31 32 33 33 33 32 31 28 26 23 21 20 20 21 23 25 28 29 31 31 3120 910ZP 626 33999999999999999999999 047 301430 2099999999999999
 31 32 32 32 32 33 33 33 33 32 30 28 26 24 22 21 21 21 23 25 27 29 31 3220 911ZP 635 339999999999999999999991541 20999999999999999999999
 32 33 33 33 33 33 33 33 33 33 32 31 29 26 24 22 21 20 20 22 24 26 29 3120 912ZP 457 3399999999999999999999917 8 20999999999999999999999
 32 33 34 34 34 33 33 33 33 33 33 33 31 30 27 24 22 20 19 19 20 23 25 2820 913ZP 245 349999999999999999999991826 19999999999999999999999
 31 33 34 34 34 33 32 32 32 32 33 34 34 33 31 28 24 21 19 17 17 19 22 2520 914ZP 249 341133 3499999999999999 733 321929 1799999999999999
 29 31 33 34 33 32 31 30 30 30 31 33 35 35 34 31 28 24 20 17 15 16 18 2120 915ZP 3 1 341246 3599999999999999 755 302021 1599999999999999
 26 29 32 33 33 31 30 28 27 27 29 31 34 36 36 35 32 28 23 18 15 14 15 1820 916ZP 318 331347 3699999999999999 822 2721 6 1499999999999999
 22 27 30 32 32 31 29 26 24 24 25 27 31 35 37 37 36 32 27 22 17 15 14 1520 917ZP 338 321443 3899999999999999 856 242148 1499999999999999
 19 24 28 31 32 31 29 25 22 21 21 22 26 31 35 38 38 36 32 26 21 17 15 1520 918ZP 4 0 321540 3899999999999999 935 202228 1599999999999999
 18 22 27 31 32 32 30 26 22 19 17 18 20 25 31 35 38 38 36 31 26 21 18 1720 919ZP 424 331637 38999999999999991018 1723 7 1799999999999999
 18 21 26 30 32 33 32 28 23 19 16 15 16 19 24 30 34 37 37 35 31 26 23 2120 920ZP 449 331736 379999999999999911 5 152344 2099999999999999
 20 22 25 29 32 34 33 31 26 21 17 14 14 15 19 24 29 33 36 36 34 31 28 2520 921ZP 516 341839 36999999999999991154 14999999999999999999999
 24 24 26 29 32 34 35 33 30 25 20 17 14 14 15 19 23 28 31 34 34 33 31 2920 922ZP 543 351948 3499999999999999 020 241247 1499999999999999
 28 28 28 30 32 34 35 35 33 29 25 21 17 15 15 16 19 23 26 30 32 33 33 3220 923ZP 611 352116 3399999999999999 055 281348 1599999999999999
 31 31 31 31 33 34 35 35 34 32 29 25 22 19 17 16 17 19 22 25 28 30 32 3320 924ZP 643 35999999999999999999999 130 3115 3 1699999999999999
 33 33 33 33 33 33 34 34 34 33 32 29 27 24 21 19 18 18 19 21 24 27 29 3120 925ZP 726 349999999999999999999991639 18999999999999999999999
 33 33 33 33 33 33 33 33 33 33 33 32 30 28 26 23 20 19 18 18 20 23 26 2920 926ZP 145 33 859 3399999999999999 552 331811 1899999999999999
 31 33 33 33 32 32 31 31 31 32 32 33 32 31 29 27 24 21 19 18 18 20 23 2620 927ZP 214 3311 6 3399999999999999 7 4 311918 1799999999999999
 29 31 32 32 32 30 29 29 28 29 31 32 33 33 32 30 27 23 20 18 17 18 20 2320 928ZP 233 321234 3399999999999999 736 2820 8 1799999999999999
 27 29 31 31 31 29 27 26 26 26 28 30 32 33 33 32 29 26 22 19 17 17 18 2120 929ZP 249 311333 3399999999999999 8 3 262048 1799999999999999
 24 28 30 31 30 28 26 24 23 23 24 27 30 32 33 33 31 28 24 21 18 16 17 1920 930ZP 3 5 311419 3399999999999999 829 232121 1699999999999999
 22 26 29 30 30 28 25 23 21 20 21 23 27 30 32 33 32 30 26 23 19 17 17 182010 1ZP 322 3015 1 3399999999999999 857 202151 1799999999999999
 21 24 27 29 30 28 25 22 20 18 18 20 23 27 30 32 33 31 28 25 21 19 17 182010 2ZP 339 301541 3399999999999999 927 182217 1799999999999999
 20 23 27 29 30 29 26 23 19 17 16 17 20 24 28 31 32 32 30 27 24 21 19 192010 3ZP 357 301621 3299999999999999 959 162243 1999999999999999
 20 23 26 29 30 29 27 24 20 17 15 15 17 21 25 29 31 32 31 29 26 23 21 212010 4ZP 415 3017 2 32999999999999991031 1523 7 2199999999999999
 21 23 26 29 30 30 29 25 22 18 15 14 15 18 22 26 29 31 32 30 28 26 24 232010 5ZP 433 301744 329999999999999911 4 142331 2399999999999999
 23 24 26 29 30 31 30 27 24 20 17 15 15 16 19 23 27 30 31 31 30 28 26 252010 6ZP 450 311828 31999999999999991138 142352 2599999999999999
 25 25 27 29 31 31 31 29 26 22 18 16 15 15 17 21 24 27 30 31 30 29 28 272010 7ZP 5 5 311919 31999999999999991216 15999999999999999999999
 27 27 28 29 31 31 31 30 28 24 21 18 16 16 16 18 21 24 27 29 30 30 29 282010 8ZP 519 312022 3099999999999999 0 6 271259 162356 289999999
 28 28 29 30 31 31 31 31 29 27 24 21 18 17 16 17 19 21 24 26 28 29 29 292010 9ZP 532 319999999999999999999991354 16999999999999999999999
 29 29 30 30 30 31 31 31 30 28 26 23 21 19 17 17 17 18 20 22 24 26 28 28201010ZP 546 3199999999999999999999915 8 17999999999999999999999
 29 30 30 30 30 30 30 30 30 29 28 26 24 21 19 17 16 16 17 18 21 23 25 27201011ZP 538 309999999999999999999991640 16999999999999999999999
 28 29 29 29 29 29 28 28 28 29 29 28 27 25 22 19 17 15 15 15 17 19 22 25201012ZP 220 2999999999999999999999918 5 15999999999999999999999
 27 28 29 28 28 27 26 26 26 27 28 29 29 28 26 23 19 16 14 13 14 16 19 22201013ZP 2 9 291126 2999999999999999 658 2619 9 1399999999999999
 25 27 28 27 26 25 24 23 23 24 26 28 30 30 29 27 23 19 16 13 12 13 16 19201014ZP 213 281245 3099999999999999 724 2320 0 1299999999999999
 23 26 27 27 26 23 21 19 19 20 22 25 29 31 32 31 28 23 19 15 13 13 14 17201015ZP 225 271349 3299999999999999 756 192044 1399999999999999
 22 25 27 27 26 23 20 17 15 15 17 21 25 30 33 33 32 28 24 19 16 14 14 16201016ZP 242 281449 3399999999999999 834 152125 1499999999999999
 20 24 27 28 28 25 21 16 13 12 12 15 20 26 31 34 34 33 29 24 20 17 16 17201017ZP 3 3 281547 3499999999999999 916 1122 3 1699999999999999
 20 24 28 30 30 27 23 18 13 10  9 10 14 20 26 31 34 35 33 29 25 21 19 19201018ZP 327 301645 359999999999999910 0  92240 1999999999999999
 21 24 28 31 32 30 27 22 16 11  8  8  9 14 20 26 31 34 34 33 29 26 23 22201019ZP 355 321743 35999999999999991047  72316 2299999999999999
 23 25 28 31 33 33 30 26 21 15 11  8  8 10 15 20 26 30 33 33 32 29 27 26201020ZP 425 331842 34999999999999991137  82350 2599999999999999
 25 26 28 31 33 34 33 30 25 20 15 11  9  9 11 16 20 25 29 31 32 31 30 28201021ZP 457 341949 32999999999999991230  9999999999999999999999
 28 28 29 30 32 33 33 32 29 25 20 16 13 11 11 13 16 20 24 27 29 30 30 30201022ZP 531 342118 3099999999999999 025 281331 1199999999999999
 29 29 29 30 31 32 32 32 31 28 25 21 18 15 13 13 14 16 19 23 25 28 29 29201023ZP 6 9 32999999999999999999999 1 3 291444 1399999999999999
 29 29 29 29 30 30 30 31 30 29 27 25 22 20 17 15 14 15 16 18 21 24 26 28201024ZP 7 1 319999999999999999999991616 14999999999999999999999
 29 29 29 28 28 28 28 28 28 28 28 27 25 23 21 18 16 15 15 16 18 20 23 25201025ZP 1 0 29 844 2899999999999999 532 281745 1599999999999999
 27 28 28 27 26 25 25 25 25 26 27 27 27 26 24 21 19 16 15 14 15 17 20 23201026ZP 127 2811 1 2799999999999999 639 251851 1499999999999999
 25 26 27 26 25 23 22 22 22 23 24 26 27 27 26 24 21 18 16 14 14 15 18 21201027ZP 145 271231 2799999999999999 714 221940 1499999999999999
 23 25 26 25 24 22 20 19 18 19 21 24 26 27 27 25 23 20 18 16 14 15 16 19201028ZP 2 0 261331 2799999999999999 743 182019 1499999999999999
 22 24 25 25 23 21 18 16 15 16 18 21 24 26 27 27 25 23 20 17 16 15 16 18201029ZP 212 251420 2799999999999999 8 9 152050 1599999999999999
 21 24 25 25 23 21 17 15 13 13 15 17 21 24 26 27 27 25 22 19 17 16 17 18201030ZP 225 2515 4 2799999999999999 836 132117 1699999999999999
 21 24 25 25 24 21 18 14 12 11 12 14 18 22 26 27 28 27 24 22 19 18 18 19201031ZP 239 261545 2899999999999999 9 5 112143 1899999999999999
 21 24 26 27 26 23 19 15 12 10 10 12 15 20 24 27 28 28 27 24 22 20 19 202011 1ZP 256 271624 2999999999999999 935 1022 8 1999999999999999
 22 24 26 28 27 25 22 17 13 10  9 10 13 17 22 26 28 29 28 27 24 22 21 212011 2ZP 316 2817 3 299999999999999910 7  92233 2199999999999999
 22 25 27 28 29 27 24 20 15 11  9  9 11 14 19 24 27 29 29 28 26 24 23 232011 3ZP 337 291742 30999999999999991040  92258 2399999999999999
 23 25 27 29 29 29 26 23 18 14 11  9 10 12 16 21 25 28 29 29 28 26 25 242011 4ZP 359 291824 29999999999999991116  92320 2499999999999999
 24 25 27 29 30 29 28 25 21 16 13 10 10 11 14 18 22 25 27 28 28 27 26 252011 5ZP 420 301912 28999999999999991155 102335 2599999999999999
 25 26 27 28 29 30 29 27 23 19 15 12 10 10 12 14 18 21 24 26 27 27 26 262011 6ZP 441 302013 27999999999999991239 102331 2699999999999999
 26 26 27 28 28 29 29 27 25 21 18 14 12 11 11 12 14 17 20 23 25 25 26 262011 7ZP 5 4 299999999999999999999991333 10999999999999999999999
 26 26 26 27 27 28 28 27 26 23 20 17 14 12 11 11 12 14 16 19 21 23 24 252011 8ZP 531 289999999999999999999991439 11999999999999999999999
 25 25 25 25 25 25 26 25 25 24 22 20 17 15 13 11 11 11 13 15 18 20 22 232011 9ZP 415 269999999999999999999991557 11999999999999999999999
 24 24 24 23 23 23 23 23 23 24 23 22 21 18 16 13 11 11 11 12 14 17 20 22201110ZP 052 24 913 2499999999999999 538 231717 1099999999999999
 23 23 23 22 21 20 19 19 20 21 23 24 23 22 20 17 14 12 11 11 12 15 18 20201111ZP 050 231119 2499999999999999 621 191826 1199999999999999
 22 23 22 21 19 17 15 15 15 17 20 23 25 25 24 22 18 15 13 12 12 14 17 20201112ZP 1 0 231246 2599999999999999 658 151922 1299999999999999
 22 23 23 21 18 15 12 11 11 12 16 20 24 26 27 26 24 20 17 15 14 14 16 19201113ZP 116 231357 2799999999999999 737 112010 1499999999999999
 22 24 25 23 20 16 12  8  7  7 10 15 20 25 28 29 28 25 22 19 17 16 17 20201114ZP 138 2515 0 2999999999999999 818  72054 1699999999999999
 23 26 27 26 23 18 13  8  5  4  5  9 15 21 26 30 31 30 27 23 21 19 19 21201115ZP 2 3 271559 3199999999999999 9 1  42134 1999999999999999
 23 27 29 29 27 23 17 11  6  3  2  4  9 16 22 27 31 32 30 28 25 22 21 22201116ZP 234 291655 3299999999999999 947  22212 2199999999999999
 24 27 30 31 30 27 22 16 10  5  3  2  5 10 17 23 28 31 32 30 28 26 24 24201117ZP 3 8 311749 32999999999999991034  22249 2499999999999999
 25 27 29 31 32 30 27 22 15 10  5  3  4  7 12 18 23 28 30 31 30 28 26 25201118ZP 345 321844 31999999999999991124  32326 2599999999999999
 25 26 28 31 32 32 30 26 21 15 10  7  5  5  8 13 18 23 27 29 29 28 27 26201119ZP 424 321943 29999999999999991216  5999999999999999999999
 26 26 27 29 30 31 30 28 25 20 15 11  8  7  7 10 14 18 22 25 27 27 27 26201120ZP 5 4 312054 2799999999999999 0 6 261312  799999999999999
 26 25 26 27 28 29 29 28 26 23 19 15 12 10  9  9 11 14 18 21 23 25 26 26201121ZP 547 292223 2699999999999999 059 251413  999999999999999
 25 25 24 24 25 25 26 26 25 24 21 19 16 13 11 10 10 12 14 17 20 22 23 24201122ZP 637 262333 2499999999999999 226 241522 1099999999999999
 24 24 23 22 22 22 22 23 23 22 22 20 18 16 14 12 11 11 12 14 16 19 21 22201123ZP 8 0 23999999999999999999999 442 221636 1199999999999999
 23 23 22 21 20 19 19 19 19 20 20 20 20 18 17 15 13 12 12 13 14 17 19 21201124ZP 011 231024 2099999999999999 610 191745 1299999999999999
 22 22 21 19 18 16 15 15 16 17 18 19 20 20 19 17 16 14 13 13 14 15 18 20201125ZP 034 221221 2099999999999999 652 151843 1399999999999999
 21 21 21 19 17 14 13 12 12 13 15 17 19 20 20 19 18 17 15 14 14 15 17 19201126ZP 048 211338 2099999999999999 721 121928 1499999999999999
 21 21 21 19 16 14 11 10  9 10 12 15 18 20 21 21 20 19 17 16 16 16 18 19201127ZP 1 0 211435 2199999999999999 747  920 4 1699999999999999
 21 22 22 20 17 14 11  8  7  7  9 13 16 20 22 23 23 22 20 19 18 18 18 20201128ZP 114 221520 2399999999999999 814  72035 1799999999999999
 22 23 23 22 19 15 11  8  6  5  7 10 14 19 22 24 24 24 22 21 20 19 19 21201129ZP 133 241558 2499999999999999 843  521 5 1999999999999999
 23 24 25 24 22 18 14  9  6  5  5  8 12 17 21 24 26 26 25 23 22 21 21 22201130ZP 156 251633 2699999999999999 914  42135 2099999999999999
 23 25 26 26 24 21 16 12  7  5  4  6  9 14 19 23 26 27 27 25 23 22 22 222012 1ZP 223 2617 8 2799999999999999 948  422 5 2299999999999999
 23 25 27 28 27 24 20 15 10  6  4  4  7 11 16 21 25 27 27 26 25 24 23 232012 2ZP 252 281745 27999999999999991023  42234 2399999999999999
 23 25 27 28 28 26 22 18 12  8  5  4  5  8 13 18 22 25 27 27 26 24 23 232012 3ZP 321 281825 279999999999999911 1  423 2 2399999999999999
 23 25 26 28 28 27 25 20 15 10  7  4  4  6  9 14 19 22 25 26 26 25 24 232012 4ZP 351 281910 26999999999999991141  42329 2399999999999999
 23 24 25 26 27 27 25 22 18 13  9  6  4  4  6 10 14 18 22 24 24 24 23 232012 5ZP 422 2720 3 24999999999999991225  4999999999999999999999
 23 23 23 24 25 26 25 23 20 16 12  8  5  4  5  7 10 14 18 21 22 23 22 222012 6ZP 456 2621 3 2399999999999999 0 2 231313  499999999999999
 22 21 22 22 23 23 24 23 21 18 15 11  8  6  5  5  7 10 14 17 19 21 21 212012 7ZP 542 2422 1 2199999999999999 114 2114 6  599999999999999
 20 20 19 19 19 20 20 21 20 19 17 14 11  9  7  6  7  8 11 14 17 19 20 202012 8ZP 659 212242 2099999999999999 3 6 1915 5  699999999999999
 20 19 18 17 16 16 16 17 18 19 18 17 15 13 11  9  8  9 10 12 15 17 19 202012 9ZP 913 192311 2099999999999999 440 161610  899999999999999
 20 18 17 15 13 12 12 12 14 16 18 18 18 17 15 13 12 11 11 12 14 17 19 20201210ZP1122 192337 2199999999999999 545 121720 1199999999999999
 20 19 17 14 11  9  8  8  9 12 15 18 20 20 20 18 16 15 14 14 15 17 19 21201211ZP13 1 20999999999999999999999 635  81829 1499999999999999
 22 21 19 16 12  8  5  4  4  6 10 15 19 22 23 23 21 19 18 17 17 18 20 22201212ZP 0 4 221418 2399999999999999 721  41930 1799999999999999
 24 24 22 19 15 10  5  2  1  2  5 10 16 21 24 26 26 24 22 20 19 20 21 23201213ZP 035 241522 2699999999999999 8 6  12022 1999999999999999
 25 26 26 23 19 14  8  3  0 -1  1  5 11 17 23 26 28 27 26 24 22 21 22 23201214ZP 111 261617 2899999999999999 852 -121 7 2199999999999999
 26 28 28 27 24 19 13  7  2 -1 -1  1  6 13 19 24 28 29 28 26 24 23 23 23201215ZP 152 2817 6 2999999999999999 939 -12149 2399999999999999
 25 28 29 30 28 24 19 12  6  2 -1 -1  2  8 14 20 25 28 29 28 26 24 23 23201216ZP 236 301752 29999999999999991026 -12230 2399999999999999
 24 26 29 30 30 27 23 18 11  6  2  0  1  4  9 16 21 25 28 28 27 25 23 23201217ZP 322 301836 28999999999999991114  02313 2399999999999999
 23 24 26 28 29 29 26 22 16 10  6  2  1  2  6 11 17 21 25 26 26 25 23 22201218ZP 4 7 291922 269999999999999912 1  1999999999999999999999
 22 22 23 25 27 27 26 24 19 15 10  6  3  3  4  8 12 17 21 23 24 24 23 21201219ZP 450 2720 9 2499999999999999 0 0 221247  399999999999999
 21 20 21 22 23 24 24 23 21 17 13  9  6  4  4  6  9 13 17 20 22 22 22 21201220ZP 532 242058 2299999999999999 057 201333  499999999999999
 20 19 18 19 19 20 21 21 20 17 15 12  9  7  6  6  8 11 14 17 19 20 21 20201221ZP 617 212145 2199999999999999 2 6 181416  699999999999999
 19 18 17 16 16 16 17 17 17 16 15 13 11 10  9  8  9 10 12 14 17 18 19 19201222ZP 718 172224 1999999999999999 332 161459  899999999999999
 18 17 15 14 13 13 13 13 14 14 14 14 13 12 11 11 10 11 12 14 15 17 18 19201223ZP 924 142250 1999999999999999 5 8 131542 1099999999999999
 18 17 15 13 11 10 10 10 11 12 13 14 14 14 14 13 13 13 13 14 15 17 18 19201224ZP1228 142310 1999999999999999 611 101634 1399999999999999
 18 17 15 13 10  8  7  7  8  9 11 13 14 15 16 16 16 15 15 15 16 17 18 19201225ZP1432 162331 1999999999999999 647  71747 1599999999999999
 19 18 16 14 11  8  6  5  5  7  9 12 14 16 18 18 18 18 17 17 17 18 19 20201226ZP1531 182357 2199999999999999 718  51857 1799999999999999
 21 20 18 15 12  9  6  4  3  4  7 10 14 17 19 20 20 20 20 19 19 19 20 21201227ZP16 1 20999999999999999999999 749  31950 1999999999999999
 22 22 21 18 15 11  7  4  2  2  4  8 12 16 19 21 22 22 22 21 20 20 21 22201228ZP 029 221623 2299999999999999 822  22033 2099999999999999
 23 24 23 21 18 14  9  5  2  1  2  5 10 15 19 22 24 24 23 22 21 21 21 22201229ZP 1 6 241646 2499999999999999 857  12111 2199999999999999
 23 25 25 24 21 17 12  7  3  1  1  3  7 12 17 21 24 25 24 23 22 21 21 21201230ZP 145 251714 2599999999999999 934  02147 2199999999999999
 23 25 26 26 24 20 15 10  5  1  0  0  3  8 14 19 22 24 25 24 23 21 21 21201231ZP 223 261746 25999999999999991013  02219 2199999999999999
